1521795760,31.28642425,121.497739,183383509,31.2863543965,121.497709382,0.785190538925,8.24244124542
1521795761,31.28645419,121.49774503,183383509,31.2863567917,121.497703733,0.788557747595,11.4926134738
1521795762,31.28645419,121.49774503,183383509,31.2863567917,121.497703733,0.788557747595,11.4926134738
1521795763,31.28645419,121.49774503,183383509,31.2863567917,121.497703733,0.788557747595,11.4926134738
1521795764,31.2864568,121.49773845,183383509,31.2863595542,121.497697217,0.792441278854,11.4746156625
1521795765,31.2864568,121.49773845,183383509,31.2863595542,121.497697217,0.792441278854,11.4746156625
1521795766,31.2864287,121.49769742,183383509,31.2863700181,121.497672539,0.807151303647,6.92422822306
1521795767,31.2864287,121.49769742,183383509,31.2863700181,121.497672539,0.807151303647,6.92422822306
1521795768,31.28640209,121.49764339,183383509,31.2863853812,121.497636305,0.828748513223,1.97157312299
1521795769,31.28640209,121.49764339,183383509,31.2863853812,121.497636305,0.828748513223,1.97157312299
1521795771,31.28639133,121.49763048,183383509,31.2863883813,121.49762923,0.832966031453,0.347934592587
1521795772,31.28639133,121.49763048,183383509,31.2863883813,121.49762923,0.832966031453,0.347934592587
1521795773,31.2863868,121.49763141,183383509,31.2863873568,121.497631646,0.831525750163,0.0656963158045
1521795774,31.2863868,121.49763141,183383509,31.2863873568,121.497631646,0.831525750163,0.0656963158045
1521795775,31.28638231,121.49763386,183383509,31.286385792,121.497635336,0.829326087272,0.410868044068
1521795776,31.28638231,121.49763386,183383509,31.286385792,121.497635336,0.829326087272,0.410868044068
1521795777,31.28637369,121.49762757,183383509,31.2863867391,121.497633103,0.830657410331,1.53973979711
1521795778,31.28637369,121.49762757,183383509,31.2863867391,121.497633103,0.830657410331,1.53973979711
1521795779,31.28638534,121.49764169,183383509,31.2863834397,121.497640884,0.826019219021,0.224224801127
1521795780,31.28638534,121.49764169,183383509,31.2863834397,121.497640884,0.826019219021,0.224224801127
1521795781,31.28640266,121.49764964,183383509,31.2863832218,121.497641398,0.825712927843,2.29362530771
1521795783,31.28640266,121.49764964,183383509,31.2863832218,121.497641398,0.825712927843,2.29362530771
1521795784,31.28639912,121.49761124,183383509,31.2863964831,121.497610122,0.844355441159,0.311144116534
1521795785,31.28639912,121.49761124,183383509,31.2863964831,121.497610122,0.844355441159,0.311144116534
1521795786,31.28640337,121.49757563,183383509,31.2864099287,121.497578411,0.863257135603,0.773902365749
1521795787,31.28640337,121.49757563,183383509,31.2864099287,121.497578411,0.863257135603,0.773902365749
1521795788,31.28640438,121.49753106,183383509,31.2864261008,121.49754027,0.885991622583,2.56296472347
1521795789,31.28640438,121.49753106,183383509,31.2864261008,121.49754027,0.885991622583,2.56296472347
1521795790,31.28641319,121.49748072,183383509,31.2864455351,121.497494434,0.913312206234,3.8165957098
1521795792,31.28641319,121.49748072,183383509,31.2864455351,121.497494434,0.913312206234,3.8165957098
1521795793,31.2864066,121.49746324,183383509,31.2864508131,121.497481987,0.920731925659,5.21697010677
1521795794,31.2864066,121.49746324,183383509,31.2864508131,121.497481987,0.920731925659,5.21697010677
1521795795,31.2864051,121.49742538,183383509,31.2864641911,121.497450435,0.939538623422,6.97252018564
1521795796,31.2864051,121.49742538,183383509,31.2864641911,121.497450435,0.939538623422,6.97252018564
1521795797,31.28640231,121.49740596,183383509,31.2864707454,121.497434977,0.948752526328,8.07510586364
1521795798,31.28640231,121.49740596,183383509,31.2864707454,121.497434977,0.948752526328,8.07510586364
1521795799,31.28641534,121.49737094,183383509,31.2864853169,121.497400611,0.969236986938,8.25699766804
1521795800,31.28641534,121.49737094,183383509,31.2864853169,121.497400611,0.969236986938,8.25699766804
1521795801,31.28641694,121.49727654,183383973,31.2865194896,121.497320003,0.20081116241,12.0998449585
1521795802,31.28641694,121.49727654,183383973,31.2865194896,121.497320003,0.20081116241,12.0998449585
1521795803,31.28642263,121.49723285,183383973,31.2865360533,121.497280921,0.471458726319,13.3828258378
1521795804,31.28642263,121.49723285,183383973,31.2865360533,121.497280921,0.471458726319,13.3828258378
1521795806,31.28645648,121.4971749,183383973,31.2865620283,121.497219634,0.895887920355,12.4536610938
1521795807,31.28645648,121.4971749,183383973,31.2865620283,121.497219634,0.895887920355,12.4536610938
1521795808,31.28646993,121.49712598,183383972,31.2865817867,121.497172209,0.0535469730954,13.1600493586
1521795809,31.28646993,121.49712598,183383972,31.2865817867,121.497172209,0.0535469730954,13.1600493586
1521795810,31.2864784,121.49707083,183383972,31.2866024902,121.497122115,0.136360705407,14.5993238588
1521795811,31.2864784,121.49707083,183383972,31.2866024902,121.497122115,0.136360705407,14.5993238588
1521795812,31.28648696,121.49701673,183383972,31.2866228361,121.497072886,0.217744374062,15.9859476578
1521795813,31.28648696,121.49701673,183383972,31.2866228361,121.497072886,0.217744374062,15.9859476578
1521795814,31.28650128,121.4969153,183383972,31.2866607297,121.496981199,0.369318601857,18.7593978523
1521795815,31.28650128,121.4969153,183383972,31.2866607297,121.496981199,0.369318601857,18.7593978523
1521795816,31.28650678,121.49686641,183383972,31.28667879,121.4969375,0.441560131532,20.2371381354
1521795818,31.28650678,121.49686641,183383972,31.28667879,121.4969375,0.441560131532,20.2371381354
1521795819,31.28653374,121.49681667,183383972,31.2867002813,121.4968855,0.527525073822,19.5937324903
1521795820,31.28653374,121.49681667,183383972,31.2867002813,121.4968855,0.527525073822,19.5937324903
1521795821,31.2865537,121.49677853,183383972,31.2867166565,121.496845879,0.593026062014,19.1719826648
1521795822,31.2865537,121.49677853,183383972,31.2867166565,121.496845879,0.593026062014,19.1719826648
1521795823,31.28658099,121.49673641,183383972,31.2867355061,121.49680027,0.668424254488,18.1789553665
1521795824,31.28658099,121.49673641,183383972,31.2867355061,121.49680027,0.668424254488,18.1789553665
1521795825,31.28661194,121.4966909,183383972,31.2867560862,121.496750474,0.75074491016,16.9589342677
Time_cost 0.14769411087
