IMEI:861374033830412
IMSI:460012796993062
OSVersion:3.10.73-perf-g94fc9a6
apiLevel:5.1.1
model:Redmi Note 3
device:kenzo
product:kenzo
34
1508242193760,121.2138046,31.29179271,-31.0,39.0,0.0,-57,true,-1,-1,5,52.0,4000.0,44.09942626953125,25.9490966796875,113.56353759765625,-1.3141614198684692,-0.010728342458605766,0.5345247387886047,-2,-2,6188,27377,0,2147483647,0.0,0.0,0,0,0,,6,460,0,6188,27377,0,2147483647,0.0,0.0,26,4,-61,GSM,460,0,6188,27394,0,2147483647,0.0,0.0,21,4,-71,GSM,460,0,6188,26049,0,2147483647,0.0,0.0,21,4,-71,GSM,460,0,6188,27393,0,2147483647,0.0,0.0,17,4,-79,GSM,460,0,6182,41233,0,2147483647,0.0,0.0,20,4,-73,GSM,460,0,6188,26051,0,2147483647,0.0,0.0,17,4,-79,GSM
1508242196824,121.2138046,31.29179271,-31.0,39.0,0.0,-57,true,-1,-1,5,52.0,4000.0,-9.23919677734375,8.84857177734375,171.76361083984375,2.2479794025421143,1.1817842721939087,-2.2483603954315186,-2,-2,6188,27377,0,2147483647,0.0,0.0,0,0,0,,6,460,0,6188,27377,0,2147483647,0.0,0.0,28,4,-57,GSM,460,0,6188,27394,0,2147483647,0.0,0.0,21,4,-71,GSM,460,0,6188,26049,0,2147483647,0.0,0.0,22,4,-69,GSM,460,0,6188,27393,0,2147483647,0.0,0.0,18,4,-77,GSM,460,0,6182,41233,0,2147483647,0.0,0.0,20,4,-73,GSM,460,0,6188,26051,0,2147483647,0.0,0.0,17,4,-79,GSM
1508242199908,121.21331459,31.29225461,24.0,13.0,0.2118962,-57,true,-1,-1,5,52.0,4000.0,41.85028076171875,34.649658203125,140.863037109375,2.0021400451660156,1.2069507837295532,-2.3978493213653564,-2,-2,6188,27377,0,2147483647,0.0,0.0,0,0,0,,6,460,0,6188,27377,0,2147483647,0.0,0.0,28,4,-57,GSM,460,0,6188,27394,0,2147483647,0.0,0.0,21,4,-71,GSM,460,0,6188,26049,0,2147483647,0.0,0.0,22,4,-69,GSM,460,0,6188,27393,0,2147483647,0.0,0.0,18,4,-77,GSM,460,0,6182,41233,0,2147483647,0.0,0.0,20,4,-73,GSM,460,0,6188,26051,0,2147483647,0.0,0.0,18,4,-77,GSM
1508242202975,121.21329335,31.29220204,31.0,8.0,1.5913831,-57,true,-1,-1,5,52.0,4000.0,41.5008544921875,33.7493896484375,141.4642333984375,1.7793378829956055,1.2855956554412842,-2.1387996673583984,-2,-2,6188,27377,0,2147483647,0.0,0.0,0,0,0,,6,460,0,6188,27377,0,2147483647,0.0,0.0,27,4,-59,GSM,460,0,6188,27394,0,2147483647,0.0,0.0,22,4,-69,GSM,460,0,6188,26049,0,2147483647,0.0,0.0,23,4,-67,GSM,460,0,6188,27393,0,2147483647,0.0,0.0,19,4,-75,GSM,460,0,6182,41233,0,2147483647,0.0,0.0,22,4,-69,GSM,460,0,6188,26051,0,2147483647,0.0,0.0,21,4,-71,GSM
1508242206052,121.21328067,31.2921745,29.0,8.0,1.5990623,-57,true,-1,-1,5,52.0,4000.0,49.639892578125,31.048583984375,153.16314697265625,1.616227149963379,1.2806428670883179,-1.98916757106781,-2,-2,6188,27377,0,2147483647,0.0,0.0,0,0,0,,6,460,0,6188,27377,0,2147483647,0.0,0.0,28,4,-57,GSM,460,0,6188,27394,0,2147483647,0.0,0.0,23,4,-67,GSM,460,0,6188,26049,0,2147483647,0.0,0.0,23,4,-67,GSM,460,0,6188,27393,0,2147483647,0.0,0.0,19,4,-75,GSM,460,0,6182,41233,0,2147483647,0.0,0.0,22,4,-69,GSM,460,0,6188,26051,0,2147483647,0.0,0.0,21,4,-71,GSM
1508242209119,121.21324275,31.29205444,28.0,8.0,4.1053743,-57,true,-1,-1,5,52.0,4000.0,31.62994384765625,35.24932861328125,152.5634765625,0.7957567572593689,0.9921720623970032,-1.0078333616256714,-2,-2,6188,27377,0,2147483647,0.0,0.0,0,0,0,,6,460,0,6188,27377,0,2147483647,0.0,0.0,27,4,-59,GSM,460,0,6188,27394,0,2147483647,0.0,0.0,24,4,-65,GSM,460,0,6188,26049,0,2147483647,0.0,0.0,23,4,-67,GSM,460,0,6188,27393,0,2147483647,0.0,0.0,20,4,-73,GSM,460,0,6182,41233,0,2147483647,0.0,0.0,21,4,-71,GSM,460,0,6188,26051,0,2147483647,0.0,0.0,23,4,-67,GSM
1508242212383,121.21317393,31.29193794,34.0,7.0,4.392562,-57,true,-1,-1,5,52.0,4000.0,32.8399658203125,36.44866943359375,141.4642333984375,0.7439149618148804,1.0144221782684326,-0.9877164363861084,-2,-2,6188,27377,0,2147483647,0.0,0.0,0,0,0,,6,460,0,6188,27377,0,2147483647,0.0,0.0,28,4,-57,GSM,460,0,6188,27394,0,2147483647,0.0,0.0,24,4,-65,GSM,460,0,6188,26049,0,2147483647,0.0,0.0,24,4,-65,GSM,460,0,6188,27393,0,2147483647,0.0,0.0,21,4,-71,GSM,460,0,6182,41233,0,2147483647,0.0,0.0,21,4,-71,GSM,460,0,6188,26051,0,2147483647,0.0,0.0,23,4,-67,GSM
1508242215450,121.21310033,31.29182043,31.0,6.0,4.4201016,-57,true,-1,-1,5,52.0,4000.0,35.27069091796875,36.14959716796875,148.06365966796875,0.6729257106781006,1.0796903371810913,-0.919579029083252,-2,-2,6188,27377,0,2147483647,0.0,0.0,0,0,0,,6,460,0,6188,27377,0,2147483647,0.0,0.0,28,4,-57,GSM,460,0,6188,27394,0,2147483647,0.0,0.0,25,4,-63,GSM,460,0,6188,26049,0,2147483647,0.0,0.0,24,4,-65,GSM,460,0,6188,27393,0,2147483647,0.0,0.0,22,4,-69,GSM,460,0,6182,41233,0,2147483647,0.0,0.0,21,4,-71,GSM,460,0,6188,26051,0,2147483647,0.0,0.0,24,4,-65,GSM
1508242218529,121.21303587,31.29170251,29.0,6.0,4.08011,-57,true,-1,-1,5,52.0,4000.0,35.27069091796875,35.24932861328125,146.26312255859375,0.6850398778915405,1.0477741956710815,-0.9306943416595459,-2,-2,6188,27377,0,2147483647,0.0,0.0,0,0,0,,6,460,0,6188,27377,0,2147483647,0.0,0.0,28,4,-57,GSM,460,0,6188,27394,0,2147483647,0.0,0.0,25,4,-63,GSM,460,0,6188,26049,0,2147483647,0.0,0.0,24,4,-65,GSM,460,0,6188,27393,0,2147483647,0.0,0.0,22,4,-69,GSM,460,0,6188,26051,0,2147483647,0.0,0.0,24,4,-65,GSM,460,0,6182,44775,0,2147483647,0.0,0.0,22,4,-69,GSM
1508242221416,121.21298574,31.29158648,28.0,5.0,4.28,-57,true,-1,-1,5,52.0,4000.0,35.78948974609375,35.5499267578125,146.563720703125,0.6552276015281677,1.0588750839233398,-0.9035491347312927,-2,-2,6188,27377,0,2147483647,0.0,0.0,0,0,0,,6,460,0,6188,27377,0,2147483647,0.0,0.0,30,4,-53,GSM,460,0,6188,27394,0,2147483647,0.0,0.0,26,4,-61,GSM,460,0,6188,26049,0,2147483647,0.0,0.0,23,4,-67,GSM,460,0,6188,27393,0,2147483647,0.0,0.0,21,4,-71,GSM,460,0,6188,26051,0,2147483647,0.0,0.0,24,4,-65,GSM,460,0,6182,44775,0,2147483647,0.0,0.0,22,4,-69,GSM
1508242224494,121.21294978,31.29144962,27.0,5.0,3.6901221,-57,true,-1,-1,5,52.0,4000.0,37.17041015625,33.7493896484375,140.56396484375,0.7483700513839722,0.9741055965423584,-1.009703278541565,-2,-2,6188,27377,0,2147483647,0.0,0.0,0,0,0,,6,460,0,6188,27377,0,2147483647,0.0,0.0,30,4,-53,GSM,460,0,6188,27394,0,2147483647,0.0,0.0,25,4,-63,GSM,460,0,6188,26049,0,2147483647,0.0,0.0,26,4,-61,GSM,460,0,6188,27393,0,2147483647,0.0,0.0,22,4,-69,GSM,460,0,6188,26051,0,2147483647,0.0,0.0,24,4,-65,GSM,460,0,6182,44775,0,2147483647,0.0,0.0,22,4,-69,GSM
1508242227744,121.21290045,31.29133572,26.0,6.0,4.250047,-57,true,-1,-1,5,52.0,4000.0,37.17041015625,34.649658203125,145.96405029296875,0.830061137676239,1.111114501953125,-1.1044734716415405,-2,-2,6188,27377,0,2147483647,0.0,0.0,0,0,0,,6,460,0,6188,27377,0,2147483647,0.0,0.0,31,4,-51,GSM,460,0,6188,27394,0,2147483647,0.0,0.0,25,4,-63,GSM,460,0,6188,26049,0,2147483647,0.0,0.0,26,4,-61,GSM,460,0,6188,27393,0,2147483647,0.0,0.0,23,4,-67,GSM,460,0,6188,26051,0,2147483647,0.0,0.0,24,4,-65,GSM,460,0,6182,44775,0,2147483647,0.0,0.0,23,4,-67,GSM
1508242230627,121.21281005,31.29118753,27.0,6.0,4.360413,-57,true,-1,-1,5,52.0,4000.0,34.5703125,35.8489990234375,142.06390380859375,0.6788296699523926,1.0499508380889893,-0.9299976825714111,-2,-2,6188,27377,0,2147483647,0.0,0.0,0,0,0,,6,460,0,6188,27377,0,2147483647,0.0,0.0,30,4,-53,GSM,460,0,6188,27394,0,2147483647,0.0,0.0,25,4,-63,GSM,460,0,6188,26049,0,2147483647,0.0,0.0,26,4,-61,GSM,460,0,6188,27393,0,2147483647,0.0,0.0,23,4,-67,GSM,460,0,6188,26051,0,2147483647,0.0,0.0,25,4,-63,GSM,460,0,6182,44775,0,2147483647,0.0,0.0,22,4,-69,GSM
1508242233703,121.21274586,31.29107552,29.0,6.0,4.0301986,-57,true,-1,-1,5,52.0,4000.0,38.7298583984375,35.24932861328125,145.06378173828125,0.9949338436126709,1.1717530488967896,-1.2988793849945068,-2,-2,6188,27377,0,2147483647,0.0,0.0,0,0,0,,6,460,0,6188,27377,0,2147483647,0.0,0.0,31,4,-51,GSM,460,0,6188,27394,0,2147483647,0.0,0.0,25,4,-63,GSM,460,0,6188,26049,0,2147483647,0.0,0.0,26,4,-61,GSM,460,0,6188,27393,0,2147483647,0.0,0.0,23,4,-67,GSM,460,0,6188,26051,0,2147483647,0.0,0.0,26,4,-61,GSM,460,0,6182,44775,0,2147483647,0.0,0.0,20,4,-73,GSM
1508242236956,121.21268395,31.2909627,27.0,6.0,4.3311543,-57,true,-1,-1,5,52.0,4000.0,39.4195556640625,30.74951171875,142.06390380859375,1.2130780220031738,1.1073317527770996,-1.54196298122406,-2,-2,6188,27377,0,2147483647,0.0,0.0,0,0,0,,6,460,0,6188,27377,0,2147483647,0.0,0.0,31,4,-51,GSM,460,0,6188,27394,0,2147483647,0.0,0.0,27,4,-59,GSM,460,0,6188,26049,0,2147483647,0.0,0.0,27,4,-59,GSM,460,0,6188,27393,0,2147483647,0.0,0.0,22,4,-69,GSM,460,0,6188,26051,0,2147483647,0.0,0.0,26,4,-61,GSM,460,0,6182,44775,0,2147483647,0.0,0.0,20,4,-73,GSM
1508242240033,121.21262631,31.29088329,28.0,7.0,3.6602187,-57,true,-1,-1,5,52.0,4000.0,40.11993408203125,35.24932861328125,140.26336669921875,0.799046516418457,1.1145362854003906,-1.10422682762146,-2,-2,6188,27377,0,2147483647,0.0,0.0,0,0,0,,6,460,0,6188,27377,0,2147483647,0.0,0.0,31,4,-51,GSM,460,0,6188,27394,0,2147483647,0.0,0.0,27,4,-59,GSM,460,0,6188,26049,0,2147483647,0.0,0.0,28,4,-57,GSM,460,0,6188,27393,0,2147483647,0.0,0.0,23,4,-67,GSM,460,0,6188,26051,0,2147483647,0.0,0.0,26,4,-61,GSM,460,0,6182,44775,0,2147483647,0.0,0.0,19,4,-75,GSM
1508242243102,121.21256833,31.29077879,30.0,9.0,3.6123397,-57,true,-1,-1,5,52.0,4000.0,36.480712890625,35.8489990234375,147.16339111328125,0.46062004566192627,1.0705968141555786,-0.7052788138389587,-2,-2,6188,27377,0,2147483647,0.0,0.0,0,0,0,,6,460,0,6188,27377,0,2147483647,0.0,0.0,30,4,-53,GSM,460,0,6188,27394,0,2147483647,0.0,0.0,27,4,-59,GSM,460,0,6188,26049,0,2147483647,0.0,0.0,26,4,-61,GSM,460,0,6188,27393,0,2147483647,0.0,0.0,24,4,-65,GSM,460,0,6188,26051,0,2147483647,0.0,0.0,26,4,-61,GSM,460,0,6182,44775,0,2147483647,0.0,0.0,19,4,-75,GSM
1508242245988,121.21247045,31.29061906,39.0,9.0,4.916879,-57,true,-1,-1,5,52.0,4000.0,36.3006591796875,34.94873046875,145.06378173828125,0.5070369243621826,1.031084656715393,-0.7501522898674011,-2,-2,6188,27377,0,2147483647,0.0,0.0,0,0,0,,6,460,0,6188,27377,0,2147483647,0.0,0.0,29,4,-55,GSM,460,0,6188,27394,0,2147483647,0.0,0.0,28,4,-57,GSM,460,0,6188,26049,0,2147483647,0.0,0.0,27,4,-59,GSM,460,0,6188,27393,0,2147483647,0.0,0.0,23,4,-67,GSM,460,0,6188,26051,0,2147483647,0.0,0.0,26,4,-61,GSM,460,0,6182,44775,0,2147483647,0.0,0.0,18,4,-77,GSM
1508242249247,121.21240436,31.29050827,45.0,6.0,4.63027,-57,true,-1,-1,5,52.0,4000.0,36.480712890625,34.649658203125,141.16363525390625,0.4903399646282196,1.0827583074569702,-0.7473176717758179,-2,-2,6188,27377,0,2147483647,0.0,0.0,0,0,0,,7,460,0,6188,27377,0,2147483647,0.0,0.0,29,4,-55,GSM,460,0,6188,27394,0,2147483647,0.0,0.0,28,4,-57,GSM,460,0,6188,26049,0,2147483647,0.0,0.0,27,4,-59,GSM,460,0,6188,27393,0,2147483647,0.0,0.0,23,4,-67,GSM,460,0,6188,26051,0,2147483647,0.0,0.0,25,4,-63,GSM,460,0,6182,41233,0,2147483647,0.0,0.0,20,4,-73,GSM,460,0,6182,44775,0,2147483647,0.0,0.0,17,4,-79,GSM
1508242252316,121.21231816,31.29037573,43.0,5.0,4.765554,-57,true,-1,-1,5,52.0,4000.0,39.7705078125,34.04998779296875,126.46331787109375,0.5194544792175293,1.0505564212799072,-0.8307278156280518,-2,-2,6188,27377,0,2147483647,0.0,0.0,0,0,0,,6,460,0,6188,27377,0,2147483647,0.0,0.0,30,4,-53,GSM,460,0,6188,27394,0,2147483647,0.0,0.0,27,4,-59,GSM,460,0,6188,26049,0,2147483647,0.0,0.0,26,4,-61,GSM,460,0,6188,27393,0,2147483647,0.0,0.0,22,4,-69,GSM,460,0,6188,26051,0,2147483647,0.0,0.0,25,4,-63,GSM,460,0,6182,41233,0,2147483647,0.0,0.0,21,4,-71,GSM
1508242255209,121.21224884,31.29023758,43.0,5.0,4.52,-57,true,-1,-1,5,52.0,4000.0,25.750732421875,34.649658203125,151.96380615234375,0.4987536370754242,0.9769344329833984,-0.6543896794319153,-2,-2,6188,27377,0,2147483647,0.0,0.0,0,0,0,,6,460,0,6188,27377,0,2147483647,0.0,0.0,31,4,-51,GSM,460,0,6188,27394,0,2147483647,0.0,0.0,27,4,-59,GSM,460,0,6188,26049,0,2147483647,0.0,0.0,27,4,-59,GSM,460,0,6188,27393,0,2147483647,0.0,0.0,23,4,-67,GSM,460,0,6188,26051,0,2147483647,0.0,0.0,25,4,-63,GSM,460,0,6182,41233,0,2147483647,0.0,0.0,21,4,-71,GSM
1508242258483,121.21222733,31.29010042,41.0,5.0,4.539923,-57,true,-1,-1,5,52.0,4000.0,22.63031005859375,35.8489990234375,149.5635986328125,0.4625478684902191,0.9744368195533752,-0.6028446555137634,-2,-2,6188,27377,0,2147483647,0.0,0.0,0,0,0,,6,460,0,6188,27377,0,2147483647,0.0,0.0,31,4,-51,GSM,460,0,6188,27394,0,2147483647,0.0,0.0,28,4,-57,GSM,460,0,6188,26049,0,2147483647,0.0,0.0,26,4,-61,GSM,460,0,6188,27393,0,2147483647,0.0,0.0,22,4,-69,GSM,460,0,6188,26051,0,2147483647,0.0,0.0,24,4,-65,GSM,460,0,6182,41233,0,2147483647,0.0,0.0,22,4,-69,GSM
1508242261542,121.21217312,31.2899708,40.0,5.0,4.932281,-57,true,-1,-1,5,52.0,4000.0,25.92010498046875,36.749267578125,149.86419677734375,0.2686942517757416,1.0718399286270142,-0.43944281339645386,-2,-2,6188,27377,0,2147483647,0.0,0.0,0,0,0,,6,460,0,6188,27377,0,2147483647,0.0,0.0,30,4,-53,GSM,460,0,6188,27394,0,2147483647,0.0,0.0,28,4,-57,GSM,460,0,6188,26049,0,2147483647,0.0,0.0,26,4,-61,GSM,460,0,6188,27393,0,2147483647,0.0,0.0,22,4,-69,GSM,460,0,6188,26051,0,2147483647,0.0,0.0,24,4,-65,GSM,460,0,6182,41233,0,2147483647,0.0,0.0,22,4,-69,GSM
1508242264407,121.21208355,31.2898324,39.0,5.0,4.3811417,-57,true,-1,-1,5,52.0,4000.0,24.36065673828125,34.649658203125,154.96368408203125,0.7712322473526001,1.0282340049743652,-0.9354586005210876,-2,-2,6188,27377,0,2147483647,0.0,0.0,0,0,0,,6,460,0,6188,27377,0,2147483647,0.0,0.0,30,4,-53,GSM,460,0,6188,27394,0,2147483647,0.0,0.0,28,4,-57,GSM,460,0,6188,26049,0,2147483647,0.0,0.0,26,4,-61,GSM,460,0,6188,27393,0,2147483647,0.0,0.0,22,4,-69,GSM,460,0,6188,26051,0,2147483647,0.0,0.0,24,4,-65,GSM,460,0,6182,41233,0,2147483647,0.0,0.0,21,4,-71,GSM
1508242267672,121.21198114,31.28973494,37.0,6.0,4.6800423,-57,true,-1,-1,5,51.0,4000.0,28.509521484375,34.649658203125,153.16314697265625,0.9393381476402283,1.042188048362732,-1.1513924598693848,-2,-2,6188,27377,0,2147483647,0.0,0.0,0,0,0,,6,460,0,6188,27377,0,2147483647,0.0,0.0,29,4,-55,GSM,460,0,6188,27394,0,2147483647,0.0,0.0,28,4,-57,GSM,460,0,6188,26049,0,2147483647,0.0,0.0,25,4,-63,GSM,460,0,6188,27393,0,2147483647,0.0,0.0,22,4,-69,GSM,460,0,6188,26051,0,2147483647,0.0,0.0,24,4,-65,GSM,460,0,6182,41233,0,2147483647,0.0,0.0,19,4,-75,GSM
1508242270734,121.21188179,31.28963195,36.0,6.0,4.710265,-57,true,-1,-1,5,51.0,4000.0,30.07049560546875,36.44866943359375,148.06365966796875,0.6751293540000916,1.0446622371673584,-0.8857773542404175,-2,-2,6188,27377,0,2147483647,0.0,0.0,0,0,0,,7,460,0,6188,27377,0,2147483647,0.0,0.0,29,4,-55,GSM,460,0,6188,27394,0,2147483647,0.0,0.0,28,4,-57,GSM,460,0,6188,26049,0,2147483647,0.0,0.0,26,4,-61,GSM,460,0,6188,27393,0,2147483647,0.0,0.0,22,4,-69,GSM,460,0,6188,26051,0,2147483647,0.0,0.0,24,4,-65,GSM,460,0,6188,22673,0,2147483647,0.0,0.0,20,4,-73,GSM,460,0,6188,27395,0,2147483647,0.0,0.0,18,4,-77,GSM
1508242273801,121.21182214,31.28951073,34.0,6.0,4.6600966,-57,true,-1,-1,5,51.0,4000.0,36.1297607421875,34.94873046875,130.36346435546875,0.7353705167770386,0.9508004784584045,-1.0145845413208008,-2,-2,6188,27377,0,2147483647,0.0,0.0,0,0,0,,7,460,0,6188,27377,0,2147483647,0.0,0.0,30,4,-53,GSM,460,0,6188,27394,0,2147483647,0.0,0.0,29,4,-55,GSM,460,0,6188,26049,0,2147483647,0.0,0.0,26,4,-61,GSM,460,0,6188,27393,0,2147483647,0.0,0.0,22,4,-69,GSM,460,0,6188,26051,0,2147483647,0.0,0.0,23,4,-67,GSM,460,0,6188,22673,0,2147483647,0.0,0.0,20,4,-73,GSM,460,0,6188,27395,0,2147483647,0.0,0.0,18,4,-77,GSM
1508242276675,121.21179153,31.28939275,35.0,9.0,3.6426914,-57,true,-1,-1,5,51.0,4000.0,21.58966064453125,32.54852294921875,114.764404296875,1.6365370750427246,1.1261186599731445,-1.9623957872390747,-2,-2,6188,27377,0,2147483647,0.0,0.0,0,0,0,,7,460,0,6188,27377,0,2147483647,0.0,0.0,31,4,-51,GSM,460,0,6188,27394,0,2147483647,0.0,0.0,29,4,-55,GSM,460,0,6188,26049,0,2147483647,0.0,0.0,28,4,-57,GSM,460,0,6188,27393,0,2147483647,0.0,0.0,22,4,-69,GSM,460,0,6188,26051,0,2147483647,0.0,0.0,25,4,-63,GSM,460,0,6188,22673,0,2147483647,0.0,0.0,20,4,-73,GSM,460,0,6188,27395,0,2147483647,0.0,0.0,19,4,-75,GSM
1508242279747,121.21184343,31.28928065,34.0,7.0,3.1524594,-57,true,-1,-1,5,51.0,4000.0,16.2200927734375,26.54876708984375,107.26318359375,1.534009337425232,0.9630978107452393,-1.8469449281692505,-2,-2,6188,27377,0,2147483647,0.0,0.0,0,0,0,,7,460,0,6188,27377,0,2147483647,0.0,0.0,31,4,-51,GSM,460,0,6188,27394,0,2147483647,0.0,0.0,29,4,-55,GSM,460,0,6188,26049,0,2147483647,0.0,0.0,30,4,-53,GSM,460,0,6188,27393,0,2147483647,0.0,0.0,22,4,-69,GSM,460,0,6188,26051,0,2147483647,0.0,0.0,24,4,-65,GSM,460,0,6188,22673,0,2147483647,0.0,0.0,20,4,-73,GSM,460,0,6188,27395,0,2147483647,0.0,0.0,18,4,-77,GSM
1508242283005,121.21186645,31.28918827,35.0,5.0,2.5656383,-57,true,-1,-1,5,51.0,4000.0,41.3299560546875,33.7493896484375,133.36334228515625,-0.20848427712917328,0.6738790273666382,-0.12963446974754333,-2,-2,6188,27377,0,2147483647,0.0,0.0,0,0,0,,7,460,0,6188,27377,0,2147483647,0.0,0.0,30,4,-53,GSM,460,0,6188,27394,0,2147483647,0.0,0.0,30,4,-53,GSM,460,0,6188,26049,0,2147483647,0.0,0.0,30,4,-53,GSM,460,0,6188,27393,0,2147483647,0.0,0.0,22,4,-69,GSM,460,0,6188,26051,0,2147483647,0.0,0.0,24,4,-65,GSM,460,0,6188,22673,0,2147483647,0.0,0.0,20,4,-73,GSM,460,0,6188,27395,0,2147483647,0.0,0.0,18,4,-77,GSM
1508242286075,121.21189699,31.28918103,33.0,7.0,0.65802735,-57,true,-1,-1,5,51.0,4000.0,30.07049560546875,29.24957275390625,158.86383056640625,2.085775852203369,0.8918222188949585,-2.504955291748047,-2,-2,6188,27377,0,2147483647,0.0,0.0,0,0,0,,7,460,0,6188,27377,0,2147483647,0.0,0.0,30,4,-53,GSM,460,0,6188,27394,0,2147483647,0.0,0.0,31,4,-51,GSM,460,0,6188,26049,0,2147483647,0.0,0.0,31,4,-51,GSM,460,0,6188,27393,0,2147483647,0.0,0.0,22,4,-69,GSM,460,0,6188,26051,0,2147483647,0.0,0.0,24,4,-65,GSM,460,0,6188,22673,0,2147483647,0.0,0.0,20,4,-73,GSM,460,0,6188,27395,0,2147483647,0.0,0.0,18,4,-77,GSM
1508242289143,121.21188782,31.2891875,32.0,8.0,0.0,-57,true,-1,-1,5,51.0,4000.0,22.1099853515625,32.54852294921875,142.66357421875,1.6056114435195923,0.7801446318626404,-2.0036003589630127,-2,-2,6188,27377,0,2147483647,0.0,0.0,0,0,0,,7,460,0,6188,27377,0,2147483647,0.0,0.0,31,4,-51,GSM,460,0,6188,27394,0,2147483647,0.0,0.0,31,4,-51,GSM,460,0,6188,26049,0,2147483647,0.0,0.0,31,4,-51,GSM,460,0,6188,27393,0,2147483647,0.0,0.0,22,4,-69,GSM,460,0,6188,26051,0,2147483647,0.0,0.0,23,4,-67,GSM,460,0,6188,22673,0,2147483647,0.0,0.0,21,4,-71,GSM,460,0,6188,27395,0,2147483647,0.0,0.0,19,4,-75,GSM
1508242292566,121.21186613,31.28919015,31.0,6.0,0.0,-57,true,-1,-1,5,51.0,4000.0,-7.67974853515625,-8.25042724609375,111.46392822265625,0.5886242985725403,0.31535688042640686,-0.08946678042411804,-2,-2,6188,27377,0,2147483647,0.0,0.0,0,0,0,,7,460,0,6188,27377,0,2147483647,0.0,0.0,30,4,-53,GSM,460,0,6188,27394,0,2147483647,0.0,0.0,31,4,-51,GSM,460,0,6188,26049,0,2147483647,0.0,0.0,31,4,-51,GSM,460,0,6188,27393,0,2147483647,0.0,0.0,20,4,-73,GSM,460,0,6188,26051,0,2147483647,0.0,0.0,24,4,-65,GSM,460,0,6188,22673,0,2147483647,0.0,0.0,20,4,-73,GSM,460,0,6188,27395,0,2147483647,0.0,0.0,17,4,-79,GSM
1508242295651,121.21186202,31.2891951,28.0,7.0,0.0,-57,true,-1,-1,5,51.0,4000.0,-0.74920654296875,-20.85113525390625,104.86297607421875,-2.9314799308776855,-0.2277192622423172,0.0965253934264183,-2,-2,6188,27377,0,2147483647,0.0,0.0,0,0,0,,7,460,0,6188,27377,0,2147483647,0.0,0.0,24,4,-65,GSM,460,0,6188,27394,0,2147483647,0.0,0.0,29,4,-55,GSM,460,0,6188,26049,0,2147483647,0.0,0.0,29,4,-55,GSM,460,0,6188,27393,0,2147483647,0.0,0.0,19,4,-75,GSM,460,0,6188,26051,0,2147483647,0.0,0.0,22,4,-69,GSM,460,0,6188,22673,0,2147483647,0.0,0.0,19,4,-75,GSM,460,0,6188,27395,0,2147483647,0.0,0.0,15,4,-83,GSM
