IMEI:862305032225518
IMSI:460091042103139
OSVersion:3.10.73-perf-g94fc9a6
apiLevel:5.1.1
model:Redmi Note 3
device:kenzo
product:kenzo
147
1523278894798,121.21147608,31.28899435,16.0,5.0,3.5816896,-61,true,-1,-1,5,58.0,4000.0,-15.93017578125,4.47540283203125,50.96893310546875,0.31553101539611816,-0.5869182348251343,-2.6373984813690186,460,1,5198,56688,0,-1,0.0,0.0,0,0,0,,6,460,1,5198,56688,0,2147483647,0.0,0.0,26,4,-61,GSM,460,1,5198,49988,0,2147483647,0.0,0.0,22,4,-69,GSM,460,1,5198,49989,0,2147483647,0.0,0.0,24,4,-65,GSM,460,1,5198,42517,0,2147483647,0.0,0.0,16,4,-81,GSM,460,1,5198,42518,0,2147483647,0.0,0.0,23,4,-67,GSM,460,1,5198,56689,0,2147483647,0.0,0.0,20,4,-73,GSM
1523278895943,121.21147608,31.28899435,16.0,5.0,3.5816896,-57,true,-1,-1,5,58.0,4000.0,-10.040283203125,6.8756103515625,49.76806640625,0.20741863548755646,-0.5571820139884949,-2.8076534271240234,460,1,5198,56688,0,-1,0.0,0.0,0,0,0,,6,460,1,5198,56688,0,2147483647,0.0,0.0,26,4,-61,GSM,460,1,5198,49988,0,2147483647,0.0,0.0,22,4,-69,GSM,460,1,5198,49989,0,2147483647,0.0,0.0,24,4,-65,GSM,460,1,5198,42517,0,2147483647,0.0,0.0,16,4,-81,GSM,460,1,5198,42518,0,2147483647,0.0,0.0,23,4,-67,GSM,460,1,5198,56689,0,2147483647,0.0,0.0,20,4,-73,GSM
1523278897014,121.21153563,31.2890574,16.0,7.0,3.570056,-57,true,-1,-1,5,58.0,4000.0,-13.67950439453125,6.27593994140625,50.06866455078125,0.17090417444705963,-0.5220878720283508,-2.771007776260376,460,1,5198,56688,0,-1,0.0,0.0,0,0,0,,6,460,1,5198,56688,0,2147483647,0.0,0.0,27,4,-59,GSM,460,1,5198,49988,0,2147483647,0.0,0.0,22,4,-69,GSM,460,1,5198,49989,0,2147483647,0.0,0.0,24,4,-65,GSM,460,1,5198,42517,0,2147483647,0.0,0.0,17,4,-79,GSM,460,1,5198,42518,0,2147483647,0.0,0.0,23,4,-67,GSM,460,1,5198,56689,0,2147483647,0.0,0.0,20,4,-73,GSM
1523278898101,121.21153563,31.2890574,16.0,7.0,3.570056,-57,true,-1,-1,5,58.0,4000.0,-32.0404052734375,-2.1240234375,40.46783447265625,-0.39063122868537903,-0.5617852807044983,-2.673835277557373,460,1,5198,56688,0,-1,0.0,0.0,0,0,0,,6,460,1,5198,56688,0,2147483647,0.0,0.0,27,4,-59,GSM,460,1,5198,49988,0,2147483647,0.0,0.0,22,4,-69,GSM,460,1,5198,49989,0,2147483647,0.0,0.0,24,4,-65,GSM,460,1,5198,42517,0,2147483647,0.0,0.0,17,4,-79,GSM,460,1,5198,42518,0,2147483647,0.0,0.0,23,4,-67,GSM,460,1,5198,56689,0,2147483647,0.0,0.0,20,4,-73,GSM
1523278899166,121.21159057,31.28911826,17.0,7.0,3.6503425,-57,true,-1,-1,5,58.0,4000.0,-49.700927734375,-10.8245849609375,11.0687255859375,0.1900056153535843,-0.990728497505188,-1.6525533199310303,460,1,5198,56688,0,-1,0.0,0.0,0,0,0,,6,460,1,5198,56688,0,2147483647,0.0,0.0,28,4,-57,GSM,460,1,5198,49988,0,2147483647,0.0,0.0,23,4,-67,GSM,460,1,5198,49989,0,2147483647,0.0,0.0,23,4,-67,GSM,460,1,5198,42517,0,2147483647,0.0,0.0,17,4,-79,GSM,460,1,5198,42518,0,2147483647,0.0,0.0,24,4,-65,GSM,460,1,5198,56689,0,2147483647,0.0,0.0,18,4,-77,GSM
1523278900236,121.21159057,31.28911826,17.0,7.0,3.6503425,-57,true,-1,-1,5,58.0,4000.0,-47.9705810546875,-0.62408447265625,21.2677001953125,1.4737435579299927,-0.605762779712677,-0.603585422039032,460,1,5198,56688,0,-1,0.0,0.0,0,0,0,,6,460,1,5198,56688,0,2147483647,0.0,0.0,28,4,-57,GSM,460,1,5198,49988,0,2147483647,0.0,0.0,23,4,-67,GSM,460,1,5198,49989,0,2147483647,0.0,0.0,23,4,-67,GSM,460,1,5198,42517,0,2147483647,0.0,0.0,17,4,-79,GSM,460,1,5198,42518,0,2147483647,0.0,0.0,24,4,-65,GSM,460,1,5198,56689,0,2147483647,0.0,0.0,18,4,-77,GSM
1523278901222,121.21164412,31.2891807,18.0,6.0,3.8501167,-57,true,-1,-1,5,58.0,4000.0,-11.419677734375,34.7747802734375,-45.63140869140625,-0.43578383326530457,-0.8417754173278809,-0.7978291511535645,460,1,5198,56688,0,-1,0.0,0.0,0,0,0,,6,460,1,5198,56688,0,2147483647,0.0,0.0,29,4,-55,GSM,460,1,5198,49988,0,2147483647,0.0,0.0,23,4,-67,GSM,460,1,5198,49989,0,2147483647,0.0,0.0,23,4,-67,GSM,460,1,5198,42517,0,2147483647,0.0,0.0,18,4,-77,GSM,460,1,5198,42518,0,2147483647,0.0,0.0,22,4,-69,GSM,460,1,5198,56689,0,2147483647,0.0,0.0,18,4,-77,GSM
1523278902325,121.21164412,31.2891807,18.0,6.0,3.8501167,-57,true,-1,-1,5,58.0,4000.0,-26.49078369140625,31.17523193359375,-42.93212890625,0.5772401094436646,-0.054288022220134735,-0.10426665842533112,460,1,5198,56688,0,-1,0.0,0.0,0,0,0,,6,460,1,5198,56688,0,2147483647,0.0,0.0,29,4,-55,GSM,460,1,5198,49988,0,2147483647,0.0,0.0,23,4,-67,GSM,460,1,5198,49989,0,2147483647,0.0,0.0,23,4,-67,GSM,460,1,5198,42517,0,2147483647,0.0,0.0,18,4,-77,GSM,460,1,5198,42518,0,2147483647,0.0,0.0,22,4,-69,GSM,460,1,5198,56689,0,2147483647,0.0,0.0,18,4,-77,GSM
1523278903257,121.21175371,31.28929078,18.0,5.0,4.22,-57,true,-1,-1,5,58.0,4000.0,-52.47039794921875,4.1748046875,12.26806640625,-0.6099079847335815,-0.7285982966423035,-2.272587537765503,460,1,5198,56688,0,-1,0.0,0.0,0,0,0,,6,460,1,5198,56688,0,2147483647,0.0,0.0,29,4,-55,GSM,460,1,5198,49988,0,2147483647,0.0,0.0,22,4,-69,GSM,460,1,5198,49989,0,2147483647,0.0,0.0,22,4,-69,GSM,460,1,5198,42517,0,2147483647,0.0,0.0,18,4,-77,GSM,460,1,5198,42518,0,2147483647,0.0,0.0,22,4,-69,GSM,460,1,5198,56689,0,2147483647,0.0,0.0,17,4,-79,GSM
1523278904548,121.21175371,31.28929078,18.0,5.0,4.22,-57,true,-1,-1,5,58.0,4000.0,-35.3302001953125,22.7752685546875,-40.83251953125,0.5687937140464783,-0.171584814786911,-0.3372727036476135,460,1,5198,56688,0,-1,0.0,0.0,0,0,0,,6,460,1,5198,56688,0,2147483647,0.0,0.0,29,4,-55,GSM,460,1,5198,49988,0,2147483647,0.0,0.0,22,4,-69,GSM,460,1,5198,49989,0,2147483647,0.0,0.0,22,4,-69,GSM,460,1,5198,42517,0,2147483647,0.0,0.0,18,4,-77,GSM,460,1,5198,42518,0,2147483647,0.0,0.0,22,4,-69,GSM,460,1,5198,56689,0,2147483647,0.0,0.0,17,4,-79,GSM
1523278905371,121.21177424,31.28936567,16.0,6.0,4.250106,-57,true,-1,-1,5,58.0,4000.0,-6.57958984375,38.6749267578125,-43.8323974609375,0.2850392162799835,0.05882091820240021,0.09183114022016525,460,1,5198,56688,0,-1,0.0,0.0,0,0,0,,6,460,1,5198,56688,0,2147483647,0.0,0.0,30,4,-53,GSM,460,1,5198,49988,0,2147483647,0.0,0.0,22,4,-69,GSM,460,1,5198,49989,0,2147483647,0.0,0.0,22,4,-69,GSM,460,1,5198,42517,0,2147483647,0.0,0.0,19,4,-75,GSM,460,1,5198,42518,0,2147483647,0.0,0.0,22,4,-69,GSM,460,1,5198,56689,0,2147483647,0.0,0.0,17,4,-79,GSM
1523278906559,121.21177424,31.28936567,16.0,6.0,4.250106,-51,true,-1,-1,5,58.0,4000.0,-54.38079833984375,8.9752197265625,-3.03192138671875,1.2188446521759033,-0.24708178639411926,-0.5570198893547058,460,1,5198,56688,0,-1,0.0,0.0,0,0,0,,6,460,1,5198,56688,0,2147483647,0.0,0.0,30,4,-53,GSM,460,1,5198,49988,0,2147483647,0.0,0.0,22,4,-69,GSM,460,1,5198,49989,0,2147483647,0.0,0.0,22,4,-69,GSM,460,1,5198,42517,0,2147483647,0.0,0.0,19,4,-75,GSM,460,1,5198,42518,0,2147483647,0.0,0.0,22,4,-69,GSM,460,1,5198,56689,0,2147483647,0.0,0.0,17,4,-79,GSM
1523278907489,121.21180505,31.28942482,18.0,8.0,4.2701874,-51,true,-1,-1,5,58.0,4000.0,-41.729736328125,18.27545166015625,-34.53216552734375,0.897767186164856,-0.13215148448944092,-0.28892356157302856,460,1,5198,56688,0,-1,0.0,0.0,0,0,0,,6,460,1,5198,56688,0,2147483647,0.0,0.0,31,4,-51,GSM,460,1,5198,49988,0,2147483647,0.0,0.0,21,4,-71,GSM,460,1,5198,49989,0,2147483647,0.0,0.0,21,4,-71,GSM,460,1,5198,42517,0,2147483647,0.0,0.0,19,4,-75,GSM,460,1,5198,42518,0,2147483647,0.0,0.0,21,4,-71,GSM,460,1,5198,56689,0,2147483647,0.0,0.0,17,4,-79,GSM
1523278908610,121.21180505,31.28942482,18.0,8.0,4.2701874,-51,true,-1,-1,5,58.0,4000.0,-37.22991943359375,18.5760498046875,-39.3310546875,1.071010708808899,-0.049543336033821106,0.007424117065966129,460,1,5198,56688,0,-1,0.0,0.0,0,0,0,,6,460,1,5198,56688,0,2147483647,0.0,0.0,31,4,-51,GSM,460,1,5198,49988,0,2147483647,0.0,0.0,21,4,-71,GSM,460,1,5198,49989,0,2147483647,0.0,0.0,21,4,-71,GSM,460,1,5198,42517,0,2147483647,0.0,0.0,19,4,-75,GSM,460,1,5198,42518,0,2147483647,0.0,0.0,21,4,-71,GSM,460,1,5198,56689,0,2147483647,0.0,0.0,17,4,-79,GSM
1523278909631,121.21187657,31.28950154,18.0,9.0,4.2301893,-51,true,-1,-1,5,58.0,4000.0,-51.42974853515625,-3.0242919921875,9.86785888671875,1.3455944061279297,-0.6442310214042664,-0.6258708238601685,460,1,5198,56688,0,-1,0.0,0.0,0,0,0,,6,460,1,5198,56688,0,2147483647,0.0,0.0,31,4,-51,GSM,460,1,5198,49988,0,2147483647,0.0,0.0,21,4,-71,GSM,460,1,5198,49989,0,2147483647,0.0,0.0,21,4,-71,GSM,460,1,5198,42517,0,2147483647,0.0,0.0,19,4,-75,GSM,460,1,5198,42518,0,2147483647,0.0,0.0,21,4,-71,GSM,460,1,5198,56689,0,2147483647,0.0,0.0,17,4,-79,GSM
1523278910882,121.21187657,31.28950154,18.0,9.0,4.2301893,-51,true,-1,-1,5,58.0,4000.0,-41.56036376953125,-3.62396240234375,-31.83135986328125,0.9865868091583252,-0.5997048616409302,-0.2763978838920593,460,1,5198,56688,0,-1,0.0,0.0,0,0,0,,6,460,1,5198,56688,0,2147483647,0.0,0.0,31,4,-51,GSM,460,1,5198,49988,0,2147483647,0.0,0.0,21,4,-71,GSM,460,1,5198,49989,0,2147483647,0.0,0.0,21,4,-71,GSM,460,1,5198,42517,0,2147483647,0.0,0.0,19,4,-75,GSM,460,1,5198,42518,0,2147483647,0.0,0.0,21,4,-71,GSM,460,1,5198,56689,0,2147483647,0.0,0.0,17,4,-79,GSM
1523278911732,121.21193931,31.28956681,17.0,8.0,3.8741837,-51,true,-1,-1,5,58.0,4000.0,-39.66064453125,-2.1240234375,-33.9324951171875,0.9524198770523071,-0.5440421104431152,-0.2737066149711609,460,1,5198,56688,0,-1,0.0,0.0,0,0,0,,6,460,1,5198,56688,0,2147483647,0.0,0.0,31,4,-51,GSM,460,1,5198,49988,0,2147483647,0.0,0.0,21,4,-71,GSM,460,1,5198,49989,0,2147483647,0.0,0.0,21,4,-71,GSM,460,1,5198,42517,0,2147483647,0.0,0.0,19,4,-75,GSM,460,1,5198,42518,0,2147483647,0.0,0.0,22,4,-69,GSM,460,1,5198,56689,0,2147483647,0.0,0.0,18,4,-77,GSM
1523278912869,121.21193931,31.28956681,17.0,8.0,3.8741837,-51,true,-1,-1,5,58.0,4000.0,-52.47039794921875,-1.22528076171875,-10.5316162109375,0.47152015566825867,-1.1109888553619385,-0.9488291144371033,460,1,5198,56688,0,-1,0.0,0.0,0,0,0,,6,460,1,5198,56688,0,2147483647,0.0,0.0,31,4,-51,GSM,460,1,5198,49988,0,2147483647,0.0,0.0,21,4,-71,GSM,460,1,5198,49989,0,2147483647,0.0,0.0,21,4,-71,GSM,460,1,5198,42517,0,2147483647,0.0,0.0,19,4,-75,GSM,460,1,5198,42518,0,2147483647,0.0,0.0,22,4,-69,GSM,460,1,5198,56689,0,2147483647,0.0,0.0,18,4,-77,GSM
1523278914210,121.21199187,31.28962338,16.0,7.0,3.8729057,-51,true,-1,-1,5,58.0,4000.0,-19.390869140625,-1.52435302734375,47.967529296875,0.12732864916324615,-0.6333734393119812,-2.6848323345184326,460,1,5198,56688,0,-1,0.0,0.0,0,0,0,,6,460,1,5198,56688,0,2147483647,0.0,0.0,31,4,-51,GSM,460,1,5198,49988,0,2147483647,0.0,0.0,21,4,-71,GSM,460,1,5198,49989,0,2147483647,0.0,0.0,21,4,-71,GSM,460,1,5198,42517,0,2147483647,0.0,0.0,19,4,-75,GSM,460,1,5198,42518,0,2147483647,0.0,0.0,22,4,-69,GSM,460,1,5198,56689,0,2147483647,0.0,0.0,18,4,-77,GSM
1523278915024,121.21199187,31.28962338,16.0,7.0,3.8729057,-51,true,-1,-1,5,58.0,4000.0,-13.67950439453125,3.27606201171875,49.46746826171875,0.18773001432418823,-0.6873738169670105,-2.742537498474121,460,1,5198,56688,0,-1,0.0,0.0,0,0,0,,6,460,1,5198,56688,0,2147483647,0.0,0.0,31,4,-51,GSM,460,1,5198,49988,0,2147483647,0.0,0.0,21,4,-71,GSM,460,1,5198,49989,0,2147483647,0.0,0.0,21,4,-71,GSM,460,1,5198,42517,0,2147483647,0.0,0.0,19,4,-75,GSM,460,1,5198,42518,0,2147483647,0.0,0.0,22,4,-69,GSM,460,1,5198,56689,0,2147483647,0.0,0.0,18,4,-77,GSM
1523278916086,121.21204192,31.28968459,15.0,9.0,4.131743,-51,true,-1,-1,5,58.0,4000.0,-18.18084716796875,4.47540283203125,47.06878662109375,-0.044142864644527435,-0.772423267364502,-2.8066070079803467,460,1,5198,56688,0,-1,0.0,0.0,0,0,0,,6,460,1,5198,56688,0,2147483647,0.0,0.0,31,4,-51,GSM,460,1,5198,49988,0,2147483647,0.0,0.0,20,4,-73,GSM,460,1,5198,49989,0,2147483647,0.0,0.0,20,4,-73,GSM,460,1,5198,42517,0,2147483647,0.0,0.0,18,4,-77,GSM,460,1,5198,42518,0,2147483647,0.0,0.0,21,4,-71,GSM,460,1,5198,56689,0,2147483647,0.0,0.0,17,4,-79,GSM
1523278917159,121.21204192,31.28968459,15.0,9.0,4.131743,-51,true,-1,-1,5,58.0,4000.0,-19.90966796875,3.875732421875,47.06878662109375,-0.06924932450056076,-0.6980721950531006,-2.79000186920166,460,1,5198,56688,0,-1,0.0,0.0,0,0,0,,6,460,1,5198,56688,0,2147483647,0.0,0.0,31,4,-51,GSM,460,1,5198,49988,0,2147483647,0.0,0.0,20,4,-73,GSM,460,1,5198,49989,0,2147483647,0.0,0.0,20,4,-73,GSM,460,1,5198,42517,0,2147483647,0.0,0.0,18,4,-77,GSM,460,1,5198,42518,0,2147483647,0.0,0.0,21,4,-71,GSM,460,1,5198,56689,0,2147483647,0.0,0.0,17,4,-79,GSM
1523278918243,121.21206797,31.28974835,13.0,9.0,3.0885756,-51,true,-1,-1,5,58.0,4000.0,-18.00994873046875,-1.52435302734375,53.96881103515625,0.15412504971027374,-0.5536797642707825,-2.7415225505828857,460,1,5198,56688,0,-1,0.0,0.0,0,0,0,,6,460,1,5198,56688,0,2147483647,0.0,0.0,29,4,-55,GSM,460,1,5198,49988,0,2147483647,0.0,0.0,20,4,-73,GSM,460,1,5198,49989,0,2147483647,0.0,0.0,20,4,-73,GSM,460,1,5198,42517,0,2147483647,0.0,0.0,17,4,-79,GSM,460,1,5198,42518,0,2147483647,0.0,0.0,21,4,-71,GSM,460,1,5198,56689,0,2147483647,0.0,0.0,17,4,-79,GSM
1523278919314,121.21206797,31.28974835,13.0,9.0,3.0885756,-53,true,-1,-1,5,58.0,4000.0,-15.58074951171875,4.7760009765625,48.5687255859375,0.35217899084091187,-0.4718841314315796,-2.635406017303467,460,1,5198,56688,0,-1,0.0,0.0,0,0,0,,6,460,1,5198,56688,0,2147483647,0.0,0.0,29,4,-55,GSM,460,1,5198,49988,0,2147483647,0.0,0.0,20,4,-73,GSM,460,1,5198,49989,0,2147483647,0.0,0.0,20,4,-73,GSM,460,1,5198,42517,0,2147483647,0.0,0.0,17,4,-79,GSM,460,1,5198,42518,0,2147483647,0.0,0.0,21,4,-71,GSM,460,1,5198,56689,0,2147483647,0.0,0.0,17,4,-79,GSM
1523278920387,121.21212763,31.28983954,14.0,10.0,4.180191,-53,true,-1,-1,5,58.0,4000.0,-15.7501220703125,5.37567138671875,49.46746826171875,0.23300644755363464,-0.5970332026481628,-2.680567741394043,460,1,5198,56688,0,-1,0.0,0.0,0,0,0,,6,460,1,5198,56688,0,2147483647,0.0,0.0,29,4,-55,GSM,460,1,5198,49988,0,2147483647,0.0,0.0,19,4,-75,GSM,460,1,5198,49989,0,2147483647,0.0,0.0,19,4,-75,GSM,460,1,5198,42517,0,2147483647,0.0,0.0,17,4,-79,GSM,460,1,5198,42518,0,2147483647,0.0,0.0,18,4,-77,GSM,460,1,5198,56689,0,2147483647,0.0,0.0,18,4,-77,GSM
1523278921468,121.21212763,31.28983954,14.0,10.0,4.180191,-55,true,-1,-1,5,58.0,4000.0,-17.14019775390625,6.57501220703125,47.06878662109375,0.14766043424606323,-0.5440906882286072,-2.698866605758667,460,1,5198,56688,0,-1,0.0,0.0,0,0,0,,6,460,1,5198,56688,0,2147483647,0.0,0.0,29,4,-55,GSM,460,1,5198,49988,0,2147483647,0.0,0.0,19,4,-75,GSM,460,1,5198,49989,0,2147483647,0.0,0.0,19,4,-75,GSM,460,1,5198,42517,0,2147483647,0.0,0.0,17,4,-79,GSM,460,1,5198,42518,0,2147483647,0.0,0.0,18,4,-77,GSM,460,1,5198,56689,0,2147483647,0.0,0.0,18,4,-77,GSM
1523278922394,121.21218415,31.28989563,10.0,9.0,4.3919244,-55,true,-1,-1,5,58.0,4000.0,-16.9708251953125,5.37567138671875,47.967529296875,0.08436281234025955,-0.6389817595481873,-2.7439863681793213,460,1,5198,56688,0,-1,0.0,0.0,0,0,0,,6,460,1,5198,56688,0,2147483647,0.0,0.0,28,4,-57,GSM,460,1,5198,49988,0,2147483647,0.0,0.0,19,4,-75,GSM,460,1,5198,49989,0,2147483647,0.0,0.0,19,4,-75,GSM,460,1,5198,42517,0,2147483647,0.0,0.0,17,4,-79,GSM,460,1,5198,42518,0,2147483647,0.0,0.0,19,4,-75,GSM,460,1,5198,56689,0,2147483647,0.0,0.0,18,4,-77,GSM
1523278923517,121.21218415,31.28989563,10.0,9.0,4.3919244,-55,true,-1,-1,5,58.0,4000.0,-16.790771484375,5.0750732421875,48.8677978515625,0.1405080109834671,-0.6151850819587708,-2.717880964279175,460,1,5198,56688,0,-1,0.0,0.0,0,0,0,,6,460,1,5198,56688,0,2147483647,0.0,0.0,28,4,-57,GSM,460,1,5198,49988,0,2147483647,0.0,0.0,19,4,-75,GSM,460,1,5198,49989,0,2147483647,0.0,0.0,19,4,-75,GSM,460,1,5198,42517,0,2147483647,0.0,0.0,17,4,-79,GSM,460,1,5198,42518,0,2147483647,0.0,0.0,19,4,-75,GSM,460,1,5198,56689,0,2147483647,0.0,0.0,18,4,-77,GSM
1523278924608,121.21227149,31.28998302,13.0,8.0,4.4701004,-55,true,-1,-1,5,58.0,4000.0,-18.69964599609375,4.7760009765625,47.967529296875,0.17469832301139832,-0.5643168687820435,-2.661983013153076,460,1,5198,56688,0,-1,0.0,0.0,0,0,0,,6,460,1,5198,56688,0,2147483647,0.0,0.0,27,4,-59,GSM,460,1,5198,49988,0,2147483647,0.0,0.0,19,4,-75,GSM,460,1,5198,49989,0,2147483647,0.0,0.0,19,4,-75,GSM,460,1,5198,42517,0,2147483647,0.0,0.0,17,4,-79,GSM,460,1,5198,42518,0,2147483647,0.0,0.0,19,4,-75,GSM,460,1,5198,56689,0,2147483647,0.0,0.0,19,4,-75,GSM
1523278925698,121.21227149,31.28998302,13.0,8.0,4.4701004,-55,true,-1,-1,5,58.0,4000.0,-18.87054443359375,5.37567138671875,47.06878662109375,0.02748364955186844,-0.5242679715156555,-2.7440154552459717,460,1,5198,56688,0,-1,0.0,0.0,0,0,0,,6,460,1,5198,56688,0,2147483647,0.0,0.0,27,4,-59,GSM,460,1,5198,49988,0,2147483647,0.0,0.0,19,4,-75,GSM,460,1,5198,49989,0,2147483647,0.0,0.0,19,4,-75,GSM,460,1,5198,42517,0,2147483647,0.0,0.0,17,4,-79,GSM,460,1,5198,42518,0,2147483647,0.0,0.0,19,4,-75,GSM,460,1,5198,56689,0,2147483647,0.0,0.0,19,4,-75,GSM
1523278926698,121.21232482,31.29005954,14.0,7.0,4.5200443,-55,true,-1,-1,5,58.0,4000.0,-15.58074951171875,8.6761474609375,47.36785888671875,0.3872818052768707,-0.5099393725395203,-2.566497802734375,460,1,5198,56688,0,-1,0.0,0.0,0,0,0,,6,460,1,5198,56688,0,2147483647,0.0,0.0,28,4,-57,GSM,460,1,5198,49988,0,2147483647,0.0,0.0,19,4,-75,GSM,460,1,5198,49989,0,2147483647,0.0,0.0,19,4,-75,GSM,460,1,5198,42517,0,2147483647,0.0,0.0,16,4,-81,GSM,460,1,5198,42518,0,2147483647,0.0,0.0,19,4,-75,GSM,460,1,5198,56689,0,2147483647,0.0,0.0,19,4,-75,GSM
1523278927959,121.21232482,31.29005954,14.0,7.0,4.5200443,-55,true,-1,-1,5,58.0,4000.0,-15.0604248046875,6.57501220703125,46.46759033203125,0.24793314933776855,-0.560675323009491,-2.6657609939575195,460,1,5198,56688,0,-1,0.0,0.0,0,0,0,,6,460,1,5198,56688,0,2147483647,0.0,0.0,28,4,-57,GSM,460,1,5198,49988,0,2147483647,0.0,0.0,19,4,-75,GSM,460,1,5198,49989,0,2147483647,0.0,0.0,19,4,-75,GSM,460,1,5198,42517,0,2147483647,0.0,0.0,16,4,-81,GSM,460,1,5198,42518,0,2147483647,0.0,0.0,19,4,-75,GSM,460,1,5198,56689,0,2147483647,0.0,0.0,19,4,-75,GSM
1523278928849,121.21238269,31.29014179,16.0,8.0,4.7000103,-55,true,-1,-1,5,58.0,4000.0,-14.8895263671875,8.37554931640625,47.36785888671875,0.16460613906383514,-0.4695291817188263,-2.7370965480804443,460,1,5198,56688,0,-1,0.0,0.0,0,0,0,,6,460,1,5198,56688,0,2147483647,0.0,0.0,28,4,-57,GSM,460,1,5198,49988,0,2147483647,0.0,0.0,19,4,-75,GSM,460,1,5198,49989,0,2147483647,0.0,0.0,19,4,-75,GSM,460,1,5198,42517,0,2147483647,0.0,0.0,16,4,-81,GSM,460,1,5198,42518,0,2147483647,0.0,0.0,19,4,-75,GSM,460,1,5198,56689,0,2147483647,0.0,0.0,17,4,-79,GSM
1523278930002,121.21238269,31.29014179,16.0,8.0,4.7000103,-55,true,-1,-1,5,58.0,4000.0,-14.3707275390625,7.77587890625,46.46759033203125,-1.2483360767364502,-1.1766735315322876,2.1553752422332764,460,1,5198,56688,0,-1,0.0,0.0,0,0,0,,6,460,1,5198,56688,0,2147483647,0.0,0.0,28,4,-57,GSM,460,1,5198,49988,0,2147483647,0.0,0.0,19,4,-75,GSM,460,1,5198,49989,0,2147483647,0.0,0.0,19,4,-75,GSM,460,1,5198,42517,0,2147483647,0.0,0.0,16,4,-81,GSM,460,1,5198,42518,0,2147483647,0.0,0.0,19,4,-75,GSM,460,1,5198,56689,0,2147483647,0.0,0.0,17,4,-79,GSM
1523278931266,121.21238269,31.29014179,16.0,8.0,4.7000103,-55,true,-1,-1,5,58.0,4000.0,-16.790771484375,11.0748291015625,45.26824951171875,-0.04526142403483391,-0.4286857545375824,-2.814678430557251,460,1,5198,56688,0,-1,0.0,0.0,0,0,0,,6,460,1,5198,56688,0,2147483647,0.0,0.0,28,4,-57,GSM,460,1,5198,49988,0,2147483647,0.0,0.0,19,4,-75,GSM,460,1,5198,49989,0,2147483647,0.0,0.0,20,4,-73,GSM,460,1,5198,42517,0,2147483647,0.0,0.0,14,4,-85,GSM,460,1,5198,42518,0,2147483647,0.0,0.0,19,4,-75,GSM,460,1,5198,56689,0,2147483647,0.0,0.0,17,4,-79,GSM
1523278932060,121.21251966,31.29028348,16.0,9.0,4.82,-55,true,-1,-1,5,58.0,4000.0,-12.98065185546875,4.7760009765625,51.26800537109375,0.22647882997989655,-0.481378436088562,-2.768981695175171,460,1,5198,56688,0,-1,0.0,0.0,0,0,0,,6,460,1,5198,56688,0,2147483647,0.0,0.0,28,4,-57,GSM,460,1,5198,49988,0,2147483647,0.0,0.0,19,4,-75,GSM,460,1,5198,49989,0,2147483647,0.0,0.0,20,4,-73,GSM,460,1,5198,42517,0,2147483647,0.0,0.0,14,4,-85,GSM,460,1,5198,42518,0,2147483647,0.0,0.0,19,4,-75,GSM,460,1,5198,56689,0,2147483647,0.0,0.0,17,4,-79,GSM
1523278933155,121.21251966,31.29028348,16.0,9.0,4.82,-55,true,-1,-1,5,58.0,4000.0,-18.5302734375,7.77587890625,46.46759033203125,-0.17499765753746033,-0.4460199177265167,-2.8629870414733887,460,1,5198,56688,0,-1,0.0,0.0,0,0,0,,6,460,1,5198,56688,0,2147483647,0.0,0.0,28,4,-57,GSM,460,1,5198,49988,0,2147483647,0.0,0.0,18,4,-77,GSM,460,1,5198,49989,0,2147483647,0.0,0.0,20,4,-73,GSM,460,1,5198,42517,0,2147483647,0.0,0.0,14,4,-85,GSM,460,1,5198,42518,0,2147483647,0.0,0.0,18,4,-77,GSM,460,1,5198,56689,0,2147483647,0.0,0.0,15,4,-83,GSM
1523278934213,121.2126331,31.29040065,13.0,9.0,4.402045,-55,true,-1,-1,5,58.0,4000.0,-14.1998291015625,5.37567138671875,44.9676513671875,-0.10356078296899796,-0.4883080720901489,-2.8948941230773926,460,1,5198,56688,0,-1,0.0,0.0,0,0,0,,6,460,1,5198,56688,0,2147483647,0.0,0.0,28,4,-57,GSM,460,1,5198,49988,0,2147483647,0.0,0.0,18,4,-77,GSM,460,1,5198,49989,0,2147483647,0.0,0.0,20,4,-73,GSM,460,1,5198,42517,0,2147483647,0.0,0.0,14,4,-85,GSM,460,1,5198,42518,0,2147483647,0.0,0.0,18,4,-77,GSM,460,1,5198,56689,0,2147483647,0.0,0.0,15,4,-83,GSM
1523278935228,121.2126331,31.29040065,13.0,9.0,4.402045,-55,true,-1,-1,5,58.0,4000.0,-16.27044677734375,12.27569580078125,45.56884765625,0.23584063351154327,-0.30458131432533264,-2.6686618328094482,460,1,5198,56688,0,-1,0.0,0.0,0,0,0,,6,460,1,5198,56688,0,2147483647,0.0,0.0,29,4,-55,GSM,460,1,5198,49988,0,2147483647,0.0,0.0,18,4,-77,GSM,460,1,5198,49989,0,2147483647,0.0,0.0,20,4,-73,GSM,460,1,5198,42517,0,2147483647,0.0,0.0,14,4,-85,GSM,460,1,5198,42518,0,2147483647,0.0,0.0,18,4,-77,GSM,460,1,5198,56689,0,2147483647,0.0,0.0,15,4,-83,GSM
1523278936288,121.21268718,31.29045374,14.0,7.0,4.5363536,-55,true,-1,-1,5,58.0,4000.0,-22.509765625,5.0750732421875,42.5689697265625,-0.16208113729953766,-0.34421539306640625,-2.726506471633911,460,1,5198,56688,0,-1,0.0,0.0,0,0,0,,6,460,1,5198,56688,0,2147483647,0.0,0.0,29,4,-55,GSM,460,1,5198,49988,0,2147483647,0.0,0.0,18,4,-77,GSM,460,1,5198,49989,0,2147483647,0.0,0.0,20,4,-73,GSM,460,1,5198,42517,0,2147483647,0.0,0.0,14,4,-85,GSM,460,1,5198,42518,0,2147483647,0.0,0.0,18,4,-77,GSM,460,1,5198,56689,0,2147483647,0.0,0.0,15,4,-83,GSM
1523278937412,121.21268718,31.29045374,14.0,7.0,4.5363536,-55,true,-1,-1,5,58.0,4000.0,-15.40985107421875,7.1746826171875,49.46746826171875,-0.17344360053539276,-0.30946677923202515,-2.9159915447235107,460,1,5198,56688,0,-1,0.0,0.0,0,0,0,,6,460,1,5198,56688,0,2147483647,0.0,0.0,30,4,-53,GSM,460,1,5198,49988,0,2147483647,0.0,0.0,18,4,-77,GSM,460,1,5198,49989,0,2147483647,0.0,0.0,20,4,-73,GSM,460,1,5198,42517,0,2147483647,0.0,0.0,14,4,-85,GSM,460,1,5198,42518,0,2147483647,0.0,0.0,19,4,-75,GSM,460,1,5198,56689,0,2147483647,0.0,0.0,15,4,-83,GSM
1523278938440,121.21275825,31.29052298,14.0,7.0,3.4524484,-55,true,-1,-1,5,58.0,4000.0,-15.240478515625,7.77587890625,48.5687255859375,-0.006096227560192347,-0.5983178615570068,-2.8417344093322754,460,1,5198,56688,0,-1,0.0,0.0,0,0,0,,6,460,1,5198,56688,0,2147483647,0.0,0.0,30,4,-53,GSM,460,1,5198,49988,0,2147483647,0.0,0.0,18,4,-77,GSM,460,1,5198,49989,0,2147483647,0.0,0.0,20,4,-73,GSM,460,1,5198,42517,0,2147483647,0.0,0.0,14,4,-85,GSM,460,1,5198,42518,0,2147483647,0.0,0.0,19,4,-75,GSM,460,1,5198,56689,0,2147483647,0.0,0.0,15,4,-83,GSM
1523278939516,121.21275825,31.29052298,14.0,7.0,3.4524484,-53,true,-1,-1,5,58.0,4000.0,-7.440185546875,10.17608642578125,50.06866455078125,0.4784673750400543,-0.49918946623802185,-2.6617367267608643,460,1,5198,56688,0,-1,0.0,0.0,0,0,0,,6,460,1,5198,56688,0,2147483647,0.0,0.0,28,4,-57,GSM,460,1,5198,49988,0,2147483647,0.0,0.0,21,4,-71,GSM,460,1,5198,49989,0,2147483647,0.0,0.0,20,4,-73,GSM,460,1,5198,42517,0,2147483647,0.0,0.0,14,4,-85,GSM,460,1,5198,42518,0,2147483647,0.0,0.0,19,4,-75,GSM,460,1,5198,56689,0,2147483647,0.0,0.0,15,4,-83,GSM
1523278940594,121.21282954,31.29058021,15.0,7.0,3.1651225,-53,true,-1,-1,5,58.0,4000.0,-7.09075927734375,13.47503662109375,49.46746826171875,0.44500187039375305,-0.43794721364974976,-2.6852681636810303,460,1,5198,56688,0,-1,0.0,0.0,0,0,0,,6,460,1,5198,56688,0,2147483647,0.0,0.0,28,4,-57,GSM,460,1,5198,49988,0,2147483647,0.0,0.0,21,4,-71,GSM,460,1,5198,49989,0,2147483647,0.0,0.0,20,4,-73,GSM,460,1,5198,42517,0,2147483647,0.0,0.0,14,4,-85,GSM,460,1,5198,42518,0,2147483647,0.0,0.0,19,4,-75,GSM,460,1,5198,56689,0,2147483647,0.0,0.0,15,4,-83,GSM
1523278941672,121.21282954,31.29058021,15.0,7.0,3.1651225,-57,true,-1,-1,5,58.0,4000.0,-21.6400146484375,11.676025390625,43.46771240234375,-0.44590887427330017,-0.40285199880599976,-2.9690518379211426,460,1,5198,56688,0,-1,0.0,0.0,0,0,0,,6,460,1,5198,56688,0,2147483647,0.0,0.0,27,4,-59,GSM,460,1,5198,49988,0,2147483647,0.0,0.0,21,4,-71,GSM,460,1,5198,49989,0,2147483647,0.0,0.0,20,4,-73,GSM,460,1,5198,42517,0,2147483647,0.0,0.0,14,4,-85,GSM,460,1,5198,42518,0,2147483647,0.0,0.0,21,4,-71,GSM,460,1,5198,56689,0,2147483647,0.0,0.0,15,4,-83,GSM
1523278942687,121.21287065,31.29066579,18.0,9.0,3.6502192,-57,true,-1,-1,5,58.0,4000.0,-21.11968994140625,10.7757568359375,44.36798095703125,-0.05080605298280716,-0.45985734462738037,-2.7298736572265625,460,1,5198,56688,0,-1,0.0,0.0,0,0,0,,6,460,1,5198,56688,0,2147483647,0.0,0.0,27,4,-59,GSM,460,1,5198,49988,0,2147483647,0.0,0.0,21,4,-71,GSM,460,1,5198,49989,0,2147483647,0.0,0.0,20,4,-73,GSM,460,1,5198,42517,0,2147483647,0.0,0.0,14,4,-85,GSM,460,1,5198,42518,0,2147483647,0.0,0.0,21,4,-71,GSM,460,1,5198,56689,0,2147483647,0.0,0.0,15,4,-83,GSM
1523278943820,121.21287065,31.29066579,18.0,9.0,3.6502192,-57,true,-1,-1,5,58.0,4000.0,-23.5504150390625,11.0748291015625,43.16864013671875,0.1645829975605011,-0.4332389831542969,-2.538691282272339,460,1,5198,56688,0,-1,0.0,0.0,0,0,0,,6,460,1,5198,56688,0,2147483647,0.0,0.0,27,4,-59,GSM,460,1,5198,49988,0,2147483647,0.0,0.0,21,4,-71,GSM,460,1,5198,49989,0,2147483647,0.0,0.0,22,4,-69,GSM,460,1,5198,42517,0,2147483647,0.0,0.0,14,4,-85,GSM,460,1,5198,42518,0,2147483647,0.0,0.0,21,4,-71,GSM,460,1,5198,56689,0,2147483647,0.0,0.0,14,4,-85,GSM
1523278944886,121.21287963,31.29070786,19.0,9.0,3.190768,-57,true,-1,-1,5,58.0,4000.0,-19.5709228515625,9.27581787109375,44.6685791015625,0.05884503200650215,-0.4757765233516693,-2.691713571548462,460,1,5198,56688,0,-1,0.0,0.0,0,0,0,,6,460,1,5198,56688,0,2147483647,0.0,0.0,27,4,-59,GSM,460,1,5198,49988,0,2147483647,0.0,0.0,21,4,-71,GSM,460,1,5198,49989,0,2147483647,0.0,0.0,22,4,-69,GSM,460,1,5198,42517,0,2147483647,0.0,0.0,14,4,-85,GSM,460,1,5198,42518,0,2147483647,0.0,0.0,21,4,-71,GSM,460,1,5198,56689,0,2147483647,0.0,0.0,14,4,-85,GSM
1523278945958,121.21287963,31.29070786,19.0,9.0,3.190768,-57,true,-1,-1,5,58.0,4000.0,-19.390869140625,8.6761474609375,46.16851806640625,-0.15326307713985443,-0.49880754947662354,-2.84116792678833,460,1,5198,56688,0,-1,0.0,0.0,0,0,0,,6,460,1,5198,56688,0,2147483647,0.0,0.0,27,4,-59,GSM,460,1,5198,49988,0,2147483647,0.0,0.0,21,4,-71,GSM,460,1,5198,49989,0,2147483647,0.0,0.0,22,4,-69,GSM,460,1,5198,42517,0,2147483647,0.0,0.0,13,4,-87,GSM,460,1,5198,42518,0,2147483647,0.0,0.0,21,4,-71,GSM,460,1,5198,56689,0,2147483647,0.0,0.0,14,4,-85,GSM
1523278947042,121.21289602,31.29077157,18.0,9.0,3.480359,-57,true,-1,-1,5,58.0,4000.0,-18.87054443359375,7.47528076171875,45.26824951171875,-0.021374894306063652,-0.49243801832199097,-2.7596142292022705,460,1,5198,56688,0,-1,0.0,0.0,0,0,0,,6,460,1,5198,56688,0,2147483647,0.0,0.0,27,4,-59,GSM,460,1,5198,49988,0,2147483647,0.0,0.0,21,4,-71,GSM,460,1,5198,49989,0,2147483647,0.0,0.0,22,4,-69,GSM,460,1,5198,42517,0,2147483647,0.0,0.0,13,4,-87,GSM,460,1,5198,42518,0,2147483647,0.0,0.0,21,4,-71,GSM,460,1,5198,56689,0,2147483647,0.0,0.0,14,4,-85,GSM
1523278948112,121.21289602,31.29077157,18.0,9.0,3.480359,-57,true,-1,-1,5,58.0,4000.0,-16.27044677734375,7.77587890625,47.967529296875,0.09841660410165787,-0.5427451133728027,-2.750659465789795,460,1,5198,56688,0,-1,0.0,0.0,0,0,0,,5,460,1,5198,56688,0,2147483647,0.0,0.0,28,4,-57,GSM,460,1,5198,49988,0,2147483647,0.0,0.0,23,4,-67,GSM,460,1,5198,49989,0,2147483647,0.0,0.0,21,4,-71,GSM,460,1,5198,42517,0,2147483647,0.0,0.0,13,4,-87,GSM,460,1,5198,42518,0,2147483647,0.0,0.0,21,4,-71,GSM
1523278949182,121.21291212,31.29083023,20.0,5.0,3.1310225,-57,true,-1,-1,5,58.0,4000.0,-16.619873046875,8.074951171875,47.36785888671875,-0.0023733738344162703,-0.41441628336906433,-2.8054497241973877,460,1,5198,56688,0,-1,0.0,0.0,0,0,0,,5,460,1,5198,56688,0,2147483647,0.0,0.0,28,4,-57,GSM,460,1,5198,49988,0,2147483647,0.0,0.0,23,4,-67,GSM,460,1,5198,49989,0,2147483647,0.0,0.0,21,4,-71,GSM,460,1,5198,42517,0,2147483647,0.0,0.0,13,4,-87,GSM,460,1,5198,42518,0,2147483647,0.0,0.0,21,4,-71,GSM
1523278950272,121.21291212,31.29083023,20.0,5.0,3.1310225,-57,true,-1,-1,5,58.0,4000.0,-12.12005615234375,11.97509765625,46.16851806640625,0.14897702634334564,-0.5757436156272888,-2.771847724914551,460,1,5198,56688,0,-1,0.0,0.0,0,0,0,,5,460,1,5198,56688,0,2147483647,0.0,0.0,28,4,-57,GSM,460,1,5198,49988,0,2147483647,0.0,0.0,23,4,-67,GSM,460,1,5198,49989,0,2147483647,0.0,0.0,21,4,-71,GSM,460,1,5198,42517,0,2147483647,0.0,0.0,14,4,-85,GSM,460,1,5198,42518,0,2147483647,0.0,0.0,21,4,-71,GSM
1523278951333,121.21292017,31.29088532,20.0,6.0,2.710664,-57,true,-1,-1,5,58.0,4000.0,-14.019775390625,12.57476806640625,38.067626953125,0.089913010597229,-0.4865095317363739,-2.721910238265991,460,1,5198,56688,0,-1,0.0,0.0,0,0,0,,5,460,1,5198,56688,0,2147483647,0.0,0.0,28,4,-57,GSM,460,1,5198,49988,0,2147483647,0.0,0.0,23,4,-67,GSM,460,1,5198,49989,0,2147483647,0.0,0.0,21,4,-71,GSM,460,1,5198,42517,0,2147483647,0.0,0.0,14,4,-85,GSM,460,1,5198,42518,0,2147483647,0.0,0.0,21,4,-71,GSM
1523278952336,121.21292017,31.29088532,20.0,6.0,2.710664,-57,true,-1,-1,5,58.0,4000.0,-23.5504150390625,11.97509765625,40.7684326171875,-0.3657686114311218,-0.5188507437705994,-2.8886537551879883,460,1,5198,56688,0,-1,0.0,0.0,0,0,0,,6,460,1,5198,56688,0,2147483647,0.0,0.0,28,4,-57,GSM,460,1,5198,49988,0,2147483647,0.0,0.0,22,4,-69,GSM,460,1,5198,49989,0,2147483647,0.0,0.0,22,4,-69,GSM,460,1,5198,42517,0,2147483647,0.0,0.0,14,4,-85,GSM,460,1,5198,42518,0,2147483647,0.0,0.0,21,4,-71,GSM,460,1,5198,56689,0,2147483647,0.0,0.0,13,4,-87,GSM
1523278953492,121.21294126,31.29093113,16.0,7.0,2.7446675,-57,true,-1,-1,5,58.0,4000.0,-25.970458984375,6.27593994140625,38.9678955078125,-0.5035238862037659,-0.45355960726737976,-2.8551411628723145,460,1,5198,56688,0,-1,0.0,0.0,0,0,0,,6,460,1,5198,56688,0,2147483647,0.0,0.0,28,4,-57,GSM,460,1,5198,49988,0,2147483647,0.0,0.0,22,4,-69,GSM,460,1,5198,49989,0,2147483647,0.0,0.0,22,4,-69,GSM,460,1,5198,42517,0,2147483647,0.0,0.0,14,4,-85,GSM,460,1,5198,42518,0,2147483647,0.0,0.0,21,4,-71,GSM,460,1,5198,56689,0,2147483647,0.0,0.0,13,4,-87,GSM
1523278954563,121.21294126,31.29093113,16.0,7.0,2.7446675,-57,true,-1,-1,5,58.0,4000.0,-24.58953857421875,9.27581787109375,40.7684326171875,-0.39302128553390503,-0.3415912389755249,-2.812314510345459,460,1,5198,56688,0,-1,0.0,0.0,0,0,0,,6,460,1,5198,56688,0,2147483647,0.0,0.0,29,4,-55,GSM,460,1,5198,49988,0,2147483647,0.0,0.0,22,4,-69,GSM,460,1,5198,49989,0,2147483647,0.0,0.0,22,4,-69,GSM,460,1,5198,42517,0,2147483647,0.0,0.0,14,4,-85,GSM,460,1,5198,42518,0,2147483647,0.0,0.0,21,4,-71,GSM,460,1,5198,56689,0,2147483647,0.0,0.0,13,4,-87,GSM
1523278955626,121.21298404,31.29104358,14.0,10.0,3.6700137,-57,true,-1,-1,5,58.0,4000.0,-21.11968994140625,11.0748291015625,41.9677734375,0.0016049493569880724,-0.4742150902748108,-2.674290180206299,460,1,5198,56688,0,-1,0.0,0.0,0,0,0,,6,460,1,5198,56688,0,2147483647,0.0,0.0,29,4,-55,GSM,460,1,5198,49988,0,2147483647,0.0,0.0,22,4,-69,GSM,460,1,5198,49989,0,2147483647,0.0,0.0,22,4,-69,GSM,460,1,5198,42517,0,2147483647,0.0,0.0,14,4,-85,GSM,460,1,5198,42518,0,2147483647,0.0,0.0,21,4,-71,GSM,460,1,5198,56689,0,2147483647,0.0,0.0,13,4,-87,GSM
1523278956712,121.21298404,31.29104358,14.0,10.0,3.6700137,-57,true,-1,-1,5,58.0,4000.0,-22.16033935546875,10.47515869140625,40.7684326171875,-0.16756680607795715,-0.4538755714893341,-2.751964807510376,460,1,5198,56688,0,-1,0.0,0.0,0,0,0,,6,460,1,5198,56688,0,2147483647,0.0,0.0,28,4,-57,GSM,460,1,5198,49988,0,2147483647,0.0,0.0,22,4,-69,GSM,460,1,5198,49989,0,2147483647,0.0,0.0,21,4,-71,GSM,460,1,5198,42517,0,2147483647,0.0,0.0,14,4,-85,GSM,460,1,5198,42518,0,2147483647,0.0,0.0,21,4,-71,GSM,460,1,5198,56689,0,2147483647,0.0,0.0,13,4,-87,GSM
1523278957716,121.21300248,31.29108318,15.0,9.0,3.6,-57,true,-1,-1,5,58.0,4000.0,-22.16033935546875,8.37554931640625,42.5689697265625,-0.23249921202659607,-0.4023808240890503,-2.791951894760132,460,1,5198,56688,0,-1,0.0,0.0,0,0,0,,6,460,1,5198,56688,0,2147483647,0.0,0.0,28,4,-57,GSM,460,1,5198,49988,0,2147483647,0.0,0.0,22,4,-69,GSM,460,1,5198,49989,0,2147483647,0.0,0.0,21,4,-71,GSM,460,1,5198,42517,0,2147483647,0.0,0.0,14,4,-85,GSM,460,1,5198,42518,0,2147483647,0.0,0.0,21,4,-71,GSM,460,1,5198,56689,0,2147483647,0.0,0.0,13,4,-87,GSM
1523278958790,121.21300248,31.29108318,15.0,9.0,3.6,-57,true,-1,-1,5,58.0,4000.0,-22.509765625,5.67474365234375,43.16864013671875,-0.5913182497024536,-0.7754391431808472,3.1322405338287354,460,1,5198,56688,0,-1,0.0,0.0,0,0,0,,6,460,1,5198,56688,0,2147483647,0.0,0.0,27,4,-59,GSM,460,1,5198,49988,0,2147483647,0.0,0.0,22,4,-69,GSM,460,1,5198,49989,0,2147483647,0.0,0.0,21,4,-71,GSM,460,1,5198,42517,0,2147483647,0.0,0.0,13,4,-87,GSM,460,1,5198,42518,0,2147483647,0.0,0.0,20,4,-73,GSM,460,1,5198,56689,0,2147483647,0.0,0.0,13,4,-87,GSM
1523278959859,121.21304001,31.29118515,13.0,12.0,2.9149616,-57,true,-1,-1,5,58.0,4000.0,-20.60089111328125,5.0750732421875,47.06878662109375,-0.21539437770843506,-0.5676738023757935,-2.864230155944824,460,1,5198,56688,0,-1,0.0,0.0,0,0,0,,6,460,1,5198,56688,0,2147483647,0.0,0.0,27,4,-59,GSM,460,1,5198,49988,0,2147483647,0.0,0.0,22,4,-69,GSM,460,1,5198,49989,0,2147483647,0.0,0.0,21,4,-71,GSM,460,1,5198,42517,0,2147483647,0.0,0.0,13,4,-87,GSM,460,1,5198,42518,0,2147483647,0.0,0.0,20,4,-73,GSM,460,1,5198,56689,0,2147483647,0.0,0.0,13,4,-87,GSM
1523278960844,121.21304001,31.29118515,13.0,12.0,2.9149616,-57,true,-1,-1,5,58.0,4000.0,-29.60968017578125,5.975341796875,-42.93212890625,0.5139188170433044,-0.5949974656105042,-0.2462325543165207,460,1,5198,56688,0,-1,0.0,0.0,0,0,0,,5,460,1,5198,56688,0,2147483647,0.0,0.0,27,4,-59,GSM,460,1,5198,49988,0,2147483647,0.0,0.0,22,4,-69,GSM,460,1,5198,49989,0,2147483647,0.0,0.0,20,4,-73,GSM,460,1,5198,42517,0,2147483647,0.0,0.0,13,4,-87,GSM,460,1,5198,42518,0,2147483647,0.0,0.0,20,4,-73,GSM
1523278961854,121.21304001,31.29118515,13.0,12.0,2.9149616,-57,true,-1,-1,5,58.0,4000.0,-29.09088134765625,5.0750732421875,-42.63153076171875,0.49492040276527405,-0.6879497766494751,-0.22984786331653595,460,1,5198,56688,0,-1,0.0,0.0,0,0,0,,5,460,1,5198,56688,0,2147483647,0.0,0.0,27,4,-59,GSM,460,1,5198,49988,0,2147483647,0.0,0.0,22,4,-69,GSM,460,1,5198,49989,0,2147483647,0.0,0.0,20,4,-73,GSM,460,1,5198,42517,0,2147483647,0.0,0.0,13,4,-87,GSM,460,1,5198,42518,0,2147483647,0.0,0.0,20,4,-73,GSM
1523278962908,121.21314429,31.29127759,23.0,14.0,3.4900572,-57,true,-1,-1,5,58.0,4000.0,-8.4808349609375,17.07611083984375,-48.931884765625,0.4130815267562866,-0.3900536298751831,0.13145649433135986,460,1,5198,56688,0,-1,0.0,0.0,0,0,0,,5,460,1,5198,56688,0,2147483647,0.0,0.0,29,4,-55,GSM,460,1,5198,49988,0,2147483647,0.0,0.0,22,4,-69,GSM,460,1,5198,49989,0,2147483647,0.0,0.0,20,4,-73,GSM,460,1,5198,42517,0,2147483647,0.0,0.0,13,4,-87,GSM,460,1,5198,42518,0,2147483647,0.0,0.0,20,4,-73,GSM
1523278964098,121.21314429,31.29127759,23.0,14.0,3.4900572,-57,true,-1,-1,5,58.0,4000.0,-21.47064208984375,11.37542724609375,-45.63140869140625,0.3468938171863556,-0.6909863948822021,-0.15207523107528687,460,1,5198,56688,0,-1,0.0,0.0,0,0,0,,5,460,1,5198,56688,0,2147483647,0.0,0.0,29,4,-55,GSM,460,1,5198,49988,0,2147483647,0.0,0.0,22,4,-69,GSM,460,1,5198,49989,0,2147483647,0.0,0.0,20,4,-73,GSM,460,1,5198,42517,0,2147483647,0.0,0.0,13,4,-87,GSM,460,1,5198,42518,0,2147483647,0.0,0.0,20,4,-73,GSM
1523278965093,121.21314429,31.29127759,23.0,14.0,3.4900572,-57,true,-1,-1,5,58.0,4000.0,-24.58953857421875,5.0750732421875,-44.43206787109375,0.5162044763565063,-0.5809817314147949,-0.1582198292016983,460,1,5198,56688,0,-1,0.0,0.0,0,0,0,,5,460,1,5198,56688,0,2147483647,0.0,0.0,30,4,-53,GSM,460,1,5198,49988,0,2147483647,0.0,0.0,22,4,-69,GSM,460,1,5198,49989,0,2147483647,0.0,0.0,19,4,-75,GSM,460,1,5198,42517,0,2147483647,0.0,0.0,13,4,-87,GSM,460,1,5198,42518,0,2147483647,0.0,0.0,19,4,-75,GSM
1523278966304,121.21322835,31.29138196,23.0,15.0,3.030264,-57,true,-1,-1,5,58.0,4000.0,-25.28076171875,5.0750732421875,-43.8323974609375,0.5545951128005981,-0.6415587663650513,-0.1214681938290596,460,1,5198,56688,0,-1,0.0,0.0,0,0,0,,5,460,1,5198,56688,0,2147483647,0.0,0.0,30,4,-53,GSM,460,1,5198,49988,0,2147483647,0.0,0.0,22,4,-69,GSM,460,1,5198,49989,0,2147483647,0.0,0.0,19,4,-75,GSM,460,1,5198,42517,0,2147483647,0.0,0.0,13,4,-87,GSM,460,1,5198,42518,0,2147483647,0.0,0.0,19,4,-75,GSM
1523278967188,121.21322835,31.29138196,23.0,15.0,3.030264,-53,true,-1,-1,5,58.0,4000.0,-24.58953857421875,4.7760009765625,-43.8323974609375,0.5391471982002258,-0.651742160320282,-0.12062472850084305,460,1,5198,56688,0,-1,0.0,0.0,0,0,0,,5,460,1,5198,56688,0,2147483647,0.0,0.0,30,4,-53,GSM,460,1,5198,49988,0,2147483647,0.0,0.0,22,4,-69,GSM,460,1,5198,49989,0,2147483647,0.0,0.0,19,4,-75,GSM,460,1,5198,42518,0,2147483647,0.0,0.0,19,4,-75,GSM,460,1,5198,56689,0,2147483647,0.0,0.0,14,4,-85,GSM
1523278968311,121.21323777,31.29151649,23.0,11.0,3.080146,-53,true,-1,-1,5,58.0,4000.0,-24.07073974609375,6.27593994140625,-45.9320068359375,0.39575135707855225,-0.6191107630729675,-0.20481279492378235,460,1,5198,56688,0,-1,0.0,0.0,0,0,0,,5,460,1,5198,56688,0,2147483647,0.0,0.0,30,4,-53,GSM,460,1,5198,49988,0,2147483647,0.0,0.0,22,4,-69,GSM,460,1,5198,49989,0,2147483647,0.0,0.0,19,4,-75,GSM,460,1,5198,42518,0,2147483647,0.0,0.0,19,4,-75,GSM,460,1,5198,56689,0,2147483647,0.0,0.0,14,4,-85,GSM
1523278969377,121.21323777,31.29151649,23.0,11.0,3.080146,-53,true,-1,-1,5,58.0,4000.0,-29.78057861328125,3.875732421875,-40.83251953125,0.46913695335388184,-0.727621853351593,-0.27747511863708496,460,1,5198,56688,0,-1,0.0,0.0,0,0,0,,5,460,1,5198,56688,0,2147483647,0.0,0.0,30,4,-53,GSM,460,1,5198,49988,0,2147483647,0.0,0.0,22,4,-69,GSM,460,1,5198,49989,0,2147483647,0.0,0.0,20,4,-73,GSM,460,1,5198,42518,0,2147483647,0.0,0.0,19,4,-75,GSM,460,1,5198,56689,0,2147483647,0.0,0.0,14,4,-85,GSM
1523278970380,121.21322795,31.29155882,23.0,9.0,2.542833,-53,true,-1,-1,5,58.0,4000.0,-27.880859375,3.27606201171875,-41.73126220703125,0.5570341944694519,-0.6840302348136902,-0.18471619486808777,460,1,5198,56688,0,-1,0.0,0.0,0,0,0,,5,460,1,5198,56688,0,2147483647,0.0,0.0,30,4,-53,GSM,460,1,5198,49988,0,2147483647,0.0,0.0,22,4,-69,GSM,460,1,5198,49989,0,2147483647,0.0,0.0,20,4,-73,GSM,460,1,5198,42518,0,2147483647,0.0,0.0,19,4,-75,GSM,460,1,5198,56689,0,2147483647,0.0,0.0,14,4,-85,GSM
1523278971465,121.21322795,31.29155882,23.0,9.0,2.542833,-53,true,-1,-1,5,58.0,4000.0,-25.799560546875,3.875732421875,-44.73114013671875,0.46153971552848816,-0.7716991305351257,-0.16402386128902435,460,1,5198,56688,0,-1,0.0,0.0,0,0,0,,5,460,1,5198,56688,0,2147483647,0.0,0.0,29,4,-55,GSM,460,1,5198,49988,0,2147483647,0.0,0.0,22,4,-69,GSM,460,1,5198,49989,0,2147483647,0.0,0.0,20,4,-73,GSM,460,1,5198,42518,0,2147483647,0.0,0.0,19,4,-75,GSM,460,1,5198,56689,0,2147483647,0.0,0.0,14,4,-85,GSM
1523278972503,121.21324453,31.29161195,23.0,9.0,2.9506102,-53,true,-1,-1,5,58.0,4000.0,-35.49957275390625,1.47552490234375,-35.73150634765625,0.45533493161201477,-0.8131211400032043,-0.4311099052429199,460,1,5198,56688,0,-1,0.0,0.0,0,0,0,,5,460,1,5198,56688,0,2147483647,0.0,0.0,29,4,-55,GSM,460,1,5198,49988,0,2147483647,0.0,0.0,22,4,-69,GSM,460,1,5198,49989,0,2147483647,0.0,0.0,20,4,-73,GSM,460,1,5198,42518,0,2147483647,0.0,0.0,19,4,-75,GSM,460,1,5198,56689,0,2147483647,0.0,0.0,14,4,-85,GSM
1523278973606,121.21324453,31.29161195,23.0,9.0,2.9506102,-53,true,-1,-1,5,58.0,4000.0,-25.63018798828125,1.47552490234375,43.768310546875,-0.39054784178733826,-1.005190134048462,-2.9524176120758057,460,1,5198,56688,0,-1,0.0,0.0,0,0,0,,5,460,1,5198,56688,0,2147483647,0.0,0.0,28,4,-57,GSM,460,1,5198,49988,0,2147483647,0.0,0.0,24,4,-65,GSM,460,1,5198,49989,0,2147483647,0.0,0.0,20,4,-73,GSM,460,1,5198,42518,0,2147483647,0.0,0.0,18,4,-77,GSM,460,1,5198,56689,0,2147483647,0.0,0.0,13,4,-87,GSM
1523278974635,121.21325878,31.29167242,22.0,8.0,3.2505538,-53,true,-1,-1,5,58.0,4000.0,-25.63018798828125,3.57513427734375,41.9677734375,-0.32871556282043457,-0.4592837989330292,-2.765385150909424,460,1,5198,56688,0,-1,0.0,0.0,0,0,0,,5,460,1,5198,56688,0,2147483647,0.0,0.0,28,4,-57,GSM,460,1,5198,49988,0,2147483647,0.0,0.0,24,4,-65,GSM,460,1,5198,49989,0,2147483647,0.0,0.0,20,4,-73,GSM,460,1,5198,42518,0,2147483647,0.0,0.0,18,4,-77,GSM,460,1,5198,56689,0,2147483647,0.0,0.0,13,4,-87,GSM
1523278975719,121.21325878,31.29167242,22.0,8.0,3.2505538,-53,true,-1,-1,5,58.0,4000.0,-27.00958251953125,-0.62408447265625,38.36822509765625,-0.48281678557395935,-0.5944897532463074,-2.808244228363037,460,1,5198,56688,0,-1,0.0,0.0,0,0,0,,5,460,1,5198,56688,0,2147483647,0.0,0.0,26,4,-61,GSM,460,1,5198,49988,0,2147483647,0.0,0.0,24,4,-65,GSM,460,1,5198,49989,0,2147483647,0.0,0.0,20,4,-73,GSM,460,1,5198,42518,0,2147483647,0.0,0.0,18,4,-77,GSM,0,0,0,-1,0,2147483647,0.0,0.0,14,4,-85,GSM
1523278976775,121.21329232,31.29173192,20.0,7.0,3.0316496,-53,true,-1,-1,5,58.0,4000.0,-18.18084716796875,10.47515869140625,48.8677978515625,0.12170419842004776,-0.5795881152153015,-2.6980175971984863,460,1,5198,56688,0,-1,0.0,0.0,0,0,0,,5,460,1,5198,56688,0,2147483647,0.0,0.0,26,4,-61,GSM,460,1,5198,49988,0,2147483647,0.0,0.0,24,4,-65,GSM,460,1,5198,49989,0,2147483647,0.0,0.0,20,4,-73,GSM,460,1,5198,42518,0,2147483647,0.0,0.0,18,4,-77,GSM,0,0,0,-1,0,2147483647,0.0,0.0,14,4,-85,GSM
1523278863795,121.2110256,31.28824365,27.0,8.0,0.0,-73,true,-1,-1,5,58.0,4000.0,-43.47076416015625,-1.824951171875,-32.73162841796875,0.8883702158927917,-0.5742810964584351,-0.3649826943874359,460,1,5198,56688,0,-1,0.0,0.0,0,0,0,,5,460,1,5198,56688,0,2147483647,0.0,0.0,24,4,-65,GSM,460,1,5198,1188,0,2147483647,0.0,0.0,16,4,-81,GSM,460,1,5198,49988,0,2147483647,0.0,0.0,18,4,-77,GSM,460,1,5198,49989,0,2147483647,0.0,0.0,22,4,-69,GSM,460,1,5198,42517,0,2147483647,0.0,0.0,17,4,-79,GSM
1523278864875,121.2110256,31.28824365,27.0,8.0,0.0,-59,true,-1,-1,5,58.0,4000.0,-40.18096923828125,3.57513427734375,-36.63177490234375,0.8983935117721558,-0.4611166715621948,-0.2573448121547699,460,1,5198,56688,0,-1,0.0,0.0,0,0,0,,5,460,1,5198,56688,0,2147483647,0.0,0.0,26,4,-61,GSM,460,1,5198,49988,0,2147483647,0.0,0.0,18,4,-77,GSM,460,1,5198,49989,0,2147483647,0.0,0.0,22,4,-69,GSM,460,1,5198,42517,0,2147483647,0.0,0.0,17,4,-79,GSM,460,1,5198,42518,0,2147483647,0.0,0.0,23,4,-67,GSM
1523278865934,121.21103253,31.28824616,27.0,9.0,0.0,-59,true,-1,-1,5,58.0,4000.0,-38.09967041015625,-2.7252197265625,-37.83111572265625,0.9571733474731445,-0.5588499903678894,-0.19248324632644653,460,1,5198,56688,0,-1,0.0,0.0,0,0,0,,5,460,1,5198,56688,0,2147483647,0.0,0.0,26,4,-61,GSM,460,1,5198,49988,0,2147483647,0.0,0.0,18,4,-77,GSM,460,1,5198,49989,0,2147483647,0.0,0.0,22,4,-69,GSM,460,1,5198,42517,0,2147483647,0.0,0.0,17,4,-79,GSM,460,1,5198,42518,0,2147483647,0.0,0.0,23,4,-67,GSM
1523278866997,121.21103253,31.28824616,27.0,9.0,0.0,-59,true,-1,-1,5,58.0,4000.0,-38.96026611328125,-2.42462158203125,-33.9324951171875,1.1454657316207886,-0.5404096245765686,-0.0641167089343071,460,1,5198,56688,0,-1,0.0,0.0,0,0,0,,6,460,1,5198,56688,0,2147483647,0.0,0.0,26,4,-61,GSM,460,1,5198,49988,0,2147483647,0.0,0.0,18,4,-77,GSM,460,1,5198,49989,0,2147483647,0.0,0.0,22,4,-69,GSM,460,1,5198,42517,0,2147483647,0.0,0.0,17,4,-79,GSM,460,1,5198,42518,0,2147483647,0.0,0.0,23,4,-67,GSM,460,1,5198,56689,0,2147483647,0.0,0.0,24,4,-65,GSM
1523278868059,121.21103253,31.28824616,27.0,9.0,0.0,-59,true,-1,-1,5,58.0,4000.0,-45.3704833984375,23.675537109375,-32.4310302734375,0.6173288226127625,-0.18324144184589386,-0.5232921838760376,460,1,5198,56688,0,-1,0.0,0.0,0,0,0,,6,460,1,5198,56688,0,2147483647,0.0,0.0,26,4,-61,GSM,460,1,5198,49988,0,2147483647,0.0,0.0,18,4,-77,GSM,460,1,5198,49989,0,2147483647,0.0,0.0,22,4,-69,GSM,460,1,5198,42517,0,2147483647,0.0,0.0,17,4,-79,GSM,460,1,5198,42518,0,2147483647,0.0,0.0,23,4,-67,GSM,460,1,5198,56689,0,2147483647,0.0,0.0,24,4,-65,GSM
1523278869154,121.21103944,31.28826735,27.0,9.0,1.2824975,-59,true,-1,-1,5,58.0,4000.0,-31.52008056640625,-3.0242919921875,37.7685546875,0.17575961351394653,-0.5781550407409668,-2.358484983444214,460,1,5198,56688,0,-1,0.0,0.0,0,0,0,,6,460,1,5198,56688,0,2147483647,0.0,0.0,26,4,-61,GSM,460,1,5198,49988,0,2147483647,0.0,0.0,18,4,-77,GSM,460,1,5198,49989,0,2147483647,0.0,0.0,22,4,-69,GSM,460,1,5198,42517,0,2147483647,0.0,0.0,17,4,-79,GSM,460,1,5198,42518,0,2147483647,0.0,0.0,23,4,-67,GSM,460,1,5198,56689,0,2147483647,0.0,0.0,24,4,-65,GSM
1523278870227,121.21103944,31.28826735,27.0,9.0,1.2824975,-59,true,-1,-1,5,58.0,4000.0,-16.27044677734375,9.57489013671875,46.7681884765625,0.08732206374406815,-0.46362701058387756,-2.7525343894958496,460,1,5198,56688,0,-1,0.0,0.0,0,0,0,,6,460,1,5198,56688,0,2147483647,0.0,0.0,26,4,-61,GSM,460,1,5198,49988,0,2147483647,0.0,0.0,18,4,-77,GSM,460,1,5198,49989,0,2147483647,0.0,0.0,22,4,-69,GSM,460,1,5198,42517,0,2147483647,0.0,0.0,17,4,-79,GSM,460,1,5198,42518,0,2147483647,0.0,0.0,23,4,-67,GSM,460,1,5198,56689,0,2147483647,0.0,0.0,24,4,-65,GSM
1523278871309,121.21105777,31.28831892,28.0,8.0,1.4912076,-59,true,-1,-1,5,58.0,4000.0,-23.3795166015625,7.1746826171875,42.8680419921875,-0.17187730967998505,-0.41328850388526917,-2.735210418701172,460,1,5198,56688,0,-1,0.0,0.0,0,0,0,,6,460,1,5198,56688,0,2147483647,0.0,0.0,25,4,-63,GSM,460,1,5198,49988,0,2147483647,0.0,0.0,18,4,-77,GSM,460,1,5198,49989,0,2147483647,0.0,0.0,22,4,-69,GSM,460,1,5198,42517,0,2147483647,0.0,0.0,18,4,-77,GSM,460,1,5198,42518,0,2147483647,0.0,0.0,23,4,-67,GSM,460,1,5198,56689,0,2147483647,0.0,0.0,22,4,-69,GSM
1523278872378,121.21105777,31.28831892,28.0,8.0,1.4912076,-59,true,-1,-1,5,58.0,4000.0,-17.6605224609375,6.57501220703125,46.7681884765625,0.2764621376991272,-0.6038013696670532,-2.590474843978882,460,1,5198,56688,0,-1,0.0,0.0,0,0,0,,6,460,1,5198,56688,0,2147483647,0.0,0.0,25,4,-63,GSM,460,1,5198,49988,0,2147483647,0.0,0.0,18,4,-77,GSM,460,1,5198,49989,0,2147483647,0.0,0.0,22,4,-69,GSM,460,1,5198,42517,0,2147483647,0.0,0.0,18,4,-77,GSM,460,1,5198,42518,0,2147483647,0.0,0.0,23,4,-67,GSM,460,1,5198,56689,0,2147483647,0.0,0.0,22,4,-69,GSM
1523278873449,121.21108371,31.2883715,28.0,8.0,2.230807,-59,true,-1,-1,5,58.0,4000.0,-13.85040283203125,7.1746826171875,47.967529296875,0.14943985641002655,-0.5860874652862549,-2.759443521499634,460,1,5198,56688,0,-1,0.0,0.0,0,0,0,,6,460,1,5198,56688,0,2147483647,0.0,0.0,22,4,-69,GSM,460,1,5198,49988,0,2147483647,0.0,0.0,17,4,-79,GSM,460,1,5198,49989,0,2147483647,0.0,0.0,22,4,-69,GSM,460,1,5198,42517,0,2147483647,0.0,0.0,18,4,-77,GSM,460,1,5198,42518,0,2147483647,0.0,0.0,23,4,-67,GSM,460,1,5198,56689,0,2147483647,0.0,0.0,22,4,-69,GSM
1523278874542,121.21108371,31.2883715,28.0,8.0,2.230807,-59,true,-1,-1,5,58.0,4000.0,-15.58074951171875,3.875732421875,48.5687255859375,0.15167419612407684,-0.6464044451713562,-2.7301292419433594,460,1,5198,56688,0,-1,0.0,0.0,0,0,0,,6,460,1,5198,56688,0,2147483647,0.0,0.0,22,4,-69,GSM,460,1,5198,49988,0,2147483647,0.0,0.0,17,4,-79,GSM,460,1,5198,49989,0,2147483647,0.0,0.0,22,4,-69,GSM,460,1,5198,42517,0,2147483647,0.0,0.0,18,4,-77,GSM,460,1,5198,42518,0,2147483647,0.0,0.0,23,4,-67,GSM,460,1,5198,56689,0,2147483647,0.0,0.0,22,4,-69,GSM
1523278875599,121.21112442,31.28844388,27.0,7.0,2.9401531,-59,true,-1,-1,5,58.0,4000.0,-19.390869140625,5.975341796875,46.7681884765625,-0.02578495815396309,-0.6036644577980042,-2.7656946182250977,460,1,5198,56688,0,-1,0.0,0.0,0,0,0,,6,460,1,5198,56688,0,2147483647,0.0,0.0,23,4,-67,GSM,460,1,5198,49988,0,2147483647,0.0,0.0,17,4,-79,GSM,460,1,5198,49989,0,2147483647,0.0,0.0,22,4,-69,GSM,460,1,5198,42517,0,2147483647,0.0,0.0,18,4,-77,GSM,460,1,5198,42518,0,2147483647,0.0,0.0,22,4,-69,GSM,460,1,5198,56689,0,2147483647,0.0,0.0,22,4,-69,GSM
1523278876666,121.21112442,31.28844388,27.0,7.0,2.9401531,-67,true,-1,-1,5,58.0,4000.0,-16.619873046875,6.57501220703125,47.967529296875,-0.011561944149434566,-0.744770348072052,-2.816993474960327,460,1,5198,56688,0,-1,0.0,0.0,0,0,0,,6,460,1,5198,56688,0,2147483647,0.0,0.0,23,4,-67,GSM,460,1,5198,49988,0,2147483647,0.0,0.0,17,4,-79,GSM,460,1,5198,49989,0,2147483647,0.0,0.0,22,4,-69,GSM,460,1,5198,42517,0,2147483647,0.0,0.0,18,4,-77,GSM,460,1,5198,42518,0,2147483647,0.0,0.0,22,4,-69,GSM,460,1,5198,56689,0,2147483647,0.0,0.0,22,4,-69,GSM
1523278877659,121.21118386,31.28850761,24.0,5.0,3.5823596,-67,true,-1,-1,5,58.0,4000.0,-14.54010009765625,7.47528076171875,48.5687255859375,0.17170025408267975,-0.4929623007774353,-2.746382474899292,460,1,5198,56688,0,-1,0.0,0.0,0,0,0,,7,460,1,5198,56688,0,2147483647,0.0,0.0,24,4,-65,GSM,460,1,5198,49988,0,2147483647,0.0,0.0,17,4,-79,GSM,460,1,5198,49989,0,2147483647,0.0,0.0,22,4,-69,GSM,460,1,5198,42517,0,2147483647,0.0,0.0,18,4,-77,GSM,460,1,5198,42518,0,2147483647,0.0,0.0,22,4,-69,GSM,460,1,5198,56689,0,2147483647,0.0,0.0,22,4,-69,GSM,0,0,0,-1,0,2147483647,0.0,0.0,16,4,-81,GSM
1523278878815,121.21118386,31.28850761,24.0,5.0,3.5823596,-67,true,-1,-1,5,58.0,4000.0,-14.8895263671875,8.6761474609375,46.7681884765625,0.14532533288002014,-0.5498158931732178,-2.73504638671875,460,1,5198,56688,0,-1,0.0,0.0,0,0,0,,7,460,1,5198,56688,0,2147483647,0.0,0.0,24,4,-65,GSM,460,1,5198,49988,0,2147483647,0.0,0.0,17,4,-79,GSM,460,1,5198,49989,0,2147483647,0.0,0.0,22,4,-69,GSM,460,1,5198,42517,0,2147483647,0.0,0.0,18,4,-77,GSM,460,1,5198,42518,0,2147483647,0.0,0.0,22,4,-69,GSM,460,1,5198,56689,0,2147483647,0.0,0.0,22,4,-69,GSM,0,0,0,-1,0,2147483647,0.0,0.0,16,4,-81,GSM
1523278879878,121.21124361,31.28857196,22.0,7.0,3.4169579,-67,true,-1,-1,5,58.0,4000.0,-12.80975341796875,5.67474365234375,47.967529296875,0.26239272952079773,-0.5382683873176575,-2.7176873683929443,460,1,5198,56688,0,-1,0.0,0.0,0,0,0,,6,460,1,5198,56688,0,2147483647,0.0,0.0,23,4,-67,GSM,460,1,5198,49988,0,2147483647,0.0,0.0,17,4,-79,GSM,460,1,5198,49989,0,2147483647,0.0,0.0,22,4,-69,GSM,460,1,5198,42517,0,2147483647,0.0,0.0,17,4,-79,GSM,460,1,5198,42518,0,2147483647,0.0,0.0,23,4,-67,GSM,460,1,5198,56689,0,2147483647,0.0,0.0,21,4,-71,GSM
1523278880985,121.21124361,31.28857196,22.0,7.0,3.4169579,-67,true,-1,-1,5,58.0,4000.0,-18.69964599609375,4.47540283203125,46.16851806640625,-0.20356912910938263,-0.8254643678665161,-2.919743061065674,460,1,5198,56688,0,-1,0.0,0.0,0,0,0,,6,460,1,5198,56688,0,2147483647,0.0,0.0,23,4,-67,GSM,460,1,5198,49988,0,2147483647,0.0,0.0,17,4,-79,GSM,460,1,5198,49989,0,2147483647,0.0,0.0,22,4,-69,GSM,460,1,5198,42517,0,2147483647,0.0,0.0,17,4,-79,GSM,460,1,5198,42518,0,2147483647,0.0,0.0,23,4,-67,GSM,460,1,5198,56689,0,2147483647,0.0,0.0,21,4,-71,GSM
1523278881985,121.21131421,31.28865458,20.0,8.0,3.6302207,-67,true,-1,-1,5,58.0,4000.0,-12.98065185546875,8.9752197265625,48.8677978515625,0.2533683776855469,-0.55678790807724,-2.707298994064331,460,1,5198,56688,0,-1,0.0,0.0,0,0,0,,6,460,1,5198,56688,0,2147483647,0.0,0.0,25,4,-63,GSM,460,1,5198,49988,0,2147483647,0.0,0.0,18,4,-77,GSM,460,1,5198,49989,0,2147483647,0.0,0.0,23,4,-67,GSM,460,1,5198,42517,0,2147483647,0.0,0.0,17,4,-79,GSM,460,1,5198,42518,0,2147483647,0.0,0.0,23,4,-67,GSM,460,1,5198,56689,0,2147483647,0.0,0.0,21,4,-71,GSM
1523278882992,121.21131421,31.28865458,20.0,8.0,3.6302207,-67,true,-1,-1,5,58.0,4000.0,-15.58074951171875,6.8756103515625,46.7681884765625,0.2838095426559448,-0.5696954131126404,-2.630112409591675,460,1,5198,56688,0,-1,0.0,0.0,0,0,0,,6,460,1,5198,56688,0,2147483647,0.0,0.0,25,4,-63,GSM,460,1,5198,49988,0,2147483647,0.0,0.0,18,4,-77,GSM,460,1,5198,49989,0,2147483647,0.0,0.0,23,4,-67,GSM,460,1,5198,42517,0,2147483647,0.0,0.0,17,4,-79,GSM,460,1,5198,42518,0,2147483647,0.0,0.0,23,4,-67,GSM,460,1,5198,56689,0,2147483647,0.0,0.0,21,4,-71,GSM
1523278886257,121.21136774,31.28877963,17.0,8.0,3.8518696,-61,true,-1,-1,5,58.0,4000.0,-18.87054443359375,7.47528076171875,44.6685791015625,0.13119415938854218,-0.5415027141571045,-2.6565792560577393,460,1,5198,56688,0,-1,0.0,0.0,0,0,0,,6,460,1,5198,56688,0,2147483647,0.0,0.0,26,4,-61,GSM,460,1,5198,49988,0,2147483647,0.0,0.0,19,4,-75,GSM,460,1,5198,49989,0,2147483647,0.0,0.0,23,4,-67,GSM,460,1,5198,42517,0,2147483647,0.0,0.0,17,4,-79,GSM,460,1,5198,42518,0,2147483647,0.0,0.0,22,4,-69,GSM,460,1,5198,56689,0,2147483647,0.0,0.0,21,4,-71,GSM
1523278887285,121.21136774,31.28877963,17.0,8.0,3.8518696,-61,true,-1,-1,5,58.0,4000.0,-17.6605224609375,7.77587890625,46.7681884765625,0.14682336151599884,-0.3850022256374359,-2.703756809234619,460,1,5198,56688,0,-1,0.0,0.0,0,0,0,,6,460,1,5198,56688,0,2147483647,0.0,0.0,26,4,-61,GSM,460,1,5198,49988,0,2147483647,0.0,0.0,19,4,-75,GSM,460,1,5198,49989,0,2147483647,0.0,0.0,23,4,-67,GSM,460,1,5198,42517,0,2147483647,0.0,0.0,17,4,-79,GSM,460,1,5198,42518,0,2147483647,0.0,0.0,22,4,-69,GSM,460,1,5198,56689,0,2147483647,0.0,0.0,21,4,-71,GSM
1523278888364,121.2113794,31.28887344,17.0,7.0,2.9908192,-61,true,-1,-1,5,58.0,4000.0,-19.390869140625,7.1746826171875,44.9676513671875,-0.030693592503666878,-0.46511542797088623,-2.7522573471069336,460,1,5198,56688,0,-1,0.0,0.0,0,0,0,,6,460,1,5198,56688,0,2147483647,0.0,0.0,25,4,-63,GSM,460,1,5198,49988,0,2147483647,0.0,0.0,19,4,-75,GSM,460,1,5198,49989,0,2147483647,0.0,0.0,23,4,-67,GSM,460,1,5198,42517,0,2147483647,0.0,0.0,16,4,-81,GSM,460,1,5198,42518,0,2147483647,0.0,0.0,22,4,-69,GSM,460,1,5198,56689,0,2147483647,0.0,0.0,21,4,-71,GSM
1523278889374,121.2113794,31.28887344,17.0,7.0,2.9908192,-61,true,-1,-1,5,58.0,4000.0,-16.790771484375,8.074951171875,46.46759033203125,0.7806710004806519,-0.3845553994178772,-2.2979061603546143,460,1,5198,56688,0,-1,0.0,0.0,0,0,0,,6,460,1,5198,56688,0,2147483647,0.0,0.0,25,4,-63,GSM,460,1,5198,49988,0,2147483647,0.0,0.0,19,4,-75,GSM,460,1,5198,49989,0,2147483647,0.0,0.0,23,4,-67,GSM,460,1,5198,42517,0,2147483647,0.0,0.0,16,4,-81,GSM,460,1,5198,42518,0,2147483647,0.0,0.0,22,4,-69,GSM,460,1,5198,56689,0,2147483647,0.0,0.0,21,4,-71,GSM
1523278890414,121.21140389,31.28889488,17.0,7.0,3.1104019,-61,true,-1,-1,5,58.0,4000.0,-14.8895263671875,8.9752197265625,47.36785888671875,0.1266707479953766,-0.5485915541648865,-2.7511186599731445,460,1,5198,56688,0,-1,0.0,0.0,0,0,0,,6,460,1,5198,56688,0,2147483647,0.0,0.0,25,4,-63,GSM,460,1,5198,49988,0,2147483647,0.0,0.0,20,4,-73,GSM,460,1,5198,49989,0,2147483647,0.0,0.0,24,4,-65,GSM,460,1,5198,42517,0,2147483647,0.0,0.0,16,4,-81,GSM,460,1,5198,42518,0,2147483647,0.0,0.0,21,4,-71,GSM,460,1,5198,56689,0,2147483647,0.0,0.0,20,4,-73,GSM
1523278891537,121.21140389,31.28889488,17.0,7.0,3.1104019,-61,true,-1,-1,5,58.0,4000.0,-14.8895263671875,6.57501220703125,48.5687255859375,0.19112709164619446,-0.4752657413482666,-2.7336347103118896,460,1,5198,56688,0,-1,0.0,0.0,0,0,0,,6,460,1,5198,56688,0,2147483647,0.0,0.0,25,4,-63,GSM,460,1,5198,49988,0,2147483647,0.0,0.0,20,4,-73,GSM,460,1,5198,49989,0,2147483647,0.0,0.0,24,4,-65,GSM,460,1,5198,42517,0,2147483647,0.0,0.0,16,4,-81,GSM,460,1,5198,42518,0,2147483647,0.0,0.0,21,4,-71,GSM,460,1,5198,56689,0,2147483647,0.0,0.0,20,4,-73,GSM
1523278892558,121.21143214,31.28893815,17.0,7.0,2.8600698,-61,true,-1,-1,5,58.0,4000.0,-15.40985107421875,5.37567138671875,49.46746826171875,0.16079631447792053,-0.6044105291366577,-2.733903646469116,460,1,5198,56688,0,-1,0.0,0.0,0,0,0,,6,460,1,5198,56688,0,2147483647,0.0,0.0,26,4,-61,GSM,460,1,5198,49988,0,2147483647,0.0,0.0,20,4,-73,GSM,460,1,5198,49989,0,2147483647,0.0,0.0,24,4,-65,GSM,460,1,5198,42517,0,2147483647,0.0,0.0,16,4,-81,GSM,460,1,5198,42518,0,2147483647,0.0,0.0,23,4,-67,GSM,460,1,5198,56689,0,2147483647,0.0,0.0,20,4,-73,GSM
1523278893869,121.21143214,31.28893815,17.0,7.0,2.8600698,-61,true,-1,-1,5,58.0,4000.0,-17.82989501953125,5.0750732421875,48.26812744140625,0.13126687705516815,-0.530977189540863,-2.709787368774414,460,1,5198,56688,0,-1,0.0,0.0,0,0,0,,6,460,1,5198,56688,0,2147483647,0.0,0.0,26,4,-61,GSM,460,1,5198,49988,0,2147483647,0.0,0.0,20,4,-73,GSM,460,1,5198,49989,0,2147483647,0.0,0.0,24,4,-65,GSM,460,1,5198,42517,0,2147483647,0.0,0.0,16,4,-81,GSM,460,1,5198,42518,0,2147483647,0.0,0.0,23,4,-67,GSM,460,1,5198,56689,0,2147483647,0.0,0.0,20,4,-73,GSM
1523278977874,121.21329232,31.29173192,20.0,7.0,3.0316496,-59,true,-1,-1,5,58.0,4000.0,-18.69964599609375,3.875732421875,49.16839599609375,0.425080269575119,-0.5155366659164429,-2.530269145965576,460,1,5198,56688,0,-1,0.0,0.0,0,0,0,,5,460,1,5198,56688,0,2147483647,0.0,0.0,25,4,-63,GSM,460,1,5198,49988,0,2147483647,0.0,0.0,24,4,-65,GSM,460,1,5198,49989,0,2147483647,0.0,0.0,21,4,-71,GSM,460,1,5198,42518,0,2147483647,0.0,0.0,18,4,-77,GSM,0,0,0,-1,0,2147483647,0.0,0.0,14,4,-85,GSM
1523278978930,121.21334146,31.29178847,16.0,8.0,2.5885322,-59,true,-1,-1,5,58.0,4000.0,-0.860595703125,-6.024169921875,55.46875,0.6561617851257324,-0.5611696243286133,-2.8027360439300537,460,1,5198,56688,0,-1,0.0,0.0,0,0,0,,5,460,1,5198,56688,0,2147483647,0.0,0.0,25,4,-63,GSM,460,1,5198,49988,0,2147483647,0.0,0.0,24,4,-65,GSM,460,1,5198,49989,0,2147483647,0.0,0.0,21,4,-71,GSM,460,1,5198,42518,0,2147483647,0.0,0.0,18,4,-77,GSM,0,0,0,-1,0,2147483647,0.0,0.0,14,4,-85,GSM
1523278979998,121.21334146,31.29178847,16.0,8.0,2.5885322,-63,true,-1,-1,5,58.0,4000.0,7.6202392578125,-6.32476806640625,56.36749267578125,1.2435425519943237,-0.40295296907424927,-2.6172094345092773,460,1,5198,56688,0,-1,0.0,0.0,0,0,0,,7,460,1,5198,56688,0,2147483647,0.0,0.0,23,4,-67,GSM,460,1,5198,49988,0,2147483647,0.0,0.0,24,4,-65,GSM,460,1,5198,49989,0,2147483647,0.0,0.0,21,4,-71,GSM,460,1,5198,42518,0,2147483647,0.0,0.0,18,4,-77,GSM,0,0,0,-1,0,2147483647,0.0,0.0,14,4,-85,GSM,460,1,5198,56689,0,2147483647,0.0,0.0,14,4,-85,GSM,0,0,0,-1,0,2147483647,0.0,0.0,17,4,-79,GSM
1523278981082,121.21338138,31.29184026,17.0,9.0,1.9916074,-63,true,-1,-1,5,58.0,4000.0,12.98980712890625,-2.1240234375,56.06842041015625,1.0835107564926147,-0.5060381889343262,-2.6733293533325195,460,1,5198,56688,0,-1,0.0,0.0,0,0,0,,7,460,1,5198,56688,0,2147483647,0.0,0.0,23,4,-67,GSM,460,1,5198,49988,0,2147483647,0.0,0.0,24,4,-65,GSM,460,1,5198,49989,0,2147483647,0.0,0.0,21,4,-71,GSM,460,1,5198,42518,0,2147483647,0.0,0.0,18,4,-77,GSM,0,0,0,-1,0,2147483647,0.0,0.0,14,4,-85,GSM,460,1,5198,56689,0,2147483647,0.0,0.0,14,4,-85,GSM,0,0,0,-1,0,2147483647,0.0,0.0,17,4,-79,GSM
1523278982156,121.21338138,31.29184026,17.0,9.0,1.9916074,-67,true,-1,-1,5,58.0,4000.0,15.93017578125,1.47552490234375,56.96868896484375,1.18110990524292,-0.3751731812953949,-2.643566131591797,460,1,5198,56688,0,-1,0.0,0.0,0,0,0,,7,460,1,5198,56688,0,2147483647,0.0,0.0,23,4,-67,GSM,460,1,5198,49988,0,2147483647,0.0,0.0,24,4,-65,GSM,460,1,5198,49989,0,2147483647,0.0,0.0,21,4,-71,GSM,460,1,5198,42518,0,2147483647,0.0,0.0,19,4,-75,GSM,0,0,0,-1,0,2147483647,0.0,0.0,16,4,-81,GSM,460,1,5198,56689,0,2147483647,0.0,0.0,14,4,-85,GSM,0,0,0,-1,0,2147483647,0.0,0.0,17,4,-79,GSM
1523278983232,121.21350593,31.29192636,15.0,9.0,3.3614876,-67,true,-1,-1,5,58.0,4000.0,16.09954833984375,2.0751953125,56.6680908203125,0.9866134524345398,-0.519371509552002,-2.737454652786255,460,1,5198,56688,0,-1,0.0,0.0,0,0,0,,7,460,1,5198,56688,0,2147483647,0.0,0.0,23,4,-67,GSM,460,1,5198,49988,0,2147483647,0.0,0.0,24,4,-65,GSM,460,1,5198,49989,0,2147483647,0.0,0.0,21,4,-71,GSM,460,1,5198,42518,0,2147483647,0.0,0.0,19,4,-75,GSM,0,0,0,-1,0,2147483647,0.0,0.0,16,4,-81,GSM,460,1,5198,56689,0,2147483647,0.0,0.0,14,4,-85,GSM,0,0,0,-1,0,2147483647,0.0,0.0,17,4,-79,GSM
1523278984234,121.21350593,31.29192636,15.0,9.0,3.3614876,-67,true,-1,-1,5,58.0,4000.0,16.27960205078125,1.47552490234375,56.36749267578125,0.0749250203371048,-0.6556294560432434,2.907658815383911,460,1,5198,56688,0,-1,0.0,0.0,0,0,0,,6,460,1,5198,56688,0,2147483647,0.0,0.0,22,4,-69,GSM,460,1,5198,49988,0,2147483647,0.0,0.0,23,4,-67,GSM,460,1,5198,49989,0,2147483647,0.0,0.0,21,4,-71,GSM,460,1,5198,42518,0,2147483647,0.0,0.0,19,4,-75,GSM,0,0,0,-1,0,2147483647,0.0,0.0,16,4,-81,GSM,460,1,5198,56687,0,2147483647,0.0,0.0,17,4,-79,GSM
1523278985273,121.21355872,31.2919279,16.0,9.0,2.911718,-67,true,-1,-1,5,58.0,4000.0,14.8895263671875,-4.52423095703125,57.568359375,0.904564380645752,-0.6169575452804565,-2.8238627910614014,460,1,5198,56688,0,-1,0.0,0.0,0,0,0,,6,460,1,5198,56688,0,2147483647,0.0,0.0,22,4,-69,GSM,460,1,5198,49988,0,2147483647,0.0,0.0,23,4,-67,GSM,460,1,5198,49989,0,2147483647,0.0,0.0,21,4,-71,GSM,460,1,5198,42518,0,2147483647,0.0,0.0,19,4,-75,GSM,0,0,0,-1,0,2147483647,0.0,0.0,16,4,-81,GSM,460,1,5198,56687,0,2147483647,0.0,0.0,17,4,-79,GSM
1523278986391,121.21355872,31.2919279,16.0,9.0,2.911718,-67,true,-1,-1,5,58.0,4000.0,15.069580078125,-3.62396240234375,56.06842041015625,1.08035409450531,-0.49084827303886414,-2.7582976818084717,460,1,5198,49988,0,-1,0.0,0.0,0,0,0,,6,460,1,5198,49988,0,2147483647,0.0,0.0,16,4,-81,GSM,460,1,5198,49989,0,2147483647,0.0,0.0,21,4,-71,GSM,460,1,5198,42518,0,2147483647,0.0,0.0,18,4,-77,GSM,0,0,0,-1,0,2147483647,0.0,0.0,16,4,-81,GSM,460,1,5198,56687,0,2147483647,0.0,0.0,15,4,-83,GSM,460,1,5198,56688,0,2147483647,0.0,0.0,22,4,-69,GSM
1523278987392,121.21366948,31.29191784,19.0,10.0,3.5302265,-67,true,-1,-1,5,58.0,4000.0,18.5302734375,-4.22515869140625,56.06842041015625,1.281935214996338,-0.429913729429245,-2.6367902755737305,460,1,5198,49988,0,-1,0.0,0.0,0,0,0,,6,460,1,5198,49988,0,2147483647,0.0,0.0,16,4,-81,GSM,460,1,5198,49989,0,2147483647,0.0,0.0,21,4,-71,GSM,460,1,5198,42518,0,2147483647,0.0,0.0,18,4,-77,GSM,0,0,0,-1,0,2147483647,0.0,0.0,16,4,-81,GSM,460,1,5198,56687,0,2147483647,0.0,0.0,15,4,-83,GSM,460,1,5198,56688,0,2147483647,0.0,0.0,22,4,-69,GSM
1523278988505,121.21366948,31.29191784,19.0,10.0,3.5302265,-67,true,-1,-1,5,58.0,4000.0,12.12005615234375,-0.32501220703125,55.767822265625,1.2767987251281738,-0.3120471239089966,-2.5758209228515625,460,1,5198,49988,0,-1,0.0,0.0,0,0,0,,6,460,1,5198,49988,0,2147483647,0.0,0.0,17,4,-79,GSM,460,1,5198,49989,0,2147483647,0.0,0.0,21,4,-71,GSM,460,1,5198,42518,0,2147483647,0.0,0.0,17,4,-79,GSM,0,0,0,-1,0,2147483647,0.0,0.0,16,4,-81,GSM,460,1,5198,56687,0,2147483647,0.0,0.0,14,4,-85,GSM,460,1,5198,56688,0,2147483647,0.0,0.0,22,4,-69,GSM
1523278989512,121.21376856,31.29184358,21.0,10.0,2.8663042,-79,true,-1,-1,5,58.0,4000.0,15.93017578125,2.37579345703125,56.36749267578125,0.81159508228302,-0.4381003677845001,-2.9612817764282227,460,1,5198,49988,0,-1,0.0,0.0,0,0,0,,6,460,1,5198,49988,0,2147483647,0.0,0.0,17,4,-79,GSM,460,1,5198,49989,0,2147483647,0.0,0.0,21,4,-71,GSM,460,1,5198,42518,0,2147483647,0.0,0.0,17,4,-79,GSM,0,0,0,-1,0,2147483647,0.0,0.0,16,4,-81,GSM,460,1,5198,56687,0,2147483647,0.0,0.0,14,4,-85,GSM,460,1,5198,56688,0,2147483647,0.0,0.0,22,4,-69,GSM
1523278990643,121.21376856,31.29184358,21.0,10.0,2.8663042,-79,true,-1,-1,5,58.0,4000.0,15.75927734375,0.274658203125,55.46875,1.2723251581192017,-0.41512343287467957,-2.4906985759735107,460,1,5198,49988,0,-1,0.0,0.0,0,0,0,,6,460,1,5198,49988,0,2147483647,0.0,0.0,18,4,-77,GSM,460,1,5198,49989,0,2147483647,0.0,0.0,21,4,-71,GSM,460,1,5198,42518,0,2147483647,0.0,0.0,17,4,-79,GSM,0,0,0,-1,0,2147483647,0.0,0.0,14,4,-85,GSM,460,1,5198,56687,0,2147483647,0.0,0.0,14,4,-85,GSM,460,1,5198,56688,0,2147483647,0.0,0.0,22,4,-69,GSM
1523278991800,121.21379103,31.29184814,25.0,12.0,2.4010208,-79,true,-1,-1,5,58.0,4000.0,14.36920166015625,2.0751953125,57.26776123046875,1.0354723930358887,-0.49637553095817566,-2.6702308654785156,460,1,5198,49988,0,-1,0.0,0.0,0,0,0,,6,460,1,5198,49988,0,2147483647,0.0,0.0,18,4,-77,GSM,460,1,5198,49989,0,2147483647,0.0,0.0,21,4,-71,GSM,460,1,5198,42518,0,2147483647,0.0,0.0,17,4,-79,GSM,0,0,0,-1,0,2147483647,0.0,0.0,14,4,-85,GSM,460,1,5198,56687,0,2147483647,0.0,0.0,14,4,-85,GSM,460,1,5198,56688,0,2147483647,0.0,0.0,22,4,-69,GSM
1523278992755,121.21379103,31.29184814,25.0,12.0,2.4010208,-79,true,-1,-1,5,58.0,4000.0,17.32025146484375,-0.32501220703125,55.16815185546875,1.076581358909607,-0.5486277341842651,-2.6831111907958984,460,1,5198,56688,0,-1,0.0,0.0,0,0,0,,4,460,1,5198,56688,0,2147483647,0.0,0.0,18,4,-77,GSM,460,1,5198,42518,0,2147483647,0.0,0.0,17,4,-79,GSM,0,0,0,-1,0,2147483647,0.0,0.0,14,4,-85,GSM,460,1,5198,49988,0,2147483647,0.0,0.0,19,4,-75,GSM
1523278993772,121.21379103,31.29184814,25.0,12.0,2.4010208,-79,true,-1,-1,5,58.0,4000.0,16.619873046875,-3.924560546875,58.16802978515625,1.237835168838501,-0.4282305836677551,-2.652958393096924,460,1,5198,56688,0,-1,0.0,0.0,0,0,0,,4,460,1,5198,56688,0,2147483647,0.0,0.0,18,4,-77,GSM,460,1,5198,42518,0,2147483647,0.0,0.0,17,4,-79,GSM,0,0,0,-1,0,2147483647,0.0,0.0,14,4,-85,GSM,460,1,5198,49988,0,2147483647,0.0,0.0,19,4,-75,GSM
1523278995040,121.21401382,31.2917275,21.0,9.0,3.7689786,-79,true,-1,-1,5,58.0,4000.0,20.9503173828125,-5.1239013671875,53.668212890625,1.008198857307434,-0.7280024290084839,-2.7740066051483154,460,1,5198,56688,0,-1,0.0,0.0,0,0,0,,4,460,1,5198,56688,0,2147483647,0.0,0.0,17,4,-79,GSM,460,1,5198,42518,0,2147483647,0.0,0.0,16,4,-81,GSM,0,0,0,-1,0,2147483647,0.0,0.0,14,4,-85,GSM,460,1,5198,49988,0,2147483647,0.0,0.0,19,4,-75,GSM
1523278996088,121.21401382,31.2917275,21.0,9.0,3.7689786,-79,true,-1,-1,5,58.0,4000.0,16.7999267578125,0.57525634765625,55.46875,1.0116018056869507,-0.5090509057044983,-2.7631213665008545,460,1,5198,56688,0,-1,0.0,0.0,0,0,0,,4,460,1,5198,56688,0,2147483647,0.0,0.0,17,4,-79,GSM,460,1,5198,42518,0,2147483647,0.0,0.0,16,4,-81,GSM,0,0,0,-1,0,2147483647,0.0,0.0,14,4,-85,GSM,460,1,5198,49988,0,2147483647,0.0,0.0,19,4,-75,GSM
1523278884060,121.21134795,31.28870412,18.0,6.0,3.7002163,-67,true,-1,-1,5,58.0,4000.0,-17.14019775390625,5.37567138671875,45.867919921875,0.041170842945575714,-0.547795832157135,-2.7586638927459717,460,1,5198,56688,0,-1,0.0,0.0,0,0,0,,6,460,1,5198,56688,0,2147483647,0.0,0.0,25,4,-63,GSM,460,1,5198,49988,0,2147483647,0.0,0.0,18,4,-77,GSM,460,1,5198,49989,0,2147483647,0.0,0.0,23,4,-67,GSM,460,1,5198,42517,0,2147483647,0.0,0.0,17,4,-79,GSM,460,1,5198,42518,0,2147483647,0.0,0.0,22,4,-69,GSM,460,1,5198,56689,0,2147483647,0.0,0.0,21,4,-71,GSM
1523278885130,121.21134795,31.28870412,18.0,6.0,3.7002163,-61,true,-1,-1,5,58.0,4000.0,-17.82989501953125,8.9752197265625,44.6685791015625,0.30102765560150146,-0.41093918681144714,-2.5856871604919434,460,1,5198,56688,0,-1,0.0,0.0,0,0,0,,6,460,1,5198,56688,0,2147483647,0.0,0.0,25,4,-63,GSM,460,1,5198,49988,0,2147483647,0.0,0.0,18,4,-77,GSM,460,1,5198,49989,0,2147483647,0.0,0.0,23,4,-67,GSM,460,1,5198,42517,0,2147483647,0.0,0.0,17,4,-79,GSM,460,1,5198,42518,0,2147483647,0.0,0.0,22,4,-69,GSM,460,1,5198,56689,0,2147483647,0.0,0.0,21,4,-71,GSM
1523278996940,121.21408931,31.29170737,21.0,11.0,3.761077,-79,true,-1,-1,5,58.0,4000.0,13.85040283203125,-4.22515869140625,56.36749267578125,1.204918622970581,-0.38803189992904663,-2.728851318359375,460,1,5198,56688,0,-1,0.0,0.0,0,0,0,,6,460,1,5198,56688,0,2147483647,0.0,0.0,18,4,-77,GSM,460,1,5198,42518,0,2147483647,0.0,0.0,16,4,-81,GSM,0,0,0,-1,0,2147483647,0.0,0.0,14,4,-85,GSM,460,1,5198,49988,0,2147483647,0.0,0.0,19,4,-75,GSM,460,1,5198,49989,0,2147483647,0.0,0.0,18,4,-77,GSM,0,0,0,-1,0,2147483647,0.0,0.0,13,4,-87,GSM
1523278998064,121.21408931,31.29170737,21.0,11.0,3.761077,-79,true,-1,-1,5,58.0,4000.0,14.36920166015625,-5.1239013671875,57.26776123046875,0.7891913056373596,-0.6242993474006653,-2.9163246154785156,460,1,5198,56688,0,-1,0.0,0.0,0,0,0,,6,460,1,5198,56688,0,2147483647,0.0,0.0,18,4,-77,GSM,460,1,5198,42518,0,2147483647,0.0,0.0,16,4,-81,GSM,0,0,0,-1,0,2147483647,0.0,0.0,14,4,-85,GSM,460,1,5198,49988,0,2147483647,0.0,0.0,19,4,-75,GSM,460,1,5198,49989,0,2147483647,0.0,0.0,18,4,-77,GSM,0,0,0,-1,0,2147483647,0.0,0.0,13,4,-87,GSM
1523278999270,121.21408931,31.29170737,21.0,11.0,3.761077,-79,true,-1,-1,5,58.0,4000.0,14.72015380859375,-4.22515869140625,57.26776123046875,1.3568350076675415,-0.3184952139854431,-2.608017921447754,460,1,5198,56688,0,-1,0.0,0.0,0,0,0,,6,460,1,5198,56688,0,2147483647,0.0,0.0,18,4,-77,GSM,460,1,5198,42518,0,2147483647,0.0,0.0,16,4,-81,GSM,0,0,0,-1,0,2147483647,0.0,0.0,14,4,-85,GSM,460,1,5198,49988,0,2147483647,0.0,0.0,19,4,-75,GSM,460,1,5198,49989,0,2147483647,0.0,0.0,18,4,-77,GSM,460,1,5198,56687,0,2147483647,0.0,0.0,13,4,-87,GSM
1523279000278,121.21419617,31.29167877,23.0,15.0,3.4800575,-79,true,-1,-1,5,58.0,4000.0,13.330078125,2.0751953125,56.06842041015625,1.1378341913223267,-0.33076348900794983,-2.702190399169922,460,1,5198,56688,0,-1,0.0,0.0,0,0,0,,6,460,1,5198,56688,0,2147483647,0.0,0.0,18,4,-77,GSM,460,1,5198,42518,0,2147483647,0.0,0.0,16,4,-81,GSM,0,0,0,-1,0,2147483647,0.0,0.0,14,4,-85,GSM,460,1,5198,49988,0,2147483647,0.0,0.0,19,4,-75,GSM,460,1,5198,49989,0,2147483647,0.0,0.0,18,4,-77,GSM,460,1,5198,56687,0,2147483647,0.0,0.0,13,4,-87,GSM
1523279001322,121.21419617,31.29167877,23.0,15.0,3.4800575,-79,true,-1,-1,5,58.0,4000.0,16.45050048828125,-1.22528076171875,56.06842041015625,1.0850391387939453,-0.42543062567710876,-2.7919912338256836,460,1,5198,56688,0,-1,0.0,0.0,0,0,0,,6,460,1,5198,56688,0,2147483647,0.0,0.0,17,4,-79,GSM,460,1,5198,42518,0,2147483647,0.0,0.0,14,4,-85,GSM,0,0,0,-1,0,2147483647,0.0,0.0,13,4,-87,GSM,460,1,5198,49988,0,2147483647,0.0,0.0,19,4,-75,GSM,460,1,5198,49989,0,2147483647,0.0,0.0,17,4,-79,GSM,460,1,5198,56687,0,2147483647,0.0,0.0,13,4,-87,GSM
1523279002248,121.21428661,31.29166573,22.0,10.0,4.0410023,-79,true,-1,-1,5,58.0,4000.0,16.27960205078125,-1.824951171875,52.16827392578125,1.2180289030075073,-0.4192085564136505,-2.6641829013824463,460,1,5198,56688,0,-1,0.0,0.0,0,0,0,,6,460,1,5198,56688,0,2147483647,0.0,0.0,17,4,-79,GSM,460,1,5198,42518,0,2147483647,0.0,0.0,14,4,-85,GSM,0,0,0,-1,0,2147483647,0.0,0.0,13,4,-87,GSM,460,1,5198,49988,0,2147483647,0.0,0.0,19,4,-75,GSM,460,1,5198,49989,0,2147483647,0.0,0.0,17,4,-79,GSM,460,1,5198,56687,0,2147483647,0.0,0.0,13,4,-87,GSM
1523279003334,121.21428661,31.29166573,22.0,10.0,4.0410023,-79,true,-1,-1,5,58.0,4000.0,14.8895263671875,-5.42449951171875,47.967529296875,1.2151120901107788,-0.5272381901741028,-2.657553195953369,460,1,5198,56688,0,-1,0.0,0.0,0,0,0,,7,460,1,5198,56688,0,2147483647,0.0,0.0,16,4,-81,GSM,460,1,5198,42518,0,2147483647,0.0,0.0,14,4,-85,GSM,0,0,0,-1,0,2147483647,0.0,0.0,13,4,-87,GSM,460,1,5198,49988,0,2147483647,0.0,0.0,19,4,-75,GSM,460,1,5198,49989,0,2147483647,0.0,0.0,17,4,-79,GSM,460,1,5198,56687,0,2147483647,0.0,0.0,13,4,-87,GSM,0,0,0,-1,0,2147483647,0.0,0.0,12,4,-89,GSM
1523279004654,121.21432742,31.29168424,20.0,9.0,3.8518696,-79,true,-1,-1,5,58.0,4000.0,12.2894287109375,-9.625244140625,50.6683349609375,1.4120612144470215,-0.47307032346725464,-2.4938547611236572,460,1,5198,49988,0,-1,0.0,0.0,0,0,0,,7,460,1,5198,56688,0,2147483647,0.0,0.0,16,4,-81,GSM,460,1,5198,42518,0,2147483647,0.0,0.0,14,4,-85,GSM,0,0,0,-1,0,2147483647,0.0,0.0,13,4,-87,GSM,460,1,5198,49988,0,2147483647,0.0,0.0,19,4,-75,GSM,460,1,5198,49989,0,2147483647,0.0,0.0,17,4,-79,GSM,460,1,5198,56687,0,2147483647,0.0,0.0,13,4,-87,GSM,0,0,0,-1,0,2147483647,0.0,0.0,12,4,-89,GSM
1523279005455,121.21432742,31.29168424,20.0,9.0,3.8518696,-79,true,-1,-1,5,58.0,4000.0,16.45050048828125,-5.1239013671875,54.8675537109375,0.9031912684440613,-0.39248156547546387,-3.0756449699401855,460,1,5198,49988,0,-1,0.0,0.0,0,0,0,,7,460,1,5198,49988,0,2147483647,0.0,0.0,23,4,-67,GSM,460,1,5198,42518,0,2147483647,0.0,0.0,12,4,-89,GSM,0,0,0,-1,0,2147483647,0.0,0.0,13,4,-87,GSM,460,1,5198,49989,0,2147483647,0.0,0.0,17,4,-79,GSM,460,1,5198,56687,0,2147483647,0.0,0.0,12,4,-89,GSM,0,0,0,-1,0,2147483647,0.0,0.0,12,4,-89,GSM,460,1,5198,56688,0,2147483647,0.0,0.0,16,4,-81,GSM
1523279006525,121.21442111,31.2917082,23.0,7.0,3.3702374,-79,true,-1,-1,5,58.0,4000.0,10.55908203125,-15.32440185546875,53.06854248046875,1.2701176404953003,-0.5734683275222778,-2.6769821643829346,460,1,5198,49988,0,-1,0.0,0.0,0,0,0,,7,460,1,5198,49988,0,2147483647,0.0,0.0,23,4,-67,GSM,460,1,5198,42518,0,2147483647,0.0,0.0,12,4,-89,GSM,0,0,0,-1,0,2147483647,0.0,0.0,13,4,-87,GSM,460,1,5198,49989,0,2147483647,0.0,0.0,17,4,-79,GSM,460,1,5198,56687,0,2147483647,0.0,0.0,12,4,-89,GSM,0,0,0,-1,0,2147483647,0.0,0.0,12,4,-89,GSM,460,1,5198,56688,0,2147483647,0.0,0.0,16,4,-81,GSM
1523279007597,121.21442111,31.2917082,23.0,7.0,3.3702374,-69,true,-1,-1,5,58.0,4000.0,5.18951416015625,2.67486572265625,49.76806640625,0.5166820883750916,-0.4162169396877289,-2.9926199913024902,460,1,5198,49988,0,-1,0.0,0.0,0,0,0,,7,460,1,5198,49988,0,2147483647,0.0,0.0,23,4,-67,GSM,460,1,5198,42518,0,2147483647,0.0,0.0,11,3,-91,GSM,0,0,0,-1,0,2147483647,0.0,0.0,13,4,-87,GSM,460,1,5198,49989,0,2147483647,0.0,0.0,17,4,-79,GSM,460,1,5198,56687,0,2147483647,0.0,0.0,11,3,-91,GSM,0,0,0,-1,0,2147483647,0.0,0.0,12,4,-89,GSM,460,1,5198,56688,0,2147483647,0.0,0.0,16,4,-81,GSM
1523279008711,121.21449616,31.29169765,22.0,9.0,3.3700147,-69,true,-1,-1,5,58.0,4000.0,5.54046630859375,-14.12506103515625,51.568603515625,1.5004615783691406,-0.3586122691631317,-2.6688079833984375,460,1,5198,49988,0,-1,0.0,0.0,0,0,0,,7,460,1,5198,49988,0,2147483647,0.0,0.0,23,4,-67,GSM,460,1,5198,42518,0,2147483647,0.0,0.0,11,3,-91,GSM,0,0,0,-1,0,2147483647,0.0,0.0,13,4,-87,GSM,460,1,5198,49989,0,2147483647,0.0,0.0,17,4,-79,GSM,460,1,5198,56687,0,2147483647,0.0,0.0,11,3,-91,GSM,0,0,0,-1,0,2147483647,0.0,0.0,12,4,-89,GSM,460,1,5198,56688,0,2147483647,0.0,0.0,16,4,-81,GSM
1523279009833,121.21449616,31.29169765,22.0,9.0,3.3700147,-69,true,-1,-1,5,58.0,4000.0,7.269287109375,-1.22528076171875,54.5684814453125,1.0605850219726563,-0.4568452537059784,-2.63454270362854,460,1,5198,49988,0,-1,0.0,0.0,0,0,0,,7,460,1,5198,49988,0,2147483647,0.0,0.0,23,4,-67,GSM,460,1,5198,42518,0,2147483647,0.0,0.0,11,3,-91,GSM,0,0,0,-1,0,2147483647,0.0,0.0,12,4,-89,GSM,460,1,5198,49989,0,2147483647,0.0,0.0,17,4,-79,GSM,460,1,5198,56687,0,2147483647,0.0,0.0,11,3,-91,GSM,0,0,0,-1,0,2147483647,0.0,0.0,12,4,-89,GSM,460,1,5198,56688,0,2147483647,0.0,0.0,16,4,-81,GSM
1523279011100,121.21457833,31.29168404,21.0,8.0,1.8222239,-69,true,-1,-1,5,58.0,4000.0,-10.040283203125,-15.924072265625,68.3685302734375,1.02467942237854,-0.4529370665550232,-2.6520743370056152,460,1,5198,49988,0,-1,0.0,0.0,0,0,0,,7,460,1,5198,49988,0,2147483647,0.0,0.0,23,4,-67,GSM,460,1,5198,42518,0,2147483647,0.0,0.0,11,3,-91,GSM,0,0,0,-1,0,2147483647,0.0,0.0,12,4,-89,GSM,460,1,5198,49989,0,2147483647,0.0,0.0,17,4,-79,GSM,460,1,5198,56687,0,2147483647,0.0,0.0,11,3,-91,GSM,0,0,0,-1,0,2147483647,0.0,0.0,12,4,-89,GSM,460,1,5198,56688,0,2147483647,0.0,0.0,16,4,-81,GSM
1523279012161,121.21457833,31.29168404,21.0,8.0,1.8222239,-69,true,-1,-1,5,58.0,4000.0,-37.58087158203125,-24.32403564453125,-37.53204345703125,2.143925428390503,-0.16612552106380463,-0.29192957282066345,460,1,5198,49988,0,-1,0.0,0.0,0,0,0,,5,460,1,5198,49988,0,2147483647,0.0,0.0,24,4,-65,GSM,0,0,0,-1,0,2147483647,0.0,0.0,12,4,-89,GSM,460,1,5198,49989,0,2147483647,0.0,0.0,16,4,-81,GSM,0,0,0,-1,0,2147483647,0.0,0.0,12,4,-89,GSM,460,1,5198,56688,0,2147483647,0.0,0.0,16,4,-81,GSM
1523279013236,121.21458646,31.29167611,21.0,10.0,1.2119819,-69,true,-1,-1,5,58.0,4000.0,-32.7301025390625,-21.32415771484375,-22.5311279296875,2.0144155025482178,-0.2730834186077118,-0.2442237287759781,460,1,5198,49988,0,-1,0.0,0.0,0,0,0,,5,460,1,5198,49988,0,2147483647,0.0,0.0,24,4,-65,GSM,0,0,0,-1,0,2147483647,0.0,0.0,12,4,-89,GSM,460,1,5198,49989,0,2147483647,0.0,0.0,16,4,-81,GSM,0,0,0,-1,0,2147483647,0.0,0.0,12,4,-89,GSM,460,1,5198,56688,0,2147483647,0.0,0.0,16,4,-81,GSM
1523279014142,121.21458646,31.29167611,21.0,10.0,1.2119819,-63,true,-1,-1,5,58.0,4000.0,-30.1300048828125,-8.42437744140625,-28.2318115234375,1.5928789377212524,-0.2865980863571167,0.06908836960792542,460,1,5198,49988,0,-1,0.0,0.0,0,0,0,,5,460,1,5198,49988,0,2147483647,0.0,0.0,28,4,-57,GSM,0,0,0,-1,0,2147483647,0.0,0.0,11,3,-91,GSM,460,1,5198,49989,0,2147483647,0.0,0.0,17,4,-79,GSM,0,0,0,-1,0,2147483647,0.0,0.0,12,4,-89,GSM,460,1,5198,56688,0,2147483647,0.0,0.0,17,4,-79,GSM
1523278858699,121.21103095,31.28818209,27.0,15.0,0.0,-69,true,-1,-1,5,58.0,4000.0,-28.570556640625,14.07470703125,-50.1312255859375,0.384591281414032,-0.40976524353027344,-0.2686133086681366,460,1,5198,56688,0,-1,0.0,0.0,0,0,0,,5,460,1,5198,56688,0,2147483647,0.0,0.0,20,4,-73,GSM,460,1,5198,1188,0,2147483647,0.0,0.0,18,4,-77,GSM,460,1,5198,49988,0,2147483647,0.0,0.0,17,4,-79,GSM,460,1,5198,49989,0,2147483647,0.0,0.0,22,4,-69,GSM,460,1,5198,42517,0,2147483647,0.0,0.0,16,4,-81,GSM
1523278859765,121.21103095,31.28818209,27.0,15.0,0.0,-73,true,-1,-1,5,58.0,4000.0,-27.00958251953125,14.9749755859375,-49.8321533203125,0.4207597076892853,-0.3795887529850006,-0.22383178770542145,460,1,5198,56688,0,-1,0.0,0.0,0,0,0,,5,460,1,5198,56688,0,2147483647,0.0,0.0,20,4,-73,GSM,460,1,5198,1188,0,2147483647,0.0,0.0,18,4,-77,GSM,460,1,5198,49988,0,2147483647,0.0,0.0,17,4,-79,GSM,460,1,5198,49989,0,2147483647,0.0,0.0,22,4,-69,GSM,460,1,5198,42517,0,2147483647,0.0,0.0,16,4,-81,GSM
1523278860850,121.21103095,31.28818209,27.0,15.0,0.0,-73,true,-1,-1,5,58.0,4000.0,-29.60968017578125,12.8753662109375,-50.1312255859375,0.5655359625816345,-0.3196094036102295,-0.2056276947259903,460,1,5198,56688,0,-1,0.0,0.0,0,0,0,,5,460,1,5198,56688,0,2147483647,0.0,0.0,21,4,-71,GSM,460,1,5198,1188,0,2147483647,0.0,0.0,16,4,-81,GSM,460,1,5198,49988,0,2147483647,0.0,0.0,17,4,-79,GSM,460,1,5198,49989,0,2147483647,0.0,0.0,22,4,-69,GSM,460,1,5198,42517,0,2147483647,0.0,0.0,17,4,-79,GSM
1523278861676,121.21102321,31.28824961,27.0,12.0,0.0,-73,true,-1,-1,5,58.0,4000.0,-29.60968017578125,10.7757568359375,-50.1312255859375,0.6527230143547058,-0.37308967113494873,-0.1344781517982483,460,1,5198,56688,0,-1,0.0,0.0,0,0,0,,5,460,1,5198,56688,0,2147483647,0.0,0.0,21,4,-71,GSM,460,1,5198,1188,0,2147483647,0.0,0.0,16,4,-81,GSM,460,1,5198,49988,0,2147483647,0.0,0.0,17,4,-79,GSM,460,1,5198,49989,0,2147483647,0.0,0.0,22,4,-69,GSM,460,1,5198,42517,0,2147483647,0.0,0.0,17,4,-79,GSM
1523278862746,121.21102321,31.28824961,27.0,12.0,0.0,-73,true,-1,-1,5,58.0,4000.0,-35.3302001953125,13.17596435546875,-45.03173828125,0.4426015615463257,-0.3453511595726013,-0.4046212434768677,460,1,5198,56688,0,-1,0.0,0.0,0,0,0,,5,460,1,5198,56688,0,2147483647,0.0,0.0,24,4,-65,GSM,460,1,5198,1188,0,2147483647,0.0,0.0,16,4,-81,GSM,460,1,5198,49988,0,2147483647,0.0,0.0,18,4,-77,GSM,460,1,5198,49989,0,2147483647,0.0,0.0,22,4,-69,GSM,460,1,5198,42517,0,2147483647,0.0,0.0,17,4,-79,GSM
