IMEI:862305032225518
IMSI:460091042103139
OSVersion:3.10.73-perf-g94fc9a6
apiLevel:5.1.1
model:Redmi Note 3
device:kenzo
product:kenzo
109
1523512033829,121.20992311,31.28767537,13.0,33.0,0.0,-57,true,-1,-1,5,65.0,4000.0,-35.3302001953125,-21.92535400390625,-38.43231201171875,1.9083755016326904,-0.25706592202186584,-0.15576153993606567,460,1,5198,42518,0,-1,0.0,0.0,0,0,0,,6,460,1,5198,42518,0,2147483647,0.0,0.0,27,4,-59,GSM,460,1,5198,56688,0,2147483647,0.0,0.0,16,4,-81,GSM,460,1,5198,1188,0,2147483647,0.0,0.0,19,4,-75,GSM,460,1,5198,42519,0,2147483647,0.0,0.0,15,4,-83,GSM,460,1,5198,49989,0,2147483647,0.0,0.0,16,4,-81,GSM,460,1,5198,42507,0,2147483647,0.0,0.0,14,4,-85,GSM
1523512036921,121.20992311,31.28767537,13.0,33.0,0.0,-59,true,-1,-1,5,65.0,4000.0,4.49981689453125,-11.724853515625,52.7679443359375,1.394587755203247,-0.6178326606750488,-2.2564544677734375,460,1,5198,42518,0,-1,0.0,0.0,0,0,0,,7,460,1,5198,42518,0,2147483647,0.0,0.0,25,4,-63,GSM,460,1,5198,56688,0,2147483647,0.0,0.0,16,4,-81,GSM,460,1,5198,1188,0,2147483647,0.0,0.0,17,4,-79,GSM,460,1,5198,42519,0,2147483647,0.0,0.0,14,4,-85,GSM,460,1,5198,49989,0,2147483647,0.0,0.0,15,4,-83,GSM,460,1,5198,42507,0,2147483647,0.0,0.0,15,4,-83,GSM,460,1,5198,42517,0,2147483647,0.0,0.0,14,4,-85,GSM
1523512039971,121.20999614,31.28769292,14.0,35.0,3.1302557,-59,true,-1,-1,5,65.0,4000.0,-38.27056884765625,-13.824462890625,-29.132080078125,1.0292744636535645,-0.7374706268310547,-0.31720083951950073,460,1,5198,42518,0,-1,0.0,0.0,0,0,0,,7,460,1,5198,42518,0,2147483647,0.0,0.0,24,4,-65,GSM,460,1,5198,56688,0,2147483647,0.0,0.0,16,4,-81,GSM,460,1,5198,1188,0,2147483647,0.0,0.0,17,4,-79,GSM,460,1,5198,42519,0,2147483647,0.0,0.0,14,4,-85,GSM,460,1,5198,49989,0,2147483647,0.0,0.0,15,4,-83,GSM,460,1,5198,42507,0,2147483647,0.0,0.0,14,4,-85,GSM,460,1,5198,42517,0,2147483647,0.0,0.0,14,4,-85,GSM
1523512043055,121.20999614,31.28769292,14.0,35.0,3.1302557,-59,true,-1,-1,5,65.0,4000.0,5.18951416015625,0.8758544921875,50.36773681640625,0.8819851875305176,-0.554824709892273,-2.6600301265716553,460,1,5198,42518,0,-1,0.0,0.0,0,0,0,,6,460,1,5198,42518,0,2147483647,0.0,0.0,22,4,-69,GSM,460,1,5198,56688,0,2147483647,0.0,0.0,16,4,-81,GSM,460,1,5198,1188,0,2147483647,0.0,0.0,18,4,-77,GSM,460,1,5198,42519,0,2147483647,0.0,0.0,14,4,-85,GSM,460,1,5198,49989,0,2147483647,0.0,0.0,14,4,-85,GSM,460,1,5198,42507,0,2147483647,0.0,0.0,15,4,-83,GSM
1523512046220,121.21018539,31.28773465,16.0,28.0,0.0,-67,true,-1,-1,5,65.0,4000.0,-6.3995361328125,11.97509765625,45.26824951171875,0.49520444869995117,-0.4459666609764099,-2.647653102874756,460,1,5198,42518,0,-1,0.0,0.0,0,0,0,,6,460,1,5198,42518,0,2147483647,0.0,0.0,22,4,-69,GSM,460,1,5198,56688,0,2147483647,0.0,0.0,16,4,-81,GSM,460,1,5198,1188,0,2147483647,0.0,0.0,18,4,-77,GSM,460,1,5198,42519,0,2147483647,0.0,0.0,14,4,-85,GSM,460,1,5198,49989,0,2147483647,0.0,0.0,14,4,-85,GSM,460,1,5198,42507,0,2147483647,0.0,0.0,15,4,-83,GSM
1523512049280,121.21018539,31.28773465,16.0,28.0,0.0,-67,true,-1,-1,5,65.0,4000.0,-15.240478515625,7.77587890625,38.9678955078125,0.23748783767223358,-0.3530908524990082,-2.643197536468506,460,1,5198,42518,0,-1,0.0,0.0,0,0,0,,7,460,1,5198,42518,0,2147483647,0.0,0.0,22,4,-69,GSM,460,1,5198,56688,0,2147483647,0.0,0.0,17,4,-79,GSM,460,1,5198,1188,0,2147483647,0.0,0.0,18,4,-77,GSM,460,1,5198,42519,0,2147483647,0.0,0.0,14,4,-85,GSM,460,1,5198,49989,0,2147483647,0.0,0.0,14,4,-85,GSM,460,1,5198,42507,0,2147483647,0.0,0.0,17,4,-79,GSM,460,1,5198,42517,0,2147483647,0.0,0.0,14,4,-85,GSM
1523512052338,121.21018539,31.28773465,16.0,28.0,0.0,-67,true,-1,-1,5,65.0,4000.0,-15.58074951171875,12.8753662109375,41.36810302734375,0.2884434759616852,-0.4369106590747833,-2.5787134170532227,460,1,5198,42518,0,-1,0.0,0.0,0,0,0,,7,460,1,5198,42518,0,2147483647,0.0,0.0,25,4,-63,GSM,460,1,5198,56688,0,2147483647,0.0,0.0,17,4,-79,GSM,460,1,5198,1188,0,2147483647,0.0,0.0,18,4,-77,GSM,460,1,5198,42519,0,2147483647,0.0,0.0,13,4,-87,GSM,460,1,5198,49989,0,2147483647,0.0,0.0,14,4,-85,GSM,460,1,5198,42507,0,2147483647,0.0,0.0,16,4,-81,GSM,460,1,5198,42517,0,2147483647,0.0,0.0,16,4,-81,GSM
1523512055395,121.21058904,31.28791811,23.0,44.0,0.0,-61,true,-1,-1,5,65.0,4000.0,-18.87054443359375,9.87548828125,42.26837158203125,0.2443397045135498,-0.5327837467193604,-2.5502593517303467,460,1,5198,42518,0,-1,0.0,0.0,0,0,0,,6,460,1,5198,42518,0,2147483647,0.0,0.0,27,4,-59,GSM,460,1,5198,56688,0,2147483647,0.0,0.0,17,4,-79,GSM,460,1,5198,1188,0,2147483647,0.0,0.0,16,4,-81,GSM,460,1,5198,49989,0,2147483647,0.0,0.0,14,4,-85,GSM,460,1,5198,42507,0,2147483647,0.0,0.0,16,4,-81,GSM,460,1,5198,42517,0,2147483647,0.0,0.0,16,4,-81,GSM
1523512058502,121.21058904,31.28791811,23.0,44.0,0.0,-57,true,-1,-1,5,65.0,4000.0,-18.69964599609375,5.975341796875,43.768310546875,0.28972128033638,-0.4619607627391815,-2.5725128650665283,460,1,5198,42518,0,-1,0.0,0.0,0,0,0,,6,460,1,5198,42518,0,2147483647,0.0,0.0,28,4,-57,GSM,460,1,5198,56688,0,2147483647,0.0,0.0,19,4,-75,GSM,460,1,5198,1188,0,2147483647,0.0,0.0,16,4,-81,GSM,460,1,5198,49989,0,2147483647,0.0,0.0,15,4,-83,GSM,460,1,5198,42507,0,2147483647,0.0,0.0,14,4,-85,GSM,460,1,5198,42517,0,2147483647,0.0,0.0,17,4,-79,GSM
1523512061556,121.21082184,31.28797377,34.0,38.0,0.0,-57,true,-1,-1,5,65.0,4000.0,-21.29974365234375,11.0748291015625,47.06878662109375,0.3409711718559265,-0.41739872097969055,-2.504901170730591,460,1,5198,42518,0,-1,0.0,0.0,0,0,0,,6,460,1,5198,42518,0,2147483647,0.0,0.0,26,4,-61,GSM,460,1,5198,56688,0,2147483647,0.0,0.0,18,4,-77,GSM,460,1,5198,1188,0,2147483647,0.0,0.0,17,4,-79,GSM,460,1,5198,49989,0,2147483647,0.0,0.0,15,4,-83,GSM,460,1,5198,42507,0,2147483647,0.0,0.0,13,4,-87,GSM,460,1,5198,42517,0,2147483647,0.0,0.0,17,4,-79,GSM
1523512064622,121.21082184,31.28797377,34.0,38.0,0.0,-61,true,-1,-1,5,65.0,4000.0,-22.8607177734375,10.17608642578125,38.36822509765625,0.22069333493709564,-0.3824672996997833,-2.473439931869507,460,1,5198,42518,0,-1,0.0,0.0,0,0,0,,5,460,1,5198,42518,0,2147483647,0.0,0.0,24,4,-65,GSM,460,1,5198,56688,0,2147483647,0.0,0.0,18,4,-77,GSM,460,1,5198,1188,0,2147483647,0.0,0.0,17,4,-79,GSM,460,1,5198,49989,0,2147483647,0.0,0.0,16,4,-81,GSM,460,1,5198,42517,0,2147483647,0.0,0.0,18,4,-77,GSM
1523512067684,121.21096266,31.28822501,31.0,36.0,0.0,-65,true,-1,-1,5,65.0,4000.0,-21.6400146484375,15.27557373046875,40.46783447265625,0.29709628224372864,-0.4027986526489258,-2.4378738403320313,460,1,5198,42518,0,-1,0.0,0.0,0,0,0,,5,460,1,5198,42518,0,2147483647,0.0,0.0,23,4,-67,GSM,460,1,5198,56688,0,2147483647,0.0,0.0,19,4,-75,GSM,460,1,5198,1188,0,2147483647,0.0,0.0,18,4,-77,GSM,460,1,5198,49989,0,2147483647,0.0,0.0,16,4,-81,GSM,460,1,5198,42517,0,2147483647,0.0,0.0,18,4,-77,GSM
1523512070760,121.21096266,31.28822501,31.0,36.0,0.0,-65,true,-1,-1,5,65.0,4000.0,-16.45050048828125,13.775634765625,44.6685791015625,0.18391430377960205,-0.54314786195755,-2.6469929218292236,460,1,5198,42518,0,-1,0.0,0.0,0,0,0,,5,460,1,5198,42518,0,2147483647,0.0,0.0,22,4,-69,GSM,460,1,5198,56688,0,2147483647,0.0,0.0,20,4,-73,GSM,460,1,5198,1188,0,2147483647,0.0,0.0,18,4,-77,GSM,460,1,5198,49989,0,2147483647,0.0,0.0,15,4,-83,GSM,460,1,5198,42517,0,2147483647,0.0,0.0,17,4,-79,GSM
1523512073814,121.21114122,31.28850398,25.0,25.0,4.500711,-65,true,-1,-1,5,65.0,4000.0,-23.89984130859375,11.0748291015625,40.7684326171875,0.19117407500743866,-0.43207642436027527,-2.4894237518310547,460,1,5198,42518,0,-1,0.0,0.0,0,0,0,,4,460,1,5198,42518,0,2147483647,0.0,0.0,26,4,-61,GSM,460,1,5198,56688,0,2147483647,0.0,0.0,21,4,-71,GSM,460,1,5198,1188,0,2147483647,0.0,0.0,17,4,-79,GSM,460,1,5198,42517,0,2147483647,0.0,0.0,18,4,-77,GSM
1523512076892,121.21114122,31.28850398,25.0,25.0,4.500711,-61,true,-1,-1,5,65.0,4000.0,-19.219970703125,14.37530517578125,41.668701171875,0.25094014406204224,-0.3579324781894684,-2.5448660850524902,460,1,5198,42518,0,-1,0.0,0.0,0,0,0,,5,460,1,5198,42518,0,2147483647,0.0,0.0,25,4,-63,GSM,460,1,5198,56688,0,2147483647,0.0,0.0,21,4,-71,GSM,460,1,5198,1188,0,2147483647,0.0,0.0,18,4,-77,GSM,460,1,5198,42517,0,2147483647,0.0,0.0,18,4,-77,GSM,0,0,0,-1,0,2147483647,0.0,0.0,17,4,-79,GSM
1523512079934,121.21128266,31.28869972,25.0,25.0,3.6101108,-61,true,-1,-1,5,65.0,4000.0,-18.87054443359375,10.7757568359375,43.46771240234375,0.18027257919311523,-0.4184921383857727,-2.620314598083496,460,1,5198,42518,0,-1,0.0,0.0,0,0,0,,4,460,1,5198,42518,0,2147483647,0.0,0.0,22,4,-69,GSM,460,1,5198,56688,0,2147483647,0.0,0.0,22,4,-69,GSM,460,1,5198,42517,0,2147483647,0.0,0.0,17,4,-79,GSM,0,0,0,-1,0,2147483647,0.0,0.0,16,4,-81,GSM
1523512083014,121.21128266,31.28869972,25.0,25.0,3.6101108,-67,true,-1,-1,5,65.0,4000.0,-22.16033935546875,9.27581787109375,41.9677734375,-0.011902738362550735,-0.3422185778617859,-2.6619575023651123,460,1,5198,42518,0,-1,0.0,0.0,0,0,0,,3,460,1,5198,42518,0,2147483647,0.0,0.0,24,4,-65,GSM,460,1,5198,56688,0,2147483647,0.0,0.0,23,4,-67,GSM,460,1,5198,42517,0,2147483647,0.0,0.0,16,4,-81,GSM
1523512086082,121.21143964,31.28885676,22.0,24.0,3.9073777,-63,true,-1,-1,5,65.0,4000.0,-23.5504150390625,12.8753662109375,40.16876220703125,0.12279195338487625,-0.4379290044307709,-2.5281624794006348,460,1,5198,42518,0,-1,0.0,0.0,0,0,0,,2,460,1,5198,42518,0,2147483647,0.0,0.0,27,4,-59,GSM,460,1,5198,56688,0,2147483647,0.0,0.0,24,4,-65,GSM
1523512089164,121.21143964,31.28885676,22.0,24.0,3.9073777,-57,true,-1,-1,5,65.0,4000.0,-20.9503173828125,15.57464599609375,41.0675048828125,0.23033927381038666,-0.44020384550094604,-2.498893976211548,460,1,5198,42518,0,-1,0.0,0.0,0,0,0,,4,460,1,5198,42518,0,2147483647,0.0,0.0,25,4,-63,GSM,460,1,5198,56688,0,2147483647,0.0,0.0,24,4,-65,GSM,460,1,5198,49989,0,2147483647,0.0,0.0,17,4,-79,GSM,460,1,5198,42517,0,2147483647,0.0,0.0,17,4,-79,GSM
1523512092216,121.2115875,31.28906433,21.0,29.0,0.0,-61,true,-1,-1,5,65.0,4000.0,-23.3795166015625,14.07470703125,39.26849365234375,0.12617482244968414,-0.32535094022750854,-2.527061939239502,460,1,5198,42518,0,-1,0.0,0.0,0,0,0,,4,460,1,5198,42518,0,2147483647,0.0,0.0,26,4,-61,GSM,460,1,5198,56688,0,2147483647,0.0,0.0,24,4,-65,GSM,460,1,5198,49989,0,2147483647,0.0,0.0,17,4,-79,GSM,460,1,5198,42517,0,2147483647,0.0,0.0,18,4,-77,GSM
1523512095290,121.2115875,31.28906433,21.0,29.0,0.0,-61,true,-1,-1,5,65.0,4000.0,-19.219970703125,14.6759033203125,41.668701171875,0.22867687046527863,-0.3465825319290161,-2.560669183731079,460,1,5198,42518,0,-1,0.0,0.0,0,0,0,,4,460,1,5198,42518,0,2147483647,0.0,0.0,23,4,-67,GSM,460,1,5198,56688,0,2147483647,0.0,0.0,24,4,-65,GSM,460,1,5198,49989,0,2147483647,0.0,0.0,17,4,-79,GSM,460,1,5198,42517,0,2147483647,0.0,0.0,16,4,-81,GSM
1523512098358,121.2117623,31.28931927,20.0,28.0,0.0,-65,true,-1,-1,5,65.0,4000.0,-22.8607177734375,13.775634765625,39.56756591796875,0.2707310914993286,-0.34313151240348816,-2.446046829223633,460,1,5198,42518,0,-1,0.0,0.0,0,0,0,,4,460,1,5198,42518,0,2147483647,0.0,0.0,23,4,-67,GSM,460,1,5198,56688,0,2147483647,0.0,0.0,24,4,-65,GSM,460,1,5198,49989,0,2147483647,0.0,0.0,17,4,-79,GSM,460,1,5198,42517,0,2147483647,0.0,0.0,17,4,-79,GSM
1523512101455,121.2117623,31.28931927,20.0,28.0,0.0,-65,true,-1,-1,5,65.0,4000.0,-20.60089111328125,12.8753662109375,41.0675048828125,0.2374129295349121,-0.3224361538887024,-2.5359392166137695,460,1,5198,56688,0,-1,0.0,0.0,0,0,0,,2,460,1,5198,56688,0,2147483647,0.0,0.0,27,4,-59,GSM,460,1,5198,49989,0,2147483647,0.0,0.0,17,4,-79,GSM
1523512104486,121.21191804,31.28952131,22.0,28.0,0.0,-59,true,-1,-1,5,65.0,4000.0,-21.29974365234375,16.47491455078125,40.46783447265625,0.25033992528915405,-0.35763856768608093,-2.4817700386047363,460,1,5198,56688,0,-1,0.0,0.0,0,0,0,,3,460,1,5198,56688,0,2147483647,0.0,0.0,27,4,-59,GSM,460,1,5198,49989,0,2147483647,0.0,0.0,17,4,-79,GSM,0,0,0,-1,0,2147483647,0.0,0.0,18,4,-77,GSM
1523512107559,121.21191804,31.28952131,22.0,28.0,0.0,-59,true,-1,-1,5,65.0,4000.0,-20.9503173828125,17.37518310546875,40.46783447265625,0.1933063268661499,-0.41906532645225525,-2.5163819789886475,460,1,5198,56688,0,-1,0.0,0.0,0,0,0,,5,460,1,5198,56688,0,2147483647,0.0,0.0,27,4,-59,GSM,460,1,5198,49989,0,2147483647,0.0,0.0,18,4,-77,GSM,460,1,5198,49988,0,2147483647,0.0,0.0,18,4,-77,GSM,460,1,5198,42518,0,2147483647,0.0,0.0,22,4,-69,GSM,460,1,5198,42517,0,2147483647,0.0,0.0,17,4,-79,GSM
1523512110623,121.21211805,31.28977686,20.0,27.0,0.0,-59,true,-1,-1,5,65.0,4000.0,-20.08056640625,13.775634765625,42.5689697265625,0.218887597322464,-0.3204154372215271,-2.569194793701172,460,1,5198,56688,0,-1,0.0,0.0,0,0,0,,5,460,1,5198,56688,0,2147483647,0.0,0.0,26,4,-61,GSM,460,1,5198,49989,0,2147483647,0.0,0.0,19,4,-75,GSM,460,1,5198,49988,0,2147483647,0.0,0.0,17,4,-79,GSM,460,1,5198,42518,0,2147483647,0.0,0.0,22,4,-69,GSM,460,1,5198,42517,0,2147483647,0.0,0.0,17,4,-79,GSM
1523512113686,121.21211805,31.28977686,20.0,27.0,0.0,-59,true,-1,-1,5,65.0,4000.0,-23.20098876953125,15.57464599609375,37.7685546875,0.05556082725524902,-0.42772552371025085,-2.549884557723999,460,1,5198,56688,0,-1,0.0,0.0,0,0,0,,5,460,1,5198,56688,0,2147483647,0.0,0.0,27,4,-59,GSM,460,1,5198,49989,0,2147483647,0.0,0.0,19,4,-75,GSM,460,1,5198,49988,0,2147483647,0.0,0.0,17,4,-79,GSM,460,1,5198,42518,0,2147483647,0.0,0.0,22,4,-69,GSM,460,1,5198,42517,0,2147483647,0.0,0.0,16,4,-81,GSM
1523512116742,121.21227531,31.29002575,20.0,25.0,0.0,-59,true,-1,-1,5,65.0,4000.0,-23.3795166015625,17.67578125,37.46795654296875,0.14836427569389343,-0.4186115860939026,-2.4684603214263916,460,1,5198,56688,0,-1,0.0,0.0,0,0,0,,4,460,1,5198,56688,0,2147483647,0.0,0.0,27,4,-59,GSM,460,1,5198,49989,0,2147483647,0.0,0.0,19,4,-75,GSM,460,1,5198,49988,0,2147483647,0.0,0.0,18,4,-77,GSM,460,1,5198,42518,0,2147483647,0.0,0.0,22,4,-69,GSM
1523512119819,121.21227531,31.29002575,20.0,25.0,0.0,-59,true,-1,-1,5,65.0,4000.0,-20.60089111328125,19.775390625,36.8682861328125,0.19580283761024475,-0.28279873728752136,-2.4875855445861816,460,1,5198,56688,0,-1,0.0,0.0,0,0,0,,4,460,1,5198,56688,0,2147483647,0.0,0.0,27,4,-59,GSM,460,1,5198,49989,0,2147483647,0.0,0.0,20,4,-73,GSM,460,1,5198,49988,0,2147483647,0.0,0.0,19,4,-75,GSM,460,1,5198,42518,0,2147483647,0.0,0.0,22,4,-69,GSM
1523512122898,121.21241945,31.29026634,18.0,24.0,0.0,-59,true,-1,-1,5,65.0,4000.0,-20.9503173828125,14.6759033203125,38.6688232421875,0.2716226875782013,-0.19208849966526031,-2.5007307529449463,460,1,5198,56688,0,-1,0.0,0.0,0,0,0,,4,460,1,5198,56688,0,2147483647,0.0,0.0,26,4,-61,GSM,460,1,5198,49989,0,2147483647,0.0,0.0,20,4,-73,GSM,460,1,5198,49988,0,2147483647,0.0,0.0,19,4,-75,GSM,460,1,5198,42518,0,2147483647,0.0,0.0,21,4,-71,GSM
1523512125951,121.21241945,31.29026634,18.0,24.0,0.0,-61,true,-1,-1,5,65.0,4000.0,-21.990966796875,18.5760498046875,35.0677490234375,0.1575326919555664,-0.37397393584251404,-2.4572222232818604,460,1,5198,56688,0,-1,0.0,0.0,0,0,0,,4,460,1,5198,56688,0,2147483647,0.0,0.0,26,4,-61,GSM,460,1,5198,49989,0,2147483647,0.0,0.0,21,4,-71,GSM,460,1,5198,49988,0,2147483647,0.0,0.0,18,4,-77,GSM,460,1,5198,42518,0,2147483647,0.0,0.0,21,4,-71,GSM
1523512129029,121.21256006,31.29045733,18.0,30.0,0.0,-61,true,-1,-1,5,65.0,4000.0,-24.58953857421875,15.875244140625,35.36834716796875,-0.13716183602809906,-0.2812868356704712,-2.6212174892425537,460,1,5198,56688,0,-1,0.0,0.0,0,0,0,,4,460,1,5198,56688,0,2147483647,0.0,0.0,27,4,-59,GSM,460,1,5198,49989,0,2147483647,0.0,0.0,20,4,-73,GSM,460,1,5198,49988,0,2147483647,0.0,0.0,20,4,-73,GSM,460,1,5198,42518,0,2147483647,0.0,0.0,21,4,-71,GSM
1523512132105,121.21256006,31.29045733,18.0,30.0,0.0,-59,true,-1,-1,5,65.0,4000.0,-20.60089111328125,14.37530517578125,41.0675048828125,0.07890993356704712,-0.4544966518878937,-2.619719982147217,460,1,5198,56688,0,-1,0.0,0.0,0,0,0,,4,460,1,5198,56688,0,2147483647,0.0,0.0,26,4,-61,GSM,460,1,5198,49989,0,2147483647,0.0,0.0,20,4,-73,GSM,460,1,5198,49988,0,2147483647,0.0,0.0,20,4,-73,GSM,460,1,5198,42518,0,2147483647,0.0,0.0,20,4,-73,GSM
1523512135152,121.21268582,31.29064872,19.0,25.0,0.0,-61,true,-1,-1,5,65.0,4000.0,-44.6807861328125,-7.22503662109375,31.768798828125,-0.8214862942695618,-0.4010048508644104,-2.46559739112854,460,1,5198,56688,0,-1,0.0,0.0,0,0,0,,4,460,1,5198,56688,0,2147483647,0.0,0.0,26,4,-61,GSM,460,1,5198,49989,0,2147483647,0.0,0.0,19,4,-75,GSM,460,1,5198,49988,0,2147483647,0.0,0.0,20,4,-73,GSM,460,1,5198,42518,0,2147483647,0.0,0.0,20,4,-73,GSM
1523512138240,121.21268582,31.29064872,19.0,25.0,0.0,-61,true,-1,-1,5,65.0,4000.0,-37.22991943359375,-15.924072265625,10.467529296875,-1.690039873123169,-0.4035998582839966,-2.5379369258880615,460,1,5198,56688,0,-1,0.0,0.0,0,0,0,,4,460,1,5198,56688,0,2147483647,0.0,0.0,30,4,-53,GSM,460,1,5198,49989,0,2147483647,0.0,0.0,20,4,-73,GSM,460,1,5198,49988,0,2147483647,0.0,0.0,21,4,-71,GSM,460,1,5198,42518,0,2147483647,0.0,0.0,21,4,-71,GSM
1523512141295,121.21266336,31.29085341,20.0,37.0,0.0,-51,true,-1,-1,5,65.0,4000.0,-25.970458984375,-33.3251953125,13.76800537109375,-2.5036709308624268,-0.45475807785987854,-2.544304609298706,460,1,5198,56688,0,-1,0.0,0.0,0,0,0,,4,460,1,5198,56688,0,2147483647,0.0,0.0,31,4,-51,GSM,460,1,5198,49989,0,2147483647,0.0,0.0,20,4,-73,GSM,460,1,5198,49988,0,2147483647,0.0,0.0,21,4,-71,GSM,460,1,5198,42518,0,2147483647,0.0,0.0,21,4,-71,GSM
1523512144454,121.21266336,31.29085341,20.0,37.0,0.0,-51,true,-1,-1,5,65.0,4000.0,-34.98077392578125,-17.12493896484375,11.96746826171875,-1.9132020473480225,-0.3077842593193054,-2.429448366165161,460,1,5198,56688,0,-1,0.0,0.0,0,0,0,,4,460,1,5198,56688,0,2147483647,0.0,0.0,31,4,-51,GSM,460,1,5198,49989,0,2147483647,0.0,0.0,20,4,-73,GSM,460,1,5198,49988,0,2147483647,0.0,0.0,21,4,-71,GSM,460,1,5198,42518,0,2147483647,0.0,0.0,22,4,-69,GSM
1523512147427,121.21248486,31.29093085,16.0,27.0,4.03,-51,true,-1,-1,5,65.0,4000.0,-33.07037353515625,-25.52490234375,12.26806640625,-2.100959300994873,-0.41408461332321167,-2.523911237716675,460,1,5198,56688,0,-1,0.0,0.0,0,0,0,,4,460,1,5198,56688,0,2147483647,0.0,0.0,31,4,-51,GSM,460,1,5198,49989,0,2147483647,0.0,0.0,21,4,-71,GSM,460,1,5198,49988,0,2147483647,0.0,0.0,22,4,-69,GSM,460,1,5198,42518,0,2147483647,0.0,0.0,22,4,-69,GSM
1523512150502,121.21223406,31.291057,18.0,25.0,4.1309805,-51,true,-1,-1,5,65.0,4000.0,-34.1094970703125,-25.823974609375,9.86785888671875,-2.1440446376800537,-0.3551742732524872,-2.5524721145629883,460,1,5198,56688,0,-1,0.0,0.0,0,0,0,,4,460,1,5198,56688,0,2147483647,0.0,0.0,31,4,-51,GSM,460,1,5198,49989,0,2147483647,0.0,0.0,22,4,-69,GSM,460,1,5198,49988,0,2147483647,0.0,0.0,22,4,-69,GSM,460,1,5198,42518,0,2147483647,0.0,0.0,22,4,-69,GSM
1523512153555,121.21209808,31.29111248,19.0,23.0,0.0,-51,true,-1,-1,5,65.0,4000.0,-30.999755859375,-21.624755859375,15.86761474609375,-1.9398688077926636,-0.44258370995521545,-2.5427050590515137,460,1,5198,56688,0,-1,0.0,0.0,0,0,0,,4,460,1,5198,56688,0,2147483647,0.0,0.0,31,4,-51,GSM,460,1,5198,49989,0,2147483647,0.0,0.0,22,4,-69,GSM,460,1,5198,49988,0,2147483647,0.0,0.0,22,4,-69,GSM,460,1,5198,42518,0,2147483647,0.0,0.0,23,4,-67,GSM
1523512156629,121.21198467,31.29115454,18.0,22.0,0.0,-51,true,-1,-1,5,65.0,4000.0,-30.65032958984375,-24.32403564453125,9.86785888671875,-2.1891138553619385,-0.35402873158454895,-2.5380966663360596,460,1,5198,56688,0,-1,0.0,0.0,0,0,0,,4,460,1,5198,56688,0,2147483647,0.0,0.0,31,4,-51,GSM,460,1,5198,49989,0,2147483647,0.0,0.0,23,4,-67,GSM,460,1,5198,49988,0,2147483647,0.0,0.0,23,4,-67,GSM,460,1,5198,42518,0,2147483647,0.0,0.0,23,4,-67,GSM
1523512159695,121.21182805,31.29118855,18.0,19.0,3.980804,-51,true,-1,-1,5,65.0,4000.0,-31.69097900390625,-26.7242431640625,12.26806640625,-2.18998646736145,-0.42938143014907837,-2.4592225551605225,460,1,5198,56688,0,-1,0.0,0.0,0,0,0,,4,460,1,5198,56688,0,2147483647,0.0,0.0,31,4,-51,GSM,460,1,5198,49989,0,2147483647,0.0,0.0,22,4,-69,GSM,460,1,5198,49988,0,2147483647,0.0,0.0,22,4,-69,GSM,460,1,5198,42518,0,2147483647,0.0,0.0,23,4,-67,GSM
1523512162780,121.21167739,31.29121994,17.0,21.0,0.0,-51,true,-1,-1,5,65.0,4000.0,-32.89947509765625,-29.72412109375,4.168701171875,-2.2751598358154297,-0.3816940188407898,-2.395554304122925,460,1,5198,56688,0,-1,0.0,0.0,0,0,0,,4,460,1,5198,56688,0,2147483647,0.0,0.0,31,4,-51,GSM,460,1,5198,49989,0,2147483647,0.0,0.0,21,4,-71,GSM,460,1,5198,49988,0,2147483647,0.0,0.0,20,4,-73,GSM,460,1,5198,42518,0,2147483647,0.0,0.0,23,4,-67,GSM
1523512165839,121.21156449,31.2912258,16.0,21.0,3.9100385,-51,true,-1,-1,5,65.0,4000.0,-29.60968017578125,-29.72412109375,11.66839599609375,-2.3218271732330322,-0.4384624660015106,-2.4887936115264893,460,1,5198,56688,0,-1,0.0,0.0,0,0,0,,5,460,1,5198,56688,0,2147483647,0.0,0.0,31,4,-51,GSM,460,1,5198,49989,0,2147483647,0.0,0.0,21,4,-71,GSM,460,1,5198,49988,0,2147483647,0.0,0.0,20,4,-73,GSM,460,1,5198,42518,0,2147483647,0.0,0.0,22,4,-69,GSM,0,0,0,-1,0,2147483647,0.0,0.0,22,4,-69,GSM
1523512168921,121.21142592,31.29124353,16.0,21.0,4.1107783,-51,true,-1,-1,5,65.0,4000.0,-30.48095703125,-28.5247802734375,11.3677978515625,-2.351379871368408,-0.4461516737937927,-2.338412046432495,460,1,5198,56688,0,-1,0.0,0.0,0,0,0,,5,460,1,5198,56688,0,2147483647,0.0,0.0,31,4,-51,GSM,460,1,5198,49989,0,2147483647,0.0,0.0,20,4,-73,GSM,460,1,5198,49988,0,2147483647,0.0,0.0,19,4,-75,GSM,460,1,5198,42518,0,2147483647,0.0,0.0,22,4,-69,GSM,460,1,5198,56689,0,2147483647,0.0,0.0,22,4,-69,GSM
1523512171981,121.21129779,31.29124156,14.0,21.0,3.8175516,-51,true,-1,-1,5,65.0,4000.0,-24.2401123046875,-32.4249267578125,13.76800537109375,-2.7929911613464355,-0.277574360370636,-2.4045655727386475,460,1,5198,56688,0,-1,0.0,0.0,0,0,0,,5,460,1,5198,56688,0,2147483647,0.0,0.0,31,4,-51,GSM,460,1,5198,49989,0,2147483647,0.0,0.0,20,4,-73,GSM,460,1,5198,49988,0,2147483647,0.0,0.0,17,4,-79,GSM,460,1,5198,42518,0,2147483647,0.0,0.0,23,4,-67,GSM,460,1,5198,56689,0,2147483647,0.0,0.0,22,4,-69,GSM
1523512175040,121.21115296,31.29124377,15.0,18.0,0.0,-51,true,-1,-1,5,65.0,4000.0,-31.34002685546875,-25.22430419921875,12.26806640625,-2.255962610244751,-0.3241036534309387,-2.5165116786956787,460,1,5198,56688,0,-1,0.0,0.0,0,0,0,,5,460,1,5198,56688,0,2147483647,0.0,0.0,31,4,-51,GSM,460,1,5198,49989,0,2147483647,0.0,0.0,18,4,-77,GSM,460,1,5198,42518,0,2147483647,0.0,0.0,23,4,-67,GSM,460,1,5198,56689,0,2147483647,0.0,0.0,22,4,-69,GSM,460,1,5198,56687,0,2147483647,0.0,0.0,19,4,-75,GSM
1523512178114,121.21099397,31.29127991,14.0,21.0,0.0,-51,true,-1,-1,5,65.0,4000.0,-27.7099609375,-32.4249267578125,13.1683349609375,-2.5725557804107666,-0.2051927149295807,-2.6006860733032227,460,1,5198,56688,0,-1,0.0,0.0,0,0,0,,4,460,1,5198,56688,0,2147483647,0.0,0.0,31,4,-51,GSM,460,1,5198,49989,0,2147483647,0.0,0.0,18,4,-77,GSM,460,1,5198,42518,0,2147483647,0.0,0.0,22,4,-69,GSM,460,1,5198,56689,0,2147483647,0.0,0.0,22,4,-69,GSM
1523512181180,121.21099397,31.29127991,14.0,21.0,0.0,-51,true,-1,-1,5,65.0,4000.0,-24.9298095703125,-33.92486572265625,13.76800537109375,-2.616746664047241,-0.43174365162849426,-2.492253303527832,460,1,5198,56688,0,-1,0.0,0.0,0,0,0,,3,460,1,5198,56688,0,2147483647,0.0,0.0,31,4,-51,GSM,460,1,5198,42518,0,2147483647,0.0,0.0,20,4,-73,GSM,460,1,5198,56689,0,2147483647,0.0,0.0,21,4,-71,GSM
1523512184243,121.21080332,31.29130272,17.0,22.0,3.6311157,-53,true,-1,-1,5,65.0,4000.0,-26.8402099609375,-32.7239990234375,11.66839599609375,-2.5174598693847656,-0.4110587537288666,-2.489297389984131,460,1,5198,56688,0,-1,0.0,0.0,0,0,0,,3,460,1,5198,56688,0,2147483647,0.0,0.0,28,4,-57,GSM,460,1,5198,42518,0,2147483647,0.0,0.0,18,4,-77,GSM,460,1,5198,56689,0,2147483647,0.0,0.0,21,4,-71,GSM
1523512187454,121.21080332,31.29130272,17.0,22.0,3.6311157,-53,true,-1,-1,5,65.0,4000.0,-25.799560546875,-34.22393798828125,11.66839599609375,-2.6160924434661865,-0.3796033561229706,-2.473785638809204,460,1,5198,56688,0,-1,0.0,0.0,0,0,0,,2,460,1,5198,56688,0,2147483647,0.0,0.0,28,4,-57,GSM,460,1,5198,56689,0,2147483647,0.0,0.0,20,4,-73,GSM
1523512190378,121.21055812,31.29131691,20.0,26.0,0.0,-57,true,-1,-1,5,65.0,4000.0,-16.9708251953125,-43.22509765625,19.1680908203125,-2.9781222343444824,-0.5419097542762756,-2.5720791816711426,460,1,5198,56688,0,-1,0.0,0.0,0,0,0,,3,460,1,5198,56688,0,2147483647,0.0,0.0,31,4,-51,GSM,460,1,5198,56689,0,2147483647,0.0,0.0,20,4,-73,GSM,460,1,5198,42518,0,2147483647,0.0,0.0,18,4,-77,GSM
1523512193460,121.21055812,31.29131691,20.0,26.0,0.0,-51,true,-1,-1,5,65.0,4000.0,-24.76043701171875,-21.02508544921875,15.2679443359375,-2.650052547454834,-0.3049957752227783,-2.336953639984131,460,1,5198,56688,0,-1,0.0,0.0,0,0,0,,3,460,1,5198,56688,0,2147483647,0.0,0.0,31,4,-51,GSM,460,1,5198,56689,0,2147483647,0.0,0.0,20,4,-73,GSM,460,1,5198,42518,0,2147483647,0.0,0.0,16,4,-81,GSM
1523512196507,121.21033939,31.29133736,17.0,26.0,3.2800152,-51,true,-1,-1,5,65.0,4000.0,-19.90966796875,-23.42529296875,12.26806640625,-2.7061007022857666,-0.2911686301231384,-2.4486567974090576,460,1,5198,56688,0,-1,0.0,0.0,0,0,0,,3,460,1,5198,56688,0,2147483647,0.0,0.0,31,4,-51,GSM,460,1,5198,56689,0,2147483647,0.0,0.0,20,4,-73,GSM,460,1,5198,49989,0,2147483647,0.0,0.0,16,4,-81,GSM
1523512199581,121.21033939,31.29133736,17.0,26.0,3.2800152,-51,true,-1,-1,5,65.0,4000.0,-27.5299072265625,-29.72412109375,8.66851806640625,-2.3941924571990967,-0.41130757331848145,-2.482977867126465,460,1,5198,56688,0,-1,0.0,0.0,0,0,0,,3,460,1,5198,56688,0,2147483647,0.0,0.0,30,4,-53,GSM,460,1,5198,56689,0,2147483647,0.0,0.0,21,4,-71,GSM,460,1,5198,49989,0,2147483647,0.0,0.0,17,4,-79,GSM
1523512202631,121.2100946,31.29135524,19.0,30.0,0.0,-51,true,-1,-1,5,65.0,4000.0,-28.73992919921875,-33.02459716796875,7.76824951171875,-2.4150936603546143,-0.42704492807388306,-2.483081817626953,460,1,5198,56688,0,-1,0.0,0.0,0,0,0,,3,460,1,5198,56688,0,2147483647,0.0,0.0,27,4,-59,GSM,460,1,5198,56689,0,2147483647,0.0,0.0,20,4,-73,GSM,460,1,5198,49989,0,2147483647,0.0,0.0,17,4,-79,GSM
1523512205714,121.20985449,31.29137736,19.0,24.0,4.2805724,-55,true,-1,-1,5,65.0,4000.0,-25.45013427734375,-35.4248046875,8.66851806640625,-2.5789647102355957,-0.44037485122680664,-2.4487462043762207,460,1,5198,56688,0,-1,0.0,0.0,0,0,0,,3,460,1,5198,56688,0,2147483647,0.0,0.0,24,4,-65,GSM,460,1,5198,56689,0,2147483647,0.0,0.0,20,4,-73,GSM,460,1,5198,49989,0,2147483647,0.0,0.0,17,4,-79,GSM
1523512208768,121.20972433,31.29138421,17.0,21.0,4.521106,-63,true,-1,-1,5,65.0,4000.0,-29.96063232421875,-31.82525634765625,6.268310546875,-2.222217082977295,-0.534951388835907,-2.535454273223877,460,1,5198,56688,0,-1,0.0,0.0,0,0,0,,3,460,1,5198,56688,0,2147483647,0.0,0.0,22,4,-69,GSM,460,1,5198,56689,0,2147483647,0.0,0.0,20,4,-73,GSM,460,1,5198,49989,0,2147483647,0.0,0.0,18,4,-77,GSM
1523512211827,121.20960414,31.29137121,15.0,19.0,4.352252,-69,true,-1,-1,5,65.0,4000.0,-27.5299072265625,-34.22393798828125,6.86798095703125,-2.402670383453369,-0.46454957127571106,-2.5701494216918945,460,1,5198,56688,0,-1,0.0,0.0,0,0,0,,4,460,1,5198,56688,0,2147483647,0.0,0.0,23,4,-67,GSM,460,1,5198,56689,0,2147483647,0.0,0.0,21,4,-71,GSM,460,1,5198,49989,0,2147483647,0.0,0.0,19,4,-75,GSM,460,1,5198,42517,0,2147483647,0.0,0.0,17,4,-79,GSM
1523512214905,121.20946333,31.29137537,15.0,19.0,0.0,-69,true,-1,-1,5,65.0,4000.0,-27.00958251953125,-36.92474365234375,7.76824951171875,-2.469431161880493,-0.4693160653114319,-2.5757501125335693,460,1,5198,56688,0,-1,0.0,0.0,0,0,0,,5,460,1,5198,56688,0,2147483647,0.0,0.0,21,4,-71,GSM,460,1,5198,56689,0,2147483647,0.0,0.0,22,4,-69,GSM,460,1,5198,49989,0,2147483647,0.0,0.0,19,4,-75,GSM,460,1,5198,42517,0,2147483647,0.0,0.0,18,4,-77,GSM,460,1,5198,42518,0,2147483647,0.0,0.0,15,4,-83,GSM
1523512217960,121.20930642,31.29138503,15.0,19.0,4.6842713,-69,true,-1,-1,5,65.0,4000.0,-33.94012451171875,-32.7239990234375,2.3681640625,-2.072683095932007,-0.7483784556388855,-2.95206618309021,460,1,5198,56688,0,-1,0.0,0.0,0,0,0,,5,460,1,5198,56688,0,2147483647,0.0,0.0,19,4,-75,GSM,460,1,5198,56689,0,2147483647,0.0,0.0,22,4,-69,GSM,460,1,5198,49989,0,2147483647,0.0,0.0,20,4,-73,GSM,460,1,5198,42517,0,2147483647,0.0,0.0,18,4,-77,GSM,460,1,5198,56687,0,2147483647,0.0,0.0,16,4,-81,GSM
1523512221039,121.20916258,31.29139814,16.0,22.0,0.0,-75,true,-1,-1,5,65.0,4000.0,-27.36053466796875,-33.92486572265625,2.3681640625,-2.4481241703033447,-0.37751320004463196,-2.5094079971313477,460,1,5198,56689,0,-1,0.0,0.0,0,0,0,,5,460,1,5198,56688,0,2147483647,0.0,0.0,18,4,-77,GSM,460,1,5198,56689,0,2147483647,0.0,0.0,21,4,-71,GSM,460,1,5198,49989,0,2147483647,0.0,0.0,18,4,-77,GSM,460,1,5198,42517,0,2147483647,0.0,0.0,18,4,-77,GSM,460,1,5198,42518,0,2147483647,0.0,0.0,17,4,-79,GSM
1523512224096,121.20916258,31.29139814,16.0,22.0,0.0,-53,true,-1,-1,5,65.0,4000.0,-28.05023193359375,-32.7239990234375,4.168701171875,-2.2510154247283936,-0.5798135995864868,-2.53879714012146,460,1,5198,56689,0,-1,0.0,0.0,0,0,0,,4,460,1,5198,56689,0,2147483647,0.0,0.0,29,4,-55,GSM,460,1,5198,49989,0,2147483647,0.0,0.0,18,4,-77,GSM,460,1,5198,42517,0,2147483647,0.0,0.0,20,4,-73,GSM,460,1,5198,56688,0,2147483647,0.0,0.0,17,4,-79,GSM
1523512227161,121.20895935,31.29140965,23.0,22.0,0.0,-53,true,-1,-1,5,65.0,4000.0,-21.29974365234375,-35.723876953125,9.2681884765625,-2.5717990398406982,-0.5286104679107666,-2.612170457839966,460,1,5198,56689,0,-1,0.0,0.0,0,0,0,,4,460,1,5198,56689,0,2147483647,0.0,0.0,28,4,-57,GSM,460,1,5198,49989,0,2147483647,0.0,0.0,17,4,-79,GSM,460,1,5198,42517,0,2147483647,0.0,0.0,22,4,-69,GSM,460,1,5198,56688,0,2147483647,0.0,0.0,17,4,-79,GSM
1523512230233,121.20895935,31.29140965,23.0,22.0,0.0,-59,true,-1,-1,5,65.0,4000.0,0.1800537109375,-49.82452392578125,21.2677001953125,2.7978296279907227,-0.5021998882293701,-2.510547161102295,460,1,5198,56689,0,-1,0.0,0.0,0,0,0,,3,460,1,5198,56689,0,2147483647,0.0,0.0,27,4,-59,GSM,460,1,5198,42517,0,2147483647,0.0,0.0,22,4,-69,GSM,460,1,5198,56688,0,2147483647,0.0,0.0,18,4,-77,GSM
1523512233298,121.20868842,31.29137511,22.0,25.0,4.051,-57,true,-1,-1,5,65.0,4000.0,13.67950439453125,-43.524169921875,26.068115234375,2.4655818939208984,-0.4778183102607727,-2.5627455711364746,460,1,5198,56689,0,-1,0.0,0.0,0,0,0,,5,460,1,5198,56689,0,2147483647,0.0,0.0,27,4,-59,GSM,460,1,5198,42517,0,2147483647,0.0,0.0,25,4,-63,GSM,460,1,5198,56688,0,2147483647,0.0,0.0,18,4,-77,GSM,460,1,5198,42518,0,2147483647,0.0,0.0,18,4,-77,GSM,0,0,0,-1,0,2147483647,0.0,0.0,18,4,-77,GSM
1523512236469,121.20868842,31.29137511,22.0,25.0,4.051,-57,true,-1,-1,5,65.0,4000.0,11.94915771484375,-43.82476806640625,-15.33203125,-2.734922170639038,-0.5836392045021057,-0.013073918409645557,460,1,5198,56689,0,-1,0.0,0.0,0,0,0,,4,460,1,5198,56689,0,2147483647,0.0,0.0,28,4,-57,GSM,460,1,5198,42517,0,2147483647,0.0,0.0,27,4,-59,GSM,460,1,5198,56688,0,2147483647,0.0,0.0,18,4,-77,GSM,460,1,5198,42518,0,2147483647,0.0,0.0,20,4,-73,GSM
1523512239425,121.20853297,31.29116621,21.0,28.0,4.1704316,-57,true,-1,-1,5,65.0,4000.0,19.56939697265625,-39.6240234375,-17.73223876953125,-2.3778343200683594,-0.6414642333984375,-0.16852612793445587,460,1,5198,56689,0,-1,0.0,0.0,0,0,0,,4,460,1,5198,56689,0,2147483647,0.0,0.0,29,4,-55,GSM,460,1,5198,42517,0,2147483647,0.0,0.0,27,4,-59,GSM,460,1,5198,56688,0,2147483647,0.0,0.0,19,4,-75,GSM,460,1,5198,42518,0,2147483647,0.0,0.0,20,4,-73,GSM
1523512242493,121.20855331,31.29088364,21.0,29.0,0.0,-57,true,-1,-1,5,65.0,4000.0,8.65936279296875,-47.72491455078125,26.9683837890625,2.519528865814209,-0.6094306111335754,-2.6826043128967285,460,1,5198,56689,0,-1,0.0,0.0,0,0,0,,5,460,1,5198,56689,0,2147483647,0.0,0.0,26,4,-61,GSM,460,1,5198,42517,0,2147483647,0.0,0.0,30,4,-53,GSM,460,1,5198,56688,0,2147483647,0.0,0.0,19,4,-75,GSM,460,1,5198,42518,0,2147483647,0.0,0.0,21,4,-71,GSM,460,1,5198,42519,0,2147483647,0.0,0.0,19,4,-75,GSM
1523512245582,121.20855331,31.29088364,21.0,29.0,0.0,-57,true,-1,-1,5,65.0,4000.0,10.38970947265625,-43.22509765625,24.56817626953125,2.5747244358062744,-0.3955852687358856,-2.602649450302124,460,1,5198,56689,0,-1,0.0,0.0,0,0,0,,6,460,1,5198,56689,0,2147483647,0.0,0.0,25,4,-63,GSM,460,1,5198,42517,0,2147483647,0.0,0.0,31,4,-51,GSM,460,1,5198,56688,0,2147483647,0.0,0.0,19,4,-75,GSM,460,1,5198,42518,0,2147483647,0.0,0.0,21,4,-71,GSM,460,1,5198,42519,0,2147483647,0.0,0.0,20,4,-73,GSM,460,1,5198,56687,0,2147483647,0.0,0.0,19,4,-75,GSM
1523512248631,121.20852506,31.29072496,20.0,26.0,0.0,-59,true,-1,-1,5,65.0,4000.0,5.7098388671875,-47.42431640625,21.868896484375,2.7723381519317627,-0.4497753977775574,-2.7582449913024902,460,1,5198,42517,0,-1,0.0,0.0,0,0,0,,2,460,1,5198,42517,0,2147483647,0.0,0.0,31,4,-51,GSM,460,1,5198,42518,0,2147483647,0.0,0.0,22,4,-69,GSM
1523512251701,121.20852506,31.29072496,20.0,26.0,0.0,-51,true,-1,-1,5,65.0,4000.0,6.05926513671875,-47.125244140625,27.26898193359375,2.5734174251556396,-0.5150072574615479,-2.558407783508301,460,1,5198,42517,0,-1,0.0,0.0,0,0,0,,2,460,1,5198,42517,0,2147483647,0.0,0.0,31,4,-51,GSM,460,1,5198,42518,0,2147483647,0.0,0.0,21,4,-71,GSM
1523512254767,121.20836902,31.29056883,22.0,30.0,0.0,-51,true,-1,-1,5,65.0,4000.0,6.91986083984375,-45.32470703125,27.56805419921875,2.6273655891418457,-0.4827691912651062,-2.762352228164673,460,1,5198,42517,0,-1,0.0,0.0,0,0,0,,3,460,1,5198,42517,0,2147483647,0.0,0.0,31,4,-51,GSM,460,1,5198,42518,0,2147483647,0.0,0.0,21,4,-71,GSM,460,1,5198,42519,0,2147483647,0.0,0.0,22,4,-69,GSM
1523512257849,121.20836902,31.29056883,22.0,30.0,0.0,-51,true,-1,-1,5,65.0,4000.0,6.75048828125,-43.524169921875,23.0682373046875,2.649033784866333,-0.4731067419052124,-2.6682374477386475,460,1,5198,42517,0,-1,0.0,0.0,0,0,0,,3,460,1,5198,42517,0,2147483647,0.0,0.0,31,4,-51,GSM,460,1,5198,42518,0,2147483647,0.0,0.0,20,4,-73,GSM,460,1,5198,42519,0,2147483647,0.0,0.0,22,4,-69,GSM
1523512260897,121.20814805,31.29043301,22.0,26.0,0.0,-51,true,-1,-1,5,65.0,4000.0,7.96051025390625,-48.62518310546875,21.56829833984375,2.659165859222412,-0.6076462268829346,-2.7279655933380127,460,1,5198,42517,0,-1,0.0,0.0,0,0,0,,3,460,1,5198,42517,0,2147483647,0.0,0.0,30,4,-53,GSM,460,1,5198,42518,0,2147483647,0.0,0.0,20,4,-73,GSM,460,1,5198,42519,0,2147483647,0.0,0.0,23,4,-67,GSM
1523512263968,121.20814805,31.29043301,22.0,26.0,0.0,-55,true,-1,-1,5,65.0,4000.0,1.39007568359375,-48.62518310546875,22.16796875,2.7656900882720947,-0.526358425617218,-2.5775420665740967,460,1,5198,42517,0,-1,0.0,0.0,0,0,0,,3,460,1,5198,42517,0,2147483647,0.0,0.0,30,4,-53,GSM,460,1,5198,42518,0,2147483647,0.0,0.0,20,4,-73,GSM,460,1,5198,42519,0,2147483647,0.0,0.0,23,4,-67,GSM
1523512267024,121.20796862,31.29028776,25.0,25.0,0.0,-55,true,-1,-1,5,65.0,4000.0,6.75048828125,-48.02398681640625,30.26885986328125,2.6325576305389404,-0.40536776185035706,-2.6899478435516357,460,1,5198,42517,0,-1,0.0,0.0,0,0,0,,3,460,1,5198,42517,0,2147483647,0.0,0.0,30,4,-53,GSM,460,1,5198,42518,0,2147483647,0.0,0.0,20,4,-73,GSM,460,1,5198,42519,0,2147483647,0.0,0.0,24,4,-65,GSM
1523512270106,121.20796862,31.29028776,25.0,25.0,0.0,-53,true,-1,-1,5,65.0,4000.0,8.65936279296875,-48.02398681640625,25.1678466796875,2.597860813140869,-0.539085328578949,-2.6676883697509766,460,1,5198,42517,0,-1,0.0,0.0,0,0,0,,3,460,1,5198,42517,0,2147483647,0.0,0.0,30,4,-53,GSM,460,1,5198,42518,0,2147483647,0.0,0.0,19,4,-75,GSM,460,1,5198,42519,0,2147483647,0.0,0.0,26,4,-61,GSM
1523512273155,121.20777359,31.29012757,28.0,31.0,0.0,-53,true,-1,-1,5,65.0,4000.0,3.45916748046875,-48.62518310546875,25.1678466796875,2.753135919570923,-0.4198590815067291,-2.6602976322174072,460,1,5198,42517,0,-1,0.0,0.0,0,0,0,,5,460,1,5198,42517,0,2147483647,0.0,0.0,30,4,-53,GSM,460,1,5198,42518,0,2147483647,0.0,0.0,20,4,-73,GSM,460,1,5198,42519,0,2147483647,0.0,0.0,26,4,-61,GSM,0,0,0,-1,0,2147483647,0.0,0.0,20,4,-73,GSM,460,1,5198,56688,0,2147483647,0.0,0.0,17,4,-79,GSM
1523512276225,121.20777359,31.29012757,28.0,31.0,0.0,-53,true,-1,-1,5,65.0,4000.0,3.1097412109375,-48.02398681640625,22.76763916015625,2.778048276901245,-0.4081975519657135,-2.6211142539978027,460,1,5198,42517,0,-1,0.0,0.0,0,0,0,,5,460,1,5198,42517,0,2147483647,0.0,0.0,31,4,-51,GSM,460,1,5198,42518,0,2147483647,0.0,0.0,20,4,-73,GSM,460,1,5198,42519,0,2147483647,0.0,0.0,27,4,-59,GSM,0,0,0,-1,0,2147483647,0.0,0.0,20,4,-73,GSM,460,1,5198,56688,0,2147483647,0.0,0.0,17,4,-79,GSM
1523512279295,121.20759773,31.28990735,36.0,33.0,0.0,-53,true,-1,-1,5,65.0,4000.0,4.3304443359375,-46.5240478515625,29.66766357421875,2.6080594062805176,-0.39235615730285645,-2.536494493484497,460,1,5198,42517,0,-1,0.0,0.0,0,0,0,,5,460,1,5198,42517,0,2147483647,0.0,0.0,27,4,-59,GSM,460,1,5198,42518,0,2147483647,0.0,0.0,20,4,-73,GSM,460,1,5198,42519,0,2147483647,0.0,0.0,28,4,-57,GSM,0,0,0,-1,0,2147483647,0.0,0.0,20,4,-73,GSM,460,1,5198,56688,0,2147483647,0.0,0.0,18,4,-77,GSM
1523512282373,121.20759773,31.28990735,36.0,33.0,0.0,-59,true,-1,-1,5,65.0,4000.0,2.94036865234375,-44.4244384765625,20.068359375,2.7614192962646484,-0.4596377909183502,-2.579953193664551,460,1,5198,42517,0,-1,0.0,0.0,0,0,0,,5,460,1,5198,42517,0,2147483647,0.0,0.0,27,4,-59,GSM,460,1,5198,42518,0,2147483647,0.0,0.0,19,4,-75,GSM,460,1,5198,42519,0,2147483647,0.0,0.0,29,4,-55,GSM,0,0,0,-1,0,2147483647,0.0,0.0,21,4,-71,GSM,460,1,5198,56688,0,2147483647,0.0,0.0,20,4,-73,GSM
1523512285421,121.2074584,31.28973925,39.0,36.0,0.0,-59,true,-1,-1,5,65.0,4000.0,0.0091552734375,-46.82464599609375,25.76751708984375,2.7350237369537354,-0.44943904876708984,-2.5616543292999268,460,1,5198,42519,0,-1,0.0,0.0,0,0,0,,5,460,1,5198,42519,0,2147483647,0.0,0.0,27,4,-59,GSM,460,1,5198,42518,0,2147483647,0.0,0.0,19,4,-75,GSM,460,1,5198,42519,0,2147483647,0.0,0.0,29,4,-55,GSM,0,0,0,-1,0,2147483647,0.0,0.0,21,4,-71,GSM,460,1,5198,56688,0,2147483647,0.0,0.0,20,4,-73,GSM
1523512288495,121.20726564,31.28962454,37.0,27.0,3.66,-53,true,-1,-1,5,65.0,4000.0,9.869384765625,-44.72503662109375,31.46820068359375,2.5260188579559326,-0.2995690107345581,-2.5381462574005127,460,1,5198,42519,0,-1,0.0,0.0,0,0,0,,3,460,1,5198,42519,0,2147483647,0.0,0.0,29,4,-55,GSM,460,1,5198,43857,0,2147483647,0.0,0.0,21,4,-71,GSM,460,1,5198,56688,0,2147483647,0.0,0.0,20,4,-73,GSM
1523512291556,121.20727576,31.28951041,31.0,23.0,3.9308143,-53,true,-1,-1,5,65.0,4000.0,15.5792236328125,-40.2252197265625,38.36822509765625,2.1958956718444824,-0.485440731048584,-2.5515637397766113,460,1,5198,42519,0,-1,0.0,0.0,0,0,0,,6,460,1,5198,42519,0,2147483647,0.0,0.0,30,4,-53,GSM,460,1,5198,43857,0,2147483647,0.0,0.0,21,4,-71,GSM,460,1,5198,56688,0,2147483647,0.0,0.0,20,4,-73,GSM,0,0,0,-1,0,2147483647,0.0,0.0,24,4,-65,GSM,0,0,0,-1,0,2147483647,0.0,0.0,19,4,-75,GSM,0,0,0,-1,0,2147483647,0.0,0.0,18,4,-77,GSM
1523512294620,121.20736838,31.28935852,29.0,21.0,3.83,-53,true,-1,-1,5,65.0,4000.0,20.42999267578125,-38.12408447265625,45.56884765625,1.9778751134872437,-0.562706470489502,-2.5391695499420166,460,1,5198,42519,0,-1,0.0,0.0,0,0,0,,6,460,1,5198,42519,0,2147483647,0.0,0.0,29,4,-55,GSM,460,1,5198,43857,0,2147483647,0.0,0.0,20,4,-73,GSM,460,1,5198,56688,0,2147483647,0.0,0.0,20,4,-73,GSM,460,1,5198,42517,0,2147483647,0.0,0.0,24,4,-65,GSM,0,0,0,-1,0,2147483647,0.0,0.0,19,4,-75,GSM,0,0,0,-1,0,2147483647,0.0,0.0,18,4,-77,GSM
1523512297676,121.20746975,31.28925453,28.0,20.0,3.1017735,-53,true,-1,-1,5,65.0,4000.0,20.25909423828125,-2.1240234375,57.86895751953125,1.2711421251296997,-0.3682102859020233,-2.6850533485412598,460,1,5198,42519,0,-1,0.0,0.0,0,0,0,,6,460,1,5198,42519,0,2147483647,0.0,0.0,28,4,-57,GSM,460,1,5198,43857,0,2147483647,0.0,0.0,20,4,-73,GSM,460,1,5198,56688,0,2147483647,0.0,0.0,19,4,-75,GSM,460,1,5198,42517,0,2147483647,0.0,0.0,23,4,-67,GSM,0,0,0,-1,0,2147483647,0.0,0.0,20,4,-73,GSM,0,0,0,-1,0,2147483647,0.0,0.0,18,4,-77,GSM
1523512300751,121.20757475,31.28918863,27.0,18.0,3.98,-59,true,-1,-1,5,65.0,4000.0,19.56939697265625,-9.625244140625,59.66796875,1.4170386791229248,-0.43306881189346313,-2.557725429534912,460,1,5198,42519,0,-1,0.0,0.0,0,0,0,,6,460,1,5198,42519,0,2147483647,0.0,0.0,24,4,-65,GSM,460,1,5198,43857,0,2147483647,0.0,0.0,20,4,-73,GSM,460,1,5198,56688,0,2147483647,0.0,0.0,18,4,-77,GSM,460,1,5198,42517,0,2147483647,0.0,0.0,21,4,-71,GSM,0,0,0,-1,0,2147483647,0.0,0.0,22,4,-69,GSM,0,0,0,-1,0,2147483647,0.0,0.0,18,4,-77,GSM
1523512303816,121.20767678,31.28910136,26.0,18.0,3.990614,-65,true,-1,-1,5,65.0,4000.0,18.00994873046875,-12.02392578125,59.368896484375,1.4782118797302246,-0.3955113887786865,-2.570009231567383,460,1,5198,42519,0,-1,0.0,0.0,0,0,0,,6,460,1,5198,42519,0,2147483647,0.0,0.0,24,4,-65,GSM,460,1,5198,43857,0,2147483647,0.0,0.0,19,4,-75,GSM,460,1,5198,56688,0,2147483647,0.0,0.0,18,4,-77,GSM,460,1,5198,42517,0,2147483647,0.0,0.0,21,4,-71,GSM,460,1,5198,42518,0,2147483647,0.0,0.0,22,4,-69,GSM,0,0,0,-1,0,2147483647,0.0,0.0,17,4,-79,GSM
1523512306883,121.20778099,31.28901651,24.0,18.0,4.0914793,-65,true,-1,-1,5,65.0,4000.0,19.90966796875,-6.32476806640625,59.66796875,1.3820440769195557,-0.3912246525287628,-2.576977252960205,460,1,5198,42519,0,-1,0.0,0.0,0,0,0,,6,460,1,5198,42519,0,2147483647,0.0,0.0,23,4,-67,GSM,460,1,5198,43857,0,2147483647,0.0,0.0,18,4,-77,GSM,460,1,5198,56688,0,2147483647,0.0,0.0,17,4,-79,GSM,460,1,5198,42517,0,2147483647,0.0,0.0,20,4,-73,GSM,460,1,5198,42518,0,2147483647,0.0,0.0,24,4,-65,GSM,0,0,0,-1,0,2147483647,0.0,0.0,17,4,-79,GSM
1523512309958,121.20789135,31.28895048,24.0,20.0,0.0,-65,true,-1,-1,5,65.0,4000.0,19.74029541015625,0.274658203125,54.5684814453125,1.2429367303848267,-0.40368860960006714,-2.623175859451294,460,1,5198,42519,0,-1,0.0,0.0,0,0,0,,6,460,1,5198,42519,0,2147483647,0.0,0.0,23,4,-67,GSM,460,1,5198,43857,0,2147483647,0.0,0.0,17,4,-79,GSM,460,1,5198,56688,0,2147483647,0.0,0.0,16,4,-81,GSM,460,1,5198,42517,0,2147483647,0.0,0.0,18,4,-77,GSM,460,1,5198,42518,0,2147483647,0.0,0.0,26,4,-61,GSM,0,0,0,-1,0,2147483647,0.0,0.0,16,4,-81,GSM
1523512313041,121.20789135,31.28895048,24.0,20.0,0.0,-65,true,-1,-1,5,65.0,4000.0,15.240478515625,-2.7252197265625,59.96856689453125,1.3471759557724,-0.29605722427368164,-2.595923662185669,460,1,5198,42518,0,-1,0.0,0.0,0,0,0,,4,460,1,5198,42518,0,2147483647,0.0,0.0,30,4,-53,GSM,460,1,5198,43857,0,2147483647,0.0,0.0,17,4,-79,GSM,460,1,5198,42517,0,2147483647,0.0,0.0,18,4,-77,GSM,460,1,5198,49989,0,2147483647,0.0,0.0,16,4,-81,GSM
1523512316095,121.20802956,31.28885763,24.0,24.0,0.0,-53,true,-1,-1,5,65.0,4000.0,19.219970703125,-6.6253662109375,57.26776123046875,1.3584959506988525,-0.41018930077552795,-2.613874912261963,460,1,5198,42518,0,-1,0.0,0.0,0,0,0,,4,460,1,5198,42518,0,2147483647,0.0,0.0,29,4,-55,GSM,460,1,5198,43857,0,2147483647,0.0,0.0,16,4,-81,GSM,460,1,5198,42517,0,2147483647,0.0,0.0,19,4,-75,GSM,460,1,5198,49989,0,2147483647,0.0,0.0,16,4,-81,GSM
1523512319171,121.20802956,31.28885763,24.0,24.0,0.0,-53,true,-1,-1,5,65.0,4000.0,19.74029541015625,-13.52386474609375,56.36749267578125,1.4850739240646362,-0.406318336725235,-2.6619014739990234,460,1,5198,42518,0,-1,0.0,0.0,0,0,0,,6,460,1,5198,42518,0,2147483647,0.0,0.0,31,4,-51,GSM,460,1,5198,43857,0,2147483647,0.0,0.0,16,4,-81,GSM,460,1,5198,42517,0,2147483647,0.0,0.0,19,4,-75,GSM,460,1,5198,49989,0,2147483647,0.0,0.0,16,4,-81,GSM,460,1,5198,42519,0,2147483647,0.0,0.0,22,4,-69,GSM,460,1,5198,56688,0,2147483647,0.0,0.0,15,4,-83,GSM
1523512322227,121.20828258,31.28872331,23.0,33.0,0.0,-51,true,-1,-1,5,65.0,4000.0,17.32025146484375,-15.924072265625,56.96868896484375,1.5737625360488892,-0.3858727812767029,-2.576627731323242,460,1,5198,42518,0,-1,0.0,0.0,0,0,0,,6,460,1,5198,42518,0,2147483647,0.0,0.0,29,4,-55,GSM,460,1,5198,43857,0,2147483647,0.0,0.0,16,4,-81,GSM,460,1,5198,42517,0,2147483647,0.0,0.0,18,4,-77,GSM,460,1,5198,49989,0,2147483647,0.0,0.0,17,4,-79,GSM,460,1,5198,42519,0,2147483647,0.0,0.0,21,4,-71,GSM,460,1,5198,56688,0,2147483647,0.0,0.0,15,4,-83,GSM
1523512325460,121.20828258,31.28872331,23.0,33.0,0.0,-57,true,-1,-1,5,65.0,4000.0,13.85040283203125,-8.7249755859375,57.568359375,1.3703773021697998,-0.39869219064712524,-2.6041207313537598,460,1,5198,42518,0,-1,0.0,0.0,0,0,0,,6,460,1,5198,42518,0,2147483647,0.0,0.0,25,4,-63,GSM,460,1,5198,43857,0,2147483647,0.0,0.0,15,4,-83,GSM,460,1,5198,42517,0,2147483647,0.0,0.0,18,4,-77,GSM,460,1,5198,49989,0,2147483647,0.0,0.0,18,4,-77,GSM,460,1,5198,42519,0,2147483647,0.0,0.0,21,4,-71,GSM,460,1,5198,56688,0,2147483647,0.0,0.0,14,4,-85,GSM
1523512328361,121.20845504,31.28863193,24.0,26.0,3.490702,-61,true,-1,-1,5,65.0,4000.0,-11.94000244140625,-31.524658203125,-35.73150634765625,2.450145721435547,-0.23761297762393951,0.20692700147628784,460,1,5198,42518,0,-1,0.0,0.0,0,0,0,,6,460,1,5198,42518,0,2147483647,0.0,0.0,27,4,-59,GSM,460,1,5198,43857,0,2147483647,0.0,0.0,14,4,-85,GSM,460,1,5198,42517,0,2147483647,0.0,0.0,19,4,-75,GSM,460,1,5198,49989,0,2147483647,0.0,0.0,18,4,-77,GSM,460,1,5198,42519,0,2147483647,0.0,0.0,21,4,-71,GSM,460,1,5198,56688,0,2147483647,0.0,0.0,14,4,-85,GSM
1523512331449,121.20845504,31.28863193,24.0,26.0,3.490702,-57,true,-1,-1,5,65.0,4000.0,-12.4603271484375,-40.82489013671875,-18.03131103515625,2.6417717933654785,-0.5893572568893433,0.0432361401617527,460,1,5198,42518,0,-1,0.0,0.0,0,0,0,,7,460,1,5198,42518,0,2147483647,0.0,0.0,28,4,-57,GSM,460,1,5198,43857,0,2147483647,0.0,0.0,14,4,-85,GSM,460,1,5198,42517,0,2147483647,0.0,0.0,19,4,-75,GSM,460,1,5198,49989,0,2147483647,0.0,0.0,19,4,-75,GSM,460,1,5198,42519,0,2147483647,0.0,0.0,21,4,-71,GSM,460,1,5198,56688,0,2147483647,0.0,0.0,14,4,-85,GSM,460,1,5198,42507,0,2147483647,0.0,0.0,12,4,-89,GSM
1523512334517,121.20857908,31.28856474,22.0,28.0,0.0,-57,true,-1,-1,5,65.0,4000.0,14.8895263671875,-37.225341796875,57.568359375,1.8826007843017578,-0.49354317784309387,-2.521303176879883,460,1,5198,42518,0,-1,0.0,0.0,0,0,0,,7,460,1,5198,42518,0,2147483647,0.0,0.0,28,4,-57,GSM,460,1,5198,43857,0,2147483647,0.0,0.0,13,4,-87,GSM,460,1,5198,42517,0,2147483647,0.0,0.0,19,4,-75,GSM,460,1,5198,49989,0,2147483647,0.0,0.0,20,4,-73,GSM,460,1,5198,42519,0,2147483647,0.0,0.0,19,4,-75,GSM,460,1,5198,56688,0,2147483647,0.0,0.0,14,4,-85,GSM,460,1,5198,42507,0,2147483647,0.0,0.0,13,4,-87,GSM
1523512337588,121.20857908,31.28856474,22.0,28.0,0.0,-57,true,-1,-1,5,65.0,4000.0,14.03045654296875,-20.12481689453125,55.46875,1.6234679222106934,-0.48776277899742126,-2.4258084297180176,460,1,5198,42518,0,-1,0.0,0.0,0,0,0,,7,460,1,5198,42518,0,2147483647,0.0,0.0,29,4,-55,GSM,460,1,5198,43857,0,2147483647,0.0,0.0,14,4,-85,GSM,460,1,5198,42517,0,2147483647,0.0,0.0,19,4,-75,GSM,460,1,5198,49989,0,2147483647,0.0,0.0,20,4,-73,GSM,460,1,5198,42519,0,2147483647,0.0,0.0,19,4,-75,GSM,460,1,5198,56688,0,2147483647,0.0,0.0,14,4,-85,GSM,460,1,5198,42507,0,2147483647,0.0,0.0,13,4,-87,GSM
1523512340635,121.20872653,31.28847803,24.0,38.0,0.0,-57,true,-1,-1,5,64.0,4000.0,13.330078125,-19.525146484375,57.26776123046875,1.6422605514526367,-0.42457443475723267,-2.4365804195404053,460,1,5198,42518,0,-1,0.0,0.0,0,0,0,,7,460,1,5198,42518,0,2147483647,0.0,0.0,28,4,-57,GSM,460,1,5198,43857,0,2147483647,0.0,0.0,13,4,-87,GSM,460,1,5198,42517,0,2147483647,0.0,0.0,19,4,-75,GSM,460,1,5198,49989,0,2147483647,0.0,0.0,20,4,-73,GSM,460,1,5198,42519,0,2147483647,0.0,0.0,18,4,-77,GSM,460,1,5198,56688,0,2147483647,0.0,0.0,14,4,-85,GSM,460,1,5198,42507,0,2147483647,0.0,0.0,13,4,-87,GSM
1523512343698,121.20891508,31.28836039,21.0,25.0,0.0,-53,true,-1,-1,5,64.0,4000.0,13.85040283203125,-12.9241943359375,58.16802978515625,1.5036605596542358,-0.43672114610671997,-2.437167167663574,460,1,5198,42518,0,-1,0.0,0.0,0,0,0,,7,460,1,5198,42518,0,2147483647,0.0,0.0,30,4,-53,GSM,460,1,5198,43857,0,2147483647,0.0,0.0,13,4,-87,GSM,460,1,5198,42517,0,2147483647,0.0,0.0,18,4,-77,GSM,460,1,5198,49989,0,2147483647,0.0,0.0,17,4,-79,GSM,460,1,5198,42519,0,2147483647,0.0,0.0,18,4,-77,GSM,460,1,5198,56688,0,2147483647,0.0,0.0,14,4,-85,GSM,460,1,5198,42507,0,2147483647,0.0,0.0,14,4,-85,GSM
1523512346767,121.20904348,31.28827431,20.0,21.0,3.488266,-53,true,-1,-1,5,64.0,4000.0,14.03045654296875,-15.32440185546875,56.06842041015625,1.568549394607544,-0.414145290851593,-2.469058036804199,460,1,5198,42518,0,-1,0.0,0.0,0,0,0,,6,460,1,5198,42518,0,2147483647,0.0,0.0,31,4,-51,GSM,460,1,5198,42517,0,2147483647,0.0,0.0,18,4,-77,GSM,460,1,5198,49989,0,2147483647,0.0,0.0,17,4,-79,GSM,460,1,5198,42519,0,2147483647,0.0,0.0,17,4,-79,GSM,460,1,5198,56688,0,2147483647,0.0,0.0,14,4,-85,GSM,460,1,5198,42507,0,2147483647,0.0,0.0,14,4,-85,GSM
1523512349847,121.20913326,31.2882267,22.0,19.0,3.3885984,-53,true,-1,-1,5,64.0,4000.0,12.80975341796875,-15.625,56.96868896484375,1.5553324222564697,-0.4264378845691681,-2.458655834197998,460,1,5198,42518,0,-1,0.0,0.0,0,0,0,,6,460,1,5198,42518,0,2147483647,0.0,0.0,31,4,-51,GSM,460,1,5198,42517,0,2147483647,0.0,0.0,17,4,-79,GSM,460,1,5198,49989,0,2147483647,0.0,0.0,17,4,-79,GSM,460,1,5198,42519,0,2147483647,0.0,0.0,16,4,-81,GSM,460,1,5198,56688,0,2147483647,0.0,0.0,13,4,-87,GSM,460,1,5198,42507,0,2147483647,0.0,0.0,14,4,-85,GSM
1523512352911,121.20922026,31.28818151,22.0,20.0,0.0,-53,true,-1,-1,5,64.0,4000.0,13.5101318359375,-15.625,56.96868896484375,1.4919973611831665,-0.5006089806556702,-2.4688727855682373,460,1,5198,42518,0,-1,0.0,0.0,0,0,0,,6,460,1,5198,42518,0,2147483647,0.0,0.0,31,4,-51,GSM,460,1,5198,42517,0,2147483647,0.0,0.0,16,4,-81,GSM,460,1,5198,49989,0,2147483647,0.0,0.0,16,4,-81,GSM,460,1,5198,42519,0,2147483647,0.0,0.0,17,4,-79,GSM,460,1,5198,56688,0,2147483647,0.0,0.0,13,4,-87,GSM,460,1,5198,42507,0,2147483647,0.0,0.0,15,4,-83,GSM
1523512355980,121.20933457,31.28811843,20.0,20.0,0.0,-51,true,-1,-1,5,64.0,4000.0,14.8895263671875,-17.724609375,49.76806640625,1.619994878768921,-0.46199074387550354,-2.500736951828003,460,1,5198,42518,0,-1,0.0,0.0,0,0,0,,6,460,1,5198,42518,0,2147483647,0.0,0.0,31,4,-51,GSM,460,1,5198,42517,0,2147483647,0.0,0.0,15,4,-83,GSM,460,1,5198,49989,0,2147483647,0.0,0.0,14,4,-85,GSM,460,1,5198,42519,0,2147483647,0.0,0.0,17,4,-79,GSM,460,1,5198,56688,0,2147483647,0.0,0.0,13,4,-87,GSM,460,1,5198,42507,0,2147483647,0.0,0.0,14,4,-85,GSM
1523512359038,121.20945157,31.28804154,19.0,20.0,4.4000454,-51,true,-1,-1,5,64.0,4000.0,11.76910400390625,-12.6251220703125,46.16851806640625,1.4531710147857666,-0.5846118927001953,-2.433635711669922,460,1,5198,42518,0,-1,0.0,0.0,0,0,0,,6,460,1,5198,42518,0,2147483647,0.0,0.0,28,4,-57,GSM,460,1,5198,42517,0,2147483647,0.0,0.0,15,4,-83,GSM,460,1,5198,49989,0,2147483647,0.0,0.0,13,4,-87,GSM,460,1,5198,42519,0,2147483647,0.0,0.0,16,4,-81,GSM,460,1,5198,56688,0,2147483647,0.0,0.0,13,4,-87,GSM,460,1,5198,42507,0,2147483647,0.0,0.0,14,4,-85,GSM
1523512362106,121.20958578,31.28795861,19.0,22.0,0.0,-57,true,-1,-1,5,64.0,4000.0,-28.23028564453125,-28.5247802734375,-30.3314208984375,2.1891520023345947,-0.2838551998138428,-0.08069729804992676,460,1,5198,42518,0,-1,0.0,0.0,0,0,0,,7,460,1,5198,42518,0,2147483647,0.0,0.0,27,4,-59,GSM,460,1,5198,42517,0,2147483647,0.0,0.0,15,4,-83,GSM,460,1,5198,49989,0,2147483647,0.0,0.0,13,4,-87,GSM,460,1,5198,42519,0,2147483647,0.0,0.0,16,4,-81,GSM,460,1,5198,56688,0,2147483647,0.0,0.0,12,4,-89,GSM,460,1,5198,42507,0,2147483647,0.0,0.0,14,4,-85,GSM,460,1,5198,1188,0,2147483647,0.0,0.0,17,4,-79,GSM
1523512365179,121.20958578,31.28795861,19.0,22.0,0.0,-59,true,-1,-1,5,64.0,4000.0,-25.45013427734375,-32.7239990234375,-23.13232421875,2.3352620601654053,-0.34984099864959717,-0.10525405406951904,460,1,5198,42518,0,-1,0.0,0.0,0,0,0,,7,460,1,5198,42518,0,2147483647,0.0,0.0,26,4,-61,GSM,460,1,5198,42517,0,2147483647,0.0,0.0,13,4,-87,GSM,460,1,5198,49989,0,2147483647,0.0,0.0,13,4,-87,GSM,460,1,5198,42519,0,2147483647,0.0,0.0,16,4,-81,GSM,460,1,5198,56688,0,2147483647,0.0,0.0,12,4,-89,GSM,460,1,5198,42507,0,2147483647,0.0,0.0,14,4,-85,GSM,460,1,5198,1188,0,2147483647,0.0,0.0,18,4,-77,GSM
