IMEI:862305032225518
IMSI:460091042103139
OSVersion:3.10.73-perf-g94fc9a6
apiLevel:5.1.1
model:Redmi Note 3
device:kenzo
product:kenzo
120
1523512388250,121.20974416,31.28786093,20.0,20.0,3.7026477,-59,true,-1,-1,5,64.0,4000.0,-29.96063232421875,-2.42462158203125,-47.73101806640625,1.2388421297073364,-0.33053097128868103,0.10868014395236969,460,1,5198,42518,0,-1,0.0,0.0,0,0,0,,6,460,1,5198,42518,0,2147483647,0.0,0.0,25,4,-63,GSM,460,1,5198,49989,0,2147483647,0.0,0.0,17,4,-79,GSM,460,1,5198,56688,0,2147483647,0.0,0.0,17,4,-79,GSM,460,1,5198,42507,0,2147483647,0.0,0.0,16,4,-81,GSM,460,1,5198,1188,0,2147483647,0.0,0.0,19,4,-75,GSM,460,1,5198,42517,0,2147483647,0.0,0.0,16,4,-81,GSM
1523512391333,121.20974416,31.28786093,20.0,20.0,3.7026477,-63,true,-1,-1,5,64.0,4000.0,9.869384765625,5.975341796875,53.668212890625,1.1183022260665894,-0.3057806193828583,-2.5853521823883057,460,1,5198,42518,0,-1,0.0,0.0,0,0,0,,6,460,1,5198,42518,0,2147483647,0.0,0.0,26,4,-61,GSM,460,1,5198,49989,0,2147483647,0.0,0.0,17,4,-79,GSM,460,1,5198,56688,0,2147483647,0.0,0.0,17,4,-79,GSM,460,1,5198,42507,0,2147483647,0.0,0.0,15,4,-83,GSM,460,1,5198,1188,0,2147483647,0.0,0.0,19,4,-75,GSM,460,1,5198,42517,0,2147483647,0.0,0.0,16,4,-81,GSM
1523512394387,121.21010938,31.2877741,21.0,30.0,0.0,-63,true,-1,-1,5,64.0,4000.0,4.150390625,-4.22515869140625,51.568603515625,0.8498752117156982,-0.6298012137413025,-2.693826913833618,460,1,5198,42518,0,-1,0.0,0.0,0,0,0,,6,460,1,5198,42518,0,2147483647,0.0,0.0,21,4,-71,GSM,460,1,5198,49989,0,2147483647,0.0,0.0,16,4,-81,GSM,460,1,5198,56688,0,2147483647,0.0,0.0,16,4,-81,GSM,460,1,5198,42507,0,2147483647,0.0,0.0,15,4,-83,GSM,460,1,5198,1188,0,2147483647,0.0,0.0,19,4,-75,GSM,460,1,5198,42517,0,2147483647,0.0,0.0,16,4,-81,GSM
1523512397461,121.21010938,31.2877741,21.0,30.0,0.0,-69,true,-1,-1,5,64.0,4000.0,-1.55029296875,2.37579345703125,52.4688720703125,0.888615071773529,-0.43114253878593445,-2.5918521881103516,460,1,5198,42518,0,-1,0.0,0.0,0,0,0,,6,460,1,5198,42518,0,2147483647,0.0,0.0,21,4,-71,GSM,460,1,5198,49989,0,2147483647,0.0,0.0,15,4,-83,GSM,460,1,5198,56688,0,2147483647,0.0,0.0,16,4,-81,GSM,460,1,5198,42507,0,2147483647,0.0,0.0,16,4,-81,GSM,460,1,5198,1188,0,2147483647,0.0,0.0,17,4,-79,GSM,460,1,5198,42517,0,2147483647,0.0,0.0,16,4,-81,GSM
1523512400536,121.21029324,31.2878167,21.0,34.0,0.0,-69,true,-1,-1,5,64.0,4000.0,-6.23016357421875,4.47540283203125,47.967529296875,0.6992287635803223,-0.5119945406913757,-2.558861017227173,460,1,5198,42518,0,-1,0.0,0.0,0,0,0,,6,460,1,5198,42518,0,2147483647,0.0,0.0,22,4,-69,GSM,460,1,5198,49989,0,2147483647,0.0,0.0,16,4,-81,GSM,460,1,5198,56688,0,2147483647,0.0,0.0,16,4,-81,GSM,460,1,5198,42507,0,2147483647,0.0,0.0,16,4,-81,GSM,460,1,5198,1188,0,2147483647,0.0,0.0,16,4,-81,GSM,460,1,5198,42517,0,2147483647,0.0,0.0,16,4,-81,GSM
1523512403611,121.21029324,31.2878167,21.0,34.0,0.0,-67,true,-1,-1,5,64.0,4000.0,-10.9100341796875,6.27593994140625,43.46771240234375,0.3721277415752411,-0.5393499135971069,-2.651845693588257,460,1,5198,42518,0,-1,0.0,0.0,0,0,0,,6,460,1,5198,42518,0,2147483647,0.0,0.0,23,4,-67,GSM,460,1,5198,49989,0,2147483647,0.0,0.0,16,4,-81,GSM,460,1,5198,56688,0,2147483647,0.0,0.0,17,4,-79,GSM,460,1,5198,42507,0,2147483647,0.0,0.0,15,4,-83,GSM,460,1,5198,1188,0,2147483647,0.0,0.0,16,4,-81,GSM,460,1,5198,42517,0,2147483647,0.0,0.0,15,4,-83,GSM
1523512406667,121.21036042,31.28804559,29.0,45.0,0.0,-67,true,-1,-1,5,64.0,4000.0,-15.240478515625,8.9752197265625,42.5689697265625,0.34071674942970276,-0.562895655632019,-2.5522899627685547,460,1,5198,42518,0,-1,0.0,0.0,0,0,0,,6,460,1,5198,42518,0,2147483647,0.0,0.0,26,4,-61,GSM,460,1,5198,49989,0,2147483647,0.0,0.0,16,4,-81,GSM,460,1,5198,56688,0,2147483647,0.0,0.0,17,4,-79,GSM,460,1,5198,42507,0,2147483647,0.0,0.0,15,4,-83,GSM,460,1,5198,1188,0,2147483647,0.0,0.0,16,4,-81,GSM,460,1,5198,42517,0,2147483647,0.0,0.0,16,4,-81,GSM
1523512409731,121.21036042,31.28804559,29.0,45.0,0.0,-59,true,-1,-1,5,64.0,4000.0,-18.5302734375,7.47528076171875,42.26837158203125,0.3345603942871094,-0.46042779088020325,-2.5253076553344727,460,1,5198,42518,0,-1,0.0,0.0,0,0,0,,7,460,1,5198,42518,0,2147483647,0.0,0.0,27,4,-59,GSM,460,1,5198,49989,0,2147483647,0.0,0.0,16,4,-81,GSM,460,1,5198,56688,0,2147483647,0.0,0.0,18,4,-77,GSM,460,1,5198,42507,0,2147483647,0.0,0.0,15,4,-83,GSM,460,1,5198,1188,0,2147483647,0.0,0.0,16,4,-81,GSM,460,1,5198,42517,0,2147483647,0.0,0.0,16,4,-81,GSM,0,0,0,-1,0,2147483647,0.0,0.0,14,4,-85,GSM
1523512412794,121.21037385,31.28788281,23.0,43.0,0.0,-57,true,-1,-1,5,64.0,4000.0,-17.14019775390625,8.37554931640625,43.46771240234375,0.38943010568618774,-0.5439995527267456,-2.495091438293457,460,1,5198,42518,0,-1,0.0,0.0,0,0,0,,7,460,1,5198,42518,0,2147483647,0.0,0.0,28,4,-57,GSM,460,1,5198,49989,0,2147483647,0.0,0.0,16,4,-81,GSM,460,1,5198,56688,0,2147483647,0.0,0.0,19,4,-75,GSM,460,1,5198,42507,0,2147483647,0.0,0.0,15,4,-83,GSM,460,1,5198,1188,0,2147483647,0.0,0.0,16,4,-81,GSM,460,1,5198,42517,0,2147483647,0.0,0.0,15,4,-83,GSM,460,1,5198,49988,0,2147483647,0.0,0.0,15,4,-83,GSM
1523512415867,121.21037385,31.28788281,23.0,43.0,0.0,-57,true,-1,-1,5,64.0,4000.0,-21.820068359375,8.9752197265625,45.56884765625,0.17468155920505524,-0.4376375377178192,-2.592043876647949,460,1,5198,42518,0,-1,0.0,0.0,0,0,0,,7,460,1,5198,42518,0,2147483647,0.0,0.0,27,4,-59,GSM,460,1,5198,49989,0,2147483647,0.0,0.0,17,4,-79,GSM,460,1,5198,56688,0,2147483647,0.0,0.0,21,4,-71,GSM,460,1,5198,42507,0,2147483647,0.0,0.0,13,4,-87,GSM,460,1,5198,1188,0,2147483647,0.0,0.0,16,4,-81,GSM,460,1,5198,42517,0,2147483647,0.0,0.0,16,4,-81,GSM,460,1,5198,49988,0,2147483647,0.0,0.0,15,4,-83,GSM
1523512418925,121.21037385,31.28788281,23.0,43.0,0.0,-57,true,-1,-1,5,64.0,4000.0,-22.8607177734375,7.47528076171875,42.5689697265625,0.14732465147972107,-0.5379763841629028,-2.5532095432281494,460,1,5198,42518,0,-1,0.0,0.0,0,0,0,,7,460,1,5198,42518,0,2147483647,0.0,0.0,24,4,-65,GSM,460,1,5198,49989,0,2147483647,0.0,0.0,18,4,-77,GSM,460,1,5198,56688,0,2147483647,0.0,0.0,21,4,-71,GSM,460,1,5198,42507,0,2147483647,0.0,0.0,13,4,-87,GSM,460,1,5198,1188,0,2147483647,0.0,0.0,16,4,-81,GSM,460,1,5198,42517,0,2147483647,0.0,0.0,16,4,-81,GSM,460,1,5198,49988,0,2147483647,0.0,0.0,18,4,-77,GSM
1523512421980,121.21091564,31.28836027,17.0,34.0,0.0,-63,true,-1,-1,5,64.0,4000.0,-31.34002685546875,7.77587890625,31.46820068359375,-0.3132271468639374,-0.4315814971923828,-2.5439646244049072,460,1,5198,42518,0,-1,0.0,0.0,0,0,0,,6,460,1,5198,42518,0,2147483647,0.0,0.0,24,4,-65,GSM,460,1,5198,49989,0,2147483647,0.0,0.0,18,4,-77,GSM,460,1,5198,56688,0,2147483647,0.0,0.0,22,4,-69,GSM,460,1,5198,1188,0,2147483647,0.0,0.0,17,4,-79,GSM,460,1,5198,42517,0,2147483647,0.0,0.0,16,4,-81,GSM,460,1,5198,49988,0,2147483647,0.0,0.0,19,4,-75,GSM
1523512425051,121.21091564,31.28836027,17.0,34.0,0.0,-63,true,-1,-1,5,64.0,4000.0,-32.7301025390625,-12.02392578125,19.46868896484375,-1.4518569707870483,-0.39628732204437256,-2.572974920272827,460,1,5198,42518,0,-1,0.0,0.0,0,0,0,,6,460,1,5198,42518,0,2147483647,0.0,0.0,25,4,-63,GSM,460,1,5198,49989,0,2147483647,0.0,0.0,18,4,-77,GSM,460,1,5198,56688,0,2147483647,0.0,0.0,23,4,-67,GSM,460,1,5198,1188,0,2147483647,0.0,0.0,17,4,-79,GSM,460,1,5198,42517,0,2147483647,0.0,0.0,16,4,-81,GSM,460,1,5198,49988,0,2147483647,0.0,0.0,19,4,-75,GSM
1523512428118,121.21091759,31.2885387,18.0,24.0,4.300105,-63,true,-1,-1,5,64.0,4000.0,-36.1907958984375,-16.5252685546875,20.66802978515625,-1.3773874044418335,-0.5187424421310425,-2.5819637775421143,460,1,5198,42518,0,-1,0.0,0.0,0,0,0,,6,460,1,5198,42518,0,2147483647,0.0,0.0,26,4,-61,GSM,460,1,5198,49989,0,2147483647,0.0,0.0,16,4,-81,GSM,460,1,5198,56688,0,2147483647,0.0,0.0,24,4,-65,GSM,460,1,5198,1188,0,2147483647,0.0,0.0,17,4,-79,GSM,460,1,5198,42517,0,2147483647,0.0,0.0,16,4,-81,GSM,460,1,5198,49988,0,2147483647,0.0,0.0,19,4,-75,GSM
1523512431190,121.21091759,31.2885387,18.0,24.0,4.300105,-59,true,-1,-1,5,64.0,4000.0,-37.060546875,-14.7247314453125,11.96746826171875,-1.453940749168396,-0.4923669993877411,-2.457230567932129,460,1,5198,42518,0,-1,0.0,0.0,0,0,0,,6,460,1,5198,42518,0,2147483647,0.0,0.0,27,4,-59,GSM,460,1,5198,49989,0,2147483647,0.0,0.0,18,4,-77,GSM,460,1,5198,56688,0,2147483647,0.0,0.0,24,4,-65,GSM,460,1,5198,1188,0,2147483647,0.0,0.0,17,4,-79,GSM,460,1,5198,49988,0,2147483647,0.0,0.0,18,4,-77,GSM,0,0,0,-1,0,2147483647,0.0,0.0,17,4,-79,GSM
1523512434244,121.21077603,31.28872555,20.0,28.0,0.0,-59,true,-1,-1,5,64.0,4000.0,-34.80987548828125,-19.22454833984375,11.66839599609375,-1.736436128616333,-0.47824183106422424,-2.561976432800293,460,1,5198,42518,0,-1,0.0,0.0,0,0,0,,6,460,1,5198,42518,0,2147483647,0.0,0.0,30,4,-53,GSM,460,1,5198,49989,0,2147483647,0.0,0.0,19,4,-75,GSM,460,1,5198,56688,0,2147483647,0.0,0.0,26,4,-61,GSM,460,1,5198,1188,0,2147483647,0.0,0.0,18,4,-77,GSM,460,1,5198,49988,0,2147483647,0.0,0.0,19,4,-75,GSM,460,1,5198,42517,0,2147483647,0.0,0.0,18,4,-77,GSM
1523512437461,121.21077603,31.28872555,20.0,28.0,0.0,-53,true,-1,-1,5,64.0,4000.0,-34.98077392578125,-20.42388916015625,8.367919921875,-1.8484232425689697,-0.4492533802986145,-2.5615718364715576,460,1,5198,42518,0,-1,0.0,0.0,0,0,0,,6,460,1,5198,42518,0,2147483647,0.0,0.0,31,4,-51,GSM,460,1,5198,49989,0,2147483647,0.0,0.0,19,4,-75,GSM,460,1,5198,56688,0,2147483647,0.0,0.0,28,4,-57,GSM,460,1,5198,1188,0,2147483647,0.0,0.0,18,4,-77,GSM,460,1,5198,49988,0,2147483647,0.0,0.0,19,4,-75,GSM,460,1,5198,42517,0,2147483647,0.0,0.0,20,4,-73,GSM
1523512440393,121.21053135,31.28889286,18.0,27.0,4.060603,-51,true,-1,-1,5,64.0,4000.0,-34.62982177734375,-22.5250244140625,8.96759033203125,-1.7667758464813232,-0.5526828169822693,-2.4872665405273438,460,1,5198,42518,0,-1,0.0,0.0,0,0,0,,7,460,1,5198,42518,0,2147483647,0.0,0.0,31,4,-51,GSM,460,1,5198,49989,0,2147483647,0.0,0.0,20,4,-73,GSM,460,1,5198,56688,0,2147483647,0.0,0.0,28,4,-57,GSM,460,1,5198,1188,0,2147483647,0.0,0.0,18,4,-77,GSM,460,1,5198,49988,0,2147483647,0.0,0.0,18,4,-77,GSM,460,1,5198,42517,0,2147483647,0.0,0.0,23,4,-67,GSM,0,0,0,-1,0,2147483647,0.0,0.0,18,4,-77,GSM
1523512443464,121.21053135,31.28889286,18.0,27.0,4.060603,-51,true,-1,-1,5,64.0,4000.0,-34.98077392578125,-22.8240966796875,4.76837158203125,-1.821781873703003,-0.5459763407707214,-2.469156503677368,460,1,5198,42518,0,-1,0.0,0.0,0,0,0,,7,460,1,5198,42518,0,2147483647,0.0,0.0,30,4,-53,GSM,460,1,5198,49989,0,2147483647,0.0,0.0,20,4,-73,GSM,460,1,5198,56688,0,2147483647,0.0,0.0,28,4,-57,GSM,460,1,5198,1188,0,2147483647,0.0,0.0,18,4,-77,GSM,460,1,5198,42517,0,2147483647,0.0,0.0,23,4,-67,GSM,0,0,0,-1,0,2147483647,0.0,0.0,18,4,-77,GSM,460,1,5198,42519,0,2147483647,0.0,0.0,16,4,-81,GSM
1523512446517,121.21029038,31.28903293,18.0,26.0,4.0017996,-51,true,-1,-1,5,64.0,4000.0,-33.25042724609375,-26.4251708984375,9.56878662109375,-2.0427896976470947,-0.4711360037326813,-2.608405828475952,460,1,5198,42518,0,-1,0.0,0.0,0,0,0,,6,460,1,5198,42518,0,2147483647,0.0,0.0,30,4,-53,GSM,460,1,5198,49989,0,2147483647,0.0,0.0,20,4,-73,GSM,460,1,5198,56688,0,2147483647,0.0,0.0,28,4,-57,GSM,460,1,5198,42517,0,2147483647,0.0,0.0,24,4,-65,GSM,460,1,5198,42519,0,2147483647,0.0,0.0,18,4,-77,GSM,460,1,5198,1188,0,2147483647,0.0,0.0,18,4,-77,GSM
1523512449566,121.21008327,31.28914885,19.0,26.0,4.120303,-51,true,-1,-1,5,64.0,4000.0,-36.0198974609375,-18.02520751953125,8.367919921875,-1.809448480606079,-0.3964572548866272,-2.5337023735046387,460,1,5198,42518,0,-1,0.0,0.0,0,0,0,,5,460,1,5198,42518,0,2147483647,0.0,0.0,31,4,-51,GSM,460,1,5198,49989,0,2147483647,0.0,0.0,20,4,-73,GSM,460,1,5198,56688,0,2147483647,0.0,0.0,29,4,-55,GSM,460,1,5198,42517,0,2147483647,0.0,0.0,26,4,-61,GSM,460,1,5198,42519,0,2147483647,0.0,0.0,19,4,-75,GSM
1523512452640,121.20997733,31.28921658,19.0,22.0,4.180191,-51,true,-1,-1,5,64.0,4000.0,-34.46044921875,-20.42388916015625,15.86761474609375,-1.6610569953918457,-0.5393378734588623,-2.6593384742736816,460,1,5198,42518,0,-1,0.0,0.0,0,0,0,,5,460,1,5198,42518,0,2147483647,0.0,0.0,31,4,-51,GSM,460,1,5198,49989,0,2147483647,0.0,0.0,20,4,-73,GSM,460,1,5198,56688,0,2147483647,0.0,0.0,29,4,-55,GSM,460,1,5198,42517,0,2147483647,0.0,0.0,24,4,-65,GSM,460,1,5198,42519,0,2147483647,0.0,0.0,19,4,-75,GSM
1523512455702,121.20987338,31.28926728,18.0,19.0,4.0400496,-51,true,-1,-1,5,64.0,4000.0,-34.62982177734375,-19.82421875,15.56854248046875,-1.755674123764038,-0.45330697298049927,-2.5661895275115967,460,1,5198,42518,0,-1,0.0,0.0,0,0,0,,5,460,1,5198,42518,0,2147483647,0.0,0.0,30,4,-53,GSM,460,1,5198,49989,0,2147483647,0.0,0.0,19,4,-75,GSM,460,1,5198,56688,0,2147483647,0.0,0.0,27,4,-59,GSM,460,1,5198,42517,0,2147483647,0.0,0.0,24,4,-65,GSM,460,1,5198,42519,0,2147483647,0.0,0.0,18,4,-77,GSM
1523512458768,121.20976443,31.28934305,16.0,19.0,3.9600506,-51,true,-1,-1,5,64.0,4000.0,-33.5906982421875,-22.8240966796875,13.76800537109375,-2.0657761096954346,-0.3448759913444519,-2.591881036758423,460,1,5198,42518,0,-1,0.0,0.0,0,0,0,,5,460,1,5198,42518,0,2147483647,0.0,0.0,30,4,-53,GSM,460,1,5198,49989,0,2147483647,0.0,0.0,19,4,-75,GSM,460,1,5198,56688,0,2147483647,0.0,0.0,24,4,-65,GSM,460,1,5198,42517,0,2147483647,0.0,0.0,24,4,-65,GSM,460,1,5198,42519,0,2147483647,0.0,0.0,17,4,-79,GSM
1523512461841,121.20966822,31.28938906,16.0,20.0,0.0,-51,true,-1,-1,5,64.0,4000.0,-37.22991943359375,-20.42388916015625,-22.5311279296875,-0.058413319289684296,-0.646327555179596,-1.039876937866211,460,1,5198,42518,0,-1,0.0,0.0,0,0,0,,5,460,1,5198,42518,0,2147483647,0.0,0.0,31,4,-51,GSM,460,1,5198,49989,0,2147483647,0.0,0.0,18,4,-77,GSM,460,1,5198,56688,0,2147483647,0.0,0.0,24,4,-65,GSM,460,1,5198,42517,0,2147483647,0.0,0.0,25,4,-63,GSM,460,1,5198,42519,0,2147483647,0.0,0.0,17,4,-79,GSM
1523512464907,121.20966822,31.28938906,16.0,20.0,0.0,-51,true,-1,-1,5,64.0,4000.0,-33.770751953125,-21.92535400390625,12.86773681640625,-1.622198224067688,-0.6258494257926941,-2.6029772758483887,460,1,5198,42518,0,-1,0.0,0.0,0,0,0,,4,460,1,5198,42518,0,2147483647,0.0,0.0,31,4,-51,GSM,460,1,5198,49989,0,2147483647,0.0,0.0,17,4,-79,GSM,460,1,5198,56688,0,2147483647,0.0,0.0,25,4,-63,GSM,460,1,5198,42517,0,2147483647,0.0,0.0,26,4,-61,GSM
1523512467967,121.20948294,31.28944994,15.0,22.0,3.540692,-51,true,-1,-1,5,64.0,4000.0,-32.38067626953125,-19.82421875,14.66827392578125,-1.6682277917861938,-0.5480908751487732,-2.637525796890259,460,1,5198,42518,0,-1,0.0,0.0,0,0,0,,4,460,1,5198,42518,0,2147483647,0.0,0.0,30,4,-53,GSM,460,1,5198,49989,0,2147483647,0.0,0.0,17,4,-79,GSM,460,1,5198,56688,0,2147483647,0.0,0.0,23,4,-67,GSM,460,1,5198,42517,0,2147483647,0.0,0.0,26,4,-61,GSM
1523512471031,121.20948294,31.28944994,15.0,22.0,3.540692,-51,true,-1,-1,5,64.0,4000.0,-32.38067626953125,-18.9239501953125,17.0684814453125,-1.853655457496643,-0.39133551716804504,-2.624451160430908,460,1,5198,42518,0,-1,0.0,0.0,0,0,0,,5,460,1,5198,42518,0,2147483647,0.0,0.0,29,4,-55,GSM,460,1,5198,49989,0,2147483647,0.0,0.0,18,4,-77,GSM,460,1,5198,56688,0,2147483647,0.0,0.0,21,4,-71,GSM,460,1,5198,42517,0,2147483647,0.0,0.0,27,4,-59,GSM,460,1,5198,42519,0,2147483647,0.0,0.0,17,4,-79,GSM
1523512474100,121.20931246,31.28956374,16.0,22.0,3.630675,-51,true,-1,-1,5,64.0,4000.0,-31.34002685546875,-16.22467041015625,16.46881103515625,-1.7538288831710815,-0.39124152064323425,-2.5402119159698486,460,1,5198,42518,0,-1,0.0,0.0,0,0,0,,5,460,1,5198,42518,0,2147483647,0.0,0.0,26,4,-61,GSM,460,1,5198,49989,0,2147483647,0.0,0.0,19,4,-75,GSM,460,1,5198,56688,0,2147483647,0.0,0.0,21,4,-71,GSM,460,1,5198,42517,0,2147483647,0.0,0.0,29,4,-55,GSM,460,1,5198,42519,0,2147483647,0.0,0.0,17,4,-79,GSM
1523512477179,121.20931246,31.28956374,16.0,22.0,3.630675,-61,true,-1,-1,5,64.0,4000.0,-33.5906982421875,-19.82421875,10.76812744140625,-2.0308799743652344,-0.288140207529068,-2.592639446258545,460,1,5198,42518,0,-1,0.0,0.0,0,0,0,,5,460,1,5198,42518,0,2147483647,0.0,0.0,23,4,-67,GSM,460,1,5198,49989,0,2147483647,0.0,0.0,18,4,-77,GSM,460,1,5198,56688,0,2147483647,0.0,0.0,20,4,-73,GSM,460,1,5198,42517,0,2147483647,0.0,0.0,29,4,-55,GSM,460,1,5198,42519,0,2147483647,0.0,0.0,17,4,-79,GSM
1523512480236,121.20912835,31.28967986,16.0,22.0,3.600222,-65,true,-1,-1,5,64.0,4000.0,-33.5906982421875,-20.7244873046875,9.56878662109375,-2.0174574851989746,-0.33241066336631775,-2.566551923751831,460,1,5198,42517,0,-1,0.0,0.0,0,0,0,,5,460,1,5198,42517,0,2147483647,0.0,0.0,24,4,-65,GSM,460,1,5198,49989,0,2147483647,0.0,0.0,18,4,-77,GSM,460,1,5198,56688,0,2147483647,0.0,0.0,20,4,-73,GSM,460,1,5198,42517,0,2147483647,0.0,0.0,31,4,-51,GSM,460,1,5198,42519,0,2147483647,0.0,0.0,18,4,-77,GSM
1523512483454,121.20912835,31.28967986,16.0,22.0,3.600222,-51,true,-1,-1,5,64.0,4000.0,-35.67047119140625,-19.22454833984375,7.1685791015625,-1.9626483917236328,-0.30114680528640747,-2.591019630432129,460,1,5198,42517,0,-1,0.0,0.0,0,0,0,,4,460,1,5198,42517,0,2147483647,0.0,0.0,31,4,-51,GSM,460,1,5198,49989,0,2147483647,0.0,0.0,18,4,-77,GSM,460,1,5198,56688,0,2147483647,0.0,0.0,20,4,-73,GSM,460,1,5198,42519,0,2147483647,0.0,0.0,18,4,-77,GSM
1523512486371,121.20893886,31.2898027,21.0,25.0,4.1014752,-51,true,-1,-1,5,64.0,4000.0,-34.46044921875,-22.22442626953125,11.66839599609375,-1.895563006401062,-0.4524988532066345,-2.6477644443511963,460,1,5198,42517,0,-1,0.0,0.0,0,0,0,,5,460,1,5198,42517,0,2147483647,0.0,0.0,31,4,-51,GSM,460,1,5198,49989,0,2147483647,0.0,0.0,16,4,-81,GSM,460,1,5198,56688,0,2147483647,0.0,0.0,19,4,-75,GSM,460,1,5198,42519,0,2147483647,0.0,0.0,18,4,-77,GSM,460,1,5198,42518,0,2147483647,0.0,0.0,24,4,-65,GSM
1523512489460,121.20893886,31.2898027,21.0,25.0,4.1014752,-51,true,-1,-1,5,64.0,4000.0,-32.89947509765625,-23.724365234375,13.1683349609375,-1.8946053981781006,-0.5045177340507507,-2.6489131450653076,460,1,5198,42517,0,-1,0.0,0.0,0,0,0,,5,460,1,5198,42517,0,2147483647,0.0,0.0,31,4,-51,GSM,460,1,5198,49989,0,2147483647,0.0,0.0,16,4,-81,GSM,460,1,5198,56688,0,2147483647,0.0,0.0,19,4,-75,GSM,460,1,5198,42519,0,2147483647,0.0,0.0,17,4,-79,GSM,460,1,5198,42518,0,2147483647,0.0,0.0,24,4,-65,GSM
1523512492507,121.20871187,31.28997945,20.0,28.0,0.0,-51,true,-1,-1,5,64.0,4000.0,-31.8603515625,-25.823974609375,8.96759033203125,-2.0659422874450684,-0.4684544503688812,-2.5711898803710938,460,1,5198,42517,0,-1,0.0,0.0,0,0,0,,5,460,1,5198,42517,0,2147483647,0.0,0.0,31,4,-51,GSM,460,1,5198,49989,0,2147483647,0.0,0.0,16,4,-81,GSM,460,1,5198,56688,0,2147483647,0.0,0.0,19,4,-75,GSM,460,1,5198,42519,0,2147483647,0.0,0.0,17,4,-79,GSM,460,1,5198,42518,0,2147483647,0.0,0.0,23,4,-67,GSM
1523512495588,121.20871187,31.28997945,20.0,28.0,0.0,-51,true,-1,-1,5,64.0,4000.0,-36.370849609375,-20.42388916015625,8.367919921875,-1.8162918090820313,-0.45133766531944275,-2.5236105918884277,460,1,5198,42517,0,-1,0.0,0.0,0,0,0,,5,460,1,5198,42517,0,2147483647,0.0,0.0,31,4,-51,GSM,460,1,5198,49989,0,2147483647,0.0,0.0,16,4,-81,GSM,460,1,5198,56688,0,2147483647,0.0,0.0,19,4,-75,GSM,460,1,5198,42519,0,2147483647,0.0,0.0,18,4,-77,GSM,460,1,5198,42518,0,2147483647,0.0,0.0,23,4,-67,GSM
1523512498630,121.20838728,31.29016022,21.0,26.0,4.350563,-51,true,-1,-1,5,64.0,4000.0,-37.40081787109375,-16.8243408203125,12.56866455078125,-1.496502161026001,-0.5292689800262451,-2.513915777206421,460,1,5198,42517,0,-1,0.0,0.0,0,0,0,,4,460,1,5198,42517,0,2147483647,0.0,0.0,31,4,-51,GSM,460,1,5198,56688,0,2147483647,0.0,0.0,20,4,-73,GSM,460,1,5198,42519,0,2147483647,0.0,0.0,20,4,-73,GSM,460,1,5198,42518,0,2147483647,0.0,0.0,23,4,-67,GSM
1523512501713,121.20820924,31.29026272,21.0,25.0,3.362142,-51,true,-1,-1,5,64.0,4000.0,-31.52008056640625,-7.82470703125,8.367919921875,-1.2481732368469238,-0.5375516414642334,-2.4789209365844727,460,1,5198,42517,0,-1,0.0,0.0,0,0,0,,4,460,1,5198,42517,0,2147483647,0.0,0.0,31,4,-51,GSM,460,1,5198,56688,0,2147483647,0.0,0.0,19,4,-75,GSM,460,1,5198,42519,0,2147483647,0.0,0.0,22,4,-69,GSM,460,1,5198,42518,0,2147483647,0.0,0.0,23,4,-67,GSM
1523512504806,121.20818165,31.29032901,22.0,22.0,2.7730489,-53,true,-1,-1,5,64.0,4000.0,-34.62982177734375,4.47540283203125,34.7686767578125,-0.3885193467140198,-0.4708176851272583,-2.5744965076446533,460,1,5198,42517,0,-1,0.0,0.0,0,0,0,,4,460,1,5198,42517,0,2147483647,0.0,0.0,30,4,-53,GSM,460,1,5198,56688,0,2147483647,0.0,0.0,19,4,-75,GSM,460,1,5198,42519,0,2147483647,0.0,0.0,22,4,-69,GSM,460,1,5198,42518,0,2147483647,0.0,0.0,23,4,-67,GSM
1523512507881,121.20822498,31.2904206,23.0,20.0,3.5431767,-53,true,-1,-1,5,64.0,4000.0,-30.8197021484375,0.57525634765625,-39.031982421875,0.7510104179382324,-0.6364537477493286,-0.154242604970932,460,1,5198,42517,0,-1,0.0,0.0,0,0,0,,4,460,1,5198,42517,0,2147483647,0.0,0.0,30,4,-53,GSM,460,1,5198,56688,0,2147483647,0.0,0.0,20,4,-73,GSM,460,1,5198,42519,0,2147483647,0.0,0.0,25,4,-63,GSM,460,1,5198,42518,0,2147483647,0.0,0.0,23,4,-67,GSM
1523512510938,121.20827734,31.29051171,25.0,20.0,0.0,-53,true,-1,-1,5,64.0,4000.0,-21.47064208984375,-6.024169921875,43.768310546875,0.028190389275550842,-0.8372447490692139,-2.666921854019165,460,1,5198,42517,0,-1,0.0,0.0,0,0,0,,4,460,1,5198,42517,0,2147483647,0.0,0.0,31,4,-51,GSM,460,1,5198,56688,0,2147483647,0.0,0.0,20,4,-73,GSM,460,1,5198,42519,0,2147483647,0.0,0.0,27,4,-59,GSM,460,1,5198,42518,0,2147483647,0.0,0.0,21,4,-71,GSM
1523512514014,121.2083226,31.29061129,24.0,23.0,0.0,-51,true,-1,-1,5,64.0,4000.0,-24.58953857421875,-0.0244140625,42.5689697265625,0.6688094139099121,-0.663216233253479,-2.1652145385742188,460,1,5198,42517,0,-1,0.0,0.0,0,0,0,,4,460,1,5198,42517,0,2147483647,0.0,0.0,31,4,-51,GSM,460,1,5198,56688,0,2147483647,0.0,0.0,21,4,-71,GSM,460,1,5198,42519,0,2147483647,0.0,0.0,27,4,-59,GSM,460,1,5198,42518,0,2147483647,0.0,0.0,20,4,-73,GSM
1523512517090,121.2083226,31.29061129,24.0,23.0,0.0,-51,true,-1,-1,5,64.0,4000.0,-20.42999267578125,7.1746826171875,41.36810302734375,0.1106286570429802,-0.6905903220176697,-2.5989463329315186,460,1,5198,42517,0,-1,0.0,0.0,0,0,0,,4,460,1,5198,42517,0,2147483647,0.0,0.0,31,4,-51,GSM,460,1,5198,56688,0,2147483647,0.0,0.0,21,4,-71,GSM,460,1,5198,42519,0,2147483647,0.0,0.0,26,4,-61,GSM,460,1,5198,42518,0,2147483647,0.0,0.0,20,4,-73,GSM
1523512520136,121.20837649,31.29075552,26.0,29.0,0.0,-51,true,-1,-1,5,64.0,4000.0,-23.20098876953125,4.1748046875,40.7684326171875,0.2073313295841217,-0.5809175372123718,-2.493730068206787,460,1,5198,42517,0,-1,0.0,0.0,0,0,0,,4,460,1,5198,42517,0,2147483647,0.0,0.0,31,4,-51,GSM,460,1,5198,56688,0,2147483647,0.0,0.0,20,4,-73,GSM,460,1,5198,42519,0,2147483647,0.0,0.0,25,4,-63,GSM,460,1,5198,42518,0,2147483647,0.0,0.0,21,4,-71,GSM
1523512523213,121.20837649,31.29075552,26.0,29.0,0.0,-51,true,-1,-1,5,64.0,4000.0,-24.9298095703125,9.27581787109375,37.16888427734375,0.22114211320877075,-0.49206387996673584,-2.4041240215301514,460,1,5198,42517,0,-1,0.0,0.0,0,0,0,,4,460,1,5198,42517,0,2147483647,0.0,0.0,31,4,-51,GSM,460,1,5198,56688,0,2147483647,0.0,0.0,21,4,-71,GSM,460,1,5198,42519,0,2147483647,0.0,0.0,23,4,-67,GSM,460,1,5198,42518,0,2147483647,0.0,0.0,19,4,-75,GSM
1523512526281,121.20849444,31.29102477,30.0,27.0,4.1791863,-51,true,-1,-1,5,64.0,4000.0,-29.60968017578125,5.37567138671875,35.0677490234375,0.020698603242635727,-0.4968990981578827,-2.42838454246521,460,1,5198,42517,0,-1,0.0,0.0,0,0,0,,4,460,1,5198,42517,0,2147483647,0.0,0.0,31,4,-51,GSM,460,1,5198,56688,0,2147483647,0.0,0.0,21,4,-71,GSM,460,1,5198,42519,0,2147483647,0.0,0.0,23,4,-67,GSM,460,1,5198,42518,0,2147483647,0.0,0.0,19,4,-75,GSM
1523512529454,121.20849444,31.29102477,30.0,27.0,4.1791863,-51,true,-1,-1,5,64.0,4000.0,-33.770751953125,6.8756103515625,30.26885986328125,-0.3394154906272888,-0.44656848907470703,-2.5006330013275146,460,1,5198,42517,0,-1,0.0,0.0,0,0,0,,4,460,1,5198,42517,0,2147483647,0.0,0.0,31,4,-51,GSM,460,1,5198,56688,0,2147483647,0.0,0.0,21,4,-71,GSM,460,1,5198,42519,0,2147483647,0.0,0.0,21,4,-71,GSM,460,1,5198,42518,0,2147483647,0.0,0.0,18,4,-77,GSM
1523512532424,121.20856474,31.29117967,30.0,27.0,0.0,-51,true,-1,-1,5,64.0,4000.0,-34.62982177734375,7.1746826171875,27.56805419921875,-0.10186611115932465,-0.5339859127998352,-2.3093650341033936,460,1,5198,42517,0,-1,0.0,0.0,0,0,0,,3,460,1,5198,42517,0,2147483647,0.0,0.0,31,4,-51,GSM,460,1,5198,56688,0,2147483647,0.0,0.0,21,4,-71,GSM,460,1,5198,42519,0,2147483647,0.0,0.0,21,4,-71,GSM
1523512535487,121.2085721,31.29134581,29.0,27.0,0.0,-51,true,-1,-1,5,64.0,4000.0,-41.56036376953125,-2.1240234375,11.96746826171875,-0.8092354536056519,-0.5348191857337952,-2.3030014038085938,460,1,5198,42517,0,-1,0.0,0.0,0,0,0,,4,460,1,5198,42517,0,2147483647,0.0,0.0,31,4,-51,GSM,460,1,5198,56688,0,2147483647,0.0,0.0,20,4,-73,GSM,460,1,5198,42519,0,2147483647,0.0,0.0,20,4,-73,GSM,460,1,5198,42518,0,2147483647,0.0,0.0,19,4,-75,GSM
1523512538553,121.2085721,31.29134581,29.0,27.0,0.0,-51,true,-1,-1,5,64.0,4000.0,-30.3009033203125,-18.6248779296875,16.46881103515625,-1.9129725694656372,-0.4143666625022888,-2.389265537261963,460,1,5198,42517,0,-1,0.0,0.0,0,0,0,,5,460,1,5198,42517,0,2147483647,0.0,0.0,29,4,-55,GSM,460,1,5198,56688,0,2147483647,0.0,0.0,19,4,-75,GSM,460,1,5198,42519,0,2147483647,0.0,0.0,20,4,-73,GSM,460,1,5198,42518,0,2147483647,0.0,0.0,20,4,-73,GSM,460,1,5198,49989,0,2147483647,0.0,0.0,17,4,-79,GSM
1523512541621,121.2085721,31.29134581,29.0,27.0,0.0,-51,true,-1,-1,5,64.0,4000.0,-29.78057861328125,-32.12432861328125,4.168701171875,-2.4022910594940186,-0.39732468128204346,-2.3810291290283203,460,1,5198,42517,0,-1,0.0,0.0,0,0,0,,5,460,1,5198,42517,0,2147483647,0.0,0.0,29,4,-55,GSM,460,1,5198,56688,0,2147483647,0.0,0.0,19,4,-75,GSM,460,1,5198,42519,0,2147483647,0.0,0.0,20,4,-73,GSM,460,1,5198,42518,0,2147483647,0.0,0.0,20,4,-73,GSM,460,1,5198,49989,0,2147483647,0.0,0.0,17,4,-79,GSM
1523512544684,121.20843892,31.29143269,24.0,25.0,3.6227062,-51,true,-1,-1,5,64.0,4000.0,-24.2401123046875,-37.82501220703125,0.567626953125,-2.527737855911255,-0.4967646598815918,-2.4285387992858887,460,1,5198,42517,0,-1,0.0,0.0,0,0,0,,5,460,1,5198,42517,0,2147483647,0.0,0.0,26,4,-61,GSM,460,1,5198,56688,0,2147483647,0.0,0.0,19,4,-75,GSM,460,1,5198,42519,0,2147483647,0.0,0.0,19,4,-75,GSM,460,1,5198,42518,0,2147483647,0.0,0.0,20,4,-73,GSM,460,1,5198,49989,0,2147483647,0.0,0.0,18,4,-77,GSM
1523512547753,121.20823951,31.2914293,24.0,24.0,3.3937738,-69,true,-1,-1,5,64.0,4000.0,-25.970458984375,-37.82501220703125,1.76849365234375,-2.566455841064453,-0.3849295973777771,-2.412712812423706,460,1,5198,42517,0,-1,0.0,0.0,0,0,0,,4,460,1,5198,42517,0,2147483647,0.0,0.0,20,4,-73,GSM,460,1,5198,56688,0,2147483647,0.0,0.0,18,4,-77,GSM,460,1,5198,42519,0,2147483647,0.0,0.0,19,4,-75,GSM,460,1,5198,42518,0,2147483647,0.0,0.0,20,4,-73,GSM
1523512550826,121.2081099,31.29143106,23.0,21.0,3.8600128,-69,true,-1,-1,5,64.0,4000.0,-23.89984130859375,-36.6241455078125,-1.8310546875,-2.4995839595794678,-0.4856635630130768,-2.42438006401062,460,1,5198,42517,0,-1,0.0,0.0,0,0,0,,5,460,1,5198,42517,0,2147483647,0.0,0.0,20,4,-73,GSM,460,1,5198,56688,0,2147483647,0.0,0.0,16,4,-81,GSM,460,1,5198,42519,0,2147483647,0.0,0.0,17,4,-79,GSM,460,1,5198,42518,0,2147483647,0.0,0.0,19,4,-75,GSM,460,1,5198,49989,0,2147483647,0.0,0.0,17,4,-79,GSM
1523512553894,121.2079834,31.29142761,23.0,19.0,3.4320986,-73,true,-1,-1,5,64.0,4000.0,-25.970458984375,-34.5245361328125,0.567626953125,-2.426053762435913,-0.4826836884021759,-2.4589884281158447,460,1,5198,42517,0,-1,0.0,0.0,0,0,0,,4,460,1,5198,42517,0,2147483647,0.0,0.0,20,4,-73,GSM,460,1,5198,56688,0,2147483647,0.0,0.0,16,4,-81,GSM,460,1,5198,42519,0,2147483647,0.0,0.0,17,4,-79,GSM,460,1,5198,42518,0,2147483647,0.0,0.0,19,4,-75,GSM
1523512556977,121.20787313,31.29142875,23.0,19.0,3.660123,-73,true,-1,-1,5,64.0,4000.0,-26.31988525390625,-35.12420654296875,5.3680419921875,-2.4240493774414063,-0.5044116973876953,-2.5422608852386475,460,1,5198,42517,0,-1,0.0,0.0,0,0,0,,3,460,1,5198,42517,0,2147483647,0.0,0.0,19,4,-75,GSM,460,1,5198,42519,0,2147483647,0.0,0.0,18,4,-77,GSM,460,1,5198,42518,0,2147483647,0.0,0.0,19,4,-75,GSM
1523512560046,121.20775805,31.291439,21.0,20.0,0.0,-73,true,-1,-1,5,64.0,4000.0,-27.00958251953125,-34.5245361328125,2.96783447265625,-2.350281238555908,-0.5639327764511108,-2.4567174911499023,460,1,5198,42517,0,-1,0.0,0.0,0,0,0,,4,460,1,5198,42517,0,2147483647,0.0,0.0,18,4,-77,GSM,460,1,5198,42519,0,2147483647,0.0,0.0,16,4,-81,GSM,460,1,5198,42518,0,2147483647,0.0,0.0,17,4,-79,GSM,0,0,0,-1,0,2147483647,0.0,0.0,18,4,-77,GSM
1523512563134,121.20775805,31.291439,21.0,20.0,0.0,-75,true,-1,-1,5,64.0,4000.0,-27.18963623046875,-39.324951171875,3.86810302734375,-2.495952606201172,-0.47513145208358765,-2.5160820484161377,460,1,5198,42517,0,-1,0.0,0.0,0,0,0,,4,460,1,5198,42517,0,2147483647,0.0,0.0,18,4,-77,GSM,460,1,5198,42519,0,2147483647,0.0,0.0,16,4,-81,GSM,460,1,5198,42518,0,2147483647,0.0,0.0,15,4,-83,GSM,0,0,0,-1,0,2147483647,0.0,0.0,18,4,-77,GSM
1523512566195,121.20759941,31.2914507,19.0,24.0,0.0,-75,true,-1,-1,5,64.0,4000.0,-33.25042724609375,-34.22393798828125,7.76824951171875,-2.1283938884735107,-0.6039820313453674,-2.4225971698760986,460,1,5198,42517,0,-1,0.0,0.0,0,0,0,,4,460,1,5198,42517,0,2147483647,0.0,0.0,18,4,-77,GSM,460,1,5198,42519,0,2147483647,0.0,0.0,16,4,-81,GSM,460,1,5198,42518,0,2147483647,0.0,0.0,15,4,-83,GSM,460,1,5198,1178,0,2147483647,0.0,0.0,18,4,-77,GSM
1523512569451,121.20759941,31.2914507,19.0,24.0,0.0,-75,true,-1,-1,5,64.0,4000.0,-24.76043701171875,-34.82513427734375,12.86773681640625,-2.640796661376953,-0.4492945373058319,-2.4584410190582275,460,1,5198,42517,0,-1,0.0,0.0,0,0,0,,5,460,1,5198,42517,0,2147483647,0.0,0.0,18,4,-77,GSM,460,1,5198,42519,0,2147483647,0.0,0.0,16,4,-81,GSM,460,1,5198,42518,0,2147483647,0.0,0.0,14,4,-85,GSM,460,1,5198,1178,0,2147483647,0.0,0.0,18,4,-77,GSM,460,1,5198,49989,0,2147483647,0.0,0.0,14,4,-85,GSM
1523512572332,121.20733349,31.29147762,20.0,29.0,0.0,-75,true,-1,-1,5,64.0,4000.0,-6.91986083984375,-42.3248291015625,10.76812744140625,3.0944244861602783,-0.4601552188396454,-2.4511005878448486,460,1,5198,42517,0,-1,0.0,0.0,0,0,0,,5,460,1,5198,42517,0,2147483647,0.0,0.0,17,4,-79,GSM,460,1,5198,42519,0,2147483647,0.0,0.0,16,4,-81,GSM,460,1,5198,42518,0,2147483647,0.0,0.0,14,4,-85,GSM,460,1,5198,1178,0,2147483647,0.0,0.0,19,4,-75,GSM,460,1,5198,49989,0,2147483647,0.0,0.0,14,4,-85,GSM
1523512575420,121.20733349,31.29147762,20.0,29.0,0.0,-75,true,-1,-1,5,64.0,4000.0,-2.25067138671875,-43.524169921875,21.868896484375,2.792919158935547,-0.5334277749061584,-2.5665347576141357,460,1,5198,42517,0,-1,0.0,0.0,0,0,0,,5,460,1,5198,42517,0,2147483647,0.0,0.0,20,4,-73,GSM,460,1,5198,42519,0,2147483647,0.0,0.0,16,4,-81,GSM,460,1,5198,42518,0,2147483647,0.0,0.0,13,4,-87,GSM,460,1,5198,1178,0,2147483647,0.0,0.0,19,4,-75,GSM,460,1,5198,49989,0,2147483647,0.0,0.0,15,4,-83,GSM
1523512578470,121.20703093,31.2914413,21.0,27.0,3.804747,-75,true,-1,-1,5,64.0,4000.0,-2.4200439453125,-48.62518310546875,22.76763916015625,2.778390645980835,-0.4776013493537903,-2.4246108531951904,460,1,5198,42517,0,-1,0.0,0.0,0,0,0,,5,460,1,5198,42517,0,2147483647,0.0,0.0,20,4,-73,GSM,460,1,5198,42519,0,2147483647,0.0,0.0,15,4,-83,GSM,460,1,5198,42518,0,2147483647,0.0,0.0,13,4,-87,GSM,460,1,5198,1178,0,2147483647,0.0,0.0,19,4,-75,GSM,460,1,5198,49989,0,2147483647,0.0,0.0,15,4,-83,GSM
1523512581532,121.2069803,31.2912599,21.0,25.0,3.6000555,-71,true,-1,-1,5,64.0,4000.0,-1.38092041015625,-50.72479248046875,22.16796875,2.786673069000244,-0.43577513098716736,-2.374204635620117,460,1,5198,42517,0,-1,0.0,0.0,0,0,0,,5,460,1,5198,42517,0,2147483647,0.0,0.0,21,4,-71,GSM,460,1,5198,42519,0,2147483647,0.0,0.0,16,4,-81,GSM,460,1,5198,42518,0,2147483647,0.0,0.0,14,4,-85,GSM,460,1,5198,1178,0,2147483647,0.0,0.0,19,4,-75,GSM,460,1,5198,49989,0,2147483647,0.0,0.0,15,4,-83,GSM
1523512584604,121.20692959,31.29116346,22.0,22.0,3.5103562,-69,true,-1,-1,5,64.0,4000.0,-1.02996826171875,-47.72491455078125,22.16796875,2.7371535301208496,-0.49327048659324646,-2.3767476081848145,460,1,5198,42517,0,-1,0.0,0.0,0,0,0,,5,460,1,5198,42517,0,2147483647,0.0,0.0,23,4,-67,GSM,460,1,5198,42519,0,2147483647,0.0,0.0,16,4,-81,GSM,460,1,5198,42518,0,2147483647,0.0,0.0,14,4,-85,GSM,460,1,5198,1178,0,2147483647,0.0,0.0,19,4,-75,GSM,460,1,5198,49989,0,2147483647,0.0,0.0,15,4,-83,GSM
1523512587662,121.20686566,31.29106923,21.0,23.0,0.0,-69,true,-1,-1,5,64.0,4000.0,2.4200439453125,-42.3248291015625,23.36883544921875,2.6598174571990967,-0.4369363486766815,-2.477457284927368,460,1,5198,42517,0,-1,0.0,0.0,0,0,0,,5,460,1,5198,42517,0,2147483647,0.0,0.0,21,4,-71,GSM,460,1,5198,42519,0,2147483647,0.0,0.0,16,4,-81,GSM,460,1,5198,42518,0,2147483647,0.0,0.0,14,4,-85,GSM,460,1,5198,1178,0,2147483647,0.0,0.0,18,4,-77,GSM,460,1,5198,49989,0,2147483647,0.0,0.0,16,4,-81,GSM
1523512590743,121.20680747,31.29099175,20.0,26.0,0.0,-69,true,-1,-1,5,64.0,4000.0,2.4200439453125,-46.82464599609375,22.76763916015625,2.724670171737671,-0.381490558385849,-2.4328057765960693,460,1,5198,42517,0,-1,0.0,0.0,0,0,0,,5,460,1,5198,42517,0,2147483647,0.0,0.0,22,4,-69,GSM,460,1,5198,42519,0,2147483647,0.0,0.0,16,4,-81,GSM,460,1,5198,42518,0,2147483647,0.0,0.0,15,4,-83,GSM,460,1,5198,1178,0,2147483647,0.0,0.0,18,4,-77,GSM,460,1,5198,49989,0,2147483647,0.0,0.0,15,4,-83,GSM
1523512593830,121.20680747,31.29099175,20.0,26.0,0.0,-69,true,-1,-1,5,64.0,4000.0,1.0498046875,-48.3245849609375,22.76763916015625,2.758419990539551,-0.4246895909309387,-2.4761996269226074,460,1,5198,42517,0,-1,0.0,0.0,0,0,0,,5,460,1,5198,42517,0,2147483647,0.0,0.0,22,4,-69,GSM,460,1,5198,42519,0,2147483647,0.0,0.0,16,4,-81,GSM,460,1,5198,42518,0,2147483647,0.0,0.0,16,4,-81,GSM,460,1,5198,1178,0,2147483647,0.0,0.0,18,4,-77,GSM,460,1,5198,49989,0,2147483647,0.0,0.0,15,4,-83,GSM
1523512596876,121.20671343,31.2908998,23.0,25.0,3.710337,-69,true,-1,-1,5,64.0,4000.0,1.0498046875,-47.72491455078125,18.56842041015625,2.7904701232910156,-0.4701593220233917,-2.389338970184326,460,1,5198,42517,0,-1,0.0,0.0,0,0,0,,5,460,1,5198,42517,0,2147483647,0.0,0.0,24,4,-65,GSM,460,1,5198,42519,0,2147483647,0.0,0.0,16,4,-81,GSM,460,1,5198,42518,0,2147483647,0.0,0.0,16,4,-81,GSM,460,1,5198,1178,0,2147483647,0.0,0.0,19,4,-75,GSM,460,1,5198,49989,0,2147483647,0.0,0.0,16,4,-81,GSM
1523512599965,121.20671343,31.2908998,23.0,25.0,3.710337,-69,true,-1,-1,5,64.0,4000.0,2.94036865234375,-47.72491455078125,21.2677001953125,2.7091641426086426,-0.5190894603729248,-2.4521729946136475,460,1,5198,42517,0,-1,0.0,0.0,0,0,0,,5,460,1,5198,42517,0,2147483647,0.0,0.0,23,4,-67,GSM,460,1,5198,42519,0,2147483647,0.0,0.0,17,4,-79,GSM,460,1,5198,42518,0,2147483647,0.0,0.0,17,4,-79,GSM,460,1,5198,1178,0,2147483647,0.0,0.0,19,4,-75,GSM,460,1,5198,49989,0,2147483647,0.0,0.0,15,4,-83,GSM
1523512603026,121.20657929,31.29073286,24.0,22.0,2.95,-69,true,-1,-1,5,64.0,4000.0,0.52947998046875,-48.92425537109375,20.068359375,2.753192901611328,-0.5874468684196472,-2.4477336406707764,460,1,5198,42517,0,-1,0.0,0.0,0,0,0,,6,460,1,5198,42517,0,2147483647,0.0,0.0,21,4,-71,GSM,460,1,5198,42519,0,2147483647,0.0,0.0,17,4,-79,GSM,460,1,5198,42518,0,2147483647,0.0,0.0,16,4,-81,GSM,460,1,5198,1178,0,2147483647,0.0,0.0,17,4,-79,GSM,460,1,5198,49989,0,2147483647,0.0,0.0,15,4,-83,GSM,0,0,0,-1,0,2147483647,0.0,0.0,12,4,-89,GSM
1523512606109,121.20657929,31.29073286,24.0,22.0,2.95,-71,true,-1,-1,5,64.0,4000.0,4.3304443359375,-48.62518310546875,22.46856689453125,2.6751046180725098,-0.5179572105407715,-2.4517109394073486,460,1,5198,42517,0,-1,0.0,0.0,0,0,0,,6,460,1,5198,42517,0,2147483647,0.0,0.0,21,4,-71,GSM,460,1,5198,42519,0,2147483647,0.0,0.0,18,4,-77,GSM,460,1,5198,42518,0,2147483647,0.0,0.0,16,4,-81,GSM,460,1,5198,1178,0,2147483647,0.0,0.0,16,4,-81,GSM,460,1,5198,49989,0,2147483647,0.0,0.0,15,4,-83,GSM,0,0,0,-1,0,2147483647,0.0,0.0,15,4,-83,GSM
1523512609151,121.20648825,31.29056152,23.0,27.0,3.57,-71,true,-1,-1,5,64.0,4000.0,3.289794921875,-50.1251220703125,23.0682373046875,2.697357416152954,-0.5050081014633179,-2.447840452194214,460,1,5198,42517,0,-1,0.0,0.0,0,0,0,,6,460,1,5198,42517,0,2147483647,0.0,0.0,21,4,-71,GSM,0,0,0,-1,0,2147483647,0.0,0.0,18,4,-77,GSM,460,1,5198,42518,0,2147483647,0.0,0.0,16,4,-81,GSM,460,1,5198,1178,0,2147483647,0.0,0.0,15,4,-83,GSM,0,0,0,-1,0,2147483647,0.0,0.0,15,4,-83,GSM,0,0,0,-1,0,2147483647,0.0,0.0,15,4,-83,GSM
1523512612245,121.20648825,31.29056152,23.0,27.0,3.57,-71,true,-1,-1,5,64.0,4000.0,0.8697509765625,-49.52392578125,21.2677001953125,2.7368311882019043,-0.5612634420394897,-2.4404499530792236,460,1,5198,42517,0,-1,0.0,0.0,0,0,0,,6,460,1,5198,42517,0,2147483647,0.0,0.0,21,4,-71,GSM,460,1,5198,42519,0,2147483647,0.0,0.0,19,4,-75,GSM,460,1,5198,42518,0,2147483647,0.0,0.0,15,4,-83,GSM,460,1,5198,1178,0,2147483647,0.0,0.0,15,4,-83,GSM,460,1,5198,49989,0,2147483647,0.0,0.0,15,4,-83,GSM,0,0,0,-1,0,2147483647,0.0,0.0,14,4,-85,GSM
1523512615294,121.20639535,31.29035772,19.0,27.0,0.0,-71,true,-1,-1,5,64.0,4000.0,3.45916748046875,-51.02386474609375,15.56854248046875,2.8154304027557373,-0.5685449242591858,-2.4270694255828857,460,1,5198,42517,0,-1,0.0,0.0,0,0,0,,6,460,1,5198,42517,0,2147483647,0.0,0.0,19,4,-75,GSM,460,1,5198,42519,0,2147483647,0.0,0.0,19,4,-75,GSM,460,1,5198,42518,0,2147483647,0.0,0.0,14,4,-85,GSM,460,1,5198,1178,0,2147483647,0.0,0.0,13,4,-87,GSM,460,1,5198,49989,0,2147483647,0.0,0.0,15,4,-83,GSM,0,0,0,-1,0,2147483647,0.0,0.0,13,4,-87,GSM
1523512618383,121.20639535,31.29035772,19.0,27.0,0.0,-75,true,-1,-1,5,64.0,4000.0,0.34942626953125,-48.62518310546875,17.3675537109375,2.8482913970947266,-0.4857923984527588,-2.46833872795105,460,1,5198,42517,0,-1,0.0,0.0,0,0,0,,5,460,1,5198,42517,0,2147483647,0.0,0.0,18,4,-77,GSM,460,1,5198,42519,0,2147483647,0.0,0.0,19,4,-75,GSM,460,1,5198,42518,0,2147483647,0.0,0.0,14,4,-85,GSM,460,1,5198,49989,0,2147483647,0.0,0.0,15,4,-83,GSM,0,0,0,-1,0,2147483647,0.0,0.0,12,4,-89,GSM
1523512621479,121.20624098,31.29013594,21.0,40.0,0.0,-75,true,-1,-1,5,64.0,4000.0,3.1097412109375,-49.224853515625,20.36895751953125,2.71628475189209,-0.6007516980171204,-2.4991137981414795,460,1,5198,42517,0,-1,0.0,0.0,0,0,0,,5,460,1,5198,42517,0,2147483647,0.0,0.0,18,4,-77,GSM,460,1,5198,42519,0,2147483647,0.0,0.0,17,4,-79,GSM,460,1,5198,42518,0,2147483647,0.0,0.0,13,4,-87,GSM,460,1,5198,49989,0,2147483647,0.0,0.0,15,4,-83,GSM,0,0,0,-1,0,2147483647,0.0,0.0,12,4,-89,GSM
1523512624561,121.20624098,31.29013594,21.0,40.0,0.0,-75,true,-1,-1,5,64.0,4000.0,-1.38092041015625,-48.92425537109375,14.9688720703125,2.8945910930633545,-0.565319836139679,-2.4268810749053955,460,1,5198,42517,0,-1,0.0,0.0,0,0,0,,3,460,1,5198,42517,0,2147483647,0.0,0.0,18,4,-77,GSM,460,1,5198,42519,0,2147483647,0.0,0.0,17,4,-79,GSM,460,1,5198,49989,0,2147483647,0.0,0.0,15,4,-83,GSM
1523512627588,121.20608429,31.28991094,21.0,47.0,0.0,-75,true,-1,-1,5,63.0,4000.0,5.36956787109375,-46.5240478515625,26.66778564453125,2.6128854751586914,-0.43835556507110596,-2.511577606201172,460,1,5198,42517,0,-1,0.0,0.0,0,0,0,,3,460,1,5198,42517,0,2147483647,0.0,0.0,17,4,-79,GSM,460,1,5198,42519,0,2147483647,0.0,0.0,17,4,-79,GSM,460,1,5198,49989,0,2147483647,0.0,0.0,15,4,-83,GSM
1523512630672,121.20608429,31.28991094,21.0,47.0,0.0,-75,true,-1,-1,5,63.0,4000.0,2.4200439453125,-48.3245849609375,19.1680908203125,2.7394676208496094,-0.54869544506073,-2.396648645401001,460,1,5198,42517,0,-1,0.0,0.0,0,0,0,,4,460,1,5198,42517,0,2147483647,0.0,0.0,17,4,-79,GSM,460,1,5198,42519,0,2147483647,0.0,0.0,17,4,-79,GSM,460,1,5198,49989,0,2147483647,0.0,0.0,15,4,-83,GSM,460,1,5198,57368,0,2147483647,0.0,0.0,13,4,-87,GSM
1523512633731,121.20608429,31.28991094,21.0,47.0,0.0,-75,true,-1,-1,5,63.0,4000.0,1.57012939453125,-48.92425537109375,17.66815185546875,2.7978341579437256,-0.5481880307197571,-2.438441276550293,460,1,5198,42517,0,-1,0.0,0.0,0,0,0,,4,460,1,5198,42517,0,2147483647,0.0,0.0,17,4,-79,GSM,460,1,5198,42519,0,2147483647,0.0,0.0,18,4,-77,GSM,460,1,5198,49989,0,2147483647,0.0,0.0,15,4,-83,GSM,460,1,5198,57368,0,2147483647,0.0,0.0,13,4,-87,GSM
1523512636796,121.20590647,31.28955939,22.0,51.0,0.0,-75,true,-1,-1,5,63.0,4000.0,3.9794921875,-48.3245849609375,24.267578125,2.651718854904175,-0.48110419511795044,-2.4220528602600098,460,1,5198,42517,0,-1,0.0,0.0,0,0,0,,4,460,1,5198,42517,0,2147483647,0.0,0.0,18,4,-77,GSM,460,1,5198,42519,0,2147483647,0.0,0.0,18,4,-77,GSM,460,1,5198,49989,0,2147483647,0.0,0.0,14,4,-85,GSM,460,1,5198,57368,0,2147483647,0.0,0.0,14,4,-85,GSM
1523512639863,121.20590647,31.28955939,22.0,51.0,0.0,-75,true,-1,-1,5,63.0,4000.0,11.94915771484375,-41.72515869140625,36.26861572265625,2.2625014781951904,-0.5021429061889648,-2.4312212467193604,460,1,5198,42517,0,-1,0.0,0.0,0,0,0,,4,460,1,5198,42517,0,2147483647,0.0,0.0,17,4,-79,GSM,460,1,5198,42519,0,2147483647,0.0,0.0,19,4,-75,GSM,460,1,5198,49989,0,2147483647,0.0,0.0,14,4,-85,GSM,460,1,5198,57368,0,2147483647,0.0,0.0,14,4,-85,GSM
1523512642921,121.20590647,31.28955939,22.0,51.0,0.0,-75,true,-1,-1,5,63.0,4000.0,14.8895263671875,-34.22393798828125,46.16851806640625,1.9155081510543823,-0.574459969997406,-2.4406120777130127,460,1,5198,42517,0,-1,0.0,0.0,0,0,0,,4,460,1,5198,42517,0,2147483647,0.0,0.0,18,4,-77,GSM,460,1,5198,42519,0,2147483647,0.0,0.0,23,4,-67,GSM,460,1,5198,49989,0,2147483647,0.0,0.0,14,4,-85,GSM,460,1,5198,57368,0,2147483647,0.0,0.0,13,4,-87,GSM
1523512645976,121.20590647,31.28955939,22.0,51.0,0.0,-75,true,-1,-1,5,63.0,4000.0,18.1793212890625,-29.425048828125,47.06878662109375,1.864217758178711,-0.6221600770950317,-2.2676188945770264,460,1,5198,42519,0,-1,0.0,0.0,0,0,0,,4,460,1,5198,42519,0,2147483647,0.0,0.0,27,4,-59,GSM,460,1,5198,42517,0,2147483647,0.0,0.0,18,4,-77,GSM,0,0,0,-1,0,2147483647,0.0,0.0,14,4,-85,GSM,0,0,0,-1,0,2147483647,0.0,0.0,18,4,-77,GSM
1523512649037,121.20590965,31.28932349,26.0,39.0,0.0,-51,true,-1,-1,5,63.0,4000.0,2.94036865234375,-12.02392578125,50.6683349609375,1.332495093345642,-0.53230220079422,-2.4464402198791504,460,1,5198,42519,0,-1,0.0,0.0,0,0,0,,4,460,1,5198,42519,0,2147483647,0.0,0.0,31,4,-51,GSM,460,1,5198,42517,0,2147483647,0.0,0.0,19,4,-75,GSM,460,1,5198,43858,0,2147483647,0.0,0.0,14,4,-85,GSM,460,1,5198,42518,0,2147483647,0.0,0.0,19,4,-75,GSM
1523512652100,121.20590965,31.28932349,26.0,39.0,0.0,-51,true,-1,-1,5,63.0,4000.0,0.52947998046875,-6.6253662109375,54.26788330078125,1.1265602111816406,-0.5846024751663208,-2.432393789291382,460,1,5198,42519,0,-1,0.0,0.0,0,0,0,,6,460,1,5198,42519,0,2147483647,0.0,0.0,31,4,-51,GSM,460,1,5198,42517,0,2147483647,0.0,0.0,20,4,-73,GSM,460,1,5198,43858,0,2147483647,0.0,0.0,15,4,-83,GSM,460,1,5198,42518,0,2147483647,0.0,0.0,19,4,-75,GSM,460,1,5198,43857,0,2147483647,0.0,0.0,18,4,-77,GSM,0,0,0,-1,0,2147483647,0.0,0.0,15,4,-83,GSM
1523512655160,121.20618655,31.28924971,26.0,49.0,0.0,-51,true,-1,-1,5,63.0,4000.0,-1.7303466796875,-0.62408447265625,52.16827392578125,1.0878632068634033,-0.4753352999687195,-2.406141519546509,460,1,5198,42519,0,-1,0.0,0.0,0,0,0,,6,460,1,5198,42519,0,2147483647,0.0,0.0,31,4,-51,GSM,460,1,5198,42517,0,2147483647,0.0,0.0,20,4,-73,GSM,460,1,5198,43858,0,2147483647,0.0,0.0,16,4,-81,GSM,460,1,5198,42518,0,2147483647,0.0,0.0,19,4,-75,GSM,460,1,5198,43857,0,2147483647,0.0,0.0,19,4,-75,GSM,460,1,5198,42507,0,2147483647,0.0,0.0,15,4,-83,GSM
1523512658241,121.20618655,31.28924971,26.0,49.0,0.0,-51,true,-1,-1,5,63.0,4000.0,1.57012939453125,-7.52410888671875,54.26788330078125,1.2512791156768799,-0.4914391040802002,-2.424830675125122,460,1,5198,42519,0,-1,0.0,0.0,0,0,0,,6,460,1,5198,42519,0,2147483647,0.0,0.0,31,4,-51,GSM,460,1,5198,42517,0,2147483647,0.0,0.0,20,4,-73,GSM,460,1,5198,43858,0,2147483647,0.0,0.0,16,4,-81,GSM,460,1,5198,42518,0,2147483647,0.0,0.0,20,4,-73,GSM,460,1,5198,43857,0,2147483647,0.0,0.0,20,4,-73,GSM,460,1,5198,42507,0,2147483647,0.0,0.0,16,4,-81,GSM
1523512661310,121.2063874,31.28931644,29.0,31.0,0.0,-51,true,-1,-1,5,63.0,4000.0,0.1800537109375,-7.82470703125,54.8675537109375,1.1871484518051147,-0.5706408619880676,-2.3947527408599854,460,1,5198,42519,0,-1,0.0,0.0,0,0,0,,7,460,1,5198,42519,0,2147483647,0.0,0.0,31,4,-51,GSM,460,1,5198,42517,0,2147483647,0.0,0.0,21,4,-71,GSM,460,1,5198,43858,0,2147483647,0.0,0.0,16,4,-81,GSM,460,1,5198,42518,0,2147483647,0.0,0.0,20,4,-73,GSM,460,1,5198,43857,0,2147483647,0.0,0.0,20,4,-73,GSM,460,1,5198,42507,0,2147483647,0.0,0.0,16,4,-81,GSM,460,1,5198,56688,0,2147483647,0.0,0.0,13,4,-87,GSM
1523512664384,121.2063874,31.28931644,29.0,31.0,0.0,-51,true,-1,-1,5,63.0,4000.0,0.1800537109375,-5.72509765625,57.26776123046875,1.259655237197876,-0.5450820326805115,-2.269678831100464,460,1,5198,42519,0,-1,0.0,0.0,0,0,0,,7,460,1,5198,42519,0,2147483647,0.0,0.0,30,4,-53,GSM,460,1,5198,42517,0,2147483647,0.0,0.0,21,4,-71,GSM,460,1,5198,43858,0,2147483647,0.0,0.0,17,4,-79,GSM,460,1,5198,42518,0,2147483647,0.0,0.0,20,4,-73,GSM,460,1,5198,43857,0,2147483647,0.0,0.0,19,4,-75,GSM,460,1,5198,42507,0,2147483647,0.0,0.0,16,4,-81,GSM,0,0,0,-1,0,2147483647,0.0,0.0,14,4,-85,GSM
1523512667424,121.20666194,31.28933847,32.0,39.0,0.0,-55,true,-1,-1,5,63.0,4000.0,3.63006591796875,-9.0240478515625,55.46875,1.2077456712722778,-0.5973526239395142,-2.4292547702789307,460,1,5198,42519,0,-1,0.0,0.0,0,0,0,,5,460,1,5198,42519,0,2147483647,0.0,0.0,27,4,-59,GSM,460,1,5198,42517,0,2147483647,0.0,0.0,21,4,-71,GSM,460,1,5198,43858,0,2147483647,0.0,0.0,17,4,-79,GSM,460,1,5198,42518,0,2147483647,0.0,0.0,22,4,-69,GSM,460,1,5198,43857,0,2147483647,0.0,0.0,20,4,-73,GSM
1523512670503,121.20666194,31.28933847,32.0,39.0,0.0,-55,true,-1,-1,5,63.0,4000.0,1.910400390625,-6.32476806640625,54.26788330078125,1.1694273948669434,-0.5496147274971008,-2.43640398979187,460,1,5198,42519,0,-1,0.0,0.0,0,0,0,,5,460,1,5198,42519,0,2147483647,0.0,0.0,26,4,-61,GSM,460,1,5198,42517,0,2147483647,0.0,0.0,20,4,-73,GSM,460,1,5198,43858,0,2147483647,0.0,0.0,17,4,-79,GSM,460,1,5198,42518,0,2147483647,0.0,0.0,21,4,-71,GSM,460,1,5198,43857,0,2147483647,0.0,0.0,21,4,-71,GSM
1523512673553,121.20681501,31.28935211,28.0,30.0,0.0,-59,true,-1,-1,5,63.0,4000.0,5.54046630859375,-5.42449951171875,56.36749267578125,1.3063775300979614,-0.47286322712898254,-2.3667664527893066,460,1,5198,42519,0,-1,0.0,0.0,0,0,0,,5,460,1,5198,42519,0,2147483647,0.0,0.0,25,4,-63,GSM,460,1,5198,42517,0,2147483647,0.0,0.0,19,4,-75,GSM,460,1,5198,43858,0,2147483647,0.0,0.0,17,4,-79,GSM,460,1,5198,42518,0,2147483647,0.0,0.0,21,4,-71,GSM,460,1,5198,43857,0,2147483647,0.0,0.0,21,4,-71,GSM
1523512676619,121.20712417,31.2892469,21.0,25.0,2.7914512,-59,true,-1,-1,5,63.0,4000.0,-2.07061767578125,0.8758544921875,54.5684814453125,1.0027098655700684,-0.7044247388839722,-2.2975754737854004,460,1,5198,42519,0,-1,0.0,0.0,0,0,0,,7,460,1,5198,42519,0,2147483647,0.0,0.0,24,4,-65,GSM,460,1,5198,42517,0,2147483647,0.0,0.0,19,4,-75,GSM,460,1,5198,43858,0,2147483647,0.0,0.0,17,4,-79,GSM,460,1,5198,42518,0,2147483647,0.0,0.0,22,4,-69,GSM,460,1,5198,43857,0,2147483647,0.0,0.0,20,4,-73,GSM,460,1,5198,49989,0,2147483647,0.0,0.0,16,4,-81,GSM,460,1,5198,56688,0,2147483647,0.0,0.0,16,4,-81,GSM
1523512679701,121.20721297,31.28922861,23.0,24.0,2.449898,-59,true,-1,-1,5,63.0,4000.0,2.4200439453125,-10.22491455078125,56.96868896484375,1.2880958318710327,-0.5419515371322632,-2.3886547088623047,460,1,5198,42519,0,-1,0.0,0.0,0,0,0,,7,460,1,5198,42519,0,2147483647,0.0,0.0,29,4,-55,GSM,460,1,5198,42517,0,2147483647,0.0,0.0,20,4,-73,GSM,460,1,5198,43858,0,2147483647,0.0,0.0,17,4,-79,GSM,460,1,5198,42518,0,2147483647,0.0,0.0,22,4,-69,GSM,460,1,5198,43857,0,2147483647,0.0,0.0,20,4,-73,GSM,460,1,5198,49989,0,2147483647,0.0,0.0,18,4,-77,GSM,460,1,5198,56688,0,2147483647,0.0,0.0,17,4,-79,GSM
1523512682772,121.20730584,31.28923117,24.0,23.0,2.5863101,-53,true,-1,-1,5,63.0,4000.0,8.83026123046875,-17.724609375,55.46875,1.6503814458847046,-0.37690964341163635,-2.4085676670074463,460,1,5198,42519,0,-1,0.0,0.0,0,0,0,,6,460,1,5198,42519,0,2147483647,0.0,0.0,29,4,-55,GSM,460,1,5198,42517,0,2147483647,0.0,0.0,21,4,-71,GSM,460,1,5198,43858,0,2147483647,0.0,0.0,17,4,-79,GSM,460,1,5198,42518,0,2147483647,0.0,0.0,24,4,-65,GSM,460,1,5198,43857,0,2147483647,0.0,0.0,20,4,-73,GSM,460,1,5198,49989,0,2147483647,0.0,0.0,18,4,-77,GSM
1523512685847,121.20738008,31.28923055,25.0,22.0,0.0,-55,true,-1,-1,5,63.0,4000.0,7.6202392578125,-5.42449951171875,63.568115234375,1.192720890045166,-0.5802996754646301,-2.421884059906006,460,1,5198,42519,0,-1,0.0,0.0,0,0,0,,6,460,1,5198,42519,0,2147483647,0.0,0.0,25,4,-63,GSM,460,1,5198,42517,0,2147483647,0.0,0.0,21,4,-71,GSM,460,1,5198,42518,0,2147483647,0.0,0.0,24,4,-65,GSM,460,1,5198,43857,0,2147483647,0.0,0.0,21,4,-71,GSM,460,1,5198,49989,0,2147483647,0.0,0.0,18,4,-77,GSM,460,1,5198,56688,0,2147483647,0.0,0.0,19,4,-75,GSM
1523512688907,121.2074736,31.28919206,23.0,21.0,0.0,-63,true,-1,-1,5,63.0,4000.0,10.7391357421875,-13.52386474609375,58.7677001953125,1.552801251411438,-0.3619636595249176,-2.44218111038208,460,1,5198,42519,0,-1,0.0,0.0,0,0,0,,4,460,1,5198,42519,0,2147483647,0.0,0.0,26,4,-61,GSM,460,1,5198,42517,0,2147483647,0.0,0.0,20,4,-73,GSM,460,1,5198,42518,0,2147483647,0.0,0.0,24,4,-65,GSM,460,1,5198,43857,0,2147483647,0.0,0.0,20,4,-73,GSM
1523512691984,121.20759137,31.28913019,23.0,19.0,3.2256007,-63,true,-1,-1,5,63.0,4000.0,10.2203369140625,-15.02532958984375,59.06829833984375,1.3228734731674194,-0.5928409695625305,-2.5132644176483154,460,1,5198,42519,0,-1,0.0,0.0,0,0,0,,4,460,1,5198,42519,0,2147483647,0.0,0.0,25,4,-63,GSM,460,1,5198,42517,0,2147483647,0.0,0.0,20,4,-73,GSM,460,1,5198,42518,0,2147483647,0.0,0.0,25,4,-63,GSM,460,1,5198,43857,0,2147483647,0.0,0.0,19,4,-75,GSM
1523512695029,121.20768952,31.28907341,24.0,20.0,0.0,-63,true,-1,-1,5,63.0,4000.0,12.80975341796875,-19.82421875,56.96868896484375,1.5730944871902466,-0.4801282286643982,-2.497112989425659,460,1,5198,42519,0,-1,0.0,0.0,0,0,0,,6,460,1,5198,42519,0,2147483647,0.0,0.0,22,4,-69,GSM,460,1,5198,42517,0,2147483647,0.0,0.0,19,4,-75,GSM,460,1,5198,42518,0,2147483647,0.0,0.0,27,4,-59,GSM,460,1,5198,43857,0,2147483647,0.0,0.0,19,4,-75,GSM,460,1,5198,49989,0,2147483647,0.0,0.0,18,4,-77,GSM,0,0,0,-1,0,2147483647,0.0,0.0,16,4,-81,GSM
1523512698116,121.20768952,31.28907341,24.0,20.0,0.0,-67,true,-1,-1,5,63.0,4000.0,14.8895263671875,-17.42401123046875,54.5684814453125,1.646933674812317,-0.3955419957637787,-2.4508602619171143,460,1,5198,42519,0,-1,0.0,0.0,0,0,0,,6,460,1,5198,42519,0,2147483647,0.0,0.0,24,4,-65,GSM,460,1,5198,42517,0,2147483647,0.0,0.0,19,4,-75,GSM,460,1,5198,42518,0,2147483647,0.0,0.0,27,4,-59,GSM,460,1,5198,43857,0,2147483647,0.0,0.0,18,4,-77,GSM,0,0,0,-1,0,2147483647,0.0,0.0,15,4,-83,GSM,460,1,5198,56688,0,2147483647,0.0,0.0,16,4,-81,GSM
1523512701174,121.20780457,31.28899142,25.0,31.0,0.0,-67,true,-1,-1,5,63.0,4000.0,11.43035888671875,-15.02532958984375,50.96893310546875,1.5148699283599854,-0.5016104578971863,-2.455350160598755,460,1,5198,42518,0,-1,0.0,0.0,0,0,0,,6,460,1,5198,42518,0,2147483647,0.0,0.0,27,4,-59,GSM,460,1,5198,42517,0,2147483647,0.0,0.0,19,4,-75,GSM,460,1,5198,43857,0,2147483647,0.0,0.0,18,4,-77,GSM,460,1,5198,56688,0,2147483647,0.0,0.0,16,4,-81,GSM,460,1,5198,49989,0,2147483647,0.0,0.0,16,4,-81,GSM,0,0,0,-1,0,2147483647,0.0,0.0,13,4,-87,GSM
1523512704365,121.20780457,31.28899142,25.0,31.0,0.0,-57,true,-1,-1,5,63.0,4000.0,19.049072265625,-14.42413330078125,53.36761474609375,1.543332815170288,-0.5309375524520874,-2.4155220985412598,460,1,5198,42518,0,-1,0.0,0.0,0,0,0,,6,460,1,5198,42518,0,2147483647,0.0,0.0,28,4,-57,GSM,460,1,5198,42517,0,2147483647,0.0,0.0,19,4,-75,GSM,460,1,5198,43857,0,2147483647,0.0,0.0,17,4,-79,GSM,460,1,5198,56688,0,2147483647,0.0,0.0,16,4,-81,GSM,460,1,5198,49989,0,2147483647,0.0,0.0,16,4,-81,GSM,460,1,5198,42519,0,2147483647,0.0,0.0,24,4,-65,GSM
1523512707416,121.20806476,31.28883106,24.0,36.0,0.0,-57,true,-1,-1,5,63.0,4000.0,11.25030517578125,-13.22479248046875,54.26788330078125,1.434148907661438,-0.5282844305038452,-2.4470016956329346,460,1,5198,42518,0,-1,0.0,0.0,0,0,0,,6,460,1,5198,42518,0,2147483647,0.0,0.0,31,4,-51,GSM,460,1,5198,42517,0,2147483647,0.0,0.0,19,4,-75,GSM,460,1,5198,43857,0,2147483647,0.0,0.0,17,4,-79,GSM,460,1,5198,56688,0,2147483647,0.0,0.0,16,4,-81,GSM,460,1,5198,49989,0,2147483647,0.0,0.0,16,4,-81,GSM,460,1,5198,42519,0,2147483647,0.0,0.0,24,4,-65,GSM
1523512710488,121.20806476,31.28883106,24.0,36.0,0.0,-51,true,-1,-1,5,63.0,4000.0,16.619873046875,-25.22430419921875,50.36773681640625,1.5268043279647827,-0.6976667046546936,-2.5595576763153076,460,1,5198,42518,0,-1,0.0,0.0,0,0,0,,7,460,1,5198,42518,0,2147483647,0.0,0.0,31,4,-51,GSM,460,1,5198,42517,0,2147483647,0.0,0.0,19,4,-75,GSM,460,1,5198,43857,0,2147483647,0.0,0.0,16,4,-81,GSM,460,1,5198,56688,0,2147483647,0.0,0.0,16,4,-81,GSM,460,1,5198,49989,0,2147483647,0.0,0.0,16,4,-81,GSM,460,1,5198,42519,0,2147483647,0.0,0.0,22,4,-69,GSM,0,0,0,-1,0,2147483647,0.0,0.0,15,4,-83,GSM
1523512713557,121.20822323,31.28878245,27.0,44.0,0.0,-51,true,-1,-1,5,63.0,4000.0,15.5792236328125,-24.32403564453125,50.36773681640625,1.7100274562835693,-0.532995343208313,-2.4556312561035156,460,1,5198,42518,0,-1,0.0,0.0,0,0,0,,7,460,1,5198,42518,0,2147483647,0.0,0.0,26,4,-61,GSM,460,1,5198,42517,0,2147483647,0.0,0.0,19,4,-75,GSM,460,1,5198,43857,0,2147483647,0.0,0.0,16,4,-81,GSM,460,1,5198,56688,0,2147483647,0.0,0.0,15,4,-83,GSM,460,1,5198,49989,0,2147483647,0.0,0.0,16,4,-81,GSM,460,1,5198,42519,0,2147483647,0.0,0.0,21,4,-71,GSM,0,0,0,-1,0,2147483647,0.0,0.0,14,4,-85,GSM
1523512716624,121.20838786,31.28869472,25.0,25.0,3.37,-61,true,-1,-1,5,63.0,4000.0,9.1796875,-25.823974609375,49.46746826171875,1.460588812828064,-0.6660845875740051,-2.629732370376587,460,1,5198,42518,0,-1,0.0,0.0,0,0,0,,7,460,1,5198,42518,0,2147483647,0.0,0.0,26,4,-61,GSM,460,1,5198,42517,0,2147483647,0.0,0.0,18,4,-77,GSM,460,1,5198,43857,0,2147483647,0.0,0.0,14,4,-85,GSM,460,1,5198,56688,0,2147483647,0.0,0.0,15,4,-83,GSM,460,1,5198,49989,0,2147483647,0.0,0.0,16,4,-81,GSM,460,1,5198,42519,0,2147483647,0.0,0.0,21,4,-71,GSM,0,0,0,-1,0,2147483647,0.0,0.0,2,0,-109,GSM
1523512719714,121.20850143,31.28862165,26.0,24.0,0.0,-61,true,-1,-1,5,63.0,4000.0,8.65936279296875,-27.92510986328125,49.76806640625,1.6678727865219116,-0.6241145730018616,-2.4369373321533203,460,1,5198,42518,0,-1,0.0,0.0,0,0,0,,7,460,1,5198,42518,0,2147483647,0.0,0.0,28,4,-57,GSM,460,1,5198,42517,0,2147483647,0.0,0.0,18,4,-77,GSM,460,1,5198,43857,0,2147483647,0.0,0.0,14,4,-85,GSM,460,1,5198,56688,0,2147483647,0.0,0.0,15,4,-83,GSM,460,1,5198,49989,0,2147483647,0.0,0.0,17,4,-79,GSM,460,1,5198,42519,0,2147483647,0.0,0.0,21,4,-71,GSM,460,1,5198,42507,0,2147483647,0.0,0.0,13,4,-87,GSM
1523512722767,121.2085761,31.28858023,26.0,21.0,3.7903297,-55,true,-1,-1,5,63.0,4000.0,11.94915771484375,-36.02447509765625,59.66796875,1.6687906980514526,-0.5975505113601685,-2.6246755123138428,460,1,5198,42518,0,-1,0.0,0.0,0,0,0,,6,460,1,5198,42518,0,2147483647,0.0,0.0,29,4,-55,GSM,460,1,5198,42517,0,2147483647,0.0,0.0,18,4,-77,GSM,460,1,5198,56688,0,2147483647,0.0,0.0,14,4,-85,GSM,460,1,5198,49989,0,2147483647,0.0,0.0,18,4,-77,GSM,460,1,5198,42519,0,2147483647,0.0,0.0,20,4,-73,GSM,0,0,0,-1,0,2147483647,0.0,0.0,12,4,-89,GSM
1523512725845,121.20870983,31.28849449,22.0,20.0,4.170192,-55,true,-1,-1,5,63.0,4000.0,11.25030517578125,-21.624755859375,54.26788330078125,1.7038354873657227,-0.44607874751091003,-2.367919445037842,460,1,5198,42518,0,-1,0.0,0.0,0,0,0,,6,460,1,5198,42518,0,2147483647,0.0,0.0,29,4,-55,GSM,460,1,5198,42517,0,2147483647,0.0,0.0,18,4,-77,GSM,460,1,5198,56688,0,2147483647,0.0,0.0,14,4,-85,GSM,460,1,5198,49989,0,2147483647,0.0,0.0,18,4,-77,GSM,460,1,5198,42519,0,2147483647,0.0,0.0,20,4,-73,GSM,0,0,0,-1,0,2147483647,0.0,0.0,12,4,-89,GSM
1523512728903,121.20882545,31.2884287,22.0,20.0,0.0,-53,true,-1,-1,5,63.0,4000.0,11.5997314453125,-19.22454833984375,54.8675537109375,1.6787911653518677,-0.4219706058502197,-2.3507044315338135,460,1,5198,42518,0,-1,0.0,0.0,0,0,0,,7,460,1,5198,42518,0,2147483647,0.0,0.0,29,4,-55,GSM,460,1,5198,42517,0,2147483647,0.0,0.0,18,4,-77,GSM,460,1,5198,56688,0,2147483647,0.0,0.0,14,4,-85,GSM,460,1,5198,49989,0,2147483647,0.0,0.0,18,4,-77,GSM,460,1,5198,42519,0,2147483647,0.0,0.0,20,4,-73,GSM,0,0,0,-1,0,2147483647,0.0,0.0,12,4,-89,GSM,460,1,5198,42507,0,2147483647,0.0,0.0,12,4,-89,GSM
1523512731976,121.20894679,31.28836566,21.0,19.0,4.4902782,-53,true,-1,-1,5,63.0,4000.0,10.38970947265625,-18.9239501953125,54.5684814453125,1.629324197769165,-0.4532775580883026,-2.3918561935424805,460,1,5198,42518,0,-1,0.0,0.0,0,0,0,,5,460,1,5198,42518,0,2147483647,0.0,0.0,28,4,-57,GSM,460,1,5198,42517,0,2147483647,0.0,0.0,18,4,-77,GSM,460,1,5198,56688,0,2147483647,0.0,0.0,14,4,-85,GSM,460,1,5198,49989,0,2147483647,0.0,0.0,18,4,-77,GSM,460,1,5198,42519,0,2147483647,0.0,0.0,20,4,-73,GSM
1523512735027,121.20907684,31.28828426,19.0,18.0,4.760263,-55,true,-1,-1,5,63.0,4000.0,9.70001220703125,-15.02532958984375,55.767822265625,1.5796254873275757,-0.41085201501846313,-2.375903844833374,460,1,5198,42518,0,-1,0.0,0.0,0,0,0,,5,460,1,5198,42518,0,2147483647,0.0,0.0,30,4,-53,GSM,460,1,5198,42517,0,2147483647,0.0,0.0,18,4,-77,GSM,460,1,5198,56688,0,2147483647,0.0,0.0,13,4,-87,GSM,460,1,5198,49989,0,2147483647,0.0,0.0,17,4,-79,GSM,460,1,5198,42519,0,2147483647,0.0,0.0,20,4,-73,GSM
1523512738085,121.20918145,31.28821119,20.0,20.0,0.0,-51,true,-1,-1,5,63.0,4000.0,11.07940673828125,-19.82421875,53.96881103515625,1.662859559059143,-0.4418608546257019,-2.3989341259002686,460,1,5198,42518,0,-1,0.0,0.0,0,0,0,,6,460,1,5198,42518,0,2147483647,0.0,0.0,30,4,-53,GSM,460,1,5198,42517,0,2147483647,0.0,0.0,19,4,-75,GSM,460,1,5198,56688,0,2147483647,0.0,0.0,12,4,-89,GSM,460,1,5198,49989,0,2147483647,0.0,0.0,17,4,-79,GSM,460,1,5198,42519,0,2147483647,0.0,0.0,19,4,-75,GSM,460,1,5198,42507,0,2147483647,0.0,0.0,13,4,-87,GSM
1523512741162,121.20918145,31.28821119,20.0,20.0,0.0,-51,true,-1,-1,5,63.0,4000.0,13.5101318359375,-20.42388916015625,58.16802978515625,1.5487425327301025,-0.5712511539459229,-2.4003686904907227,460,1,5198,42518,0,-1,0.0,0.0,0,0,0,,6,460,1,5198,42518,0,2147483647,0.0,0.0,31,4,-51,GSM,460,1,5198,42517,0,2147483647,0.0,0.0,20,4,-73,GSM,460,1,5198,56688,0,2147483647,0.0,0.0,12,4,-89,GSM,460,1,5198,49989,0,2147483647,0.0,0.0,16,4,-81,GSM,460,1,5198,42519,0,2147483647,0.0,0.0,19,4,-75,GSM,460,1,5198,42507,0,2147483647,0.0,0.0,13,4,-87,GSM
1523512744219,121.20929058,31.28813824,19.0,20.0,2.8020885,-51,true,-1,-1,5,63.0,4000.0,13.330078125,-19.22454833984375,53.668212890625,1.6600929498672485,-0.5354771614074707,-2.255768299102783,460,1,5198,42518,0,-1,0.0,0.0,0,0,0,,6,460,1,5198,42518,0,2147483647,0.0,0.0,28,4,-57,GSM,460,1,5198,42517,0,2147483647,0.0,0.0,20,4,-73,GSM,460,1,5198,56688,0,2147483647,0.0,0.0,12,4,-89,GSM,460,1,5198,49989,0,2147483647,0.0,0.0,14,4,-85,GSM,460,1,5198,42519,0,2147483647,0.0,0.0,18,4,-77,GSM,460,1,5198,42507,0,2147483647,0.0,0.0,13,4,-87,GSM
1523512747460,121.20929058,31.28813824,19.0,20.0,2.8020885,-57,true,-1,-1,5,63.0,4000.0,14.54925537109375,-23.12469482421875,51.568603515625,1.5317238569259644,-0.728280246257782,-2.4086341857910156,460,1,5198,42518,0,-1,0.0,0.0,0,0,0,,6,460,1,5198,42518,0,2147483647,0.0,0.0,26,4,-61,GSM,460,1,5198,42517,0,2147483647,0.0,0.0,20,4,-73,GSM,460,1,5198,56688,0,2147483647,0.0,0.0,12,4,-89,GSM,460,1,5198,49989,0,2147483647,0.0,0.0,13,4,-87,GSM,460,1,5198,42519,0,2147483647,0.0,0.0,17,4,-79,GSM,460,1,5198,42507,0,2147483647,0.0,0.0,13,4,-87,GSM
1523512750359,121.20942532,31.28806024,25.0,25.0,0.0,-59,true,-1,-1,5,63.0,4000.0,-20.78094482421875,-40.5242919921875,-10.23101806640625,2.506483793258667,-0.6095342040061951,-0.17021317780017853,460,1,5198,42518,0,-1,0.0,0.0,0,0,0,,5,460,1,5198,42518,0,2147483647,0.0,0.0,27,4,-59,GSM,460,1,5198,42517,0,2147483647,0.0,0.0,19,4,-75,GSM,460,1,5198,49989,0,2147483647,0.0,0.0,13,4,-87,GSM,460,1,5198,42519,0,2147483647,0.0,0.0,15,4,-83,GSM,460,1,5198,42507,0,2147483647,0.0,0.0,13,4,-87,GSM
1523512753440,121.20942532,31.28806024,25.0,25.0,0.0,-59,true,-1,-1,5,63.0,4000.0,-23.89984130859375,-36.6241455078125,-16.83197021484375,2.357306957244873,-0.5243648290634155,-0.10312478244304657,460,1,5198,42518,0,-1,0.0,0.0,0,0,0,,5,460,1,5198,42518,0,2147483647,0.0,0.0,26,4,-61,GSM,460,1,5198,42517,0,2147483647,0.0,0.0,18,4,-77,GSM,460,1,5198,49989,0,2147483647,0.0,0.0,12,4,-89,GSM,460,1,5198,42519,0,2147483647,0.0,0.0,15,4,-83,GSM,460,1,5198,42507,0,2147483647,0.0,0.0,15,4,-83,GSM
