IMEI:862305032225518
IMSI:460091042103139
OSVersion:3.10.73-perf-g94fc9a6
apiLevel:5.1.1
model:Redmi Note 3
device:kenzo
product:kenzo
181
1523513738349,121.20996529,31.28776806,32.0,17.0,2.4303293,-67,true,-1,-1,5,60.0,4000.0,-17.4896240234375,-18.02520751953125,-44.1314697265625,1.933121919631958,-0.19466425478458405,0.2170911431312561,460,1,5198,42518,0,-1,0.0,0.0,0,0,0,,6,460,1,5198,42518,0,2147483647,0.0,0.0,25,4,-63,GSM,460,1,5198,56688,0,2147483647,0.0,0.0,17,4,-79,GSM,460,1,5198,49989,0,2147483647,0.0,0.0,17,4,-79,GSM,460,1,5198,42507,0,2147483647,0.0,0.0,15,4,-83,GSM,460,1,5198,1188,0,2147483647,0.0,0.0,20,4,-73,GSM,460,1,5198,49988,0,2147483647,0.0,0.0,14,4,-85,GSM
1523513740460,121.20996529,31.28776806,32.0,17.0,2.4303293,-67,true,-1,-1,5,60.0,4000.0,13.85040283203125,-13.824462890625,57.568359375,1.4771145582199097,-0.3359870910644531,-2.782866954803467,460,1,5198,42518,0,-1,0.0,0.0,0,0,0,,6,460,1,5198,42518,0,2147483647,0.0,0.0,25,4,-63,GSM,460,1,5198,56688,0,2147483647,0.0,0.0,17,4,-79,GSM,460,1,5198,49989,0,2147483647,0.0,0.0,17,4,-79,GSM,460,1,5198,42507,0,2147483647,0.0,0.0,15,4,-83,GSM,460,1,5198,1188,0,2147483647,0.0,0.0,19,4,-75,GSM,460,1,5198,49988,0,2147483647,0.0,0.0,14,4,-85,GSM
1523513742523,121.20996529,31.28776806,32.0,17.0,2.4303293,-63,true,-1,-1,5,60.0,4000.0,14.72015380859375,1.776123046875,51.86767578125,1.0943686962127686,-0.4226461350917816,-2.7009763717651367,460,1,5198,42518,0,-1,0.0,0.0,0,0,0,,6,460,1,5198,42518,0,2147483647,0.0,0.0,21,4,-71,GSM,460,1,5198,56688,0,2147483647,0.0,0.0,16,4,-81,GSM,460,1,5198,49989,0,2147483647,0.0,0.0,17,4,-79,GSM,460,1,5198,42507,0,2147483647,0.0,0.0,13,4,-87,GSM,460,1,5198,1188,0,2147483647,0.0,0.0,19,4,-75,GSM,460,1,5198,49988,0,2147483647,0.0,0.0,14,4,-85,GSM
1523513744579,121.20988862,31.28777484,20.0,32.0,0.0,-65,true,-1,-1,5,60.0,4000.0,7.78961181640625,2.67486572265625,50.06866455078125,0.8117306232452393,-0.42550522089004517,-2.8390374183654785,460,1,5198,42518,0,-1,0.0,0.0,0,0,0,,5,460,1,5198,42518,0,2147483647,0.0,0.0,21,4,-71,GSM,460,1,5198,56688,0,2147483647,0.0,0.0,16,4,-81,GSM,460,1,5198,49989,0,2147483647,0.0,0.0,16,4,-81,GSM,460,1,5198,42507,0,2147483647,0.0,0.0,13,4,-87,GSM,460,1,5198,1188,0,2147483647,0.0,0.0,17,4,-79,GSM
1523513746652,121.20988862,31.28777484,20.0,32.0,0.0,-71,true,-1,-1,5,60.0,4000.0,6.57958984375,4.47540283203125,50.36773681640625,0.758625864982605,-0.5999387502670288,-2.719313859939575,460,1,5198,42518,0,-1,0.0,0.0,0,0,0,,6,460,1,5198,42518,0,2147483647,0.0,0.0,22,4,-69,GSM,460,1,5198,56688,0,2147483647,0.0,0.0,16,4,-81,GSM,460,1,5198,49989,0,2147483647,0.0,0.0,16,4,-81,GSM,460,1,5198,42507,0,2147483647,0.0,0.0,14,4,-85,GSM,460,1,5198,1188,0,2147483647,0.0,0.0,17,4,-79,GSM,460,1,5198,49988,0,2147483647,0.0,0.0,12,4,-89,GSM
1523513748712,121.2101,31.28776065,18.0,24.0,0.0,-71,true,-1,-1,5,60.0,4000.0,6.75048828125,3.875732421875,47.66845703125,0.8766920566558838,-0.5156856775283813,-2.674909830093384,460,1,5198,42518,0,-1,0.0,0.0,0,0,0,,6,460,1,5198,42518,0,2147483647,0.0,0.0,23,4,-67,GSM,460,1,5198,56688,0,2147483647,0.0,0.0,16,4,-81,GSM,460,1,5198,49989,0,2147483647,0.0,0.0,15,4,-83,GSM,460,1,5198,42507,0,2147483647,0.0,0.0,14,4,-85,GSM,460,1,5198,1188,0,2147483647,0.0,0.0,16,4,-81,GSM,460,1,5198,49988,0,2147483647,0.0,0.0,12,4,-89,GSM
1523513750775,121.2101,31.28776065,18.0,24.0,0.0,-67,true,-1,-1,5,60.0,4000.0,6.91986083984375,0.57525634765625,48.5687255859375,1.0101053714752197,-0.5049343109130859,-2.6137325763702393,460,1,5198,42518,0,-1,0.0,0.0,0,0,0,,6,460,1,5198,42518,0,2147483647,0.0,0.0,23,4,-67,GSM,460,1,5198,56688,0,2147483647,0.0,0.0,17,4,-79,GSM,460,1,5198,49989,0,2147483647,0.0,0.0,15,4,-83,GSM,460,1,5198,42507,0,2147483647,0.0,0.0,14,4,-85,GSM,460,1,5198,1188,0,2147483647,0.0,0.0,16,4,-81,GSM,460,1,5198,49988,0,2147483647,0.0,0.0,12,4,-89,GSM
1523513752839,121.21019993,31.28781535,23.0,18.0,1.8320754,-67,true,-1,-1,5,60.0,4000.0,2.07977294921875,4.1748046875,49.16839599609375,0.6859697103500366,-0.4801245331764221,-2.764742612838745,460,1,5198,42518,0,-1,0.0,0.0,0,0,0,,6,460,1,5198,42518,0,2147483647,0.0,0.0,24,4,-65,GSM,460,1,5198,56688,0,2147483647,0.0,0.0,17,4,-79,GSM,460,1,5198,49989,0,2147483647,0.0,0.0,15,4,-83,GSM,460,1,5198,42507,0,2147483647,0.0,0.0,14,4,-85,GSM,460,1,5198,1188,0,2147483647,0.0,0.0,16,4,-81,GSM,460,1,5198,42517,0,2147483647,0.0,0.0,12,4,-89,GSM
1523513754929,121.21019993,31.28781535,23.0,18.0,1.8320754,-63,true,-1,-1,5,60.0,4000.0,3.81011962890625,7.47528076171875,47.36785888671875,0.7757850289344788,-0.5076196193695068,-2.6548829078674316,460,1,5198,42518,0,-1,0.0,0.0,0,0,0,,6,460,1,5198,42518,0,2147483647,0.0,0.0,23,4,-67,GSM,460,1,5198,56688,0,2147483647,0.0,0.0,17,4,-79,GSM,460,1,5198,49989,0,2147483647,0.0,0.0,15,4,-83,GSM,460,1,5198,42507,0,2147483647,0.0,0.0,15,4,-83,GSM,460,1,5198,1188,0,2147483647,0.0,0.0,16,4,-81,GSM,460,1,5198,42517,0,2147483647,0.0,0.0,13,4,-87,GSM
1523513756979,121.21027001,31.28786898,27.0,24.0,1.8582788,-63,true,-1,-1,5,60.0,4000.0,-9.1705322265625,5.37567138671875,45.867919921875,0.4043924808502197,-0.6356353759765625,-2.657069444656372,460,1,5198,42518,0,-1,0.0,0.0,0,0,0,,6,460,1,5198,42518,0,2147483647,0.0,0.0,22,4,-69,GSM,460,1,5198,56688,0,2147483647,0.0,0.0,17,4,-79,GSM,460,1,5198,49989,0,2147483647,0.0,0.0,14,4,-85,GSM,460,1,5198,42507,0,2147483647,0.0,0.0,15,4,-83,GSM,460,1,5198,1188,0,2147483647,0.0,0.0,16,4,-81,GSM,460,1,5198,42517,0,2147483647,0.0,0.0,13,4,-87,GSM
1523513759106,121.21027001,31.28786898,27.0,24.0,1.8582788,-69,true,-1,-1,5,60.0,4000.0,-24.07073974609375,7.77587890625,35.6689453125,0.667970597743988,0.025169959291815758,-2.4248270988464355,460,1,5198,42518,0,-1,0.0,0.0,0,0,0,,6,460,1,5198,42518,0,2147483647,0.0,0.0,23,4,-67,GSM,460,1,5198,56688,0,2147483647,0.0,0.0,17,4,-79,GSM,460,1,5198,49989,0,2147483647,0.0,0.0,14,4,-85,GSM,460,1,5198,42507,0,2147483647,0.0,0.0,15,4,-83,GSM,460,1,5198,1188,0,2147483647,0.0,0.0,15,4,-83,GSM,460,1,5198,42517,0,2147483647,0.0,0.0,14,4,-85,GSM
1523513761161,121.21021575,31.28831241,17.0,28.0,0.0,-69,true,-1,-1,5,60.0,4000.0,-8.4808349609375,12.27569580078125,45.26824951171875,0.3623106777667999,-0.49435660243034363,-2.6908106803894043,460,1,5198,42518,0,-1,0.0,0.0,0,0,0,,7,460,1,5198,42518,0,2147483647,0.0,0.0,24,4,-65,GSM,460,1,5198,56688,0,2147483647,0.0,0.0,17,4,-79,GSM,460,1,5198,49989,0,2147483647,0.0,0.0,15,4,-83,GSM,460,1,5198,42507,0,2147483647,0.0,0.0,15,4,-83,GSM,460,1,5198,1188,0,2147483647,0.0,0.0,14,4,-85,GSM,460,1,5198,42517,0,2147483647,0.0,0.0,14,4,-85,GSM,460,1,5198,49988,0,2147483647,0.0,0.0,13,4,-87,GSM
1523513763235,121.21021575,31.28831241,17.0,28.0,0.0,-69,true,-1,-1,5,60.0,4000.0,-11.5997314453125,12.27569580078125,45.26824951171875,0.31449440121650696,-0.4647066593170166,-2.670321464538574,460,1,5198,42518,0,-1,0.0,0.0,0,0,0,,7,460,1,5198,42518,0,2147483647,0.0,0.0,27,4,-59,GSM,460,1,5198,56688,0,2147483647,0.0,0.0,18,4,-77,GSM,460,1,5198,49989,0,2147483647,0.0,0.0,15,4,-83,GSM,460,1,5198,42507,0,2147483647,0.0,0.0,16,4,-81,GSM,460,1,5198,1188,0,2147483647,0.0,0.0,14,4,-85,GSM,460,1,5198,42517,0,2147483647,0.0,0.0,17,4,-79,GSM,460,1,5198,49988,0,2147483647,0.0,0.0,13,4,-87,GSM
1523513765453,121.21021575,31.28831241,17.0,28.0,0.0,-59,true,-1,-1,5,60.0,4000.0,-7.60955810546875,14.6759033203125,47.36785888671875,0.46937912702560425,-0.5644261240959167,-2.5905210971832275,460,1,5198,42518,0,-1,0.0,0.0,0,0,0,,7,460,1,5198,42518,0,2147483647,0.0,0.0,28,4,-57,GSM,460,1,5198,56688,0,2147483647,0.0,0.0,18,4,-77,GSM,460,1,5198,49989,0,2147483647,0.0,0.0,16,4,-81,GSM,460,1,5198,42507,0,2147483647,0.0,0.0,16,4,-81,GSM,460,1,5198,1188,0,2147483647,0.0,0.0,14,4,-85,GSM,460,1,5198,42517,0,2147483647,0.0,0.0,17,4,-79,GSM,460,1,5198,49988,0,2147483647,0.0,0.0,14,4,-85,GSM
1523513767368,121.21049836,31.28806803,19.0,30.0,0.0,-55,true,-1,-1,5,60.0,4000.0,-16.9708251953125,12.57476806640625,40.16876220703125,0.3289923071861267,-0.4624320864677429,-2.503491163253784,460,1,5198,42518,0,-1,0.0,0.0,0,0,0,,7,460,1,5198,42518,0,2147483647,0.0,0.0,28,4,-57,GSM,460,1,5198,56688,0,2147483647,0.0,0.0,18,4,-77,GSM,460,1,5198,49989,0,2147483647,0.0,0.0,16,4,-81,GSM,460,1,5198,42507,0,2147483647,0.0,0.0,16,4,-81,GSM,460,1,5198,1188,0,2147483647,0.0,0.0,15,4,-83,GSM,460,1,5198,42517,0,2147483647,0.0,0.0,18,4,-77,GSM,460,1,5198,49988,0,2147483647,0.0,0.0,14,4,-85,GSM
1523513769431,121.21049836,31.28806803,19.0,30.0,0.0,-55,true,-1,-1,5,60.0,4000.0,-15.7501220703125,9.57489013671875,45.26824951171875,0.42771115899086,-0.6015759706497192,-2.481520652770996,460,1,5198,42518,0,-1,0.0,0.0,0,0,0,,7,460,1,5198,42518,0,2147483647,0.0,0.0,27,4,-59,GSM,460,1,5198,56688,0,2147483647,0.0,0.0,19,4,-75,GSM,460,1,5198,49989,0,2147483647,0.0,0.0,17,4,-79,GSM,460,1,5198,42507,0,2147483647,0.0,0.0,16,4,-81,GSM,460,1,5198,1188,0,2147483647,0.0,0.0,15,4,-83,GSM,460,1,5198,42517,0,2147483647,0.0,0.0,18,4,-77,GSM,460,1,5198,49988,0,2147483647,0.0,0.0,16,4,-81,GSM
1523513771479,121.21049836,31.28806803,19.0,30.0,0.0,-55,true,-1,-1,5,60.0,4000.0,-13.85040283203125,8.37554931640625,44.9676513671875,0.37325915694236755,-0.5513926148414612,-2.5822548866271973,460,1,5198,42518,0,-1,0.0,0.0,0,0,0,,7,460,1,5198,42518,0,2147483647,0.0,0.0,28,4,-57,GSM,460,1,5198,56688,0,2147483647,0.0,0.0,20,4,-73,GSM,460,1,5198,49989,0,2147483647,0.0,0.0,17,4,-79,GSM,460,1,5198,42507,0,2147483647,0.0,0.0,15,4,-83,GSM,460,1,5198,1188,0,2147483647,0.0,0.0,15,4,-83,GSM,460,1,5198,42517,0,2147483647,0.0,0.0,19,4,-75,GSM,460,1,5198,49988,0,2147483647,0.0,0.0,16,4,-81,GSM
1523513773540,121.21069851,31.28796709,28.0,38.0,0.0,-55,true,-1,-1,5,60.0,4000.0,-16.27044677734375,10.47515869140625,43.16864013671875,0.1993040144443512,-0.41672977805137634,-2.6577656269073486,460,1,5198,42518,0,-1,0.0,0.0,0,0,0,,7,460,1,5198,42518,0,2147483647,0.0,0.0,27,4,-59,GSM,460,1,5198,56688,0,2147483647,0.0,0.0,20,4,-73,GSM,460,1,5198,49989,0,2147483647,0.0,0.0,18,4,-77,GSM,460,1,5198,42507,0,2147483647,0.0,0.0,15,4,-83,GSM,460,1,5198,1188,0,2147483647,0.0,0.0,15,4,-83,GSM,460,1,5198,42517,0,2147483647,0.0,0.0,19,4,-75,GSM,460,1,5198,49988,0,2147483647,0.0,0.0,16,4,-81,GSM
1523513775616,121.21069851,31.28796709,28.0,38.0,0.0,-61,true,-1,-1,5,60.0,4000.0,-17.14019775390625,16.47491455078125,40.46783447265625,0.07433100789785385,-0.2294750213623047,-2.696828842163086,460,1,5198,42518,0,-1,0.0,0.0,0,0,0,,7,460,1,5198,42518,0,2147483647,0.0,0.0,23,4,-67,GSM,460,1,5198,56688,0,2147483647,0.0,0.0,20,4,-73,GSM,460,1,5198,49989,0,2147483647,0.0,0.0,18,4,-77,GSM,460,1,5198,42507,0,2147483647,0.0,0.0,14,4,-85,GSM,460,1,5198,1188,0,2147483647,0.0,0.0,16,4,-81,GSM,460,1,5198,42517,0,2147483647,0.0,0.0,19,4,-75,GSM,460,1,5198,49988,0,2147483647,0.0,0.0,16,4,-81,GSM
1523513777659,121.21080823,31.28806558,30.0,36.0,0.0,-61,true,-1,-1,5,60.0,4000.0,-19.74029541015625,10.47515869140625,43.768310546875,-0.02198236621916294,-0.41239652037620544,-2.7310986518859863,460,1,5198,42518,0,-1,0.0,0.0,0,0,0,,7,460,1,5198,42518,0,2147483647,0.0,0.0,22,4,-69,GSM,460,1,5198,56688,0,2147483647,0.0,0.0,21,4,-71,GSM,460,1,5198,49989,0,2147483647,0.0,0.0,18,4,-77,GSM,460,1,5198,42507,0,2147483647,0.0,0.0,14,4,-85,GSM,460,1,5198,1188,0,2147483647,0.0,0.0,16,4,-81,GSM,460,1,5198,42517,0,2147483647,0.0,0.0,19,4,-75,GSM,460,1,5198,49988,0,2147483647,0.0,0.0,17,4,-79,GSM
1523513779747,121.21080823,31.28806558,30.0,36.0,0.0,-61,true,-1,-1,5,60.0,4000.0,-14.019775390625,16.17584228515625,41.668701171875,-0.014792692847549915,-0.3661293685436249,-2.827410936355591,460,1,5198,42518,0,-1,0.0,0.0,0,0,0,,6,460,1,5198,42518,0,2147483647,0.0,0.0,23,4,-67,GSM,460,1,5198,56688,0,2147483647,0.0,0.0,22,4,-69,GSM,460,1,5198,49989,0,2147483647,0.0,0.0,18,4,-77,GSM,460,1,5198,1188,0,2147483647,0.0,0.0,14,4,-85,GSM,460,1,5198,42517,0,2147483647,0.0,0.0,18,4,-77,GSM,460,1,5198,49988,0,2147483647,0.0,0.0,17,4,-79,GSM
1523513781807,121.21087661,31.28825803,25.0,25.0,0.0,-67,true,-1,-1,5,60.0,4000.0,-25.970458984375,11.676025390625,34.16748046875,-0.4819527566432953,-0.37484946846961975,-2.811331033706665,460,1,5198,42518,0,-1,0.0,0.0,0,0,0,,6,460,1,5198,42518,0,2147483647,0.0,0.0,23,4,-67,GSM,460,1,5198,56688,0,2147483647,0.0,0.0,22,4,-69,GSM,460,1,5198,49989,0,2147483647,0.0,0.0,20,4,-73,GSM,460,1,5198,1188,0,2147483647,0.0,0.0,15,4,-83,GSM,460,1,5198,42517,0,2147483647,0.0,0.0,18,4,-77,GSM,460,1,5198,49988,0,2147483647,0.0,0.0,18,4,-77,GSM
1523513783878,121.21087661,31.28825803,25.0,25.0,0.0,-67,true,-1,-1,5,60.0,4000.0,-29.26025390625,6.8756103515625,33.26873779296875,-0.4739706516265869,-0.519744873046875,-2.736682653427124,460,1,5198,42518,0,-1,0.0,0.0,0,0,0,,6,460,1,5198,42518,0,2147483647,0.0,0.0,23,4,-67,GSM,460,1,5198,56688,0,2147483647,0.0,0.0,22,4,-69,GSM,460,1,5198,49989,0,2147483647,0.0,0.0,20,4,-73,GSM,460,1,5198,1188,0,2147483647,0.0,0.0,15,4,-83,GSM,460,1,5198,42517,0,2147483647,0.0,0.0,16,4,-81,GSM,460,1,5198,49988,0,2147483647,0.0,0.0,18,4,-77,GSM
1523513785931,121.21084338,31.28845349,24.0,19.0,3.9804523,-67,true,-1,-1,5,60.0,4000.0,-29.96063232421875,-2.1240234375,26.068115234375,-0.9920823574066162,-0.43844884634017944,-2.800877094268799,460,1,5198,42518,0,-1,0.0,0.0,0,0,0,,6,460,1,5198,42518,0,2147483647,0.0,0.0,23,4,-67,GSM,460,1,5198,56688,0,2147483647,0.0,0.0,22,4,-69,GSM,460,1,5198,49989,0,2147483647,0.0,0.0,20,4,-73,GSM,460,1,5198,1188,0,2147483647,0.0,0.0,15,4,-83,GSM,460,1,5198,42517,0,2147483647,0.0,0.0,16,4,-81,GSM,460,1,5198,49988,0,2147483647,0.0,0.0,18,4,-77,GSM
1523513788006,121.21084338,31.28845349,24.0,19.0,3.9804523,-67,true,-1,-1,5,60.0,4000.0,-34.80987548828125,-4.22515869140625,21.2677001953125,-1.2384568452835083,-0.41283828020095825,-2.7993829250335693,460,1,5198,42518,0,-1,0.0,0.0,0,0,0,,6,460,1,5198,42518,0,2147483647,0.0,0.0,24,4,-65,GSM,460,1,5198,56688,0,2147483647,0.0,0.0,22,4,-69,GSM,460,1,5198,49989,0,2147483647,0.0,0.0,20,4,-73,GSM,460,1,5198,1188,0,2147483647,0.0,0.0,14,4,-85,GSM,460,1,5198,42517,0,2147483647,0.0,0.0,17,4,-79,GSM,460,1,5198,49988,0,2147483647,0.0,0.0,18,4,-77,GSM
1523513790104,121.21081225,31.28859126,27.0,13.0,2.9916718,-67,true,-1,-1,5,60.0,4000.0,-30.3009033203125,-16.22467041015625,20.66802978515625,-1.720547080039978,-0.4035243093967438,-2.7934131622314453,460,1,5198,42518,0,-1,0.0,0.0,0,0,0,,6,460,1,5198,42518,0,2147483647,0.0,0.0,27,4,-59,GSM,460,1,5198,56688,0,2147483647,0.0,0.0,23,4,-67,GSM,460,1,5198,49989,0,2147483647,0.0,0.0,20,4,-73,GSM,460,1,5198,42517,0,2147483647,0.0,0.0,17,4,-79,GSM,460,1,5198,49988,0,2147483647,0.0,0.0,18,4,-77,GSM,0,0,0,-1,0,2147483647,0.0,0.0,15,4,-83,GSM
1523513792185,121.21081225,31.28859126,27.0,13.0,2.9916718,-59,true,-1,-1,5,60.0,4000.0,-33.4197998046875,-12.02392578125,16.46881103515625,-1.4861479997634888,-0.4597761034965515,-2.715822219848633,460,1,5198,42518,0,-1,0.0,0.0,0,0,0,,6,460,1,5198,42518,0,2147483647,0.0,0.0,29,4,-55,GSM,460,1,5198,56688,0,2147483647,0.0,0.0,25,4,-63,GSM,460,1,5198,49989,0,2147483647,0.0,0.0,20,4,-73,GSM,460,1,5198,42517,0,2147483647,0.0,0.0,18,4,-77,GSM,460,1,5198,49988,0,2147483647,0.0,0.0,18,4,-77,GSM,0,0,0,-1,0,2147483647,0.0,0.0,15,4,-83,GSM
1523513794252,121.21073483,31.28869207,29.0,17.0,3.3709493,-53,true,-1,-1,5,60.0,4000.0,-32.38067626953125,-20.7244873046875,17.0684814453125,-1.8100093603134155,-0.4644668996334076,-2.6771280765533447,460,1,5198,42518,0,-1,0.0,0.0,0,0,0,,6,460,1,5198,42518,0,2147483647,0.0,0.0,31,4,-51,GSM,460,1,5198,56688,0,2147483647,0.0,0.0,25,4,-63,GSM,460,1,5198,49989,0,2147483647,0.0,0.0,19,4,-75,GSM,460,1,5198,42517,0,2147483647,0.0,0.0,18,4,-77,GSM,460,1,5198,49988,0,2147483647,0.0,0.0,18,4,-77,GSM,0,0,0,-1,0,2147483647,0.0,0.0,15,4,-83,GSM
1523513796451,121.21073483,31.28869207,29.0,17.0,3.3709493,-51,true,-1,-1,5,60.0,4000.0,-30.3009033203125,-19.525146484375,18.267822265625,-1.9578564167022705,-0.3801737427711487,-2.568232536315918,460,1,5198,42518,0,-1,0.0,0.0,0,0,0,,6,460,1,5198,42518,0,2147483647,0.0,0.0,31,4,-51,GSM,460,1,5198,56688,0,2147483647,0.0,0.0,25,4,-63,GSM,460,1,5198,49989,0,2147483647,0.0,0.0,19,4,-75,GSM,460,1,5198,42517,0,2147483647,0.0,0.0,21,4,-71,GSM,460,1,5198,49988,0,2147483647,0.0,0.0,18,4,-77,GSM,0,0,0,-1,0,2147483647,0.0,0.0,15,4,-83,GSM
1523513798384,121.21061123,31.28877872,28.0,16.0,4.110049,-51,true,-1,-1,5,60.0,4000.0,-30.999755859375,-12.02392578125,14.66827392578125,-1.4653282165527344,-0.47605013847351074,-2.6323232650756836,460,1,5198,42518,0,-1,0.0,0.0,0,0,0,,6,460,1,5198,42518,0,2147483647,0.0,0.0,31,4,-51,GSM,460,1,5198,56688,0,2147483647,0.0,0.0,26,4,-61,GSM,460,1,5198,49989,0,2147483647,0.0,0.0,19,4,-75,GSM,460,1,5198,42517,0,2147483647,0.0,0.0,21,4,-71,GSM,460,1,5198,49988,0,2147483647,0.0,0.0,18,4,-77,GSM,0,0,0,-1,0,2147483647,0.0,0.0,15,4,-83,GSM
1523513800450,121.21061123,31.28877872,28.0,16.0,4.110049,-51,true,-1,-1,5,60.0,4000.0,-33.5906982421875,-17.724609375,9.56878662109375,-1.887365698814392,-0.3534460663795471,-2.6503958702087402,460,1,5198,42518,0,-1,0.0,0.0,0,0,0,,6,460,1,5198,42518,0,2147483647,0.0,0.0,31,4,-51,GSM,460,1,5198,56688,0,2147483647,0.0,0.0,27,4,-59,GSM,460,1,5198,49989,0,2147483647,0.0,0.0,19,4,-75,GSM,460,1,5198,42517,0,2147483647,0.0,0.0,24,4,-65,GSM,460,1,5198,49988,0,2147483647,0.0,0.0,18,4,-77,GSM,0,0,0,-1,0,2147483647,0.0,0.0,16,4,-81,GSM
1523513802529,121.21043872,31.28886271,26.0,14.0,3.990614,-51,true,-1,-1,5,60.0,4000.0,-32.38067626953125,-16.8243408203125,11.66839599609375,-1.9176983833312988,-0.3062373399734497,-2.6515917778015137,460,1,5198,42518,0,-1,0.0,0.0,0,0,0,,6,460,1,5198,42518,0,2147483647,0.0,0.0,31,4,-51,GSM,460,1,5198,56688,0,2147483647,0.0,0.0,27,4,-59,GSM,460,1,5198,49989,0,2147483647,0.0,0.0,19,4,-75,GSM,460,1,5198,42517,0,2147483647,0.0,0.0,24,4,-65,GSM,460,1,5198,49988,0,2147483647,0.0,0.0,18,4,-77,GSM,460,1,5198,42519,0,2147483647,0.0,0.0,18,4,-77,GSM
1523513804581,121.21028102,31.2889674,22.0,14.0,4.183061,-51,true,-1,-1,5,60.0,4000.0,-32.38067626953125,-19.82421875,13.46893310546875,-1.9469996690750122,-0.3687889277935028,-2.6282317638397217,460,1,5198,42518,0,-1,0.0,0.0,0,0,0,,6,460,1,5198,42518,0,2147483647,0.0,0.0,31,4,-51,GSM,460,1,5198,56688,0,2147483647,0.0,0.0,27,4,-59,GSM,460,1,5198,49989,0,2147483647,0.0,0.0,19,4,-75,GSM,460,1,5198,42517,0,2147483647,0.0,0.0,26,4,-61,GSM,460,1,5198,49988,0,2147483647,0.0,0.0,18,4,-77,GSM,460,1,5198,42519,0,2147483647,0.0,0.0,18,4,-77,GSM
1523513806646,121.21019088,31.2890166,23.0,12.0,4.4000454,-51,true,-1,-1,5,60.0,4000.0,-33.25042724609375,-15.924072265625,15.56854248046875,-1.7774325609207153,-0.37219128012657166,-2.806182384490967,460,1,5198,42518,0,-1,0.0,0.0,0,0,0,,7,460,1,5198,42518,0,2147483647,0.0,0.0,31,4,-51,GSM,460,1,5198,56688,0,2147483647,0.0,0.0,27,4,-59,GSM,460,1,5198,49989,0,2147483647,0.0,0.0,18,4,-77,GSM,460,1,5198,42517,0,2147483647,0.0,0.0,26,4,-61,GSM,460,1,5198,49988,0,2147483647,0.0,0.0,17,4,-79,GSM,460,1,5198,42519,0,2147483647,0.0,0.0,19,4,-75,GSM,0,0,0,-1,0,2147483647,0.0,0.0,16,4,-81,GSM
1523513808723,121.21011794,31.2890649,22.0,11.0,4.070786,-51,true,-1,-1,5,60.0,4000.0,-34.28955078125,-17.12493896484375,14.36767578125,-1.7624107599258423,-0.4003008306026459,-2.655852794647217,460,1,5198,42518,0,-1,0.0,0.0,0,0,0,,7,460,1,5198,42518,0,2147483647,0.0,0.0,31,4,-51,GSM,460,1,5198,56688,0,2147483647,0.0,0.0,27,4,-59,GSM,460,1,5198,49989,0,2147483647,0.0,0.0,18,4,-77,GSM,460,1,5198,42517,0,2147483647,0.0,0.0,26,4,-61,GSM,460,1,5198,49988,0,2147483647,0.0,0.0,17,4,-79,GSM,460,1,5198,42519,0,2147483647,0.0,0.0,19,4,-75,GSM,0,0,0,-1,0,2147483647,0.0,0.0,16,4,-81,GSM
1523513810794,121.21006848,31.28912529,22.0,10.0,4.542477,-51,true,-1,-1,5,60.0,4000.0,14.1998291015625,10.47515869140625,-52.23236083984375,-0.46768829226493835,-0.43782442808151245,-0.03217051178216934,460,1,5198,42518,0,-1,0.0,0.0,0,0,0,,7,460,1,5198,42518,0,2147483647,0.0,0.0,31,4,-51,GSM,460,1,5198,56688,0,2147483647,0.0,0.0,26,4,-61,GSM,460,1,5198,49989,0,2147483647,0.0,0.0,19,4,-75,GSM,460,1,5198,42517,0,2147483647,0.0,0.0,26,4,-61,GSM,460,1,5198,49988,0,2147483647,0.0,0.0,16,4,-81,GSM,460,1,5198,42519,0,2147483647,0.0,0.0,20,4,-73,GSM,0,0,0,-1,0,2147483647,0.0,0.0,16,4,-81,GSM
1523513812848,121.20998802,31.28918074,21.0,11.0,4.380046,-51,true,-1,-1,5,60.0,4000.0,-37.58087158203125,-16.5252685546875,9.2681884765625,-1.1316078901290894,-0.6670743823051453,-2.2874908447265625,460,1,5198,42518,0,-1,0.0,0.0,0,0,0,,6,460,1,5198,42518,0,2147483647,0.0,0.0,31,4,-51,GSM,460,1,5198,56688,0,2147483647,0.0,0.0,26,4,-61,GSM,460,1,5198,49989,0,2147483647,0.0,0.0,19,4,-75,GSM,460,1,5198,42517,0,2147483647,0.0,0.0,26,4,-61,GSM,460,1,5198,49988,0,2147483647,0.0,0.0,16,4,-81,GSM,460,1,5198,42519,0,2147483647,0.0,0.0,20,4,-73,GSM
1523513814918,121.20992479,31.28920622,17.0,13.0,2.694179,-51,true,-1,-1,5,60.0,4000.0,-36.1907958984375,-14.42413330078125,12.86773681640625,-1.449905514717102,-0.5286543965339661,-2.5716774463653564,460,1,5198,42518,0,-1,0.0,0.0,0,0,0,,6,460,1,5198,42518,0,2147483647,0.0,0.0,31,4,-51,GSM,460,1,5198,56688,0,2147483647,0.0,0.0,26,4,-61,GSM,460,1,5198,49989,0,2147483647,0.0,0.0,19,4,-75,GSM,460,1,5198,42517,0,2147483647,0.0,0.0,26,4,-61,GSM,460,1,5198,49988,0,2147483647,0.0,0.0,15,4,-83,GSM,460,1,5198,42519,0,2147483647,0.0,0.0,19,4,-75,GSM
1523513816989,121.20992479,31.28920622,17.0,13.0,2.694179,-51,true,-1,-1,5,60.0,4000.0,-36.370849609375,-13.22479248046875,14.9688720703125,-1.5994704961776733,-0.3959164023399353,-2.6752519607543945,460,1,5198,42518,0,-1,0.0,0.0,0,0,0,,5,460,1,5198,42518,0,2147483647,0.0,0.0,30,4,-53,GSM,460,1,5198,56688,0,2147483647,0.0,0.0,26,4,-61,GSM,460,1,5198,49989,0,2147483647,0.0,0.0,19,4,-75,GSM,460,1,5198,42517,0,2147483647,0.0,0.0,26,4,-61,GSM,460,1,5198,42519,0,2147483647,0.0,0.0,19,4,-75,GSM
1523513819055,121.20985213,31.28924096,17.0,19.0,4.150771,-51,true,-1,-1,5,60.0,4000.0,-37.58087158203125,-11.12518310546875,14.66827392578125,-1.5029044151306152,-0.39220523834228516,-2.621633529663086,460,1,5198,42518,0,-1,0.0,0.0,0,0,0,,5,460,1,5198,42518,0,2147483647,0.0,0.0,30,4,-53,GSM,460,1,5198,56688,0,2147483647,0.0,0.0,25,4,-63,GSM,460,1,5198,49989,0,2147483647,0.0,0.0,19,4,-75,GSM,460,1,5198,42517,0,2147483647,0.0,0.0,26,4,-61,GSM,460,1,5198,42519,0,2147483647,0.0,0.0,18,4,-77,GSM
1523513821131,121.20985213,31.28924096,17.0,19.0,4.150771,-51,true,-1,-1,5,60.0,4000.0,-36.7095947265625,-15.924072265625,8.96759033203125,-1.745377779006958,-0.37610259652137756,-2.5348916053771973,460,1,5198,42518,0,-1,0.0,0.0,0,0,0,,5,460,1,5198,42518,0,2147483647,0.0,0.0,30,4,-53,GSM,460,1,5198,56688,0,2147483647,0.0,0.0,25,4,-63,GSM,460,1,5198,49989,0,2147483647,0.0,0.0,19,4,-75,GSM,460,1,5198,42517,0,2147483647,0.0,0.0,27,4,-59,GSM,460,1,5198,42519,0,2147483647,0.0,0.0,18,4,-77,GSM
1523513823197,121.20966388,31.28938537,18.0,22.0,0.0,-51,true,-1,-1,5,60.0,4000.0,-36.0198974609375,-10.22491455078125,12.56866455078125,-1.488290548324585,-0.3736376464366913,-2.524707317352295,460,1,5198,42518,0,-1,0.0,0.0,0,0,0,,5,460,1,5198,42518,0,2147483647,0.0,0.0,31,4,-51,GSM,460,1,5198,56688,0,2147483647,0.0,0.0,25,4,-63,GSM,460,1,5198,49989,0,2147483647,0.0,0.0,19,4,-75,GSM,460,1,5198,42517,0,2147483647,0.0,0.0,27,4,-59,GSM,460,1,5198,42519,0,2147483647,0.0,0.0,18,4,-77,GSM
1523513825297,121.20966388,31.28938537,18.0,22.0,0.0,-51,true,-1,-1,5,60.0,4000.0,-33.25042724609375,-11.12518310546875,12.56866455078125,-1.5714426040649414,-0.3685656785964966,-2.560011386871338,460,1,5198,42518,0,-1,0.0,0.0,0,0,0,,5,460,1,5198,42518,0,2147483647,0.0,0.0,31,4,-51,GSM,460,1,5198,56688,0,2147483647,0.0,0.0,25,4,-63,GSM,460,1,5198,49989,0,2147483647,0.0,0.0,19,4,-75,GSM,460,1,5198,42517,0,2147483647,0.0,0.0,27,4,-59,GSM,460,1,5198,42519,0,2147483647,0.0,0.0,18,4,-77,GSM
1523513827386,121.20948343,31.28952091,17.0,16.0,4.2,-51,true,-1,-1,5,60.0,4000.0,-32.7301025390625,-6.9244384765625,15.86761474609375,-1.464594841003418,-0.2867662310600281,-2.583982229232788,460,1,5198,42518,0,-1,0.0,0.0,0,0,0,,5,460,1,5198,42518,0,2147483647,0.0,0.0,29,4,-55,GSM,460,1,5198,56688,0,2147483647,0.0,0.0,25,4,-63,GSM,460,1,5198,49989,0,2147483647,0.0,0.0,19,4,-75,GSM,460,1,5198,42517,0,2147483647,0.0,0.0,27,4,-59,GSM,460,1,5198,42519,0,2147483647,0.0,0.0,18,4,-77,GSM
1523513829452,121.20948343,31.28952091,17.0,16.0,4.2,-55,true,-1,-1,5,60.0,4000.0,-32.20977783203125,-11.12518310546875,16.168212890625,-1.5192350149154663,-0.38851410150527954,-2.6274940967559814,460,1,5198,42518,0,-1,0.0,0.0,0,0,0,,5,460,1,5198,42518,0,2147483647,0.0,0.0,29,4,-55,GSM,460,1,5198,56688,0,2147483647,0.0,0.0,25,4,-63,GSM,460,1,5198,49989,0,2147483647,0.0,0.0,19,4,-75,GSM,460,1,5198,42517,0,2147483647,0.0,0.0,29,4,-55,GSM,460,1,5198,42519,0,2147483647,0.0,0.0,18,4,-77,GSM
1523513831497,121.20934171,31.28961107,18.0,16.0,0.0,-55,true,-1,-1,5,60.0,4000.0,-30.3009033203125,-12.6251220703125,17.66815185546875,-1.552695870399475,-0.43307068943977356,-2.735238790512085,460,1,5198,42518,0,-1,0.0,0.0,0,0,0,,5,460,1,5198,42518,0,2147483647,0.0,0.0,27,4,-59,GSM,460,1,5198,56688,0,2147483647,0.0,0.0,24,4,-65,GSM,460,1,5198,49989,0,2147483647,0.0,0.0,20,4,-73,GSM,460,1,5198,42517,0,2147483647,0.0,0.0,29,4,-55,GSM,460,1,5198,42519,0,2147483647,0.0,0.0,18,4,-77,GSM
1523513833546,121.20920857,31.28971488,17.0,14.0,3.2118843,-55,true,-1,-1,5,60.0,4000.0,-32.20977783203125,-10.8245849609375,13.76800537109375,-1.4951410293579102,-0.4399394690990448,-2.6666173934936523,460,1,5198,42518,0,-1,0.0,0.0,0,0,0,,5,460,1,5198,42518,0,2147483647,0.0,0.0,25,4,-63,GSM,460,1,5198,56688,0,2147483647,0.0,0.0,24,4,-65,GSM,460,1,5198,49989,0,2147483647,0.0,0.0,20,4,-73,GSM,460,1,5198,42517,0,2147483647,0.0,0.0,30,4,-53,GSM,460,1,5198,42519,0,2147483647,0.0,0.0,18,4,-77,GSM
1523513835616,121.20915941,31.289758,21.0,10.0,3.9700503,-61,true,-1,-1,5,60.0,4000.0,-33.94012451171875,8.074951171875,21.56829833984375,-0.7351729869842529,-0.26826074719429016,-2.5432393550872803,460,1,5198,42517,0,-1,0.0,0.0,0,0,0,,5,460,1,5198,42517,0,2147483647,0.0,0.0,31,4,-51,GSM,460,1,5198,56688,0,2147483647,0.0,0.0,22,4,-69,GSM,460,1,5198,49989,0,2147483647,0.0,0.0,20,4,-73,GSM,460,1,5198,42517,0,2147483647,0.0,0.0,30,4,-53,GSM,460,1,5198,42519,0,2147483647,0.0,0.0,19,4,-75,GSM
1523513837685,121.20913486,31.28980433,20.0,10.0,1.9625494,-51,true,-1,-1,5,60.0,4000.0,-16.45050048828125,13.775634765625,44.06890869140625,0.4047010540962219,-0.3783065974712372,-2.512017011642456,460,1,5198,42517,0,-1,0.0,0.0,0,0,0,,4,460,1,5198,42517,0,2147483647,0.0,0.0,30,4,-53,GSM,460,1,5198,56688,0,2147483647,0.0,0.0,22,4,-69,GSM,460,1,5198,49989,0,2147483647,0.0,0.0,20,4,-73,GSM,460,1,5198,42519,0,2147483647,0.0,0.0,19,4,-75,GSM
1523513839732,121.20914493,31.28983585,18.0,10.0,2.6300192,-51,true,-1,-1,5,60.0,4000.0,-17.3095703125,15.57464599609375,41.9677734375,0.2336670607328415,-0.44761449098587036,-2.574455738067627,460,1,5198,42517,0,-1,0.0,0.0,0,0,0,,4,460,1,5198,42517,0,2147483647,0.0,0.0,31,4,-51,GSM,460,1,5198,56688,0,2147483647,0.0,0.0,22,4,-69,GSM,460,1,5198,49989,0,2147483647,0.0,0.0,20,4,-73,GSM,460,1,5198,42519,0,2147483647,0.0,0.0,19,4,-75,GSM
1523513841815,121.20917529,31.28990037,17.0,10.0,3.8606346,-51,true,-1,-1,5,60.0,4000.0,-16.45050048828125,15.27557373046875,42.26837158203125,0.38585230708122253,-0.36562803387641907,-2.4994328022003174,460,1,5198,42517,0,-1,0.0,0.0,0,0,0,,5,460,1,5198,42517,0,2147483647,0.0,0.0,30,4,-53,GSM,460,1,5198,56688,0,2147483647,0.0,0.0,22,4,-69,GSM,460,1,5198,49989,0,2147483647,0.0,0.0,20,4,-73,GSM,460,1,5198,42519,0,2147483647,0.0,0.0,19,4,-75,GSM,460,1,5198,42518,0,2147483647,0.0,0.0,25,4,-63,GSM
1523513843889,121.20922517,31.28997092,16.0,9.0,3.8946373,-51,true,-1,-1,5,60.0,4000.0,-14.3707275390625,15.27557373046875,43.46771240234375,0.31471264362335205,-0.34669017791748047,-2.6104233264923096,460,1,5198,42517,0,-1,0.0,0.0,0,0,0,,5,460,1,5198,42517,0,2147483647,0.0,0.0,30,4,-53,GSM,460,1,5198,56688,0,2147483647,0.0,0.0,22,4,-69,GSM,460,1,5198,49989,0,2147483647,0.0,0.0,20,4,-73,GSM,460,1,5198,42519,0,2147483647,0.0,0.0,17,4,-79,GSM,460,1,5198,42518,0,2147483647,0.0,0.0,24,4,-65,GSM
1523513845949,121.2092652,31.29002703,17.0,13.0,2.8502805,-51,true,-1,-1,5,60.0,4000.0,-13.85040283203125,17.37518310546875,43.16864013671875,0.4147178828716278,-0.32175493240356445,-2.5335800647735596,460,1,5198,42517,0,-1,0.0,0.0,0,0,0,,6,460,1,5198,42517,0,2147483647,0.0,0.0,29,4,-55,GSM,460,1,5198,56688,0,2147483647,0.0,0.0,22,4,-69,GSM,460,1,5198,49989,0,2147483647,0.0,0.0,21,4,-71,GSM,460,1,5198,42519,0,2147483647,0.0,0.0,17,4,-79,GSM,460,1,5198,42518,0,2147483647,0.0,0.0,24,4,-65,GSM,0,0,0,-1,0,2147483647,0.0,0.0,13,4,-87,GSM
1523513848018,121.2092652,31.29002703,17.0,13.0,2.8502805,-57,true,-1,-1,5,60.0,4000.0,-14.54010009765625,14.37530517578125,43.16864013671875,0.2736929655075073,-0.3961537480354309,-2.6274492740631104,460,1,5198,42517,0,-1,0.0,0.0,0,0,0,,6,460,1,5198,42517,0,2147483647,0.0,0.0,26,4,-61,GSM,460,1,5198,56688,0,2147483647,0.0,0.0,22,4,-69,GSM,460,1,5198,49989,0,2147483647,0.0,0.0,21,4,-71,GSM,460,1,5198,42519,0,2147483647,0.0,0.0,15,4,-83,GSM,460,1,5198,42518,0,2147483647,0.0,0.0,24,4,-65,GSM,460,1,5198,49988,0,2147483647,0.0,0.0,14,4,-85,GSM
1523513850097,121.20931622,31.29011719,18.0,19.0,3.7716043,-57,true,-1,-1,5,60.0,4000.0,-13.16070556640625,11.37542724609375,44.36798095703125,0.2382722944021225,-0.4782167673110962,-2.6892197132110596,460,1,5198,42517,0,-1,0.0,0.0,0,0,0,,6,460,1,5198,42517,0,2147483647,0.0,0.0,24,4,-65,GSM,460,1,5198,56688,0,2147483647,0.0,0.0,22,4,-69,GSM,460,1,5198,49989,0,2147483647,0.0,0.0,21,4,-71,GSM,460,1,5198,42519,0,2147483647,0.0,0.0,15,4,-83,GSM,460,1,5198,42518,0,2147483647,0.0,0.0,24,4,-65,GSM,460,1,5198,49988,0,2147483647,0.0,0.0,14,4,-85,GSM
1523513852167,121.20931622,31.29011719,18.0,19.0,3.7716043,-63,true,-1,-1,5,60.0,4000.0,-13.16070556640625,13.775634765625,43.768310546875,0.15797172486782074,-0.3630249500274658,-2.748167037963867,460,1,5198,42517,0,-1,0.0,0.0,0,0,0,,6,460,1,5198,42517,0,2147483647,0.0,0.0,22,4,-69,GSM,460,1,5198,56688,0,2147483647,0.0,0.0,22,4,-69,GSM,460,1,5198,49989,0,2147483647,0.0,0.0,21,4,-71,GSM,460,1,5198,42519,0,2147483647,0.0,0.0,15,4,-83,GSM,460,1,5198,42518,0,2147483647,0.0,0.0,22,4,-69,GSM,460,1,5198,49988,0,2147483647,0.0,0.0,14,4,-85,GSM
1523513854225,121.20946937,31.29029872,20.0,22.0,0.0,-69,true,-1,-1,5,60.0,4000.0,-17.14019775390625,10.7757568359375,41.0675048828125,0.11146292090415955,-0.4867055118083954,-2.669978141784668,460,1,5198,42517,0,-1,0.0,0.0,0,0,0,,5,460,1,5198,42517,0,2147483647,0.0,0.0,20,4,-73,GSM,460,1,5198,56688,0,2147483647,0.0,0.0,22,4,-69,GSM,460,1,5198,49989,0,2147483647,0.0,0.0,20,4,-73,GSM,460,1,5198,42518,0,2147483647,0.0,0.0,22,4,-69,GSM,460,1,5198,49988,0,2147483647,0.0,0.0,14,4,-85,GSM
1523513856444,121.20946937,31.29029872,20.0,22.0,0.0,-69,true,-1,-1,5,60.0,4000.0,-23.71978759765625,14.37530517578125,35.6689453125,-0.28863370418548584,-0.3064124882221222,-2.738839626312256,460,1,5198,42517,0,-1,0.0,0.0,0,0,0,,5,460,1,5198,42517,0,2147483647,0.0,0.0,19,4,-75,GSM,460,1,5198,56688,0,2147483647,0.0,0.0,21,4,-71,GSM,460,1,5198,49989,0,2147483647,0.0,0.0,20,4,-73,GSM,460,1,5198,42518,0,2147483647,0.0,0.0,21,4,-71,GSM,460,1,5198,49988,0,2147483647,0.0,0.0,14,4,-85,GSM
1523513858342,121.20958628,31.29038734,20.0,20.0,0.0,-75,true,-1,-1,5,60.0,4000.0,-16.27044677734375,15.57464599609375,42.5689697265625,0.12859082221984863,-0.3657016158103943,-2.6890697479248047,460,1,5198,56688,0,-1,0.0,0.0,0,0,0,,5,460,1,5198,42517,0,2147483647,0.0,0.0,19,4,-75,GSM,460,1,5198,56688,0,2147483647,0.0,0.0,21,4,-71,GSM,460,1,5198,49989,0,2147483647,0.0,0.0,18,4,-77,GSM,460,1,5198,42518,0,2147483647,0.0,0.0,21,4,-71,GSM,460,1,5198,49988,0,2147483647,0.0,0.0,14,4,-85,GSM
1523513860443,121.20958628,31.29038734,20.0,20.0,0.0,-59,true,-1,-1,5,60.0,4000.0,-20.9503173828125,14.07470703125,39.26849365234375,0.20210300385951996,-0.372255802154541,-2.516878366470337,460,1,5198,56688,0,-1,0.0,0.0,0,0,0,,4,460,1,5198,56688,0,2147483647,0.0,0.0,25,4,-63,GSM,460,1,5198,49989,0,2147483647,0.0,0.0,18,4,-77,GSM,460,1,5198,49988,0,2147483647,0.0,0.0,14,4,-85,GSM,460,1,5198,42517,0,2147483647,0.0,0.0,19,4,-75,GSM
1523513862486,121.20969255,31.29051192,20.0,20.0,0.0,-59,true,-1,-1,5,60.0,4000.0,-24.58953857421875,11.97509765625,38.36822509765625,-0.06081218644976616,-0.4363207519054413,-2.611875534057617,460,1,5198,56688,0,-1,0.0,0.0,0,0,0,,4,460,1,5198,56688,0,2147483647,0.0,0.0,25,4,-63,GSM,460,1,5198,49989,0,2147483647,0.0,0.0,18,4,-77,GSM,460,1,5198,49988,0,2147483647,0.0,0.0,14,4,-85,GSM,460,1,5198,42517,0,2147483647,0.0,0.0,19,4,-75,GSM
1523513864539,121.20977724,31.29073645,19.0,15.0,4.501344,-59,true,-1,-1,5,60.0,4000.0,-23.89984130859375,10.47515869140625,37.16888427734375,-0.34235167503356934,-0.3215222656726837,-2.762031316757202,460,1,5198,56688,0,-1,0.0,0.0,0,0,0,,5,460,1,5198,56688,0,2147483647,0.0,0.0,25,4,-63,GSM,460,1,5198,42517,0,2147483647,0.0,0.0,19,4,-75,GSM,460,1,5198,42518,0,2147483647,0.0,0.0,20,4,-73,GSM,0,0,0,-1,0,2147483647,0.0,0.0,19,4,-75,GSM,0,0,0,-1,0,2147483647,0.0,0.0,17,4,-79,GSM
1523513866599,121.20982249,31.29083667,20.0,15.0,3.8302088,-59,true,-1,-1,5,60.0,4000.0,-26.8402099609375,7.47528076171875,35.0677490234375,-0.3471430540084839,-0.38009920716285706,-2.6781485080718994,460,1,5198,56688,0,-1,0.0,0.0,0,0,0,,5,460,1,5198,56688,0,2147483647,0.0,0.0,26,4,-61,GSM,460,1,5198,42517,0,2147483647,0.0,0.0,18,4,-77,GSM,460,1,5198,42518,0,2147483647,0.0,0.0,20,4,-73,GSM,0,0,0,-1,0,2147483647,0.0,0.0,17,4,-79,GSM,0,0,0,-1,0,2147483647,0.0,0.0,23,4,-67,GSM
1523513868664,121.20981503,31.2908923,20.0,16.0,3.0308084,-59,true,-1,-1,5,60.0,4000.0,-28.23028564453125,11.676025390625,30.26885986328125,-0.4058607220649719,-0.27809762954711914,-2.624476909637451,460,1,5198,56688,0,-1,0.0,0.0,0,0,0,,4,460,1,5198,56688,0,2147483647,0.0,0.0,29,4,-55,GSM,460,1,5198,42517,0,2147483647,0.0,0.0,18,4,-77,GSM,460,1,5198,42518,0,2147483647,0.0,0.0,19,4,-75,GSM,460,1,5198,56687,0,2147483647,0.0,0.0,24,4,-65,GSM
1523513870737,121.20981503,31.2908923,20.0,16.0,3.0308084,-55,true,-1,-1,5,60.0,4000.0,-29.26025390625,7.47528076171875,32.06787109375,-0.4309020936489105,-0.41850927472114563,-2.6578001976013184,460,1,5198,56688,0,-1,0.0,0.0,0,0,0,,5,460,1,5198,56688,0,2147483647,0.0,0.0,29,4,-55,GSM,460,1,5198,42517,0,2147483647,0.0,0.0,18,4,-77,GSM,460,1,5198,42518,0,2147483647,0.0,0.0,18,4,-77,GSM,460,1,5198,56687,0,2147483647,0.0,0.0,23,4,-67,GSM,460,1,5198,56689,0,2147483647,0.0,0.0,20,4,-73,GSM
1523513872790,121.2097998,31.29096545,22.0,17.0,3.1307828,-55,true,-1,-1,5,60.0,4000.0,-30.8197021484375,9.27581787109375,26.9683837890625,-0.3791441321372986,-0.3838160037994385,-2.5206031799316406,460,1,5198,56688,0,-1,0.0,0.0,0,0,0,,4,460,1,5198,56688,0,2147483647,0.0,0.0,29,4,-55,GSM,460,1,5198,42517,0,2147483647,0.0,0.0,18,4,-77,GSM,460,1,5198,56687,0,2147483647,0.0,0.0,23,4,-67,GSM,460,1,5198,56689,0,2147483647,0.0,0.0,19,4,-75,GSM
1523513874871,121.2097998,31.29096545,22.0,17.0,3.1307828,-55,true,-1,-1,5,60.0,4000.0,-30.48095703125,5.0750732421875,32.36846923828125,-0.30198362469673157,-0.4848475456237793,-2.561535358428955,460,1,5198,56688,0,-1,0.0,0.0,0,0,0,,4,460,1,5198,56688,0,2147483647,0.0,0.0,29,4,-55,GSM,460,1,5198,42517,0,2147483647,0.0,0.0,17,4,-79,GSM,460,1,5198,56687,0,2147483647,0.0,0.0,23,4,-67,GSM,460,1,5198,56689,0,2147483647,0.0,0.0,19,4,-75,GSM
1523513876930,121.20982016,31.29110528,20.0,19.0,3.143581,-55,true,-1,-1,5,60.0,4000.0,-28.399658203125,5.975341796875,30.56793212890625,-0.3619586229324341,-0.5022239089012146,-2.620013475418091,460,1,5198,56688,0,-1,0.0,0.0,0,0,0,,4,460,1,5198,56688,0,2147483647,0.0,0.0,30,4,-53,GSM,460,1,5198,42517,0,2147483647,0.0,0.0,17,4,-79,GSM,460,1,5198,56687,0,2147483647,0.0,0.0,21,4,-71,GSM,460,1,5198,56689,0,2147483647,0.0,0.0,21,4,-71,GSM
1523513878993,121.20982016,31.29110528,20.0,19.0,3.143581,-53,true,-1,-1,5,60.0,4000.0,-33.5906982421875,1.47552490234375,25.1678466796875,-0.675717294216156,-0.5225927233695984,-2.6170854568481445,460,1,5198,56688,0,-1,0.0,0.0,0,0,0,,3,460,1,5198,56688,0,2147483647,0.0,0.0,29,4,-55,GSM,460,1,5198,56687,0,2147483647,0.0,0.0,21,4,-71,GSM,460,1,5198,56689,0,2147483647,0.0,0.0,21,4,-71,GSM
1523513881053,121.20981476,31.29125857,17.0,15.0,3.1900156,-53,true,-1,-1,5,60.0,4000.0,-36.54022216796875,-9.0240478515625,18.267822265625,-1.363249659538269,-0.3518955111503601,-2.5176498889923096,460,1,5198,56688,0,-1,0.0,0.0,0,0,0,,3,460,1,5198,56688,0,2147483647,0.0,0.0,27,4,-59,GSM,460,1,5198,56687,0,2147483647,0.0,0.0,21,4,-71,GSM,460,1,5198,56689,0,2147483647,0.0,0.0,20,4,-73,GSM
1523513883143,121.20981476,31.29125857,17.0,15.0,3.1900156,-57,true,-1,-1,5,60.0,4000.0,-30.1300048828125,-24.02496337890625,14.9688720703125,-2.0835227966308594,-0.4183100759983063,-2.629366874694824,460,1,5198,56688,0,-1,0.0,0.0,0,0,0,,3,460,1,5198,56688,0,2147483647,0.0,0.0,25,4,-63,GSM,460,1,5198,56687,0,2147483647,0.0,0.0,21,4,-71,GSM,460,1,5198,56689,0,2147483647,0.0,0.0,20,4,-73,GSM
1523513885187,121.20973349,31.29138662,14.0,12.0,3.5114243,-57,true,-1,-1,5,60.0,4000.0,-29.4403076171875,-29.425048828125,10.16845703125,-2.282020092010498,-0.40566495060920715,-2.631682872772217,460,1,5198,56688,0,-1,0.0,0.0,0,0,0,,3,460,1,5198,56688,0,2147483647,0.0,0.0,24,4,-65,GSM,460,1,5198,56687,0,2147483647,0.0,0.0,20,4,-73,GSM,460,1,5198,56689,0,2147483647,0.0,0.0,22,4,-69,GSM
1523513887451,121.20973349,31.29138662,14.0,12.0,3.5114243,-63,true,-1,-1,5,60.0,4000.0,-28.399658203125,-27.02484130859375,6.56890869140625,-2.305676221847534,-0.3637310564517975,-2.5250658988952637,460,1,5198,56688,0,-1,0.0,0.0,0,0,0,,5,460,1,5198,56688,0,2147483647,0.0,0.0,24,4,-65,GSM,460,1,5198,56687,0,2147483647,0.0,0.0,20,4,-73,GSM,460,1,5198,56689,0,2147483647,0.0,0.0,22,4,-69,GSM,460,1,5198,49989,0,2147483647,0.0,0.0,20,4,-73,GSM,460,1,5198,42517,0,2147483647,0.0,0.0,18,4,-77,GSM
1523513889326,121.20953906,31.29144308,16.0,16.0,0.0,-63,true,-1,-1,5,60.0,4000.0,-28.23028564453125,-28.8238525390625,9.86785888671875,-2.3784472942352295,-0.34199267625808716,-2.570391893386841,460,1,5198,56688,0,-1,0.0,0.0,0,0,0,,5,460,1,5198,56688,0,2147483647,0.0,0.0,23,4,-67,GSM,460,1,5198,56687,0,2147483647,0.0,0.0,20,4,-73,GSM,460,1,5198,56689,0,2147483647,0.0,0.0,22,4,-69,GSM,460,1,5198,49989,0,2147483647,0.0,0.0,20,4,-73,GSM,460,1,5198,42517,0,2147483647,0.0,0.0,18,4,-77,GSM
1523513891408,121.20953906,31.29144308,16.0,16.0,0.0,-67,true,-1,-1,5,60.0,4000.0,-30.48095703125,-27.92510986328125,5.96771240234375,-2.308288335800171,-0.32401371002197266,-2.514305830001831,460,1,5198,56688,0,-1,0.0,0.0,0,0,0,,5,460,1,5198,56688,0,2147483647,0.0,0.0,22,4,-69,GSM,460,1,5198,56687,0,2147483647,0.0,0.0,20,4,-73,GSM,460,1,5198,56689,0,2147483647,0.0,0.0,22,4,-69,GSM,460,1,5198,49989,0,2147483647,0.0,0.0,20,4,-73,GSM,460,1,5198,42517,0,2147483647,0.0,0.0,18,4,-77,GSM
1523513893458,121.20928419,31.29147101,15.0,23.0,0.0,-67,true,-1,-1,5,60.0,4000.0,-28.91998291015625,-27.92510986328125,10.467529296875,-2.3370206356048584,-0.3357372581958771,-2.590630292892456,460,1,5198,56688,0,-1,0.0,0.0,0,0,0,,6,460,1,5198,56688,0,2147483647,0.0,0.0,21,4,-71,GSM,460,1,5198,56687,0,2147483647,0.0,0.0,19,4,-75,GSM,460,1,5198,56689,0,2147483647,0.0,0.0,22,4,-69,GSM,460,1,5198,49989,0,2147483647,0.0,0.0,20,4,-73,GSM,460,1,5198,42517,0,2147483647,0.0,0.0,19,4,-75,GSM,460,1,5198,42518,0,2147483647,0.0,0.0,17,4,-79,GSM
1523513895517,121.20909092,31.29149954,16.0,19.0,0.0,-69,true,-1,-1,5,60.0,4000.0,-25.10986328125,-34.22393798828125,9.86785888671875,-2.6372692584991455,-0.3379862904548645,-2.4714696407318115,460,1,5198,56688,0,-1,0.0,0.0,0,0,0,,6,460,1,5198,56688,0,2147483647,0.0,0.0,20,4,-73,GSM,460,1,5198,56687,0,2147483647,0.0,0.0,19,4,-75,GSM,460,1,5198,56689,0,2147483647,0.0,0.0,23,4,-67,GSM,460,1,5198,49989,0,2147483647,0.0,0.0,19,4,-75,GSM,460,1,5198,42517,0,2147483647,0.0,0.0,19,4,-75,GSM,460,1,5198,42518,0,2147483647,0.0,0.0,17,4,-79,GSM
1523513897582,121.2089719,31.29153041,17.0,15.0,4.113259,-69,true,-1,-1,5,60.0,4000.0,-23.89984130859375,-34.22393798828125,8.367919921875,-2.5773210525512695,-0.38420775532722473,-2.556046962738037,460,1,5198,56688,0,-1,0.0,0.0,0,0,0,,6,460,1,5198,56688,0,2147483647,0.0,0.0,18,4,-77,GSM,460,1,5198,56687,0,2147483647,0.0,0.0,19,4,-75,GSM,460,1,5198,56689,0,2147483647,0.0,0.0,23,4,-67,GSM,460,1,5198,49989,0,2147483647,0.0,0.0,19,4,-75,GSM,460,1,5198,42517,0,2147483647,0.0,0.0,21,4,-71,GSM,460,1,5198,42518,0,2147483647,0.0,0.0,18,4,-77,GSM
1523513899645,121.20890893,31.29148301,23.0,17.0,4.13,-75,true,-1,-1,5,60.0,4000.0,-25.28076171875,-35.4248046875,7.76824951171875,-2.451765537261963,-0.5104938745498657,-2.592534303665161,460,1,5198,56689,0,-1,0.0,0.0,0,0,0,,6,460,1,5198,56689,0,2147483647,0.0,0.0,29,4,-55,GSM,460,1,5198,56687,0,2147483647,0.0,0.0,19,4,-75,GSM,460,1,5198,49989,0,2147483647,0.0,0.0,19,4,-75,GSM,460,1,5198,42517,0,2147483647,0.0,0.0,21,4,-71,GSM,460,1,5198,42518,0,2147483647,0.0,0.0,18,4,-77,GSM,460,1,5198,56688,0,2147483647,0.0,0.0,18,4,-77,GSM
1523513901729,121.20883254,31.29145592,21.0,15.0,3.7413366,-75,true,-1,-1,5,60.0,4000.0,-24.58953857421875,-33.02459716796875,8.96759033203125,-2.4704649448394775,-0.4529135525226593,-2.6039695739746094,460,1,5198,56689,0,-1,0.0,0.0,0,0,0,,6,460,1,5198,56689,0,2147483647,0.0,0.0,28,4,-57,GSM,460,1,5198,56687,0,2147483647,0.0,0.0,19,4,-75,GSM,460,1,5198,49989,0,2147483647,0.0,0.0,19,4,-75,GSM,460,1,5198,42517,0,2147483647,0.0,0.0,23,4,-67,GSM,460,1,5198,42518,0,2147483647,0.0,0.0,18,4,-77,GSM,460,1,5198,56688,0,2147483647,0.0,0.0,18,4,-77,GSM
1523513903791,121.20875879,31.29143357,19.0,16.0,3.6608744,-75,true,-1,-1,5,60.0,4000.0,-28.05023193359375,-24.92523193359375,10.16845703125,-2.166468858718872,-0.4491797685623169,-2.5566606521606445,460,1,5198,56689,0,-1,0.0,0.0,0,0,0,,6,460,1,5198,56689,0,2147483647,0.0,0.0,28,4,-57,GSM,460,1,5198,56687,0,2147483647,0.0,0.0,19,4,-75,GSM,460,1,5198,49989,0,2147483647,0.0,0.0,19,4,-75,GSM,460,1,5198,42517,0,2147483647,0.0,0.0,23,4,-67,GSM,460,1,5198,42518,0,2147483647,0.0,0.0,18,4,-77,GSM,460,1,5198,56688,0,2147483647,0.0,0.0,18,4,-77,GSM
1523513905851,121.20875879,31.29143357,19.0,16.0,3.6608744,-55,true,-1,-1,5,60.0,4000.0,-31.34002685546875,-25.22430419921875,8.06884765625,-2.047398567199707,-0.48046961426734924,-2.5919883251190186,460,1,5198,56689,0,-1,0.0,0.0,0,0,0,,5,460,1,5198,56689,0,2147483647,0.0,0.0,27,4,-59,GSM,460,1,5198,56687,0,2147483647,0.0,0.0,19,4,-75,GSM,460,1,5198,49989,0,2147483647,0.0,0.0,19,4,-75,GSM,460,1,5198,42517,0,2147483647,0.0,0.0,25,4,-63,GSM,460,1,5198,42518,0,2147483647,0.0,0.0,18,4,-77,GSM
1523513907924,121.20865421,31.29143054,18.0,15.0,2.8251193,-55,true,-1,-1,5,60.0,4000.0,-26.8402099609375,-28.22418212890625,9.86785888671875,-2.401803731918335,-0.3505057096481323,-2.559011459350586,460,1,5198,56689,0,-1,0.0,0.0,0,0,0,,6,460,1,5198,56689,0,2147483647,0.0,0.0,25,4,-63,GSM,460,1,5198,56687,0,2147483647,0.0,0.0,19,4,-75,GSM,460,1,5198,49989,0,2147483647,0.0,0.0,18,4,-77,GSM,460,1,5198,42517,0,2147483647,0.0,0.0,25,4,-63,GSM,460,1,5198,42518,0,2147483647,0.0,0.0,18,4,-77,GSM,460,1,5198,56688,0,2147483647,0.0,0.0,18,4,-77,GSM
1523513909985,121.20865421,31.29143054,18.0,15.0,2.8251193,-63,true,-1,-1,5,60.0,4000.0,-32.0404052734375,-22.22442626953125,3.86810302734375,-1.9883042573928833,-0.4525577425956726,-2.590489149093628,460,1,5198,56689,0,-1,0.0,0.0,0,0,0,,6,460,1,5198,56689,0,2147483647,0.0,0.0,23,4,-67,GSM,460,1,5198,56687,0,2147483647,0.0,0.0,19,4,-75,GSM,460,1,5198,49989,0,2147483647,0.0,0.0,18,4,-77,GSM,460,1,5198,42517,0,2147483647,0.0,0.0,26,4,-61,GSM,460,1,5198,42518,0,2147483647,0.0,0.0,16,4,-81,GSM,460,1,5198,56688,0,2147483647,0.0,0.0,18,4,-77,GSM
1523513912049,121.20853415,31.29140023,18.0,15.0,2.8308656,-63,true,-1,-1,5,59.0,4000.0,-28.91998291015625,-31.524658203125,2.06756591796875,-2.348559856414795,-0.391006201505661,-2.5323245525360107,460,1,5198,56689,0,-1,0.0,0.0,0,0,0,,6,460,1,5198,56689,0,2147483647,0.0,0.0,23,4,-67,GSM,460,1,5198,56687,0,2147483647,0.0,0.0,19,4,-75,GSM,460,1,5198,49989,0,2147483647,0.0,0.0,18,4,-77,GSM,460,1,5198,42517,0,2147483647,0.0,0.0,26,4,-61,GSM,460,1,5198,56688,0,2147483647,0.0,0.0,18,4,-77,GSM,0,0,0,-1,0,2147483647,0.0,0.0,18,4,-77,GSM
1523513914134,121.20853415,31.29140023,18.0,15.0,2.8308656,-65,true,-1,-1,5,59.0,4000.0,-25.45013427734375,-35.4248046875,1.4678955078125,-2.4803032875061035,-0.4059017300605774,-2.5825276374816895,460,1,5198,42517,0,-1,0.0,0.0,0,0,0,,6,460,1,5198,42517,0,2147483647,0.0,0.0,24,4,-65,GSM,460,1,5198,56687,0,2147483647,0.0,0.0,19,4,-75,GSM,460,1,5198,49989,0,2147483647,0.0,0.0,18,4,-77,GSM,460,1,5198,42517,0,2147483647,0.0,0.0,27,4,-59,GSM,460,1,5198,56688,0,2147483647,0.0,0.0,18,4,-77,GSM,460,1,5198,42519,0,2147483647,0.0,0.0,18,4,-77,GSM
1523513916203,121.20835374,31.29138991,18.0,13.0,4.360413,-75,true,-1,-1,5,59.0,4000.0,-30.1300048828125,-33.3251953125,5.3680419921875,-2.3011562824249268,-0.49251288175582886,-2.506411552429199,460,1,5198,42517,0,-1,0.0,0.0,0,0,0,,4,460,1,5198,42517,0,2147483647,0.0,0.0,17,4,-79,GSM,460,1,5198,49989,0,2147483647,0.0,0.0,18,4,-77,GSM,460,1,5198,56688,0,2147483647,0.0,0.0,18,4,-77,GSM,460,1,5198,42519,0,2147483647,0.0,0.0,18,4,-77,GSM
1523513918449,121.20835374,31.29138991,18.0,13.0,4.360413,-75,true,-1,-1,5,59.0,4000.0,-24.2401123046875,-37.82501220703125,7.1685791015625,-2.5796897411346436,-0.4017280638217926,-2.617884397506714,460,1,5198,42517,0,-1,0.0,0.0,0,0,0,,4,460,1,5198,42517,0,2147483647,0.0,0.0,18,4,-77,GSM,460,1,5198,49989,0,2147483647,0.0,0.0,18,4,-77,GSM,460,1,5198,56688,0,2147483647,0.0,0.0,17,4,-79,GSM,460,1,5198,42519,0,2147483647,0.0,0.0,17,4,-79,GSM
1523513920323,121.20810239,31.29144038,19.0,12.0,4.5016,-75,true,-1,-1,5,59.0,4000.0,-26.1505126953125,-33.92486572265625,7.4676513671875,-2.472233295440674,-0.42710885405540466,-2.555164098739624,460,1,5198,42517,0,-1,0.0,0.0,0,0,0,,4,460,1,5198,42517,0,2147483647,0.0,0.0,19,4,-75,GSM,460,1,5198,49989,0,2147483647,0.0,0.0,18,4,-77,GSM,460,1,5198,56688,0,2147483647,0.0,0.0,17,4,-79,GSM,460,1,5198,42519,0,2147483647,0.0,0.0,17,4,-79,GSM
1523513922457,121.20810239,31.29144038,19.0,12.0,4.5016,-75,true,-1,-1,5,59.0,4000.0,-25.10986328125,-33.3251953125,11.0687255859375,-2.6033101081848145,-0.34047937393188477,-2.5237910747528076,460,1,5198,42517,0,-1,0.0,0.0,0,0,0,,4,460,1,5198,42517,0,2147483647,0.0,0.0,19,4,-75,GSM,460,1,5198,49989,0,2147483647,0.0,0.0,18,4,-77,GSM,460,1,5198,56688,0,2147483647,0.0,0.0,15,4,-83,GSM,460,1,5198,42519,0,2147483647,0.0,0.0,18,4,-77,GSM
1523513924444,121.20786989,31.29148447,19.0,14.0,4.593931,-75,true,-1,-1,5,59.0,4000.0,-28.399658203125,-29.72412109375,10.16845703125,-2.3195064067840576,-0.417762815952301,-2.5965359210968018,460,1,5198,42517,0,-1,0.0,0.0,0,0,0,,3,460,1,5198,42517,0,2147483647,0.0,0.0,19,4,-75,GSM,460,1,5198,49989,0,2147483647,0.0,0.0,18,4,-77,GSM,460,1,5198,42519,0,2147483647,0.0,0.0,18,4,-77,GSM
1523513926522,121.20786989,31.29148447,19.0,14.0,4.593931,-75,true,-1,-1,5,59.0,4000.0,-27.18963623046875,-30.02471923828125,3.86810302734375,-2.425922393798828,-0.2374403327703476,-2.642051935195923,460,1,5198,42517,0,-1,0.0,0.0,0,0,0,,3,460,1,5198,42517,0,2147483647,0.0,0.0,17,4,-79,GSM,460,1,5198,49989,0,2147483647,0.0,0.0,18,4,-77,GSM,460,1,5198,42519,0,2147483647,0.0,0.0,17,4,-79,GSM
1523513928554,121.20742973,31.29172319,23.0,35.0,0.0,-75,true,-1,-1,5,59.0,4000.0,-26.67083740234375,-31.524658203125,9.56878662109375,-2.4013185501098633,-0.4418005645275116,-2.570058822631836,460,1,5198,42517,0,-1,0.0,0.0,0,0,0,,4,460,1,5198,42517,0,2147483647,0.0,0.0,18,4,-77,GSM,460,1,5198,49989,0,2147483647,0.0,0.0,16,4,-81,GSM,460,1,5198,42519,0,2147483647,0.0,0.0,17,4,-79,GSM,0,0,0,-1,0,2147483647,0.0,0.0,16,4,-81,GSM
1523513930638,121.20742973,31.29172319,23.0,35.0,0.0,-75,true,-1,-1,5,59.0,4000.0,-29.09088134765625,-34.22393798828125,5.96771240234375,-2.452652931213379,-0.3753037750720978,-2.487199068069458,460,1,5198,42517,0,-1,0.0,0.0,0,0,0,,4,460,1,5198,42517,0,2147483647,0.0,0.0,18,4,-77,GSM,460,1,5198,49989,0,2147483647,0.0,0.0,16,4,-81,GSM,460,1,5198,42519,0,2147483647,0.0,0.0,16,4,-81,GSM,0,0,0,-1,0,2147483647,0.0,0.0,16,4,-81,GSM
1523513932698,121.20710155,31.29195761,27.0,26.0,0.0,-75,true,-1,-1,5,59.0,4000.0,-28.399658203125,-29.72412109375,7.1685791015625,-2.3380136489868164,-0.4034481942653656,-2.5431034564971924,460,1,5198,42517,0,-1,0.0,0.0,0,0,0,,4,460,1,5198,42517,0,2147483647,0.0,0.0,17,4,-79,GSM,460,1,5198,49989,0,2147483647,0.0,0.0,16,4,-81,GSM,460,1,5198,42519,0,2147483647,0.0,0.0,16,4,-81,GSM,460,1,5198,1178,0,2147483647,0.0,0.0,17,4,-79,GSM
1523513934780,121.20710155,31.29195761,27.0,26.0,0.0,-75,true,-1,-1,5,59.0,4000.0,-25.28076171875,-31.22406005859375,13.76800537109375,-2.536785125732422,-0.4051291048526764,-2.5307629108428955,460,1,5198,42517,0,-1,0.0,0.0,0,0,0,,4,460,1,5198,42517,0,2147483647,0.0,0.0,16,4,-81,GSM,460,1,5198,49989,0,2147483647,0.0,0.0,16,4,-81,GSM,460,1,5198,42519,0,2147483647,0.0,0.0,15,4,-83,GSM,460,1,5198,1178,0,2147483647,0.0,0.0,17,4,-79,GSM
1523513936823,121.20683705,31.29207244,27.0,18.0,0.0,-75,true,-1,-1,5,59.0,4000.0,-24.58953857421875,-26.12457275390625,11.96746826171875,-2.355297803878784,-0.43532469868659973,-2.5502288341522217,460,1,5198,42517,0,-1,0.0,0.0,0,0,0,,5,460,1,5198,42517,0,2147483647,0.0,0.0,16,4,-81,GSM,460,1,5198,49989,0,2147483647,0.0,0.0,16,4,-81,GSM,460,1,5198,42519,0,2147483647,0.0,0.0,15,4,-83,GSM,460,1,5198,1178,0,2147483647,0.0,0.0,16,4,-81,GSM,460,1,5198,42518,0,2147483647,0.0,0.0,13,4,-87,GSM
1523513938904,121.20683705,31.29207244,27.0,18.0,0.0,-81,true,-1,-1,5,59.0,4000.0,-19.90966796875,-36.02447509765625,6.86798095703125,-2.6993460655212402,-0.39568302035331726,-2.548454523086548,460,1,5198,42517,0,-1,0.0,0.0,0,0,0,,5,460,1,5198,42517,0,2147483647,0.0,0.0,17,4,-79,GSM,460,1,5198,49989,0,2147483647,0.0,0.0,16,4,-81,GSM,460,1,5198,42519,0,2147483647,0.0,0.0,16,4,-81,GSM,460,1,5198,1178,0,2147483647,0.0,0.0,16,4,-81,GSM,460,1,5198,42518,0,2147483647,0.0,0.0,13,4,-87,GSM
1523513940979,121.20663858,31.2920756,26.0,23.0,0.0,-77,true,-1,-1,5,59.0,4000.0,-12.80975341796875,-38.4246826171875,9.56878662109375,-2.9674651622772217,-0.45569202303886414,-2.523252487182617,460,1,5198,42517,0,-1,0.0,0.0,0,0,0,,5,460,1,5198,42517,0,2147483647,0.0,0.0,18,4,-77,GSM,460,1,5198,49989,0,2147483647,0.0,0.0,15,4,-83,GSM,460,1,5198,42519,0,2147483647,0.0,0.0,16,4,-81,GSM,460,1,5198,1178,0,2147483647,0.0,0.0,16,4,-81,GSM,460,1,5198,42518,0,2147483647,0.0,0.0,13,4,-87,GSM
1523513943047,121.20663858,31.2920756,26.0,23.0,0.0,-77,true,-1,-1,5,59.0,4000.0,-6.75048828125,-46.2249755859375,22.46856689453125,2.990267753601074,-0.4678763449192047,-2.647563934326172,460,1,5198,42517,0,-1,0.0,0.0,0,0,0,,5,460,1,5198,42517,0,2147483647,0.0,0.0,17,4,-79,GSM,460,1,5198,49989,0,2147483647,0.0,0.0,15,4,-83,GSM,460,1,5198,42519,0,2147483647,0.0,0.0,16,4,-81,GSM,460,1,5198,1178,0,2147483647,0.0,0.0,16,4,-81,GSM,460,1,5198,42518,0,2147483647,0.0,0.0,14,4,-85,GSM
1523513945107,121.20662571,31.29192256,24.0,18.0,3.7400134,-77,true,-1,-1,5,59.0,4000.0,8.83026123046875,-43.82476806640625,26.66778564453125,2.584284543991089,-0.44469699263572693,-2.711568832397461,460,1,5198,42517,0,-1,0.0,0.0,0,0,0,,6,460,1,5198,42517,0,2147483647,0.0,0.0,17,4,-79,GSM,0,0,0,-1,0,2147483647,0.0,0.0,13,4,-87,GSM,460,1,5198,42519,0,2147483647,0.0,0.0,15,4,-83,GSM,460,1,5198,1178,0,2147483647,0.0,0.0,16,4,-81,GSM,460,1,5198,42518,0,2147483647,0.0,0.0,14,4,-85,GSM,460,1,5198,56688,0,2147483647,0.0,0.0,12,4,-89,GSM
1523513947181,121.20662571,31.29192256,24.0,18.0,3.7400134,-77,true,-1,-1,5,59.0,4000.0,1.21917724609375,-42.6239013671875,25.46844482421875,2.6867783069610596,-0.45677316188812256,-2.6021223068237305,460,1,5198,42517,0,-1,0.0,0.0,0,0,0,,6,460,1,5198,42517,0,2147483647,0.0,0.0,19,4,-75,GSM,0,0,0,-1,0,2147483647,0.0,0.0,13,4,-87,GSM,460,1,5198,42519,0,2147483647,0.0,0.0,15,4,-83,GSM,460,1,5198,1178,0,2147483647,0.0,0.0,17,4,-79,GSM,460,1,5198,42518,0,2147483647,0.0,0.0,14,4,-85,GSM,460,1,5198,56688,0,2147483647,0.0,0.0,12,4,-89,GSM
1523513949245,121.20654654,31.29178083,27.0,25.0,0.0,-73,true,-1,-1,5,59.0,4000.0,5.7098388671875,-50.1251220703125,19.46868896484375,2.789520502090454,-0.46015089750289917,-2.656918525695801,460,1,5198,42517,0,-1,0.0,0.0,0,0,0,,6,460,1,5198,42517,0,2147483647,0.0,0.0,20,4,-73,GSM,0,0,0,-1,0,2147483647,0.0,0.0,13,4,-87,GSM,460,1,5198,42519,0,2147483647,0.0,0.0,16,4,-81,GSM,460,1,5198,1178,0,2147483647,0.0,0.0,17,4,-79,GSM,460,1,5198,42518,0,2147483647,0.0,0.0,15,4,-83,GSM,460,1,5198,56688,0,2147483647,0.0,0.0,12,4,-89,GSM
1523513951317,121.20654654,31.29178083,27.0,25.0,0.0,-73,true,-1,-1,5,59.0,4000.0,7.440185546875,-46.2249755859375,24.267578125,2.6540536880493164,-0.43646273016929626,-2.6361353397369385,460,1,5198,42517,0,-1,0.0,0.0,0,0,0,,6,460,1,5198,42517,0,2147483647,0.0,0.0,20,4,-73,GSM,460,1,5198,49989,0,2147483647,0.0,0.0,14,4,-85,GSM,460,1,5198,42519,0,2147483647,0.0,0.0,16,4,-81,GSM,460,1,5198,1178,0,2147483647,0.0,0.0,17,4,-79,GSM,460,1,5198,42518,0,2147483647,0.0,0.0,15,4,-83,GSM,460,1,5198,56688,0,2147483647,0.0,0.0,12,4,-89,GSM
1523513953395,121.20646524,31.29164628,29.0,29.0,0.0,-73,true,-1,-1,5,59.0,4000.0,4.8492431640625,-44.1253662109375,27.56805419921875,2.5433616638183594,-0.44965898990631104,-2.41542649269104,460,1,5198,42517,0,-1,0.0,0.0,0,0,0,,6,460,1,5198,42517,0,2147483647,0.0,0.0,20,4,-73,GSM,460,1,5198,49989,0,2147483647,0.0,0.0,14,4,-85,GSM,460,1,5198,42519,0,2147483647,0.0,0.0,16,4,-81,GSM,460,1,5198,1178,0,2147483647,0.0,0.0,17,4,-79,GSM,460,1,5198,42518,0,2147483647,0.0,0.0,15,4,-83,GSM,460,1,5198,56688,0,2147483647,0.0,0.0,12,4,-89,GSM
1523513955449,121.20646524,31.29164628,29.0,29.0,0.0,-73,true,-1,-1,5,59.0,4000.0,-0.689697265625,-46.2249755859375,15.56854248046875,2.9219183921813965,-0.500704288482666,-2.5882110595703125,460,1,5198,42517,0,-1,0.0,0.0,0,0,0,,5,460,1,5198,42517,0,2147483647,0.0,0.0,22,4,-69,GSM,460,1,5198,49989,0,2147483647,0.0,0.0,14,4,-85,GSM,460,1,5198,42519,0,2147483647,0.0,0.0,16,4,-81,GSM,460,1,5198,1178,0,2147483647,0.0,0.0,18,4,-77,GSM,460,1,5198,42518,0,2147483647,0.0,0.0,15,4,-83,GSM
1523513957521,121.20637829,31.29142291,28.0,35.0,0.0,-73,true,-1,-1,5,59.0,4000.0,2.4200439453125,-45.62530517578125,21.56829833984375,2.7848563194274902,-0.3073030710220337,-2.5294694900512695,460,1,5198,42517,0,-1,0.0,0.0,0,0,0,,6,460,1,5198,42517,0,2147483647,0.0,0.0,21,4,-71,GSM,460,1,5198,49989,0,2147483647,0.0,0.0,14,4,-85,GSM,460,1,5198,42519,0,2147483647,0.0,0.0,16,4,-81,GSM,460,1,5198,1178,0,2147483647,0.0,0.0,18,4,-77,GSM,460,1,5198,42518,0,2147483647,0.0,0.0,15,4,-83,GSM,0,0,0,-1,0,2147483647,0.0,0.0,12,4,-89,GSM
1523513959593,121.20640416,31.29129193,28.0,16.0,4.1309805,-73,true,-1,-1,5,59.0,4000.0,3.63006591796875,-45.62530517578125,25.46844482421875,2.6191320419311523,-0.4664192795753479,-2.4542481899261475,460,1,5198,42517,0,-1,0.0,0.0,0,0,0,,6,460,1,5198,42517,0,2147483647,0.0,0.0,21,4,-71,GSM,460,1,5198,49989,0,2147483647,0.0,0.0,13,4,-87,GSM,460,1,5198,42519,0,2147483647,0.0,0.0,16,4,-81,GSM,460,1,5198,1178,0,2147483647,0.0,0.0,18,4,-77,GSM,460,1,5198,42518,0,2147483647,0.0,0.0,15,4,-83,GSM,0,0,0,-1,0,2147483647,0.0,0.0,12,4,-89,GSM
1523513961670,121.20635407,31.29121202,28.0,13.0,4.2304254,-73,true,-1,-1,5,59.0,4000.0,2.2491455078125,-45.02410888671875,23.66790771484375,2.701489210128784,-0.49915197491645813,-2.588824987411499,460,1,5198,42517,0,-1,0.0,0.0,0,0,0,,5,460,1,5198,42517,0,2147483647,0.0,0.0,21,4,-71,GSM,460,1,5198,49989,0,2147483647,0.0,0.0,13,4,-87,GSM,460,1,5198,42519,0,2147483647,0.0,0.0,16,4,-81,GSM,460,1,5198,1178,0,2147483647,0.0,0.0,18,4,-77,GSM,460,1,5198,42518,0,2147483647,0.0,0.0,16,4,-81,GSM
1523513963732,121.20630915,31.29111478,25.0,13.0,4.1709714,-73,true,-1,-1,5,59.0,4000.0,3.63006591796875,-48.02398681640625,16.46881103515625,2.8230881690979004,-0.4784347414970398,-2.540585994720459,460,1,5198,42517,0,-1,0.0,0.0,0,0,0,,6,460,1,5198,42517,0,2147483647,0.0,0.0,22,4,-69,GSM,460,1,5198,49989,0,2147483647,0.0,0.0,13,4,-87,GSM,460,1,5198,42519,0,2147483647,0.0,0.0,16,4,-81,GSM,460,1,5198,1178,0,2147483647,0.0,0.0,18,4,-77,GSM,460,1,5198,42518,0,2147483647,0.0,0.0,16,4,-81,GSM,460,1,5198,56688,0,2147483647,0.0,0.0,11,3,-91,GSM
1523513965796,121.20631922,31.29098843,25.0,14.0,4.100195,-73,true,-1,-1,5,59.0,4000.0,8.47930908203125,-43.22509765625,27.26898193359375,2.519592046737671,-0.47029417753219604,-2.589010715484619,460,1,5198,42517,0,-1,0.0,0.0,0,0,0,,6,460,1,5198,42517,0,2147483647,0.0,0.0,21,4,-71,GSM,460,1,5198,49989,0,2147483647,0.0,0.0,13,4,-87,GSM,460,1,5198,42519,0,2147483647,0.0,0.0,15,4,-83,GSM,460,1,5198,1178,0,2147483647,0.0,0.0,18,4,-77,GSM,460,1,5198,42518,0,2147483647,0.0,0.0,15,4,-83,GSM,460,1,5198,56688,0,2147483647,0.0,0.0,12,4,-89,GSM
1523513967866,121.2062626,31.29092069,24.0,14.0,3.322544,-73,true,-1,-1,5,59.0,4000.0,-2.5909423828125,-44.72503662109375,21.2677001953125,2.7920479774475098,-0.38075169920921326,-2.379549503326416,460,1,5198,42517,0,-1,0.0,0.0,0,0,0,,6,460,1,5198,42517,0,2147483647,0.0,0.0,21,4,-71,GSM,460,1,5198,49989,0,2147483647,0.0,0.0,14,4,-85,GSM,460,1,5198,42519,0,2147483647,0.0,0.0,15,4,-83,GSM,460,1,5198,1178,0,2147483647,0.0,0.0,18,4,-77,GSM,460,1,5198,42518,0,2147483647,0.0,0.0,15,4,-83,GSM,460,1,5198,56688,0,2147483647,0.0,0.0,12,4,-89,GSM
1523513969946,121.2062626,31.29092069,24.0,14.0,3.322544,-73,true,-1,-1,5,59.0,4000.0,1.21917724609375,-46.82464599609375,22.46856689453125,2.7831804752349854,-0.42833974957466125,-2.5738446712493896,460,1,5198,42517,0,-1,0.0,0.0,0,0,0,,6,460,1,5198,42517,0,2147483647,0.0,0.0,20,4,-73,GSM,460,1,5198,49989,0,2147483647,0.0,0.0,14,4,-85,GSM,460,1,5198,42519,0,2147483647,0.0,0.0,15,4,-83,GSM,460,1,5198,1178,0,2147483647,0.0,0.0,18,4,-77,GSM,460,1,5198,42518,0,2147483647,0.0,0.0,15,4,-83,GSM,460,1,5198,56688,0,2147483647,0.0,0.0,12,4,-89,GSM
1523513971996,121.20617382,31.29087146,24.0,16.0,3.6903389,-73,true,-1,-1,5,59.0,4000.0,-3.460693359375,-47.125244140625,11.96746826171875,3.0363831520080566,-0.4820881485939026,-2.5476958751678467,460,1,5198,42517,0,-1,0.0,0.0,0,0,0,,6,460,1,5198,42517,0,2147483647,0.0,0.0,20,4,-73,GSM,460,1,5198,49989,0,2147483647,0.0,0.0,14,4,-85,GSM,460,1,5198,42519,0,2147483647,0.0,0.0,15,4,-83,GSM,460,1,5198,1178,0,2147483647,0.0,0.0,16,4,-81,GSM,460,1,5198,42518,0,2147483647,0.0,0.0,15,4,-83,GSM,460,1,5198,56688,0,2147483647,0.0,0.0,12,4,-89,GSM
1523513974079,121.20617382,31.29087146,24.0,16.0,3.6903389,-73,true,-1,-1,5,59.0,4000.0,-18.69964599609375,-42.02423095703125,11.96746826171875,-2.883857250213623,-0.5337244868278503,-2.4465811252593994,460,1,5198,42517,0,-1,0.0,0.0,0,0,0,,6,460,1,5198,42517,0,2147483647,0.0,0.0,19,4,-75,GSM,460,1,5198,49989,0,2147483647,0.0,0.0,14,4,-85,GSM,460,1,5198,42519,0,2147483647,0.0,0.0,15,4,-83,GSM,460,1,5198,1178,0,2147483647,0.0,0.0,16,4,-81,GSM,460,1,5198,42518,0,2147483647,0.0,0.0,15,4,-83,GSM,460,1,5198,56688,0,2147483647,0.0,0.0,12,4,-89,GSM
1523513976147,121.20606258,31.29077683,25.0,22.0,0.0,-73,true,-1,-1,5,59.0,4000.0,-22.8607177734375,-34.5245361328125,4.76837158203125,-2.4603734016418457,-0.5367067456245422,-2.641522169113159,460,1,5198,42517,0,-1,0.0,0.0,0,0,0,,7,460,1,5198,42517,0,2147483647,0.0,0.0,20,4,-73,GSM,460,1,5198,49989,0,2147483647,0.0,0.0,13,4,-87,GSM,460,1,5198,42519,0,2147483647,0.0,0.0,15,4,-83,GSM,460,1,5198,1178,0,2147483647,0.0,0.0,15,4,-83,GSM,460,1,5198,42518,0,2147483647,0.0,0.0,15,4,-83,GSM,460,1,5198,56688,0,2147483647,0.0,0.0,13,4,-87,GSM,0,0,0,-1,0,2147483647,0.0,0.0,12,4,-89,GSM
1523513978205,121.20606258,31.29077683,25.0,22.0,0.0,-73,true,-1,-1,5,59.0,4000.0,-35.67047119140625,-14.12506103515625,-0.6317138671875,-1.7717746496200562,-0.37201622128486633,-2.547884702682495,460,1,5198,42517,0,-1,0.0,0.0,0,0,0,,6,460,1,5198,42517,0,2147483647,0.0,0.0,19,4,-75,GSM,460,1,5198,49989,0,2147483647,0.0,0.0,13,4,-87,GSM,460,1,5198,42519,0,2147483647,0.0,0.0,15,4,-83,GSM,460,1,5198,1178,0,2147483647,0.0,0.0,15,4,-83,GSM,460,1,5198,42518,0,2147483647,0.0,0.0,14,4,-85,GSM,460,1,5198,56688,0,2147483647,0.0,0.0,12,4,-89,GSM
1523513980266,121.20606258,31.29077683,25.0,22.0,0.0,-75,true,-1,-1,5,59.0,4000.0,-35.67047119140625,-15.32440185546875,6.56890869140625,-1.6729787588119507,-0.46544498205184937,-2.586735963821411,460,1,5198,42517,0,-1,0.0,0.0,0,0,0,,6,460,1,5198,42517,0,2147483647,0.0,0.0,18,4,-77,GSM,460,1,5198,49989,0,2147483647,0.0,0.0,13,4,-87,GSM,460,1,5198,42519,0,2147483647,0.0,0.0,16,4,-81,GSM,460,1,5198,1178,0,2147483647,0.0,0.0,15,4,-83,GSM,460,1,5198,42518,0,2147483647,0.0,0.0,14,4,-85,GSM,460,1,5198,56688,0,2147483647,0.0,0.0,12,4,-89,GSM
1523513982388,121.20606258,31.29077683,25.0,22.0,0.0,-75,true,-1,-1,5,59.0,4000.0,-34.46044921875,-13.824462890625,8.06884765625,-1.6962337493896484,-0.4252132475376129,-2.6982595920562744,460,1,5198,42517,0,-1,0.0,0.0,0,0,0,,6,460,1,5198,42517,0,2147483647,0.0,0.0,17,4,-79,GSM,460,1,5198,49989,0,2147483647,0.0,0.0,13,4,-87,GSM,460,1,5198,42519,0,2147483647,0.0,0.0,16,4,-81,GSM,460,1,5198,1178,0,2147483647,0.0,0.0,14,4,-85,GSM,460,1,5198,42518,0,2147483647,0.0,0.0,13,4,-87,GSM,460,1,5198,56688,0,2147483647,0.0,0.0,12,4,-89,GSM
1523513984448,121.20606258,31.29077683,25.0,22.0,0.0,-75,true,-1,-1,5,59.0,4000.0,-35.150146484375,-15.625,5.66864013671875,-1.8093843460083008,-0.3459393382072449,-2.4989078044891357,460,1,5198,42517,0,-1,0.0,0.0,0,0,0,,6,460,1,5198,42517,0,2147483647,0.0,0.0,17,4,-79,GSM,460,1,5198,49989,0,2147483647,0.0,0.0,13,4,-87,GSM,460,1,5198,42519,0,2147483647,0.0,0.0,15,4,-83,GSM,460,1,5198,1178,0,2147483647,0.0,0.0,14,4,-85,GSM,460,1,5198,42518,0,2147483647,0.0,0.0,13,4,-87,GSM,460,1,5198,56688,0,2147483647,0.0,0.0,12,4,-89,GSM
1523513986534,121.20606258,31.29077683,25.0,22.0,0.0,-75,true,-1,-1,5,59.0,4000.0,-32.89947509765625,-16.5252685546875,6.56890869140625,-1.7938910722732544,-0.42428022623062134,-2.572626829147339,460,1,5198,42517,0,-1,0.0,0.0,0,0,0,,6,460,1,5198,42517,0,2147483647,0.0,0.0,18,4,-77,GSM,460,1,5198,49989,0,2147483647,0.0,0.0,13,4,-87,GSM,460,1,5198,42519,0,2147483647,0.0,0.0,15,4,-83,GSM,460,1,5198,42518,0,2147483647,0.0,0.0,13,4,-87,GSM,460,1,5198,56688,0,2147483647,0.0,0.0,12,4,-89,GSM,0,0,0,-1,0,2147483647,0.0,0.0,14,4,-85,GSM
1523513988594,121.20606258,31.29077683,25.0,22.0,0.0,-75,true,-1,-1,5,59.0,4000.0,-34.1094970703125,-18.6248779296875,5.0689697265625,-1.8397692441940308,-0.44372621178627014,-2.5864715576171875,460,1,5198,42517,0,-1,0.0,0.0,0,0,0,,6,460,1,5198,42517,0,2147483647,0.0,0.0,19,4,-75,GSM,460,1,5198,49989,0,2147483647,0.0,0.0,14,4,-85,GSM,460,1,5198,42519,0,2147483647,0.0,0.0,16,4,-81,GSM,460,1,5198,42518,0,2147483647,0.0,0.0,13,4,-87,GSM,460,1,5198,56688,0,2147483647,0.0,0.0,11,3,-91,GSM,460,1,5198,51498,0,2147483647,0.0,0.0,15,4,-83,GSM
1523513990658,121.20606258,31.29077683,25.0,22.0,0.0,-75,true,-1,-1,5,59.0,4000.0,-33.5906982421875,-13.52386474609375,5.96771240234375,-1.706254005432129,-0.38684189319610596,-2.5081210136413574,460,1,5198,42517,0,-1,0.0,0.0,0,0,0,,6,460,1,5198,42517,0,2147483647,0.0,0.0,19,4,-75,GSM,460,1,5198,49989,0,2147483647,0.0,0.0,14,4,-85,GSM,460,1,5198,42519,0,2147483647,0.0,0.0,16,4,-81,GSM,460,1,5198,42518,0,2147483647,0.0,0.0,13,4,-87,GSM,460,1,5198,56688,0,2147483647,0.0,0.0,11,3,-91,GSM,460,1,5198,51498,0,2147483647,0.0,0.0,15,4,-83,GSM
1523513992721,121.20606258,31.29077683,25.0,22.0,0.0,-75,true,-1,-1,5,59.0,4000.0,-31.34002685546875,-14.7247314453125,6.86798095703125,-1.8056409358978271,-0.3712156116962433,-2.5475404262542725,460,1,5198,42517,0,-1,0.0,0.0,0,0,0,,5,460,1,5198,42517,0,2147483647,0.0,0.0,19,4,-75,GSM,460,1,5198,49989,0,2147483647,0.0,0.0,14,4,-85,GSM,460,1,5198,42519,0,2147483647,0.0,0.0,17,4,-79,GSM,460,1,5198,42518,0,2147483647,0.0,0.0,13,4,-87,GSM,460,1,5198,51498,0,2147483647,0.0,0.0,18,4,-77,GSM
1523513994762,121.20550886,31.29090713,28.0,31.0,0.0,-75,true,-1,-1,5,59.0,4000.0,-34.1094970703125,-18.6248779296875,2.06756591796875,-1.921362042427063,-0.37230128049850464,-2.596738815307617,460,1,5198,42517,0,-1,0.0,0.0,0,0,0,,6,460,1,5198,42517,0,2147483647,0.0,0.0,20,4,-73,GSM,460,1,5198,49989,0,2147483647,0.0,0.0,14,4,-85,GSM,460,1,5198,42519,0,2147483647,0.0,0.0,17,4,-79,GSM,460,1,5198,42518,0,2147483647,0.0,0.0,13,4,-87,GSM,460,1,5198,51498,0,2147483647,0.0,0.0,18,4,-77,GSM,460,1,5198,57368,0,2147483647,0.0,0.0,11,3,-91,GSM
1523513996849,121.20550886,31.29090713,28.0,31.0,0.0,-75,true,-1,-1,5,59.0,4000.0,-34.98077392578125,-20.12481689453125,8.367919921875,-1.831260323524475,-0.4474303424358368,-2.478555679321289,460,1,5198,42517,0,-1,0.0,0.0,0,0,0,,6,460,1,5198,42517,0,2147483647,0.0,0.0,19,4,-75,GSM,460,1,5198,49989,0,2147483647,0.0,0.0,13,4,-87,GSM,460,1,5198,42519,0,2147483647,0.0,0.0,17,4,-79,GSM,460,1,5198,42518,0,2147483647,0.0,0.0,13,4,-87,GSM,460,1,5198,51498,0,2147483647,0.0,0.0,19,4,-75,GSM,460,1,5198,57368,0,2147483647,0.0,0.0,12,4,-89,GSM
1523513999056,121.20543045,31.29093029,26.0,15.0,3.7808464,-71,true,-1,-1,5,59.0,4000.0,-34.62982177734375,-18.32427978515625,13.76800537109375,-1.5993729829788208,-0.5063543319702148,-2.492175579071045,460,1,5198,42517,0,-1,0.0,0.0,0,0,0,,6,460,1,5198,42517,0,2147483647,0.0,0.0,19,4,-75,GSM,460,1,5198,49989,0,2147483647,0.0,0.0,13,4,-87,GSM,460,1,5198,42519,0,2147483647,0.0,0.0,17,4,-79,GSM,460,1,5198,42518,0,2147483647,0.0,0.0,13,4,-87,GSM,460,1,5198,51498,0,2147483647,0.0,0.0,19,4,-75,GSM,460,1,5198,57368,0,2147483647,0.0,0.0,12,4,-89,GSM
1523514001107,121.20543045,31.29093029,26.0,15.0,3.7808464,-75,true,-1,-1,5,59.0,4000.0,-35.67047119140625,-37.5244140625,16.76788330078125,-2.4582905769348145,-0.37999898195266724,-2.477142810821533,460,1,5198,42517,0,-1,0.0,0.0,0,0,0,,6,460,1,5198,42517,0,2147483647,0.0,0.0,18,4,-77,GSM,460,1,5198,49989,0,2147483647,0.0,0.0,13,4,-87,GSM,460,1,5198,42519,0,2147483647,0.0,0.0,16,4,-81,GSM,460,1,5198,42518,0,2147483647,0.0,0.0,13,4,-87,GSM,460,1,5198,51498,0,2147483647,0.0,0.0,18,4,-77,GSM,460,1,5198,57368,0,2147483647,0.0,0.0,12,4,-89,GSM
1523514003168,121.20532111,31.29098805,24.0,16.0,3.28,-75,true,-1,-1,5,59.0,4000.0,-11.0809326171875,-47.72491455078125,18.56842041015625,3.09879207611084,-0.4782232940196991,-2.5392627716064453,460,1,5198,42517,0,-1,0.0,0.0,0,0,0,,6,460,1,5198,42517,0,2147483647,0.0,0.0,17,4,-79,GSM,460,1,5198,49989,0,2147483647,0.0,0.0,13,4,-87,GSM,460,1,5198,42519,0,2147483647,0.0,0.0,16,4,-81,GSM,460,1,5198,42518,0,2147483647,0.0,0.0,13,4,-87,GSM,460,1,5198,51498,0,2147483647,0.0,0.0,18,4,-77,GSM,460,1,5198,57368,0,2147483647,0.0,0.0,12,4,-89,GSM
1523514005246,121.20532111,31.29098805,24.0,16.0,3.28,-75,true,-1,-1,5,59.0,4000.0,-5.36041259765625,-46.2249755859375,17.0684814453125,2.9098684787750244,-0.5158585906028748,-2.3983571529388428,460,1,5198,42517,0,-1,0.0,0.0,0,0,0,,6,460,1,5198,42517,0,2147483647,0.0,0.0,20,4,-73,GSM,460,1,5198,49989,0,2147483647,0.0,0.0,13,4,-87,GSM,460,1,5198,42519,0,2147483647,0.0,0.0,16,4,-81,GSM,460,1,5198,42518,0,2147483647,0.0,0.0,14,4,-85,GSM,460,1,5198,51498,0,2147483647,0.0,0.0,18,4,-77,GSM,460,1,5198,57368,0,2147483647,0.0,0.0,12,4,-89,GSM
1523514007319,121.20518932,31.29093877,23.0,17.0,4.0539985,-73,true,-1,-1,5,59.0,4000.0,4.8492431640625,-47.42431640625,24.56817626953125,2.623610734939575,-0.5526520013809204,-2.551206350326538,460,1,5198,42517,0,-1,0.0,0.0,0,0,0,,6,460,1,5198,42517,0,2147483647,0.0,0.0,22,4,-69,GSM,460,1,5198,49989,0,2147483647,0.0,0.0,13,4,-87,GSM,460,1,5198,42519,0,2147483647,0.0,0.0,16,4,-81,GSM,460,1,5198,42518,0,2147483647,0.0,0.0,14,4,-85,GSM,460,1,5198,51498,0,2147483647,0.0,0.0,16,4,-81,GSM,460,1,5198,57368,0,2147483647,0.0,0.0,12,4,-89,GSM
1523514009446,121.20518932,31.29093877,23.0,17.0,4.0539985,-73,true,-1,-1,5,59.0,4000.0,-1.38092041015625,-45.62530517578125,23.968505859375,2.8149144649505615,-0.4183220863342285,-2.598560333251953,460,1,5198,42517,0,-1,0.0,0.0,0,0,0,,6,460,1,5198,42517,0,2147483647,0.0,0.0,23,4,-67,GSM,460,1,5198,49989,0,2147483647,0.0,0.0,14,4,-85,GSM,460,1,5198,42519,0,2147483647,0.0,0.0,16,4,-81,GSM,460,1,5198,42518,0,2147483647,0.0,0.0,14,4,-85,GSM,460,1,5198,51498,0,2147483647,0.0,0.0,16,4,-81,GSM,460,1,5198,56688,0,2147483647,0.0,0.0,12,4,-89,GSM
1523514011432,121.20509985,31.29077716,20.0,16.0,0.0,-65,true,-1,-1,5,59.0,4000.0,-2.4200439453125,-46.5240478515625,16.76788330078125,2.8775742053985596,-0.503350555896759,-2.4271230697631836,460,1,5198,42517,0,-1,0.0,0.0,0,0,0,,6,460,1,5198,42517,0,2147483647,0.0,0.0,22,4,-69,GSM,460,1,5198,49989,0,2147483647,0.0,0.0,14,4,-85,GSM,460,1,5198,42519,0,2147483647,0.0,0.0,16,4,-81,GSM,460,1,5198,42518,0,2147483647,0.0,0.0,14,4,-85,GSM,460,1,5198,51498,0,2147483647,0.0,0.0,15,4,-83,GSM,460,1,5198,56688,0,2147483647,0.0,0.0,12,4,-89,GSM
1523514013491,121.20501441,31.29062665,19.0,18.0,3.8301175,-65,true,-1,-1,5,59.0,4000.0,-2.5909423828125,-45.62530517578125,24.267578125,2.783773422241211,-0.41587790846824646,-2.500681161880493,460,1,5198,42517,0,-1,0.0,0.0,0,0,0,,7,460,1,5198,42517,0,2147483647,0.0,0.0,19,4,-75,GSM,460,1,5198,49989,0,2147483647,0.0,0.0,14,4,-85,GSM,460,1,5198,42519,0,2147483647,0.0,0.0,16,4,-81,GSM,460,1,5198,42518,0,2147483647,0.0,0.0,14,4,-85,GSM,460,1,5198,51498,0,2147483647,0.0,0.0,15,4,-83,GSM,460,1,5198,56688,0,2147483647,0.0,0.0,12,4,-89,GSM,460,1,5198,57368,0,2147483647,0.0,0.0,12,4,-89,GSM
1523514015563,121.20501441,31.29062665,19.0,18.0,3.8301175,-65,true,-1,-1,5,59.0,4000.0,0.8697509765625,-46.5240478515625,23.66790771484375,2.78525710105896,-0.4287181496620178,-2.614750623703003,460,1,5198,42517,0,-1,0.0,0.0,0,0,0,,7,460,1,5198,42517,0,2147483647,0.0,0.0,19,4,-75,GSM,460,1,5198,49989,0,2147483647,0.0,0.0,14,4,-85,GSM,460,1,5198,42519,0,2147483647,0.0,0.0,15,4,-83,GSM,460,1,5198,42518,0,2147483647,0.0,0.0,14,4,-85,GSM,460,1,5198,51498,0,2147483647,0.0,0.0,13,4,-87,GSM,0,0,0,-1,0,2147483647,0.0,0.0,13,4,-87,GSM,460,1,5198,57368,0,2147483647,0.0,0.0,12,4,-89,GSM
1523514017623,121.20491313,31.29054612,20.0,24.0,4.150012,-75,true,-1,-1,5,59.0,4000.0,-1.7303466796875,-42.92449951171875,28.7689208984375,2.575934410095215,-0.48483580350875854,-2.438256025314331,460,1,5198,42517,0,-1,0.0,0.0,0,0,0,,7,460,1,5198,42517,0,2147483647,0.0,0.0,19,4,-75,GSM,460,1,5198,49989,0,2147483647,0.0,0.0,14,4,-85,GSM,460,1,5198,42519,0,2147483647,0.0,0.0,15,4,-83,GSM,460,1,5198,42518,0,2147483647,0.0,0.0,14,4,-85,GSM,460,1,5198,51498,0,2147483647,0.0,0.0,13,4,-87,GSM,0,0,0,-1,0,2147483647,0.0,0.0,13,4,-87,GSM,460,1,5198,57368,0,2147483647,0.0,0.0,12,4,-89,GSM
1523514019700,121.20491313,31.29054612,20.0,24.0,4.150012,-75,true,-1,-1,5,59.0,4000.0,0.70037841796875,-46.2249755859375,19.76776123046875,2.783860445022583,-0.5374786257743835,-2.537433624267578,460,1,5198,42517,0,-1,0.0,0.0,0,0,0,,7,460,1,5198,42517,0,2147483647,0.0,0.0,20,4,-73,GSM,460,1,5198,49989,0,2147483647,0.0,0.0,14,4,-85,GSM,460,1,5198,42519,0,2147483647,0.0,0.0,15,4,-83,GSM,460,1,5198,42518,0,2147483647,0.0,0.0,14,4,-85,GSM,460,1,5198,51498,0,2147483647,0.0,0.0,11,3,-91,GSM,0,0,0,-1,0,2147483647,0.0,0.0,14,4,-85,GSM,460,1,5198,57368,0,2147483647,0.0,0.0,12,4,-89,GSM
1523514021765,121.20491313,31.29054612,20.0,24.0,4.150012,-71,true,-1,-1,5,59.0,4000.0,2.2491455078125,-45.02410888671875,24.267578125,2.6945929527282715,-0.4811032712459564,-2.57906174659729,460,1,5198,42517,0,-1,0.0,0.0,0,0,0,,7,460,1,5198,42517,0,2147483647,0.0,0.0,20,4,-73,GSM,460,1,5198,49989,0,2147483647,0.0,0.0,15,4,-83,GSM,460,1,5198,42519,0,2147483647,0.0,0.0,15,4,-83,GSM,460,1,5198,42518,0,2147483647,0.0,0.0,14,4,-85,GSM,0,0,0,-1,0,2147483647,0.0,0.0,14,4,-85,GSM,460,1,5198,57368,0,2147483647,0.0,0.0,12,4,-89,GSM,460,1,5198,1178,0,2147483647,0.0,0.0,13,4,-87,GSM
1523514023815,121.20470467,31.290399,22.0,46.0,0.0,-71,true,-1,-1,5,59.0,4000.0,3.289794921875,-45.92437744140625,24.8687744140625,2.6508123874664307,-0.5083160400390625,-2.5536270141601563,460,1,5198,42517,0,-1,0.0,0.0,0,0,0,,7,460,1,5198,42517,0,2147483647,0.0,0.0,18,4,-77,GSM,460,1,5198,49989,0,2147483647,0.0,0.0,15,4,-83,GSM,460,1,5198,42519,0,2147483647,0.0,0.0,16,4,-81,GSM,460,1,5198,42518,0,2147483647,0.0,0.0,14,4,-85,GSM,0,0,0,-1,0,2147483647,0.0,0.0,13,4,-87,GSM,460,1,5198,57368,0,2147483647,0.0,0.0,11,3,-91,GSM,460,1,5198,1178,0,2147483647,0.0,0.0,13,4,-87,GSM
1523514025906,121.20470467,31.290399,22.0,46.0,0.0,-71,true,-1,-1,5,59.0,4000.0,6.05926513671875,-48.92425537109375,24.267578125,2.6850359439849854,-0.4376588761806488,-2.5719025135040283,460,1,5198,42517,0,-1,0.0,0.0,0,0,0,,6,460,1,5198,42517,0,2147483647,0.0,0.0,19,4,-75,GSM,460,1,5198,49989,0,2147483647,0.0,0.0,15,4,-83,GSM,460,1,5198,42519,0,2147483647,0.0,0.0,16,4,-81,GSM,460,1,5198,42518,0,2147483647,0.0,0.0,14,4,-85,GSM,0,0,0,-1,0,2147483647,0.0,0.0,13,4,-87,GSM,460,1,5198,1178,0,2147483647,0.0,0.0,12,4,-89,GSM
1523514027959,121.20465198,31.29022556,22.0,16.0,3.9100127,-75,true,-1,-1,5,59.0,4000.0,11.5997314453125,-35.4248046875,21.868896484375,2.4822890758514404,-0.4267357885837555,-2.6478989124298096,460,1,5198,42517,0,-1,0.0,0.0,0,0,0,,6,460,1,5198,42517,0,2147483647,0.0,0.0,19,4,-75,GSM,460,1,5198,49989,0,2147483647,0.0,0.0,15,4,-83,GSM,460,1,5198,42519,0,2147483647,0.0,0.0,16,4,-81,GSM,460,1,5198,42518,0,2147483647,0.0,0.0,13,4,-87,GSM,0,0,0,-1,0,2147483647,0.0,0.0,13,4,-87,GSM,460,1,5198,1178,0,2147483647,0.0,0.0,12,4,-89,GSM
1523514030017,121.20465198,31.29022556,22.0,16.0,3.9100127,-75,true,-1,-1,5,59.0,4000.0,17.6605224609375,-29.425048828125,42.5689697265625,1.9752962589263916,-0.4197632372379303,-2.55977725982666,460,1,5198,42517,0,-1,0.0,0.0,0,0,0,,6,460,1,5198,42517,0,2147483647,0.0,0.0,18,4,-77,GSM,460,1,5198,49989,0,2147483647,0.0,0.0,14,4,-85,GSM,460,1,5198,42519,0,2147483647,0.0,0.0,16,4,-81,GSM,460,1,5198,42518,0,2147483647,0.0,0.0,13,4,-87,GSM,0,0,0,-1,0,2147483647,0.0,0.0,13,4,-87,GSM,460,1,5198,57368,0,2147483647,0.0,0.0,11,3,-91,GSM
1523514032074,121.20461954,31.2901194,20.0,13.0,2.020099,-75,true,-1,-1,5,59.0,4000.0,19.74029541015625,-27.32391357421875,39.56756591796875,1.8884986639022827,-0.536865770816803,-2.524071216583252,460,1,5198,42517,0,-1,0.0,0.0,0,0,0,,6,460,1,5198,42517,0,2147483647,0.0,0.0,18,4,-77,GSM,460,1,5198,49989,0,2147483647,0.0,0.0,14,4,-85,GSM,460,1,5198,42519,0,2147483647,0.0,0.0,17,4,-79,GSM,460,1,5198,42518,0,2147483647,0.0,0.0,13,4,-87,GSM,0,0,0,-1,0,2147483647,0.0,0.0,12,4,-89,GSM,460,1,5198,57368,0,2147483647,0.0,0.0,11,3,-91,GSM
1523514034141,121.20461954,31.2901194,20.0,13.0,2.020099,-75,true,-1,-1,5,59.0,4000.0,14.54925537109375,-12.9241943359375,50.36773681640625,1.5582371950149536,-0.3552902936935425,-2.6142115592956543,460,1,5198,42517,0,-1,0.0,0.0,0,0,0,,6,460,1,5198,42517,0,2147483647,0.0,0.0,17,4,-79,GSM,460,1,5198,49989,0,2147483647,0.0,0.0,14,4,-85,GSM,460,1,5198,42519,0,2147483647,0.0,0.0,17,4,-79,GSM,460,1,5198,42518,0,2147483647,0.0,0.0,13,4,-87,GSM,0,0,0,-1,0,2147483647,0.0,0.0,12,4,-89,GSM,0,0,0,-1,0,2147483647,0.0,0.0,11,3,-91,GSM
1523514036205,121.20466673,31.2900611,20.0,13.0,2.692248,-75,true,-1,-1,5,59.0,4000.0,15.240478515625,-14.12506103515625,49.16839599609375,1.6189849376678467,-0.3676806390285492,-2.5218851566314697,460,1,5198,42517,0,-1,0.0,0.0,0,0,0,,6,460,1,5198,42517,0,2147483647,0.0,0.0,16,4,-81,GSM,460,1,5198,49989,0,2147483647,0.0,0.0,14,4,-85,GSM,460,1,5198,42519,0,2147483647,0.0,0.0,17,4,-79,GSM,460,1,5198,42518,0,2147483647,0.0,0.0,13,4,-87,GSM,0,0,0,-1,0,2147483647,0.0,0.0,11,3,-91,GSM,0,0,0,-1,0,2147483647,0.0,0.0,11,3,-91,GSM
1523514038457,121.20466673,31.2900611,20.0,13.0,2.692248,-81,true,-1,-1,5,59.0,4000.0,20.61004638671875,-21.92535400390625,49.46746826171875,1.6462818384170532,-0.5251865983009338,-2.5886683464050293,460,1,5198,42517,0,-1,0.0,0.0,0,0,0,,6,460,1,5198,42517,0,2147483647,0.0,0.0,15,4,-83,GSM,460,1,5198,49989,0,2147483647,0.0,0.0,14,4,-85,GSM,460,1,5198,42519,0,2147483647,0.0,0.0,17,4,-79,GSM,460,1,5198,42518,0,2147483647,0.0,0.0,13,4,-87,GSM,0,0,0,-1,0,2147483647,0.0,0.0,12,4,-89,GSM,460,1,5198,57368,0,2147483647,0.0,0.0,11,3,-91,GSM
1523514040335,121.20481751,31.28997784,19.0,14.0,4.6500106,-81,true,-1,-1,5,59.0,4000.0,19.219970703125,-12.9241943359375,51.86767578125,1.5870510339736938,-0.3731498122215271,-2.519899845123291,460,1,5198,42517,0,-1,0.0,0.0,0,0,0,,6,460,1,5198,42517,0,2147483647,0.0,0.0,14,4,-85,GSM,460,1,5198,49989,0,2147483647,0.0,0.0,14,4,-85,GSM,460,1,5198,42519,0,2147483647,0.0,0.0,17,4,-79,GSM,460,1,5198,42518,0,2147483647,0.0,0.0,13,4,-87,GSM,0,0,0,-1,0,2147483647,0.0,0.0,12,4,-89,GSM,460,1,5198,57368,0,2147483647,0.0,0.0,11,3,-91,GSM
1523514042451,121.20481751,31.28997784,19.0,14.0,4.6500106,-81,true,-1,-1,5,59.0,4000.0,15.40985107421875,-19.22454833984375,50.06866455078125,1.7622655630111694,-0.3255975842475891,-2.5178802013397217,460,1,5198,42517,0,-1,0.0,0.0,0,0,0,,6,460,1,5198,42517,0,2147483647,0.0,0.0,14,4,-85,GSM,460,1,5198,49989,0,2147483647,0.0,0.0,14,4,-85,GSM,460,1,5198,42519,0,2147483647,0.0,0.0,17,4,-79,GSM,460,1,5198,42518,0,2147483647,0.0,0.0,13,4,-87,GSM,0,0,0,-1,0,2147483647,0.0,0.0,13,4,-87,GSM,460,1,5198,57368,0,2147483647,0.0,0.0,11,3,-91,GSM
1523514044471,121.20500085,31.28985069,16.0,11.0,4.3100114,-81,true,-1,-1,5,59.0,4000.0,16.7999267578125,-20.7244873046875,52.4688720703125,1.6750071048736572,-0.4391357898712158,-2.530381917953491,460,1,5198,42519,0,-1,0.0,0.0,0,0,0,,4,460,1,5198,42519,0,2147483647,0.0,0.0,16,4,-81,GSM,460,1,5198,49989,0,2147483647,0.0,0.0,14,4,-85,GSM,460,1,5198,42518,0,2147483647,0.0,0.0,13,4,-87,GSM,460,1,5198,42517,0,2147483647,0.0,0.0,14,4,-85,GSM
1523514046533,121.20516928,31.28971005,17.0,9.0,4.07,-81,true,-1,-1,5,59.0,4000.0,18.00994873046875,-27.92510986328125,46.16851806640625,1.8636122941970825,-0.4818272888660431,-2.493184804916382,460,1,5198,42519,0,-1,0.0,0.0,0,0,0,,5,460,1,5198,42519,0,2147483647,0.0,0.0,18,4,-77,GSM,460,1,5198,49989,0,2147483647,0.0,0.0,14,4,-85,GSM,460,1,5198,42518,0,2147483647,0.0,0.0,14,4,-85,GSM,460,1,5198,42517,0,2147483647,0.0,0.0,14,4,-85,GSM,460,1,5198,42507,0,2147483647,0.0,0.0,15,4,-83,GSM
1523514048601,121.20521739,31.28965893,15.0,8.0,4.030608,-81,true,-1,-1,5,59.0,4000.0,20.61004638671875,-26.4251708984375,49.46746826171875,1.8376370668411255,-0.42165258526802063,-2.530117988586426,460,1,5198,42519,0,-1,0.0,0.0,0,0,0,,7,460,1,5198,42519,0,2147483647,0.0,0.0,19,4,-75,GSM,460,1,5198,49989,0,2147483647,0.0,0.0,15,4,-83,GSM,460,1,5198,42518,0,2147483647,0.0,0.0,14,4,-85,GSM,460,1,5198,42517,0,2147483647,0.0,0.0,14,4,-85,GSM,460,1,5198,42507,0,2147483647,0.0,0.0,15,4,-83,GSM,0,0,0,-1,0,2147483647,0.0,0.0,13,4,-87,GSM,0,0,0,-1,0,2147483647,0.0,0.0,14,4,-85,GSM
1523514050655,121.20524104,31.28963734,16.0,8.0,4.040792,-75,true,-1,-1,5,59.0,4000.0,17.6605224609375,-21.92535400390625,52.7679443359375,1.668408751487732,-0.4688299894332886,-2.5441019535064697,460,1,5198,42519,0,-1,0.0,0.0,0,0,0,,7,460,1,5198,42519,0,2147483647,0.0,0.0,20,4,-73,GSM,460,1,5198,49989,0,2147483647,0.0,0.0,15,4,-83,GSM,460,1,5198,42518,0,2147483647,0.0,0.0,14,4,-85,GSM,460,1,5198,42517,0,2147483647,0.0,0.0,14,4,-85,GSM,460,1,5198,42507,0,2147483647,0.0,0.0,15,4,-83,GSM,0,0,0,-1,0,2147483647,0.0,0.0,13,4,-87,GSM,460,1,5198,43857,0,2147483647,0.0,0.0,14,4,-85,GSM
1523514052738,121.2053144,31.28957751,14.0,11.0,3.6808696,-71,true,-1,-1,5,59.0,4000.0,18.5302734375,-15.625,54.8675537109375,1.6010974645614624,-0.4047548472881317,-2.498563289642334,460,1,5198,42519,0,-1,0.0,0.0,0,0,0,,7,460,1,5198,42519,0,2147483647,0.0,0.0,21,4,-71,GSM,460,1,5198,49989,0,2147483647,0.0,0.0,16,4,-81,GSM,460,1,5198,42518,0,2147483647,0.0,0.0,14,4,-85,GSM,460,1,5198,42517,0,2147483647,0.0,0.0,14,4,-85,GSM,460,1,5198,42507,0,2147483647,0.0,0.0,15,4,-83,GSM,0,0,0,-1,0,2147483647,0.0,0.0,13,4,-87,GSM,460,1,5198,43857,0,2147483647,0.0,0.0,14,4,-85,GSM
1523514054814,121.20537353,31.28954681,14.0,12.0,3.220559,-71,true,-1,-1,5,59.0,4000.0,18.87969970703125,-15.924072265625,55.46875,1.55144464969635,-0.42909595370292664,-2.5805723667144775,460,1,5198,42519,0,-1,0.0,0.0,0,0,0,,7,460,1,5198,42519,0,2147483647,0.0,0.0,21,4,-71,GSM,460,1,5198,49989,0,2147483647,0.0,0.0,16,4,-81,GSM,460,1,5198,42518,0,2147483647,0.0,0.0,14,4,-85,GSM,460,1,5198,42517,0,2147483647,0.0,0.0,15,4,-83,GSM,460,1,5198,42507,0,2147483647,0.0,0.0,15,4,-83,GSM,0,0,0,-1,0,2147483647,0.0,0.0,13,4,-87,GSM,460,1,5198,43857,0,2147483647,0.0,0.0,14,4,-85,GSM
1523514056860,121.20542481,31.28952014,13.0,11.0,3.2301393,-71,true,-1,-1,5,59.0,4000.0,21.29974365234375,-10.52398681640625,52.4688720703125,1.5276647806167603,-0.3740539252758026,-2.563490867614746,460,1,5198,42519,0,-1,0.0,0.0,0,0,0,,7,460,1,5198,42519,0,2147483647,0.0,0.0,21,4,-71,GSM,460,1,5198,49989,0,2147483647,0.0,0.0,17,4,-79,GSM,460,1,5198,42518,0,2147483647,0.0,0.0,14,4,-85,GSM,460,1,5198,42517,0,2147483647,0.0,0.0,15,4,-83,GSM,460,1,5198,42507,0,2147483647,0.0,0.0,15,4,-83,GSM,0,0,0,-1,0,2147483647,0.0,0.0,13,4,-87,GSM,460,1,5198,43857,0,2147483647,0.0,0.0,14,4,-85,GSM
1523514058949,121.20548127,31.28950717,15.0,13.0,2.2299104,-69,true,-1,-1,5,59.0,4000.0,12.12005615234375,-6.9244384765625,53.96881103515625,1.334144115447998,-0.4443483352661133,-2.534355401992798,460,1,5198,42519,0,-1,0.0,0.0,0,0,0,,7,460,1,5198,42519,0,2147483647,0.0,0.0,24,4,-65,GSM,460,1,5198,49989,0,2147483647,0.0,0.0,17,4,-79,GSM,460,1,5198,42518,0,2147483647,0.0,0.0,15,4,-83,GSM,460,1,5198,42517,0,2147483647,0.0,0.0,15,4,-83,GSM,460,1,5198,42507,0,2147483647,0.0,0.0,16,4,-81,GSM,0,0,0,-1,0,2147483647,0.0,0.0,13,4,-87,GSM,460,1,5198,43857,0,2147483647,0.0,0.0,14,4,-85,GSM
1523514061019,121.20548127,31.28950717,15.0,13.0,2.2299104,-61,true,-1,-1,5,59.0,4000.0,8.83026123046875,-17.42401123046875,56.06842041015625,1.630900263786316,-0.3747429847717285,-2.443098545074463,460,1,5198,42519,0,-1,0.0,0.0,0,0,0,,6,460,1,5198,42519,0,2147483647,0.0,0.0,27,4,-59,GSM,460,1,5198,49989,0,2147483647,0.0,0.0,16,4,-81,GSM,460,1,5198,42518,0,2147483647,0.0,0.0,15,4,-83,GSM,460,1,5198,42517,0,2147483647,0.0,0.0,15,4,-83,GSM,460,1,5198,42507,0,2147483647,0.0,0.0,16,4,-81,GSM,460,1,5198,43857,0,2147483647,0.0,0.0,15,4,-83,GSM
1523514063138,121.20553159,31.28951805,14.0,13.0,1.3453624,-61,true,-1,-1,5,59.0,4000.0,20.0897216796875,-26.4251708984375,53.36761474609375,1.6287870407104492,-0.6085529923439026,-2.552678346633911,460,1,5198,42519,0,-1,0.0,0.0,0,0,0,,6,460,1,5198,42519,0,2147483647,0.0,0.0,26,4,-61,GSM,460,1,5198,49989,0,2147483647,0.0,0.0,16,4,-81,GSM,460,1,5198,42518,0,2147483647,0.0,0.0,15,4,-83,GSM,460,1,5198,42517,0,2147483647,0.0,0.0,15,4,-83,GSM,460,1,5198,42507,0,2147483647,0.0,0.0,16,4,-81,GSM,460,1,5198,43857,0,2147483647,0.0,0.0,15,4,-83,GSM
1523514065221,121.20553159,31.28951805,14.0,13.0,1.3453624,-61,true,-1,-1,5,59.0,4000.0,14.54925537109375,-10.22491455078125,56.96868896484375,1.4901496171951294,-0.32889068126678467,-2.5830729007720947,460,1,5198,42519,0,-1,0.0,0.0,0,0,0,,6,460,1,5198,42519,0,2147483647,0.0,0.0,25,4,-63,GSM,460,1,5198,49989,0,2147483647,0.0,0.0,16,4,-81,GSM,460,1,5198,42518,0,2147483647,0.0,0.0,15,4,-83,GSM,460,1,5198,42517,0,2147483647,0.0,0.0,15,4,-83,GSM,460,1,5198,42507,0,2147483647,0.0,0.0,16,4,-81,GSM,460,1,5198,43857,0,2147483647,0.0,0.0,15,4,-83,GSM
1523514067304,121.20553951,31.28953021,16.0,17.0,0.47296935,-61,true,-1,-1,5,59.0,4000.0,15.75927734375,-12.02392578125,53.668212890625,1.5056790113449097,-0.4372710585594177,-2.4810218811035156,460,1,5198,42519,0,-1,0.0,0.0,0,0,0,,7,460,1,5198,42519,0,2147483647,0.0,0.0,24,4,-65,GSM,460,1,5198,49989,0,2147483647,0.0,0.0,16,4,-81,GSM,460,1,5198,42518,0,2147483647,0.0,0.0,15,4,-83,GSM,460,1,5198,42517,0,2147483647,0.0,0.0,15,4,-83,GSM,460,1,5198,42507,0,2147483647,0.0,0.0,16,4,-81,GSM,460,1,5198,43857,0,2147483647,0.0,0.0,15,4,-83,GSM,460,1,5198,42509,0,2147483647,0.0,0.0,13,4,-87,GSM
1523514069441,121.20553951,31.28953021,16.0,17.0,0.47296935,-61,true,-1,-1,5,59.0,4000.0,14.36920166015625,-10.52398681640625,56.06842041015625,1.2306950092315674,-0.6730206608772278,-2.5376527309417725,460,1,5198,42519,0,-1,0.0,0.0,0,0,0,,7,460,1,5198,42519,0,2147483647,0.0,0.0,25,4,-63,GSM,460,1,5198,49989,0,2147483647,0.0,0.0,14,4,-85,GSM,460,1,5198,42518,0,2147483647,0.0,0.0,16,4,-81,GSM,460,1,5198,42517,0,2147483647,0.0,0.0,15,4,-83,GSM,460,1,5198,42507,0,2147483647,0.0,0.0,15,4,-83,GSM,460,1,5198,43857,0,2147483647,0.0,0.0,16,4,-81,GSM,460,1,5198,42509,0,2147483647,0.0,0.0,13,4,-87,GSM
1523514071428,121.2055292,31.28958286,17.0,17.0,1.8938056,-61,true,-1,-1,5,59.0,4000.0,13.85040283203125,-2.42462158203125,55.16815185546875,1.2390027046203613,-0.5329258441925049,-2.472517251968384,460,1,5198,42519,0,-1,0.0,0.0,0,0,0,,7,460,1,5198,42519,0,2147483647,0.0,0.0,27,4,-59,GSM,460,1,5198,49989,0,2147483647,0.0,0.0,14,4,-85,GSM,460,1,5198,42518,0,2147483647,0.0,0.0,16,4,-81,GSM,460,1,5198,42517,0,2147483647,0.0,0.0,15,4,-83,GSM,460,1,5198,42507,0,2147483647,0.0,0.0,15,4,-83,GSM,460,1,5198,43857,0,2147483647,0.0,0.0,16,4,-81,GSM,460,1,5198,57368,0,2147483647,0.0,0.0,13,4,-87,GSM
1523514073498,121.2055292,31.28958286,17.0,17.0,1.8938056,-55,true,-1,-1,5,59.0,4000.0,7.09991455078125,-1.824951171875,53.668212890625,1.0591175556182861,-0.4606969952583313,-2.6456539630889893,460,1,5198,42519,0,-1,0.0,0.0,0,0,0,,7,460,1,5198,42519,0,2147483647,0.0,0.0,31,4,-51,GSM,460,1,5198,49989,0,2147483647,0.0,0.0,14,4,-85,GSM,460,1,5198,42518,0,2147483647,0.0,0.0,17,4,-79,GSM,460,1,5198,42517,0,2147483647,0.0,0.0,15,4,-83,GSM,460,1,5198,42507,0,2147483647,0.0,0.0,16,4,-81,GSM,460,1,5198,43857,0,2147483647,0.0,0.0,17,4,-79,GSM,460,1,5198,57368,0,2147483647,0.0,0.0,14,4,-85,GSM
1523514075575,121.2059632,31.28932087,13.0,13.0,0.0,-55,true,-1,-1,5,59.0,4000.0,8.47930908203125,2.67486572265625,51.86767578125,1.2346771955490112,-0.340421587228775,-2.441474199295044,460,1,5198,42519,0,-1,0.0,0.0,0,0,0,,6,460,1,5198,42519,0,2147483647,0.0,0.0,31,4,-51,GSM,460,1,5198,42518,0,2147483647,0.0,0.0,17,4,-79,GSM,460,1,5198,42517,0,2147483647,0.0,0.0,15,4,-83,GSM,460,1,5198,42507,0,2147483647,0.0,0.0,16,4,-81,GSM,460,1,5198,43857,0,2147483647,0.0,0.0,17,4,-79,GSM,460,1,5198,57368,0,2147483647,0.0,0.0,14,4,-85,GSM
1523514077629,121.20607019,31.28936995,11.0,13.0,3.7903297,-51,true,-1,-1,5,59.0,4000.0,7.440185546875,-1.52435302734375,56.06842041015625,1.1138536930084229,-0.4886954426765442,-2.5461995601654053,460,1,5198,42519,0,-1,0.0,0.0,0,0,0,,6,460,1,5198,42519,0,2147483647,0.0,0.0,31,4,-51,GSM,460,1,5198,42518,0,2147483647,0.0,0.0,19,4,-75,GSM,460,1,5198,42517,0,2147483647,0.0,0.0,17,4,-79,GSM,460,1,5198,42507,0,2147483647,0.0,0.0,16,4,-81,GSM,460,1,5198,43857,0,2147483647,0.0,0.0,17,4,-79,GSM,460,1,5198,57368,0,2147483647,0.0,0.0,14,4,-85,GSM
1523514079695,121.20608602,31.28937443,10.0,14.0,2.6315396,-51,true,-1,-1,5,59.0,4000.0,8.9996337890625,5.67474365234375,53.36761474609375,1.107437252998352,-0.37345409393310547,-2.5194880962371826,460,1,5198,42519,0,-1,0.0,0.0,0,0,0,,6,460,1,5198,42519,0,2147483647,0.0,0.0,31,4,-51,GSM,460,1,5198,42518,0,2147483647,0.0,0.0,19,4,-75,GSM,460,1,5198,42517,0,2147483647,0.0,0.0,18,4,-77,GSM,460,1,5198,42507,0,2147483647,0.0,0.0,16,4,-81,GSM,460,1,5198,43857,0,2147483647,0.0,0.0,17,4,-79,GSM,460,1,5198,57368,0,2147483647,0.0,0.0,14,4,-85,GSM
1523514081783,121.20608602,31.28937443,10.0,14.0,2.6315396,-51,true,-1,-1,5,59.0,4000.0,6.41021728515625,1.47552490234375,55.46875,1.0946931838989258,-0.42499175667762756,-2.5456960201263428,460,1,5198,42519,0,-1,0.0,0.0,0,0,0,,6,460,1,5198,42519,0,2147483647,0.0,0.0,31,4,-51,GSM,460,1,5198,42518,0,2147483647,0.0,0.0,19,4,-75,GSM,460,1,5198,42517,0,2147483647,0.0,0.0,18,4,-77,GSM,460,1,5198,42507,0,2147483647,0.0,0.0,16,4,-81,GSM,460,1,5198,43857,0,2147483647,0.0,0.0,18,4,-77,GSM,460,1,5198,57368,0,2147483647,0.0,0.0,14,4,-85,GSM
1523514083845,121.20617982,31.28939951,12.0,18.0,2.5697665,-51,true,-1,-1,5,59.0,4000.0,3.1097412109375,11.0748291015625,53.36761474609375,1.011319875717163,-0.29070016741752625,-2.4782190322875977,460,1,5198,42519,0,-1,0.0,0.0,0,0,0,,6,460,1,5198,42519,0,2147483647,0.0,0.0,31,4,-51,GSM,460,1,5198,42518,0,2147483647,0.0,0.0,19,4,-75,GSM,460,1,5198,42517,0,2147483647,0.0,0.0,18,4,-77,GSM,460,1,5198,42507,0,2147483647,0.0,0.0,16,4,-81,GSM,460,1,5198,43857,0,2147483647,0.0,0.0,18,4,-77,GSM,460,1,5198,57368,0,2147483647,0.0,0.0,14,4,-85,GSM
1523514085910,121.20617982,31.28939951,12.0,18.0,2.5697665,-51,true,-1,-1,5,59.0,4000.0,3.289794921875,4.7760009765625,54.8675537109375,1.0940946340560913,-0.3211696743965149,-2.516172170639038,460,1,5198,42519,0,-1,0.0,0.0,0,0,0,,6,460,1,5198,42519,0,2147483647,0.0,0.0,31,4,-51,GSM,460,1,5198,42518,0,2147483647,0.0,0.0,18,4,-77,GSM,460,1,5198,42517,0,2147483647,0.0,0.0,19,4,-75,GSM,460,1,5198,42507,0,2147483647,0.0,0.0,16,4,-81,GSM,460,1,5198,43857,0,2147483647,0.0,0.0,19,4,-75,GSM,460,1,5198,57368,0,2147483647,0.0,0.0,13,4,-87,GSM
1523514087981,121.20625117,31.2895402,9.0,20.0,2.820071,-51,true,-1,-1,5,59.0,4000.0,5.54046630859375,1.1749267578125,55.767822265625,1.2224599123001099,-0.34183594584465027,-2.4552090167999268,460,1,5198,42519,0,-1,0.0,0.0,0,0,0,,6,460,1,5198,42519,0,2147483647,0.0,0.0,31,4,-51,GSM,460,1,5198,42518,0,2147483647,0.0,0.0,18,4,-77,GSM,460,1,5198,42517,0,2147483647,0.0,0.0,19,4,-75,GSM,460,1,5198,42507,0,2147483647,0.0,0.0,16,4,-81,GSM,460,1,5198,43857,0,2147483647,0.0,0.0,19,4,-75,GSM,0,0,0,-1,0,2147483647,0.0,0.0,14,4,-85,GSM
1523514090064,121.20625117,31.2895402,9.0,20.0,2.820071,-51,true,-1,-1,5,59.0,4000.0,11.07940673828125,9.27581787109375,53.36761474609375,1.1183533668518066,-0.20234407484531403,-2.631730794906616,460,1,5198,42519,0,-1,0.0,0.0,0,0,0,,6,460,1,5198,42519,0,2147483647,0.0,0.0,31,4,-51,GSM,460,1,5198,42518,0,2147483647,0.0,0.0,18,4,-77,GSM,460,1,5198,42517,0,2147483647,0.0,0.0,20,4,-73,GSM,460,1,5198,42507,0,2147483647,0.0,0.0,15,4,-83,GSM,460,1,5198,43857,0,2147483647,0.0,0.0,20,4,-73,GSM,0,0,0,-1,0,2147483647,0.0,0.0,14,4,-85,GSM
1523514092139,121.20634182,31.28963652,11.0,27.0,0.0,-51,true,-1,-1,5,59.0,4000.0,12.469482421875,3.27606201171875,56.36749267578125,1.2464942932128906,-0.2846211791038513,-2.5387556552886963,460,1,5198,42519,0,-1,0.0,0.0,0,0,0,,5,460,1,5198,42519,0,2147483647,0.0,0.0,29,4,-55,GSM,460,1,5198,42518,0,2147483647,0.0,0.0,18,4,-77,GSM,460,1,5198,42517,0,2147483647,0.0,0.0,19,4,-75,GSM,460,1,5198,43857,0,2147483647,0.0,0.0,20,4,-73,GSM,0,0,0,-1,0,2147483647,0.0,0.0,23,4,-67,GSM
1523514094226,121.20634182,31.28963652,11.0,27.0,0.0,-51,true,-1,-1,5,59.0,4000.0,12.98980712890625,5.67474365234375,54.26788330078125,1.107558012008667,-0.3623761236667633,-2.6034343242645264,460,1,5198,42519,0,-1,0.0,0.0,0,0,0,,4,460,1,5198,42519,0,2147483647,0.0,0.0,25,4,-63,GSM,460,1,5198,42518,0,2147483647,0.0,0.0,19,4,-75,GSM,460,1,5198,42517,0,2147483647,0.0,0.0,19,4,-75,GSM,460,1,5198,43857,0,2147483647,0.0,0.0,19,4,-75,GSM
1523514096463,121.20634182,31.28963652,11.0,27.0,0.0,-57,true,-1,-1,5,59.0,4000.0,8.65936279296875,5.37567138671875,55.767822265625,1.0823745727539063,-0.49250978231430054,-2.45017671585083,460,1,5198,42519,0,-1,0.0,0.0,0,0,0,,4,460,1,5198,42519,0,2147483647,0.0,0.0,24,4,-65,GSM,460,1,5198,42518,0,2147483647,0.0,0.0,19,4,-75,GSM,460,1,5198,42517,0,2147483647,0.0,0.0,19,4,-75,GSM,460,1,5198,43857,0,2147483647,0.0,0.0,19,4,-75,GSM
1523514098356,121.20647883,31.28967625,12.0,40.0,0.0,-57,true,-1,-1,5,59.0,4000.0,13.330078125,-1.22528076171875,57.86895751953125,1.0763883590698242,-0.5105369091033936,-2.6563589572906494,460,1,5198,42519,0,-1,0.0,0.0,0,0,0,,4,460,1,5198,42519,0,2147483647,0.0,0.0,25,4,-63,GSM,460,1,5198,42518,0,2147483647,0.0,0.0,19,4,-75,GSM,460,1,5198,42517,0,2147483647,0.0,0.0,17,4,-79,GSM,460,1,5198,43857,0,2147483647,0.0,0.0,19,4,-75,GSM
1523514100432,121.20647883,31.28967625,12.0,40.0,0.0,-63,true,-1,-1,5,59.0,4000.0,15.5792236328125,4.1748046875,56.36749267578125,1.0690785646438599,-0.4309130609035492,-2.6662228107452393,460,1,5198,42519,0,-1,0.0,0.0,0,0,0,,4,460,1,5198,42519,0,2147483647,0.0,0.0,25,4,-63,GSM,460,1,5198,42518,0,2147483647,0.0,0.0,19,4,-75,GSM,460,1,5198,42517,0,2147483647,0.0,0.0,18,4,-77,GSM,460,1,5198,43857,0,2147483647,0.0,0.0,19,4,-75,GSM
1523514102461,121.20681605,31.28950008,10.0,25.0,0.0,-63,true,-1,-1,5,59.0,4000.0,12.640380859375,0.57525634765625,56.6680908203125,1.230884313583374,-0.38341107964515686,-2.5297200679779053,460,1,5198,42519,0,-1,0.0,0.0,0,0,0,,4,460,1,5198,42519,0,2147483647,0.0,0.0,25,4,-63,GSM,460,1,5198,42518,0,2147483647,0.0,0.0,21,4,-71,GSM,460,1,5198,42517,0,2147483647,0.0,0.0,18,4,-77,GSM,460,1,5198,43857,0,2147483647,0.0,0.0,19,4,-75,GSM
1523514104520,121.20695277,31.28945882,10.0,18.0,2.760163,-63,true,-1,-1,5,59.0,4000.0,3.63006591796875,-3.32489013671875,57.26776123046875,0.911225438117981,-0.6195661425590515,-2.6108360290527344,460,1,5198,42519,0,-1,0.0,0.0,0,0,0,,6,460,1,5198,42519,0,2147483647,0.0,0.0,26,4,-61,GSM,460,1,5198,42518,0,2147483647,0.0,0.0,21,4,-71,GSM,460,1,5198,42517,0,2147483647,0.0,0.0,18,4,-77,GSM,460,1,5198,43857,0,2147483647,0.0,0.0,19,4,-75,GSM,0,0,0,-1,0,2147483647,0.0,0.0,16,4,-81,GSM,0,0,0,-1,0,2147483647,0.0,0.0,15,4,-83,GSM
1523514106598,121.20706343,31.28939953,11.0,14.0,2.3100216,-63,true,-1,-1,5,59.0,4000.0,13.85040283203125,-7.82470703125,55.767822265625,1.2899432182312012,-0.5147117376327515,-2.5535478591918945,460,1,5198,42519,0,-1,0.0,0.0,0,0,0,,6,460,1,5198,42519,0,2147483647,0.0,0.0,27,4,-59,GSM,460,1,5198,42518,0,2147483647,0.0,0.0,23,4,-67,GSM,460,1,5198,42517,0,2147483647,0.0,0.0,17,4,-79,GSM,460,1,5198,43857,0,2147483647,0.0,0.0,19,4,-75,GSM,0,0,0,-1,0,2147483647,0.0,0.0,17,4,-79,GSM,0,0,0,-1,0,2147483647,0.0,0.0,15,4,-83,GSM
1523514108665,121.20713077,31.28936614,14.0,12.0,1.4908386,-59,true,-1,-1,5,59.0,4000.0,10.9100341796875,-17.724609375,53.668212890625,1.4414390325546265,-0.5491613149642944,-2.554469347000122,460,1,5198,42519,0,-1,0.0,0.0,0,0,0,,6,460,1,5198,42519,0,2147483647,0.0,0.0,28,4,-57,GSM,460,1,5198,42518,0,2147483647,0.0,0.0,23,4,-67,GSM,460,1,5198,42517,0,2147483647,0.0,0.0,17,4,-79,GSM,460,1,5198,43857,0,2147483647,0.0,0.0,19,4,-75,GSM,0,0,0,-1,0,2147483647,0.0,0.0,17,4,-79,GSM,0,0,0,-1,0,2147483647,0.0,0.0,18,4,-77,GSM
1523514110749,121.20715075,31.28935711,15.0,11.0,0.486621,-59,true,-1,-1,5,59.0,4000.0,-26.49078369140625,-23.42529296875,-35.1318359375,2.0809755325317383,-0.2629232108592987,-0.09599799662828445,460,1,5198,42519,0,-1,0.0,0.0,0,0,0,,6,460,1,5198,42519,0,2147483647,0.0,0.0,29,4,-55,GSM,460,1,5198,42518,0,2147483647,0.0,0.0,24,4,-65,GSM,460,1,5198,42517,0,2147483647,0.0,0.0,18,4,-77,GSM,460,1,5198,43857,0,2147483647,0.0,0.0,20,4,-73,GSM,0,0,0,-1,0,2147483647,0.0,0.0,20,4,-73,GSM,0,0,0,-1,0,2147483647,0.0,0.0,18,4,-77,GSM
