IMEI:862305032225518
IMSI:460091042103139
OSVersion:3.10.73-perf-g94fc9a6
apiLevel:5.1.1
model:Redmi Note 3
device:kenzo
product:kenzo
98
1523514536937,121.20985281,31.28812344,43.0,16.0,0.69,-59,true,-1,-1,5,58.0,4000.0,-21.820068359375,-27.62451171875,-36.0321044921875,2.0244743824005127,-0.44113728404045105,-0.10826326161623001,460,1,5198,42518,0,-1,0.0,0.0,0,0,0,,6,460,1,5198,42518,0,2147483647,0.0,0.0,25,4,-63,GSM,460,1,5198,49989,0,2147483647,0.0,0.0,18,4,-77,GSM,460,1,5198,42519,0,2147483647,0.0,0.0,15,4,-83,GSM,460,1,5198,42507,0,2147483647,0.0,0.0,16,4,-81,GSM,460,1,5198,56688,0,2147483647,0.0,0.0,19,4,-75,GSM,460,1,5198,1188,0,2147483647,0.0,0.0,21,4,-71,GSM
1523514540001,121.20985281,31.28812344,43.0,16.0,0.69,-59,true,-1,-1,5,58.0,4000.0,5.54046630859375,10.47515869140625,52.16827392578125,0.8814992904663086,-0.24367162585258484,-2.735003709793091,460,1,5198,42518,0,-1,0.0,0.0,0,0,0,,6,460,1,5198,42518,0,2147483647,0.0,0.0,24,4,-65,GSM,460,1,5198,49989,0,2147483647,0.0,0.0,18,4,-77,GSM,460,1,5198,42507,0,2147483647,0.0,0.0,16,4,-81,GSM,460,1,5198,56688,0,2147483647,0.0,0.0,19,4,-75,GSM,460,1,5198,1188,0,2147483647,0.0,0.0,20,4,-73,GSM,0,0,0,-1,0,2147483647,0.0,0.0,15,4,-83,GSM
1523514543058,121.20990356,31.2877561,30.0,15.0,1.79,-65,true,-1,-1,5,58.0,4000.0,3.289794921875,1.47552490234375,51.26800537109375,0.7295213341712952,-0.5526413917541504,-2.747080087661743,460,1,5198,42518,0,-1,0.0,0.0,0,0,0,,6,460,1,5198,42518,0,2147483647,0.0,0.0,24,4,-65,GSM,460,1,5198,49989,0,2147483647,0.0,0.0,18,4,-77,GSM,460,1,5198,42507,0,2147483647,0.0,0.0,16,4,-81,GSM,460,1,5198,56688,0,2147483647,0.0,0.0,19,4,-75,GSM,460,1,5198,1188,0,2147483647,0.0,0.0,19,4,-75,GSM,460,1,5198,42517,0,2147483647,0.0,0.0,15,4,-83,GSM
1523514546127,121.21004633,31.28774819,32.0,13.0,3.460231,-65,true,-1,-1,5,58.0,4000.0,-0.1708984375,6.8756103515625,51.86767578125,0.7503092288970947,-0.462155818939209,-2.64207124710083,460,1,5198,42518,0,-1,0.0,0.0,0,0,0,,6,460,1,5198,42518,0,2147483647,0.0,0.0,23,4,-67,GSM,460,1,5198,49989,0,2147483647,0.0,0.0,18,4,-77,GSM,460,1,5198,42507,0,2147483647,0.0,0.0,15,4,-83,GSM,460,1,5198,56688,0,2147483647,0.0,0.0,18,4,-77,GSM,460,1,5198,1188,0,2147483647,0.0,0.0,19,4,-75,GSM,460,1,5198,42517,0,2147483647,0.0,0.0,14,4,-85,GSM
1523514549190,121.21017878,31.28779485,33.0,20.0,4.5202765,-65,true,-1,-1,5,58.0,4000.0,10.38970947265625,3.875732421875,51.568603515625,0.9806942343711853,-0.5176307559013367,-2.6271004676818848,460,1,5198,42518,0,-1,0.0,0.0,0,0,0,,6,460,1,5198,42518,0,2147483647,0.0,0.0,23,4,-67,GSM,460,1,5198,49989,0,2147483647,0.0,0.0,17,4,-79,GSM,460,1,5198,42507,0,2147483647,0.0,0.0,14,4,-85,GSM,460,1,5198,56688,0,2147483647,0.0,0.0,18,4,-77,GSM,460,1,5198,1188,0,2147483647,0.0,0.0,18,4,-77,GSM,0,0,0,-1,0,2147483647,0.0,0.0,15,4,-83,GSM
1523514552279,121.21030446,31.28783053,35.0,20.0,3.5020564,-65,true,-1,-1,5,58.0,4000.0,9.1796875,3.875732421875,50.06866455078125,0.9366356134414673,-0.5644122362136841,-2.6233255863189697,460,1,5198,42518,0,-1,0.0,0.0,0,0,0,,7,460,1,5198,42518,0,2147483647,0.0,0.0,23,4,-67,GSM,460,1,5198,49989,0,2147483647,0.0,0.0,16,4,-81,GSM,460,1,5198,42507,0,2147483647,0.0,0.0,14,4,-85,GSM,460,1,5198,56688,0,2147483647,0.0,0.0,18,4,-77,GSM,460,1,5198,1188,0,2147483647,0.0,0.0,16,4,-81,GSM,0,0,0,-1,0,2147483647,0.0,0.0,15,4,-83,GSM,460,1,5198,42517,0,2147483647,0.0,0.0,14,4,-85,GSM
1523514555356,121.21030446,31.28783053,35.0,20.0,3.5020564,-61,true,-1,-1,5,58.0,4000.0,-1.38092041015625,6.57501220703125,46.16851806640625,0.7237721085548401,-0.5817405581474304,-2.564929485321045,460,1,5198,42518,0,-1,0.0,0.0,0,0,0,,7,460,1,5198,42518,0,2147483647,0.0,0.0,25,4,-63,GSM,460,1,5198,49989,0,2147483647,0.0,0.0,17,4,-79,GSM,460,1,5198,42507,0,2147483647,0.0,0.0,13,4,-87,GSM,460,1,5198,56688,0,2147483647,0.0,0.0,17,4,-79,GSM,460,1,5198,1188,0,2147483647,0.0,0.0,16,4,-81,GSM,0,0,0,-1,0,2147483647,0.0,0.0,15,4,-83,GSM,460,1,5198,42517,0,2147483647,0.0,0.0,14,4,-85,GSM
1523514558399,121.21074396,31.28767899,42.0,23.0,0.0,-61,true,-1,-1,5,58.0,4000.0,-19.390869140625,4.7760009765625,41.9677734375,0.3328603506088257,-0.7399265766143799,-2.4540696144104004,460,1,5198,42518,0,-1,0.0,0.0,0,0,0,,7,460,1,5198,42518,0,2147483647,0.0,0.0,27,4,-59,GSM,460,1,5198,49989,0,2147483647,0.0,0.0,17,4,-79,GSM,460,1,5198,42507,0,2147483647,0.0,0.0,12,4,-89,GSM,460,1,5198,56688,0,2147483647,0.0,0.0,18,4,-77,GSM,460,1,5198,1188,0,2147483647,0.0,0.0,16,4,-81,GSM,0,0,0,-1,0,2147483647,0.0,0.0,15,4,-83,GSM,460,1,5198,42517,0,2147483647,0.0,0.0,15,4,-83,GSM
1523514561647,121.21074396,31.28767899,42.0,23.0,0.0,-61,true,-1,-1,5,58.0,4000.0,-21.6400146484375,3.57513427734375,39.8681640625,0.2968386709690094,-0.48897048830986023,-2.480536460876465,460,1,5198,42518,0,-1,0.0,0.0,0,0,0,,7,460,1,5198,42518,0,2147483647,0.0,0.0,26,4,-61,GSM,460,1,5198,49989,0,2147483647,0.0,0.0,17,4,-79,GSM,460,1,5198,42507,0,2147483647,0.0,0.0,12,4,-89,GSM,460,1,5198,56688,0,2147483647,0.0,0.0,18,4,-77,GSM,460,1,5198,1188,0,2147483647,0.0,0.0,17,4,-79,GSM,0,0,0,-1,0,2147483647,0.0,0.0,16,4,-81,GSM,460,1,5198,42517,0,2147483647,0.0,0.0,16,4,-81,GSM
1523514564525,121.21051647,31.28817662,43.0,29.0,0.0,-61,true,-1,-1,5,58.0,4000.0,-18.3502197265625,8.37554931640625,43.16864013671875,0.09624263644218445,-0.5050452351570129,-2.677905321121216,460,1,5198,42518,0,-1,0.0,0.0,0,0,0,,7,460,1,5198,42518,0,2147483647,0.0,0.0,27,4,-59,GSM,460,1,5198,49989,0,2147483647,0.0,0.0,18,4,-77,GSM,460,1,5198,56688,0,2147483647,0.0,0.0,20,4,-73,GSM,460,1,5198,1188,0,2147483647,0.0,0.0,17,4,-79,GSM,0,0,0,-1,0,2147483647,0.0,0.0,16,4,-81,GSM,460,1,5198,42517,0,2147483647,0.0,0.0,17,4,-79,GSM,460,1,5198,17029,0,2147483647,0.0,0.0,13,4,-87,GSM
1523514567585,121.21069456,31.28815032,45.0,22.0,3.170063,-61,true,-1,-1,5,58.0,4000.0,-19.05059814453125,8.9752197265625,46.16851806640625,0.2737051248550415,-0.4782065451145172,-2.577320098876953,460,1,5198,42518,0,-1,0.0,0.0,0,0,0,,6,460,1,5198,42518,0,2147483647,0.0,0.0,24,4,-65,GSM,460,1,5198,49989,0,2147483647,0.0,0.0,20,4,-73,GSM,460,1,5198,56688,0,2147483647,0.0,0.0,20,4,-73,GSM,460,1,5198,1188,0,2147483647,0.0,0.0,17,4,-79,GSM,0,0,0,-1,0,2147483647,0.0,0.0,17,4,-79,GSM,460,1,5198,42517,0,2147483647,0.0,0.0,17,4,-79,GSM
1523514570655,121.21071331,31.28825242,40.0,20.0,3.4819105,-61,true,-1,-1,5,58.0,4000.0,-27.5299072265625,8.37554931640625,40.46783447265625,-0.11376815289258957,-0.5137150287628174,-2.6173112392425537,460,1,5198,42518,0,-1,0.0,0.0,0,0,0,,6,460,1,5198,42518,0,2147483647,0.0,0.0,23,4,-67,GSM,460,1,5198,49989,0,2147483647,0.0,0.0,20,4,-73,GSM,460,1,5198,56688,0,2147483647,0.0,0.0,21,4,-71,GSM,460,1,5198,1188,0,2147483647,0.0,0.0,17,4,-79,GSM,0,0,0,-1,0,2147483647,0.0,0.0,17,4,-79,GSM,460,1,5198,42517,0,2147483647,0.0,0.0,16,4,-81,GSM
1523514573728,121.21072697,31.28832287,38.0,20.0,2.6076808,-67,true,-1,-1,5,58.0,4000.0,-22.8607177734375,10.7757568359375,41.36810302734375,0.11715905368328094,-0.4484891891479492,-2.561601400375366,460,1,5198,42518,0,-1,0.0,0.0,0,0,0,,6,460,1,5198,42518,0,2147483647,0.0,0.0,22,4,-69,GSM,460,1,5198,49989,0,2147483647,0.0,0.0,20,4,-73,GSM,460,1,5198,56688,0,2147483647,0.0,0.0,21,4,-71,GSM,460,1,5198,1188,0,2147483647,0.0,0.0,17,4,-79,GSM,0,0,0,-1,0,2147483647,0.0,0.0,17,4,-79,GSM,460,1,5198,42517,0,2147483647,0.0,0.0,17,4,-79,GSM
1523514576786,121.21078592,31.2883794,37.0,14.0,2.521448,-67,true,-1,-1,5,58.0,4000.0,-27.880859375,14.07470703125,35.0677490234375,-0.22297124564647675,-0.43745943903923035,-2.6299102306365967,460,1,5198,42518,0,-1,0.0,0.0,0,0,0,,4,460,1,5198,42518,0,2147483647,0.0,0.0,23,4,-67,GSM,460,1,5198,49989,0,2147483647,0.0,0.0,21,4,-71,GSM,460,1,5198,56688,0,2147483647,0.0,0.0,23,4,-67,GSM,460,1,5198,42517,0,2147483647,0.0,0.0,17,4,-79,GSM
1523514579858,121.21088285,31.28846844,29.0,11.0,3.550507,-67,true,-1,-1,5,58.0,4000.0,-35.150146484375,-7.52410888671875,22.46856689453125,-1.025560736656189,-0.43945661187171936,-2.5290963649749756,460,1,5198,42518,0,-1,0.0,0.0,0,0,0,,4,460,1,5198,42518,0,2147483647,0.0,0.0,26,4,-61,GSM,460,1,5198,49989,0,2147483647,0.0,0.0,21,4,-71,GSM,460,1,5198,56688,0,2147483647,0.0,0.0,24,4,-65,GSM,460,1,5198,42517,0,2147483647,0.0,0.0,17,4,-79,GSM
1523514582940,121.21091092,31.28860204,25.0,9.0,3.100016,-61,true,-1,-1,5,58.0,4000.0,-31.69097900390625,-15.32440185546875,19.46868896484375,-1.7617374658584595,-0.3463332951068878,-2.5138158798217773,460,1,5198,42518,0,-1,0.0,0.0,0,0,0,,4,460,1,5198,42518,0,2147483647,0.0,0.0,28,4,-57,GSM,460,1,5198,49989,0,2147483647,0.0,0.0,21,4,-71,GSM,460,1,5198,56688,0,2147483647,0.0,0.0,24,4,-65,GSM,460,1,5198,42517,0,2147483647,0.0,0.0,17,4,-79,GSM
1523514585987,121.21086357,31.28867945,24.0,10.0,2.721066,-57,true,-1,-1,5,58.0,4000.0,-33.25042724609375,-18.6248779296875,13.76800537109375,-1.7519023418426514,-0.4584532678127289,-2.605441093444824,460,1,5198,42518,0,-1,0.0,0.0,0,0,0,,4,460,1,5198,42518,0,2147483647,0.0,0.0,30,4,-53,GSM,460,1,5198,49989,0,2147483647,0.0,0.0,21,4,-71,GSM,460,1,5198,56688,0,2147483647,0.0,0.0,24,4,-65,GSM,460,1,5198,42517,0,2147483647,0.0,0.0,19,4,-75,GSM
1523514589064,121.21077743,31.28868328,25.0,10.0,3.0315177,-51,true,-1,-1,5,58.0,4000.0,-33.4197998046875,-21.92535400390625,11.66839599609375,-1.7692210674285889,-0.5453758835792542,-2.588189125061035,460,1,5198,42518,0,-1,0.0,0.0,0,0,0,,5,460,1,5198,42518,0,2147483647,0.0,0.0,31,4,-51,GSM,460,1,5198,49989,0,2147483647,0.0,0.0,21,4,-71,GSM,460,1,5198,56688,0,2147483647,0.0,0.0,24,4,-65,GSM,460,1,5198,42517,0,2147483647,0.0,0.0,19,4,-75,GSM,460,1,5198,17029,0,2147483647,0.0,0.0,16,4,-81,GSM
1523514592129,121.21067705,31.28872944,24.0,9.0,3.8102098,-51,true,-1,-1,5,58.0,4000.0,-34.46044921875,-18.9239501953125,11.0687255859375,-1.8820031881332397,-0.3766482174396515,-2.500492572784424,460,1,5198,42518,0,-1,0.0,0.0,0,0,0,,5,460,1,5198,42518,0,2147483647,0.0,0.0,31,4,-51,GSM,460,1,5198,49989,0,2147483647,0.0,0.0,21,4,-71,GSM,460,1,5198,56688,0,2147483647,0.0,0.0,26,4,-61,GSM,460,1,5198,42517,0,2147483647,0.0,0.0,23,4,-67,GSM,460,1,5198,17029,0,2147483647,0.0,0.0,16,4,-81,GSM
1523514595190,121.21051502,31.28882244,22.0,11.0,3.93,-51,true,-1,-1,5,58.0,4000.0,-32.7301025390625,-21.624755859375,12.26806640625,-1.8917843103408813,-0.459712415933609,-2.577364683151245,460,1,5198,42518,0,-1,0.0,0.0,0,0,0,,5,460,1,5198,42518,0,2147483647,0.0,0.0,31,4,-51,GSM,460,1,5198,49989,0,2147483647,0.0,0.0,21,4,-71,GSM,460,1,5198,56688,0,2147483647,0.0,0.0,26,4,-61,GSM,460,1,5198,42517,0,2147483647,0.0,0.0,25,4,-63,GSM,460,1,5198,17029,0,2147483647,0.0,0.0,17,4,-79,GSM
1523514598259,121.21039916,31.28890378,22.0,13.0,4.38,-51,true,-1,-1,5,58.0,4000.0,-32.38067626953125,-22.8240966796875,9.2681884765625,-1.836272120475769,-0.5689454674720764,-2.6469533443450928,460,1,5198,42518,0,-1,0.0,0.0,0,0,0,,5,460,1,5198,42518,0,2147483647,0.0,0.0,31,4,-51,GSM,460,1,5198,49989,0,2147483647,0.0,0.0,21,4,-71,GSM,460,1,5198,56688,0,2147483647,0.0,0.0,26,4,-61,GSM,460,1,5198,42517,0,2147483647,0.0,0.0,26,4,-61,GSM,460,1,5198,42519,0,2147483647,0.0,0.0,18,4,-77,GSM
1523514601337,121.21026691,31.28898887,21.0,11.0,4.61,-51,true,-1,-1,5,58.0,4000.0,-34.62982177734375,-18.02520751953125,8.367919921875,-1.6619642972946167,-0.5266362428665161,-2.53079891204834,460,1,5198,42518,0,-1,0.0,0.0,0,0,0,,5,460,1,5198,42518,0,2147483647,0.0,0.0,31,4,-51,GSM,460,1,5198,49989,0,2147483647,0.0,0.0,21,4,-71,GSM,460,1,5198,56688,0,2147483647,0.0,0.0,26,4,-61,GSM,460,1,5198,42517,0,2147483647,0.0,0.0,26,4,-61,GSM,460,1,5198,42519,0,2147483647,0.0,0.0,19,4,-75,GSM
1523514604391,121.21014477,31.28906869,22.0,9.0,4.2111874,-51,true,-1,-1,5,58.0,4000.0,-34.98077392578125,-21.02508544921875,6.56890869140625,-1.764794111251831,-0.5448924899101257,-2.5429654121398926,460,1,5198,42518,0,-1,0.0,0.0,0,0,0,,5,460,1,5198,42518,0,2147483647,0.0,0.0,31,4,-51,GSM,460,1,5198,49989,0,2147483647,0.0,0.0,21,4,-71,GSM,460,1,5198,56688,0,2147483647,0.0,0.0,26,4,-61,GSM,460,1,5198,42517,0,2147483647,0.0,0.0,27,4,-59,GSM,460,1,5198,42519,0,2147483647,0.0,0.0,19,4,-75,GSM
1523514607439,121.21000621,31.28916184,25.0,7.0,4.631555,-51,true,-1,-1,5,58.0,4000.0,-35.3302001953125,-17.42401123046875,13.76800537109375,-1.674221158027649,-0.4641564190387726,-2.6344921588897705,460,1,5198,42518,0,-1,0.0,0.0,0,0,0,,5,460,1,5198,42518,0,2147483647,0.0,0.0,31,4,-51,GSM,460,1,5198,49989,0,2147483647,0.0,0.0,21,4,-71,GSM,460,1,5198,56688,0,2147483647,0.0,0.0,26,4,-61,GSM,460,1,5198,42517,0,2147483647,0.0,0.0,27,4,-59,GSM,460,1,5198,42519,0,2147483647,0.0,0.0,19,4,-75,GSM
1523514610511,121.20990035,31.28925215,23.0,6.0,3.770053,-51,true,-1,-1,5,58.0,4000.0,-36.54022216796875,-19.22454833984375,12.86773681640625,-1.7930470705032349,-0.40849125385284424,-2.510072708129883,460,1,5198,42518,0,-1,0.0,0.0,0,0,0,,5,460,1,5198,42518,0,2147483647,0.0,0.0,31,4,-51,GSM,460,1,5198,49989,0,2147483647,0.0,0.0,21,4,-71,GSM,460,1,5198,56688,0,2147483647,0.0,0.0,27,4,-59,GSM,460,1,5198,42517,0,2147483647,0.0,0.0,27,4,-59,GSM,0,0,0,-1,0,2147483647,0.0,0.0,24,4,-65,GSM
1523514613572,121.20987416,31.2892914,23.0,9.0,3.6311157,-51,true,-1,-1,5,58.0,4000.0,-36.1907958984375,-17.724609375,11.66839599609375,-1.5580888986587524,-0.513691246509552,-2.455876588821411,460,1,5198,42518,0,-1,0.0,0.0,0,0,0,,5,460,1,5198,42518,0,2147483647,0.0,0.0,30,4,-53,GSM,460,1,5198,49989,0,2147483647,0.0,0.0,21,4,-71,GSM,460,1,5198,56688,0,2147483647,0.0,0.0,26,4,-61,GSM,460,1,5198,42517,0,2147483647,0.0,0.0,27,4,-59,GSM,0,0,0,-1,0,2147483647,0.0,0.0,23,4,-67,GSM
1523514616651,121.20972681,31.28936981,22.0,8.0,3.8700516,-51,true,-1,-1,5,58.0,4000.0,-36.0198974609375,-17.42401123046875,13.76800537109375,-1.6142849922180176,-0.4742940366268158,-2.533808469772339,460,1,5198,42518,0,-1,0.0,0.0,0,0,0,,5,460,1,5198,42518,0,2147483647,0.0,0.0,29,4,-55,GSM,460,1,5198,49989,0,2147483647,0.0,0.0,21,4,-71,GSM,460,1,5198,56688,0,2147483647,0.0,0.0,26,4,-61,GSM,460,1,5198,42517,0,2147483647,0.0,0.0,27,4,-59,GSM,0,0,0,-1,0,2147483647,0.0,0.0,22,4,-69,GSM
1523514619705,121.20964665,31.28939821,23.0,9.0,3.8802063,-55,true,-1,-1,5,58.0,4000.0,-34.1094970703125,-25.22430419921875,11.0687255859375,-2.001051425933838,-0.4541417956352234,-2.599034547805786,460,1,5198,42518,0,-1,0.0,0.0,0,0,0,,5,460,1,5198,42518,0,2147483647,0.0,0.0,31,4,-51,GSM,460,1,5198,49989,0,2147483647,0.0,0.0,20,4,-73,GSM,460,1,5198,56688,0,2147483647,0.0,0.0,26,4,-61,GSM,460,1,5198,42517,0,2147483647,0.0,0.0,29,4,-55,GSM,460,1,5198,42519,0,2147483647,0.0,0.0,18,4,-77,GSM
1523514622788,121.20955734,31.28946312,23.0,8.0,1.5970598,-51,true,-1,-1,5,58.0,4000.0,-32.89947509765625,-21.624755859375,10.16845703125,-1.8999322652816772,-0.4918029010295868,-2.814850330352783,460,1,5198,42518,0,-1,0.0,0.0,0,0,0,,5,460,1,5198,42518,0,2147483647,0.0,0.0,31,4,-51,GSM,460,1,5198,49989,0,2147483647,0.0,0.0,20,4,-73,GSM,460,1,5198,56688,0,2147483647,0.0,0.0,26,4,-61,GSM,460,1,5198,42517,0,2147483647,0.0,0.0,29,4,-55,GSM,460,1,5198,42519,0,2147483647,0.0,0.0,18,4,-77,GSM
1523514625852,121.20955196,31.28945082,23.0,9.0,1.5221038,-51,true,-1,-1,5,58.0,4000.0,-35.49957275390625,-12.6251220703125,15.86761474609375,-1.3978359699249268,-0.4585995674133301,-2.5278053283691406,460,1,5198,42518,0,-1,0.0,0.0,0,0,0,,5,460,1,5198,42518,0,2147483647,0.0,0.0,27,4,-59,GSM,460,1,5198,49989,0,2147483647,0.0,0.0,20,4,-73,GSM,460,1,5198,56688,0,2147483647,0.0,0.0,24,4,-65,GSM,460,1,5198,42517,0,2147483647,0.0,0.0,29,4,-55,GSM,460,1,5198,42519,0,2147483647,0.0,0.0,18,4,-77,GSM
1523514628917,121.20945755,31.28949211,24.0,7.0,2.9613678,-57,true,-1,-1,5,58.0,4000.0,-34.80987548828125,-16.5252685546875,20.66802978515625,-1.5151264667510986,-0.444851279258728,-2.5341899394989014,460,1,5198,42518,0,-1,0.0,0.0,0,0,0,,6,460,1,5198,42518,0,2147483647,0.0,0.0,26,4,-61,GSM,460,1,5198,49989,0,2147483647,0.0,0.0,20,4,-73,GSM,460,1,5198,56688,0,2147483647,0.0,0.0,24,4,-65,GSM,460,1,5198,42517,0,2147483647,0.0,0.0,31,4,-51,GSM,460,1,5198,42519,0,2147483647,0.0,0.0,19,4,-75,GSM,0,0,0,-1,0,2147483647,0.0,0.0,13,4,-87,GSM
1523514631992,121.20937695,31.28954129,24.0,9.0,3.0000665,-59,true,-1,-1,5,58.0,4000.0,-30.999755859375,-13.824462890625,18.267822265625,-1.7636302709579468,-0.31515493988990784,-2.5895144939422607,460,1,5198,42518,0,-1,0.0,0.0,0,0,0,,6,460,1,5198,42518,0,2147483647,0.0,0.0,26,4,-61,GSM,460,1,5198,49989,0,2147483647,0.0,0.0,20,4,-73,GSM,460,1,5198,56688,0,2147483647,0.0,0.0,22,4,-69,GSM,460,1,5198,42517,0,2147483647,0.0,0.0,31,4,-51,GSM,460,1,5198,42519,0,2147483647,0.0,0.0,21,4,-71,GSM,0,0,0,-1,0,2147483647,0.0,0.0,13,4,-87,GSM
1523514635057,121.20922511,31.28963651,22.0,9.0,4.0701966,-59,true,-1,-1,5,58.0,4000.0,-34.1094970703125,-16.5252685546875,13.46893310546875,-1.8297673463821411,-0.3389779329299927,-2.5907630920410156,460,1,5198,42517,0,-1,0.0,0.0,0,0,0,,6,460,1,5198,42517,0,2147483647,0.0,0.0,31,4,-51,GSM,460,1,5198,49989,0,2147483647,0.0,0.0,19,4,-75,GSM,460,1,5198,56688,0,2147483647,0.0,0.0,22,4,-69,GSM,460,1,5198,42519,0,2147483647,0.0,0.0,21,4,-71,GSM,0,0,0,-1,0,2147483647,0.0,0.0,19,4,-75,GSM,0,0,0,-1,0,2147483647,0.0,0.0,19,4,-75,GSM
1523514638144,121.2090827,31.28973805,24.0,7.0,4.67,-51,true,-1,-1,5,58.0,4000.0,-33.94012451171875,-15.02532958984375,14.9688720703125,-1.6541903018951416,-0.38642972707748413,-2.4421260356903076,460,1,5198,42517,0,-1,0.0,0.0,0,0,0,,7,460,1,5198,42517,0,2147483647,0.0,0.0,31,4,-51,GSM,460,1,5198,49989,0,2147483647,0.0,0.0,19,4,-75,GSM,460,1,5198,56688,0,2147483647,0.0,0.0,22,4,-69,GSM,460,1,5198,42519,0,2147483647,0.0,0.0,21,4,-71,GSM,460,1,5198,57368,0,2147483647,0.0,0.0,18,4,-77,GSM,0,0,0,-1,0,2147483647,0.0,0.0,17,4,-79,GSM,460,1,5198,42518,0,2147483647,0.0,0.0,25,4,-63,GSM
1523514641205,121.20897951,31.28981342,20.0,6.0,4.8702564,-51,true,-1,-1,5,58.0,4000.0,-34.46044921875,-18.6248779296875,12.86773681640625,-1.7381024360656738,-0.45336878299713135,-2.543257236480713,460,1,5198,42517,0,-1,0.0,0.0,0,0,0,,7,460,1,5198,42517,0,2147483647,0.0,0.0,31,4,-51,GSM,460,1,5198,49989,0,2147483647,0.0,0.0,19,4,-75,GSM,460,1,5198,56688,0,2147483647,0.0,0.0,21,4,-71,GSM,460,1,5198,42519,0,2147483647,0.0,0.0,21,4,-71,GSM,460,1,5198,57368,0,2147483647,0.0,0.0,17,4,-79,GSM,0,0,0,-1,0,2147483647,0.0,0.0,17,4,-79,GSM,460,1,5198,42518,0,2147483647,0.0,0.0,24,4,-65,GSM
1523514644271,121.2088496,31.28990168,20.0,8.0,4.860041,-51,true,-1,-1,5,58.0,4000.0,-34.98077392578125,-17.12493896484375,12.56866455078125,-1.5386085510253906,-0.5444124937057495,-2.5619101524353027,460,1,5198,42517,0,-1,0.0,0.0,0,0,0,,7,460,1,5198,42517,0,2147483647,0.0,0.0,31,4,-51,GSM,460,1,5198,49989,0,2147483647,0.0,0.0,19,4,-75,GSM,460,1,5198,56688,0,2147483647,0.0,0.0,21,4,-71,GSM,460,1,5198,42519,0,2147483647,0.0,0.0,21,4,-71,GSM,460,1,5198,57368,0,2147483647,0.0,0.0,16,4,-81,GSM,0,0,0,-1,0,2147483647,0.0,0.0,15,4,-83,GSM,460,1,5198,42518,0,2147483647,0.0,0.0,24,4,-65,GSM
1523514647355,121.20860294,31.29013456,16.0,12.0,6.6801195,-51,true,-1,-1,5,58.0,4000.0,-33.94012451171875,-21.92535400390625,11.3677978515625,-1.944761037826538,-0.41306251287460327,-2.633558511734009,460,1,5198,42517,0,-1,0.0,0.0,0,0,0,,6,460,1,5198,42517,0,2147483647,0.0,0.0,31,4,-51,GSM,460,1,5198,49989,0,2147483647,0.0,0.0,17,4,-79,GSM,460,1,5198,56688,0,2147483647,0.0,0.0,20,4,-73,GSM,460,1,5198,42519,0,2147483647,0.0,0.0,22,4,-69,GSM,460,1,5198,57368,0,2147483647,0.0,0.0,16,4,-81,GSM,460,1,5198,42518,0,2147483647,0.0,0.0,23,4,-67,GSM
1523514650418,121.2085154,31.29021345,18.0,18.0,0.0,-51,true,-1,-1,5,58.0,4000.0,-33.770751953125,-20.42388916015625,12.26806640625,-1.9737073183059692,-0.35904642939567566,-2.5292820930480957,460,1,5198,42517,0,-1,0.0,0.0,0,0,0,,6,460,1,5198,42517,0,2147483647,0.0,0.0,31,4,-51,GSM,460,1,5198,49989,0,2147483647,0.0,0.0,16,4,-81,GSM,460,1,5198,56688,0,2147483647,0.0,0.0,19,4,-75,GSM,460,1,5198,42519,0,2147483647,0.0,0.0,22,4,-69,GSM,460,1,5198,57368,0,2147483647,0.0,0.0,15,4,-83,GSM,460,1,5198,42518,0,2147483647,0.0,0.0,22,4,-69,GSM
1523514653494,121.2084518,31.2902558,22.0,14.0,3.0041637,-51,true,-1,-1,5,58.0,4000.0,-34.80987548828125,-18.02520751953125,15.86761474609375,-1.6978968381881714,-0.4311767518520355,-2.4983980655670166,460,1,5198,42517,0,-1,0.0,0.0,0,0,0,,6,460,1,5198,42517,0,2147483647,0.0,0.0,31,4,-51,GSM,460,1,5198,49989,0,2147483647,0.0,0.0,16,4,-81,GSM,460,1,5198,56688,0,2147483647,0.0,0.0,19,4,-75,GSM,460,1,5198,42519,0,2147483647,0.0,0.0,22,4,-69,GSM,460,1,5198,42518,0,2147483647,0.0,0.0,21,4,-71,GSM,0,0,0,-1,0,2147483647,0.0,0.0,16,4,-81,GSM
1523514656557,121.20832268,31.29027955,24.0,10.0,2.8668098,-51,true,-1,-1,5,58.0,4000.0,-30.999755859375,-23.724365234375,17.0684814453125,-2.016845226287842,-0.4782859981060028,-2.420172929763794,460,1,5198,42517,0,-1,0.0,0.0,0,0,0,,5,460,1,5198,42517,0,2147483647,0.0,0.0,31,4,-51,GSM,460,1,5198,56688,0,2147483647,0.0,0.0,19,4,-75,GSM,460,1,5198,42519,0,2147483647,0.0,0.0,22,4,-69,GSM,460,1,5198,42518,0,2147483647,0.0,0.0,21,4,-71,GSM,0,0,0,-1,0,2147483647,0.0,0.0,18,4,-77,GSM
1523514659640,121.20823421,31.29024173,24.0,11.0,2.4673266,-51,true,-1,-1,5,58.0,4000.0,-33.25042724609375,-18.6248779296875,9.56878662109375,-1.753244400024414,-0.47783616185188293,-2.49904203414917,460,1,5198,42517,0,-1,0.0,0.0,0,0,0,,5,460,1,5198,42517,0,2147483647,0.0,0.0,28,4,-57,GSM,460,1,5198,56688,0,2147483647,0.0,0.0,20,4,-73,GSM,460,1,5198,42519,0,2147483647,0.0,0.0,23,4,-67,GSM,460,1,5198,42518,0,2147483647,0.0,0.0,22,4,-69,GSM,0,0,0,-1,0,2147483647,0.0,0.0,18,4,-77,GSM
1523514662708,121.20815545,31.29020411,26.0,12.0,2.17883,-55,true,-1,-1,5,58.0,4000.0,-29.78057861328125,-27.62451171875,10.16845703125,-2.2699337005615234,-0.3941441774368286,-2.5406899452209473,460,1,5198,42517,0,-1,0.0,0.0,0,0,0,,5,460,1,5198,42517,0,2147483647,0.0,0.0,27,4,-59,GSM,460,1,5198,56688,0,2147483647,0.0,0.0,20,4,-73,GSM,460,1,5198,42519,0,2147483647,0.0,0.0,23,4,-67,GSM,460,1,5198,42518,0,2147483647,0.0,0.0,21,4,-71,GSM,0,0,0,-1,0,2147483647,0.0,0.0,18,4,-77,GSM
1523514665762,121.20807269,31.29019014,26.0,14.0,3.0030818,-55,true,-1,-1,5,58.0,4000.0,-23.20098876953125,-37.82501220703125,17.3675537109375,-2.6652958393096924,-0.372689813375473,-2.691775321960449,460,1,5198,42517,0,-1,0.0,0.0,0,0,0,,5,460,1,5198,42517,0,2147483647,0.0,0.0,29,4,-55,GSM,460,1,5198,56688,0,2147483647,0.0,0.0,21,4,-71,GSM,460,1,5198,42519,0,2147483647,0.0,0.0,24,4,-65,GSM,460,1,5198,42518,0,2147483647,0.0,0.0,21,4,-71,GSM,0,0,0,-1,0,2147483647,0.0,0.0,18,4,-77,GSM
1523514668849,121.2079534,31.29017485,29.0,13.0,3.4447062,-55,true,-1,-1,5,58.0,4000.0,-17.3095703125,-37.225341796875,13.76800537109375,-2.858828544616699,-0.3737473785877228,-2.6068508625030518,460,1,5198,42517,0,-1,0.0,0.0,0,0,0,,5,460,1,5198,42517,0,2147483647,0.0,0.0,29,4,-55,GSM,460,1,5198,56688,0,2147483647,0.0,0.0,21,4,-71,GSM,460,1,5198,42519,0,2147483647,0.0,0.0,25,4,-63,GSM,460,1,5198,42518,0,2147483647,0.0,0.0,21,4,-71,GSM,0,0,0,-1,0,2147483647,0.0,0.0,18,4,-77,GSM
1523514672086,121.20784311,31.29010942,28.0,10.0,4.370183,-55,true,-1,-1,5,58.0,4000.0,-19.74029541015625,-37.82501220703125,12.56866455078125,-2.8320164680480957,-0.43768420815467834,-2.485541343688965,460,1,5198,42517,0,-1,0.0,0.0,0,0,0,,5,460,1,5198,42517,0,2147483647,0.0,0.0,30,4,-53,GSM,460,1,5198,56688,0,2147483647,0.0,0.0,19,4,-75,GSM,460,1,5198,42519,0,2147483647,0.0,0.0,25,4,-63,GSM,460,1,5198,42518,0,2147483647,0.0,0.0,20,4,-73,GSM,460,1,5198,43857,0,2147483647,0.0,0.0,18,4,-77,GSM
1523514675150,121.20772619,31.29007081,28.0,12.0,4.090306,-53,true,-1,-1,5,58.0,4000.0,-20.08056640625,-37.82501220703125,13.1683349609375,-2.7082059383392334,-0.4817814528942108,-2.6235668659210205,460,1,5198,42517,0,-1,0.0,0.0,0,0,0,,5,460,1,5198,42517,0,2147483647,0.0,0.0,30,4,-53,GSM,460,1,5198,56688,0,2147483647,0.0,0.0,19,4,-75,GSM,460,1,5198,42519,0,2147483647,0.0,0.0,26,4,-61,GSM,460,1,5198,42518,0,2147483647,0.0,0.0,20,4,-73,GSM,460,1,5198,43857,0,2147483647,0.0,0.0,18,4,-77,GSM
1523514678218,121.20755495,31.29007355,28.0,19.0,4.3107424,-53,true,-1,-1,5,58.0,4000.0,-21.820068359375,-35.4248046875,9.56878662109375,-2.6788012981414795,-0.3889455497264862,-2.5372939109802246,460,1,5198,42517,0,-1,0.0,0.0,0,0,0,,6,460,1,5198,42517,0,2147483647,0.0,0.0,29,4,-55,GSM,460,1,5198,56688,0,2147483647,0.0,0.0,17,4,-79,GSM,460,1,5198,42519,0,2147483647,0.0,0.0,28,4,-57,GSM,460,1,5198,42518,0,2147483647,0.0,0.0,20,4,-73,GSM,460,1,5198,43857,0,2147483647,0.0,0.0,17,4,-79,GSM,0,0,0,-1,0,2147483647,0.0,0.0,16,4,-81,GSM
1523514681297,121.20720169,31.29027571,24.0,18.0,6.630611,-53,true,-1,-1,5,58.0,4000.0,-18.3502197265625,-36.6241455078125,14.36767578125,-2.832209587097168,-0.2585929036140442,-2.658724546432495,460,1,5198,42517,0,-1,0.0,0.0,0,0,0,,5,460,1,5198,42517,0,2147483647,0.0,0.0,27,4,-59,GSM,460,1,5198,56688,0,2147483647,0.0,0.0,15,4,-83,GSM,460,1,5198,42519,0,2147483647,0.0,0.0,29,4,-55,GSM,460,1,5198,42518,0,2147483647,0.0,0.0,19,4,-75,GSM,0,0,0,-1,0,2147483647,0.0,0.0,15,4,-83,GSM
1523514684367,121.20705751,31.29029691,22.0,17.0,5.260342,-57,true,-1,-1,5,58.0,4000.0,-19.5709228515625,-36.3250732421875,14.66827392578125,-2.851689338684082,-0.4385809302330017,-2.4972362518310547,460,1,5198,42517,0,-1,0.0,0.0,0,0,0,,5,460,1,5198,42517,0,2147483647,0.0,0.0,26,4,-61,GSM,460,1,5198,56688,0,2147483647,0.0,0.0,15,4,-83,GSM,460,1,5198,42519,0,2147483647,0.0,0.0,29,4,-55,GSM,460,1,5198,42518,0,2147483647,0.0,0.0,17,4,-79,GSM,460,1,5198,1178,0,2147483647,0.0,0.0,15,4,-83,GSM
1523514687425,121.20695995,31.29021296,20.0,16.0,3.8015916,-61,true,-1,-1,5,58.0,4000.0,-24.07073974609375,-34.82513427734375,11.0687255859375,-2.60550594329834,-0.45262807607650757,-2.4950098991394043,460,1,5198,42519,0,-1,0.0,0.0,0,0,0,,3,460,1,5198,42519,0,2147483647,0.0,0.0,25,4,-63,GSM,460,1,5198,42518,0,2147483647,0.0,0.0,17,4,-79,GSM,460,1,5198,1178,0,2147483647,0.0,0.0,14,4,-85,GSM
1523514690494,121.20692372,31.29014188,21.0,13.0,2.8319604,-61,true,-1,-1,5,58.0,4000.0,-28.73992919921875,-30.92498779296875,5.96771240234375,-2.3557145595550537,-0.3808492422103882,-2.5812225341796875,460,1,5198,42519,0,-1,0.0,0.0,0,0,0,,3,460,1,5198,42519,0,2147483647,0.0,0.0,23,4,-67,GSM,460,1,5198,42518,0,2147483647,0.0,0.0,17,4,-79,GSM,460,1,5198,1178,0,2147483647,0.0,0.0,13,4,-87,GSM
1523514693543,121.20688718,31.29007424,21.0,14.0,1.3024592,-65,true,-1,-1,5,58.0,4000.0,-39.14031982421875,3.57513427734375,20.9686279296875,-0.6923669576644897,-0.5144880414009094,-2.5039334297180176,460,1,5198,42519,0,-1,0.0,0.0,0,0,0,,4,460,1,5198,42519,0,2147483647,0.0,0.0,21,4,-71,GSM,460,1,5198,42518,0,2147483647,0.0,0.0,17,4,-79,GSM,460,1,5198,42517,0,2147483647,0.0,0.0,24,4,-65,GSM,460,1,5198,49989,0,2147483647,0.0,0.0,14,4,-85,GSM
1523514696623,121.20694145,31.29006386,23.0,16.0,2.1701844,-69,true,-1,-1,5,58.0,4000.0,-30.65032958984375,10.7757568359375,34.46807861328125,-0.21072377264499664,-0.3975207507610321,-2.5433082580566406,460,1,5198,42519,0,-1,0.0,0.0,0,0,0,,4,460,1,5198,42519,0,2147483647,0.0,0.0,20,4,-73,GSM,460,1,5198,42518,0,2147483647,0.0,0.0,17,4,-79,GSM,460,1,5198,42517,0,2147483647,0.0,0.0,24,4,-65,GSM,460,1,5198,49989,0,2147483647,0.0,0.0,14,4,-85,GSM
1523514699678,121.20706886,31.29006965,24.0,19.0,3.4024844,-69,true,-1,-1,5,58.0,4000.0,-18.3502197265625,14.9749755859375,42.5689697265625,0.3482048809528351,-0.4613688886165619,-2.4705352783203125,460,1,5198,42519,0,-1,0.0,0.0,0,0,0,,5,460,1,5198,42519,0,2147483647,0.0,0.0,19,4,-75,GSM,460,1,5198,42518,0,2147483647,0.0,0.0,17,4,-79,GSM,460,1,5198,42517,0,2147483647,0.0,0.0,22,4,-69,GSM,460,1,5198,49989,0,2147483647,0.0,0.0,14,4,-85,GSM,0,0,0,-1,0,2147483647,0.0,0.0,13,4,-87,GSM
1523514702759,121.20712701,31.29013893,21.0,16.0,3.1251879,-69,true,-1,-1,5,58.0,4000.0,-25.10986328125,9.57489013671875,39.26849365234375,-0.19653518497943878,-0.3710933327674866,-2.682781219482422,460,1,5198,42517,0,-1,0.0,0.0,0,0,0,,7,460,1,5198,42517,0,2147483647,0.0,0.0,22,4,-69,GSM,460,1,5198,42518,0,2147483647,0.0,0.0,17,4,-79,GSM,460,1,5198,42517,0,2147483647,0.0,0.0,21,4,-71,GSM,460,1,5198,49989,0,2147483647,0.0,0.0,14,4,-85,GSM,0,0,0,-1,0,2147483647,0.0,0.0,13,4,-87,GSM,460,1,5198,17029,0,2147483647,0.0,0.0,13,4,-87,GSM,460,1,5198,57368,0,2147483647,0.0,0.0,12,4,-89,GSM
1523514705850,121.20714931,31.29023906,23.0,14.0,3.5500562,-67,true,-1,-1,5,58.0,4000.0,-25.10986328125,14.6759033203125,39.26849365234375,-0.11953466385602951,-0.4569290280342102,-2.6595144271850586,460,1,5198,42517,0,-1,0.0,0.0,0,0,0,,3,460,1,5198,42517,0,2147483647,0.0,0.0,24,4,-65,GSM,460,1,5198,42518,0,2147483647,0.0,0.0,18,4,-77,GSM,460,1,5198,49989,0,2147483647,0.0,0.0,14,4,-85,GSM
1523514708930,121.20728174,31.29033029,26.0,15.0,3.9924555,-63,true,-1,-1,5,58.0,4000.0,-21.990966796875,13.47503662109375,40.46783447265625,0.1532224416732788,-0.46668723225593567,-2.5341789722442627,460,1,5198,42517,0,-1,0.0,0.0,0,0,0,,5,460,1,5198,42517,0,2147483647,0.0,0.0,26,4,-61,GSM,460,1,5198,42518,0,2147483647,0.0,0.0,18,4,-77,GSM,460,1,5198,49989,0,2147483647,0.0,0.0,14,4,-85,GSM,460,1,5198,42519,0,2147483647,0.0,0.0,20,4,-73,GSM,0,0,0,-1,0,2147483647,0.0,0.0,14,4,-85,GSM
1523514711997,121.20736469,31.2903926,27.0,19.0,2.9854312,-63,true,-1,-1,5,57.0,4000.0,-21.6400146484375,14.37530517578125,42.26837158203125,0.1062697172164917,-0.46537479758262634,-2.591754674911499,460,1,5198,42517,0,-1,0.0,0.0,0,0,0,,4,460,1,5198,42517,0,2147483647,0.0,0.0,25,4,-63,GSM,460,1,5198,42518,0,2147483647,0.0,0.0,18,4,-77,GSM,460,1,5198,42519,0,2147483647,0.0,0.0,20,4,-73,GSM,0,0,0,-1,0,2147483647,0.0,0.0,14,4,-85,GSM
1523514715064,121.20728024,31.29063225,31.0,18.0,3.7204838,-63,true,-1,-1,5,57.0,4000.0,-26.49078369140625,14.9749755859375,36.8682861328125,0.06292928755283356,-0.4459947943687439,-2.4726216793060303,460,1,5198,42517,0,-1,0.0,0.0,0,0,0,,4,460,1,5198,42517,0,2147483647,0.0,0.0,26,4,-61,GSM,460,1,5198,42518,0,2147483647,0.0,0.0,19,4,-75,GSM,460,1,5198,42519,0,2147483647,0.0,0.0,20,4,-73,GSM,0,0,0,-1,0,2147483647,0.0,0.0,14,4,-85,GSM
1523514718133,121.20728024,31.29063225,31.0,18.0,3.7204838,-63,true,-1,-1,5,57.0,4000.0,-26.8402099609375,12.27569580078125,40.46783447265625,0.0351104661822319,-0.469585120677948,-2.5321500301361084,460,1,5198,42517,0,-1,0.0,0.0,0,0,0,,6,460,1,5198,42517,0,2147483647,0.0,0.0,25,4,-63,GSM,460,1,5198,42518,0,2147483647,0.0,0.0,19,4,-75,GSM,460,1,5198,42519,0,2147483647,0.0,0.0,20,4,-73,GSM,0,0,0,-1,0,2147483647,0.0,0.0,14,4,-85,GSM,460,1,5198,49989,0,2147483647,0.0,0.0,15,4,-83,GSM,0,0,0,-1,0,2147483647,0.0,0.0,15,4,-83,GSM
1523514721193,121.20728978,31.29079483,25.0,28.0,3.6311157,-63,true,-1,-1,5,57.0,4000.0,-32.0404052734375,7.77587890625,34.46807861328125,-0.24528689682483673,-0.5789476633071899,-2.5631067752838135,460,1,5198,42517,0,-1,0.0,0.0,0,0,0,,6,460,1,5198,42517,0,2147483647,0.0,0.0,24,4,-65,GSM,460,1,5198,42518,0,2147483647,0.0,0.0,19,4,-75,GSM,460,1,5198,42519,0,2147483647,0.0,0.0,20,4,-73,GSM,0,0,0,-1,0,2147483647,0.0,0.0,14,4,-85,GSM,460,1,5198,49989,0,2147483647,0.0,0.0,16,4,-81,GSM,0,0,0,-1,0,2147483647,0.0,0.0,15,4,-83,GSM
1523514724278,121.20728978,31.29079483,25.0,28.0,3.6311157,-65,true,-1,-1,5,57.0,4000.0,-38.7908935546875,-12.02392578125,12.56866455078125,-1.4100743532180786,-0.4794629216194153,-2.5523874759674072,460,1,5198,42517,0,-1,0.0,0.0,0,0,0,,6,460,1,5198,42517,0,2147483647,0.0,0.0,22,4,-69,GSM,460,1,5198,42518,0,2147483647,0.0,0.0,19,4,-75,GSM,460,1,5198,42519,0,2147483647,0.0,0.0,20,4,-73,GSM,0,0,0,-1,0,2147483647,0.0,0.0,14,4,-85,GSM,460,1,5198,49989,0,2147483647,0.0,0.0,15,4,-83,GSM,0,0,0,-1,0,2147483647,0.0,0.0,15,4,-83,GSM
1523514727339,121.20704402,31.29118396,23.0,36.0,2.2343903,-65,true,-1,-1,5,57.0,4000.0,-35.3302001953125,-20.12481689453125,10.16845703125,-1.7264872789382935,-0.5107144117355347,-2.5375900268554688,460,1,5198,42517,0,-1,0.0,0.0,0,0,0,,6,460,1,5198,42517,0,2147483647,0.0,0.0,20,4,-73,GSM,460,1,5198,42518,0,2147483647,0.0,0.0,18,4,-77,GSM,460,1,5198,42519,0,2147483647,0.0,0.0,20,4,-73,GSM,0,0,0,-1,0,2147483647,0.0,0.0,12,4,-89,GSM,460,1,5198,49989,0,2147483647,0.0,0.0,15,4,-83,GSM,0,0,0,-1,0,2147483647,0.0,0.0,15,4,-83,GSM
1523514730453,121.20704402,31.29118396,23.0,36.0,2.2343903,-73,true,-1,-1,5,57.0,4000.0,-20.60089111328125,-37.82501220703125,14.66827392578125,-2.8795559406280518,-0.40495267510414124,-2.459688901901245,460,1,5198,42517,0,-1,0.0,0.0,0,0,0,,6,460,1,5198,42517,0,2147483647,0.0,0.0,18,4,-77,GSM,460,1,5198,42518,0,2147483647,0.0,0.0,18,4,-77,GSM,460,1,5198,42519,0,2147483647,0.0,0.0,19,4,-75,GSM,460,1,5198,49989,0,2147483647,0.0,0.0,14,4,-85,GSM,0,0,0,-1,0,2147483647,0.0,0.0,14,4,-85,GSM,0,0,0,-1,0,2147483647,0.0,0.0,13,4,-87,GSM
1523514733574,121.20696429,31.29122842,26.0,22.0,3.2915194,-75,true,-1,-1,5,57.0,4000.0,-24.9298095703125,-30.6243896484375,6.56890869140625,-2.534198760986328,-0.3622586727142334,-2.434448003768921,460,1,5198,42517,0,-1,0.0,0.0,0,0,0,,6,460,1,5198,42517,0,2147483647,0.0,0.0,18,4,-77,GSM,460,1,5198,42518,0,2147483647,0.0,0.0,16,4,-81,GSM,460,1,5198,42519,0,2147483647,0.0,0.0,18,4,-77,GSM,460,1,5198,49989,0,2147483647,0.0,0.0,14,4,-85,GSM,0,0,0,-1,0,2147483647,0.0,0.0,14,4,-85,GSM,0,0,0,-1,0,2147483647,0.0,0.0,13,4,-87,GSM
1523514736633,121.20669373,31.29136617,23.0,17.0,4.020311,-75,true,-1,-1,5,57.0,4000.0,-23.5504150390625,-35.4248046875,14.9688720703125,-2.6604604721069336,-0.5156381726264954,-2.477447986602783,460,1,5198,42517,0,-1,0.0,0.0,0,0,0,,7,460,1,5198,42517,0,2147483647,0.0,0.0,21,4,-71,GSM,460,1,5198,42518,0,2147483647,0.0,0.0,15,4,-83,GSM,460,1,5198,42519,0,2147483647,0.0,0.0,18,4,-77,GSM,460,1,5198,49989,0,2147483647,0.0,0.0,14,4,-85,GSM,0,0,0,-1,0,2147483647,0.0,0.0,13,4,-87,GSM,460,1,5198,56688,0,2147483647,0.0,0.0,13,4,-87,GSM,0,0,0,-1,0,2147483647,0.0,0.0,13,4,-87,GSM
1523514739704,121.20655902,31.29143055,21.0,15.0,3.9600127,-71,true,-1,-1,5,57.0,4000.0,29.9591064453125,7.77587890625,-39.3310546875,-0.9020535945892334,-0.3420839309692383,0.0760459154844284,460,1,5198,42517,0,-1,0.0,0.0,0,0,0,,5,460,1,5198,42517,0,2147483647,0.0,0.0,18,4,-77,GSM,460,1,5198,42518,0,2147483647,0.0,0.0,15,4,-83,GSM,460,1,5198,42519,0,2147483647,0.0,0.0,18,4,-77,GSM,460,1,5198,56688,0,2147483647,0.0,0.0,13,4,-87,GSM,0,0,0,-1,0,2147483647,0.0,0.0,12,4,-89,GSM
1523514742780,121.20641778,31.29147573,19.0,13.0,3.780476,-75,true,-1,-1,5,57.0,4000.0,39.48974609375,2.67486572265625,-36.0321044921875,-0.8019936084747314,-0.5440847873687744,0.30078086256980896,460,1,5198,42517,0,-1,0.0,0.0,0,0,0,,5,460,1,5198,42517,0,2147483647,0.0,0.0,20,4,-73,GSM,460,1,5198,42518,0,2147483647,0.0,0.0,15,4,-83,GSM,460,1,5198,42519,0,2147483647,0.0,0.0,18,4,-77,GSM,460,1,5198,56688,0,2147483647,0.0,0.0,13,4,-87,GSM,0,0,0,-1,0,2147483647,0.0,0.0,12,4,-89,GSM
1523514745844,121.2062922,31.2914911,21.0,15.0,3.4509275,-73,true,-1,-1,5,57.0,4000.0,32.5592041015625,-0.0244140625,-40.83251953125,-0.9953639507293701,-0.5185070037841797,0.02123240754008293,460,1,5198,42517,0,-1,0.0,0.0,0,0,0,,5,460,1,5198,42517,0,2147483647,0.0,0.0,19,4,-75,GSM,460,1,5198,42518,0,2147483647,0.0,0.0,15,4,-83,GSM,460,1,5198,42519,0,2147483647,0.0,0.0,19,4,-75,GSM,460,1,5198,56688,0,2147483647,0.0,0.0,13,4,-87,GSM,0,0,0,-1,0,2147483647,0.0,0.0,12,4,-89,GSM
1523514748921,121.20618747,31.29148761,20.0,13.0,2.8402817,-75,true,-1,-1,5,57.0,4000.0,33.76922607421875,2.0751953125,-41.131591796875,-1.0080782175064087,-0.4567371904850006,0.03173372521996498,460,1,5198,42517,0,-1,0.0,0.0,0,0,0,,5,460,1,5198,42517,0,2147483647,0.0,0.0,19,4,-75,GSM,460,1,5198,42518,0,2147483647,0.0,0.0,15,4,-83,GSM,460,1,5198,42519,0,2147483647,0.0,0.0,19,4,-75,GSM,460,1,5198,56688,0,2147483647,0.0,0.0,13,4,-87,GSM,0,0,0,-1,0,2147483647,0.0,0.0,13,4,-87,GSM
1523514751987,121.20609323,31.29149287,20.0,11.0,2.5601757,-75,true,-1,-1,5,57.0,4000.0,-27.880859375,-34.22393798828125,7.4676513671875,-1.988648772239685,-0.8991076946258545,-2.957960844039917,460,1,5198,42517,0,-1,0.0,0.0,0,0,0,,3,460,1,5198,42517,0,2147483647,0.0,0.0,18,4,-77,GSM,460,1,5198,42518,0,2147483647,0.0,0.0,15,4,-83,GSM,460,1,5198,42519,0,2147483647,0.0,0.0,18,4,-77,GSM
1523514755045,121.2060065,31.29148017,17.0,10.0,2.3228002,-75,true,-1,-1,5,57.0,4000.0,-24.40948486328125,-31.82525634765625,19.46868896484375,-2.681285858154297,-0.331974595785141,-2.5750560760498047,460,1,5198,42517,0,-1,0.0,0.0,0,0,0,,3,460,1,5198,42517,0,2147483647,0.0,0.0,16,4,-81,GSM,460,1,5198,42518,0,2147483647,0.0,0.0,15,4,-83,GSM,460,1,5198,42519,0,2147483647,0.0,0.0,19,4,-75,GSM
1523514758125,121.20594205,31.29144635,14.0,10.0,2.0824025,-79,true,-1,-1,5,57.0,4000.0,-31.8603515625,-17.42401123046875,13.1683349609375,-1.7928286790847778,-0.42082712054252625,-2.6201653480529785,460,1,5198,42519,0,-1,0.0,0.0,0,0,0,,4,460,1,5198,42519,0,2147483647,0.0,0.0,19,4,-75,GSM,460,1,5198,42518,0,2147483647,0.0,0.0,15,4,-83,GSM,460,1,5198,42519,0,2147483647,0.0,0.0,19,4,-75,GSM,460,1,5198,49989,0,2147483647,0.0,0.0,13,4,-87,GSM
1523514761187,121.20590461,31.29141406,16.0,13.0,0.83546394,-73,true,-1,-1,5,57.0,4000.0,-29.96063232421875,15.57464599609375,27.26898193359375,-0.41553086042404175,-0.3914981782436371,-2.6312294006347656,460,1,5198,42519,0,-1,0.0,0.0,0,0,0,,4,460,1,5198,42519,0,2147483647,0.0,0.0,17,4,-79,GSM,460,1,5198,42518,0,2147483647,0.0,0.0,15,4,-83,GSM,460,1,5198,49989,0,2147483647,0.0,0.0,13,4,-87,GSM,460,1,5198,42517,0,2147483647,0.0,0.0,16,4,-81,GSM
1523514764370,121.20593817,31.29144335,19.0,14.0,2.6003077,-77,true,-1,-1,5,57.0,4000.0,-26.49078369140625,11.0748291015625,36.26861572265625,-0.05903945118188858,-0.45940813422203064,-2.550014019012451,460,1,5198,42519,0,-1,0.0,0.0,0,0,0,,5,460,1,5198,42519,0,2147483647,0.0,0.0,17,4,-79,GSM,460,1,5198,42518,0,2147483647,0.0,0.0,14,4,-85,GSM,460,1,5198,49989,0,2147483647,0.0,0.0,14,4,-85,GSM,460,1,5198,42517,0,2147483647,0.0,0.0,15,4,-83,GSM,0,0,0,-1,0,2147483647,0.0,0.0,13,4,-87,GSM
1523514767431,121.20603506,31.29146061,19.0,14.0,3.0941396,-77,true,-1,-1,5,57.0,4000.0,-30.3009033203125,6.57501220703125,30.26885986328125,-0.3367176949977875,-0.4023550748825073,-2.5408987998962402,460,1,5198,42519,0,-1,0.0,0.0,0,0,0,,6,460,1,5198,42519,0,2147483647,0.0,0.0,17,4,-79,GSM,460,1,5198,42518,0,2147483647,0.0,0.0,13,4,-87,GSM,460,1,5198,49989,0,2147483647,0.0,0.0,15,4,-83,GSM,460,1,5198,42517,0,2147483647,0.0,0.0,15,4,-83,GSM,0,0,0,-1,0,2147483647,0.0,0.0,14,4,-85,GSM,0,0,0,-1,0,2147483647,0.0,0.0,12,4,-89,GSM
1523514770509,121.20595667,31.2916776,14.0,13.0,3.1322994,-77,true,-1,-1,5,57.0,4000.0,-32.0404052734375,1.47552490234375,27.86865234375,-0.5305615067481995,-0.5673530101776123,-2.6084823608398438,460,1,5198,42519,0,-1,0.0,0.0,0,0,0,,7,460,1,5198,42519,0,2147483647,0.0,0.0,17,4,-79,GSM,460,1,5198,42518,0,2147483647,0.0,0.0,13,4,-87,GSM,460,1,5198,49989,0,2147483647,0.0,0.0,15,4,-83,GSM,460,1,5198,42517,0,2147483647,0.0,0.0,16,4,-81,GSM,460,1,5198,64742,0,2147483647,0.0,0.0,14,4,-85,GSM,0,0,0,-1,0,2147483647,0.0,0.0,10,3,-93,GSM,0,0,0,-1,0,2147483647,0.0,0.0,11,3,-91,GSM
1523514773591,121.20594768,31.2917988,12.0,13.0,3.9791582,-77,true,-1,-1,5,57.0,4000.0,-28.23028564453125,6.57501220703125,30.8685302734375,-0.15180252492427826,-0.6052653789520264,-2.5073301792144775,460,1,5198,42519,0,-1,0.0,0.0,0,0,0,,7,460,1,5198,42519,0,2147483647,0.0,0.0,15,4,-83,GSM,460,1,5198,42518,0,2147483647,0.0,0.0,13,4,-87,GSM,460,1,5198,49989,0,2147483647,0.0,0.0,16,4,-81,GSM,460,1,5198,42517,0,2147483647,0.0,0.0,14,4,-85,GSM,460,1,5198,64742,0,2147483647,0.0,0.0,14,4,-85,GSM,0,0,0,-1,0,2147483647,0.0,0.0,11,3,-91,GSM,460,1,5198,17029,0,2147483647,0.0,0.0,11,3,-91,GSM
1523514776655,121.20589194,31.29195576,10.0,14.0,3.822944,-81,true,-1,-1,5,57.0,4000.0,-30.65032958984375,5.975341796875,30.26885986328125,-0.2574227452278137,-0.5396512746810913,-2.515441656112671,460,1,5198,42519,0,-1,0.0,0.0,0,0,0,,7,460,1,5198,42519,0,2147483647,0.0,0.0,14,4,-85,GSM,460,1,5198,42518,0,2147483647,0.0,0.0,13,4,-87,GSM,460,1,5198,49989,0,2147483647,0.0,0.0,17,4,-79,GSM,460,1,5198,42517,0,2147483647,0.0,0.0,14,4,-85,GSM,460,1,5198,64742,0,2147483647,0.0,0.0,14,4,-85,GSM,0,0,0,-1,0,2147483647,0.0,0.0,11,3,-91,GSM,460,1,5198,17029,0,2147483647,0.0,0.0,11,3,-91,GSM
1523514779735,121.2058372,31.29210301,13.0,12.0,3.1703944,-85,true,-1,-1,5,57.0,4000.0,-35.3302001953125,3.57513427734375,26.36871337890625,-0.40735217928886414,-0.5297492742538452,-2.456141948699951,460,1,5198,49989,0,-1,0.0,0.0,0,0,0,,5,460,1,5198,49989,0,2147483647,0.0,0.0,19,4,-75,GSM,460,1,5198,42518,0,2147483647,0.0,0.0,13,4,-87,GSM,460,1,5198,42517,0,2147483647,0.0,0.0,13,4,-87,GSM,460,1,5198,64742,0,2147483647,0.0,0.0,14,4,-85,GSM,460,1,5198,42519,0,2147483647,0.0,0.0,13,4,-87,GSM
1523514782793,121.20586607,31.29216005,12.0,16.0,1.8279223,-75,true,-1,-1,5,57.0,4000.0,-37.750244140625,-0.9246826171875,20.36895751953125,-0.9800507426261902,-0.3501511216163635,-2.5115299224853516,460,1,5198,49989,0,-1,0.0,0.0,0,0,0,,5,460,1,5198,49989,0,2147483647,0.0,0.0,19,4,-75,GSM,460,1,5198,42518,0,2147483647,0.0,0.0,12,4,-89,GSM,460,1,5198,42517,0,2147483647,0.0,0.0,12,4,-89,GSM,460,1,5198,64742,0,2147483647,0.0,0.0,14,4,-85,GSM,460,1,5198,42519,0,2147483647,0.0,0.0,13,4,-87,GSM
1523514785854,121.20578132,31.29226011,11.0,25.0,2.790448,-75,true,-1,-1,5,57.0,4000.0,-39.83001708984375,-3.62396240234375,16.168212890625,-1.0518337488174438,-0.47432735562324524,-2.52819561958313,460,1,5198,49989,0,-1,0.0,0.0,0,0,0,,5,460,1,5198,49989,0,2147483647,0.0,0.0,19,4,-75,GSM,460,1,5198,42517,0,2147483647,0.0,0.0,11,3,-91,GSM,460,1,5198,64742,0,2147483647,0.0,0.0,14,4,-85,GSM,460,1,5198,42519,0,2147483647,0.0,0.0,12,4,-89,GSM,0,0,0,-1,0,2147483647,0.0,0.0,20,4,-73,GSM
1523514788921,121.205689,31.29236894,8.0,20.0,3.740655,-75,true,-1,-1,5,57.0,4000.0,-38.09967041015625,-3.32489013671875,17.3675537109375,-0.8317670226097107,-0.503854513168335,-2.4182167053222656,460,1,5198,49989,0,-1,0.0,0.0,0,0,0,,5,460,1,5198,49989,0,2147483647,0.0,0.0,22,4,-69,GSM,460,1,5198,42517,0,2147483647,0.0,0.0,11,3,-91,GSM,460,1,5198,64742,0,2147483647,0.0,0.0,2,0,-109,GSM,460,1,5198,56687,0,2147483647,0.0,0.0,18,4,-77,GSM,460,1,5198,56689,0,2147483647,0.0,0.0,16,4,-81,GSM
1523514791993,121.2056196,31.29249873,9.0,17.0,3.760851,-67,true,-1,-1,5,57.0,4000.0,-39.66064453125,-6.9244384765625,15.86761474609375,-1.108686923980713,-0.4822513461112976,-2.488506317138672,460,1,5198,49989,0,-1,0.0,0.0,0,0,0,,5,460,1,5198,49989,0,2147483647,0.0,0.0,24,4,-65,GSM,460,1,5198,42517,0,2147483647,0.0,0.0,10,3,-93,GSM,460,1,5198,56687,0,2147483647,0.0,0.0,17,4,-79,GSM,460,1,5198,56689,0,2147483647,0.0,0.0,17,4,-79,GSM,460,1,5198,42518,0,2147483647,0.0,0.0,12,4,-89,GSM
1523514795068,121.20555183,31.29261981,6.0,12.0,3.342155,-63,true,-1,-1,5,57.0,4000.0,-39.14031982421875,-9.92431640625,11.3677978515625,-1.2372604608535767,-0.49610576033592224,-2.4227938652038574,460,1,5198,49989,0,-1,0.0,0.0,0,0,0,,5,460,1,5198,49989,0,2147483647,0.0,0.0,23,4,-67,GSM,460,1,5198,56687,0,2147483647,0.0,0.0,17,4,-79,GSM,460,1,5198,56689,0,2147483647,0.0,0.0,17,4,-79,GSM,460,1,5198,42518,0,2147483647,0.0,0.0,12,4,-89,GSM,460,1,5198,64742,0,2147483647,0.0,0.0,2,0,-109,GSM
1523514798132,121.20551225,31.2926715,7.0,11.0,2.48,-67,true,-1,-1,5,57.0,4000.0,-36.7095947265625,-19.525146484375,10.16845703125,-1.7833037376403809,-0.43011873960494995,-2.442492961883545,460,1,5198,49989,0,-1,0.0,0.0,0,0,0,,7,460,1,5198,49989,0,2147483647,0.0,0.0,27,4,-59,GSM,460,1,5198,56687,0,2147483647,0.0,0.0,16,4,-81,GSM,460,1,5198,56689,0,2147483647,0.0,0.0,17,4,-79,GSM,460,1,5198,42518,0,2147483647,0.0,0.0,11,3,-91,GSM,460,1,5198,17029,0,2147483647,0.0,0.0,12,4,-89,GSM,0,0,0,-1,0,2147483647,0.0,0.0,12,4,-89,GSM,0,0,0,-1,0,2147483647,0.0,0.0,10,3,-93,GSM
1523514801216,121.20541127,31.29274826,10.0,13.0,3.3801332,-59,true,-1,-1,5,57.0,4000.0,-35.150146484375,-24.92523193359375,1.4678955078125,-1.9699785709381104,-0.4831584692001343,-2.329936981201172,460,1,5198,49989,0,-1,0.0,0.0,0,0,0,,7,460,1,5198,49989,0,2147483647,0.0,0.0,30,4,-53,GSM,460,1,5198,56687,0,2147483647,0.0,0.0,16,4,-81,GSM,460,1,5198,56689,0,2147483647,0.0,0.0,16,4,-81,GSM,460,1,5198,42518,0,2147483647,0.0,0.0,11,3,-91,GSM,460,1,5198,17029,0,2147483647,0.0,0.0,12,4,-89,GSM,460,1,5198,57368,0,2147483647,0.0,0.0,13,4,-87,GSM,0,0,0,-1,0,2147483647,0.0,0.0,10,3,-93,GSM
1523514804277,121.2053199,31.29281574,12.0,13.0,2.44,-53,true,-1,-1,5,57.0,4000.0,-34.1094970703125,-14.42413330078125,11.66839599609375,-1.4884181022644043,-0.49400103092193604,-2.4776206016540527,460,1,5198,49989,0,-1,0.0,0.0,0,0,0,,7,460,1,5198,49989,0,2147483647,0.0,0.0,26,4,-61,GSM,460,1,5198,56687,0,2147483647,0.0,0.0,15,4,-83,GSM,460,1,5198,56689,0,2147483647,0.0,0.0,16,4,-81,GSM,460,1,5198,42518,0,2147483647,0.0,0.0,12,4,-89,GSM,460,1,5198,17029,0,2147483647,0.0,0.0,12,4,-89,GSM,460,1,5198,57368,0,2147483647,0.0,0.0,13,4,-87,GSM,0,0,0,-1,0,2147483647,0.0,0.0,11,3,-91,GSM
1523514807362,121.20527983,31.29284708,14.0,14.0,1.1116204,-61,true,-1,-1,5,57.0,4000.0,-36.1907958984375,-12.6251220703125,6.268310546875,-1.3654699325561523,-0.5467686057090759,-2.3802897930145264,460,1,5198,49989,0,-1,0.0,0.0,0,0,0,,6,460,1,5198,49989,0,2147483647,0.0,0.0,21,4,-71,GSM,460,1,5198,56687,0,2147483647,0.0,0.0,15,4,-83,GSM,460,1,5198,56689,0,2147483647,0.0,0.0,16,4,-81,GSM,460,1,5198,42518,0,2147483647,0.0,0.0,12,4,-89,GSM,460,1,5198,17029,0,2147483647,0.0,0.0,12,4,-89,GSM,460,1,5198,57368,0,2147483647,0.0,0.0,14,4,-85,GSM
1523514810421,121.20525648,31.29285099,12.0,13.0,1.6119864,-69,true,-1,-1,5,57.0,4000.0,-24.58953857421875,-24.32403564453125,-0.6317138671875,-2.2014689445495605,-0.49652746319770813,-2.4644696712493896,460,1,5198,49989,0,-1,0.0,0.0,0,0,0,,6,460,1,5198,49989,0,2147483647,0.0,0.0,21,4,-71,GSM,460,1,5198,56687,0,2147483647,0.0,0.0,14,4,-85,GSM,460,1,5198,56689,0,2147483647,0.0,0.0,16,4,-81,GSM,460,1,5198,42518,0,2147483647,0.0,0.0,12,4,-89,GSM,460,1,5198,17029,0,2147483647,0.0,0.0,12,4,-89,GSM,460,1,5198,57368,0,2147483647,0.0,0.0,14,4,-85,GSM
1523514813489,121.20522526,31.29285284,13.0,12.0,0.80224687,-69,true,-1,-1,5,57.0,4000.0,-34.28955078125,-21.32415771484375,2.96783447265625,-2.008282423019409,-0.37157171964645386,-2.3436646461486816,460,1,5198,49989,0,-1,0.0,0.0,0,0,0,,5,460,1,5198,49989,0,2147483647,0.0,0.0,20,4,-73,GSM,460,1,5198,56687,0,2147483647,0.0,0.0,14,4,-85,GSM,460,1,5198,56689,0,2147483647,0.0,0.0,15,4,-83,GSM,460,1,5198,17029,0,2147483647,0.0,0.0,11,3,-91,GSM,460,1,5198,57368,0,2147483647,0.0,0.0,14,4,-85,GSM
1523514816556,121.20520981,31.29284268,14.0,10.0,1.2248266,-69,true,-1,-1,5,57.0,4000.0,-33.94012451171875,-24.32403564453125,5.3680419921875,-1.9270862340927124,-0.5143401622772217,-2.4189963340759277,460,1,5198,49989,0,-1,0.0,0.0,0,0,0,,6,460,1,5198,49989,0,2147483647,0.0,0.0,23,4,-67,GSM,460,1,5198,56687,0,2147483647,0.0,0.0,14,4,-85,GSM,460,1,5198,56689,0,2147483647,0.0,0.0,15,4,-83,GSM,460,1,5198,17029,0,2147483647,0.0,0.0,12,4,-89,GSM,460,1,5198,57368,0,2147483647,0.0,0.0,14,4,-85,GSM,0,0,0,-1,0,2147483647,0.0,0.0,10,3,-93,GSM
1523514819630,121.2051085,31.29286911,14.0,9.0,3.0104153,-65,true,-1,-1,5,57.0,4000.0,-21.47064208984375,-31.82525634765625,20.36895751953125,-2.5853774547576904,-0.40847498178482056,-2.7258315086364746,460,1,5198,49989,0,-1,0.0,0.0,0,0,0,,5,460,1,5198,49989,0,2147483647,0.0,0.0,22,4,-69,GSM,460,1,5198,56687,0,2147483647,0.0,0.0,14,4,-85,GSM,460,1,5198,56689,0,2147483647,0.0,0.0,15,4,-83,GSM,460,1,5198,17029,0,2147483647,0.0,0.0,11,3,-91,GSM,460,1,5198,57368,0,2147483647,0.0,0.0,13,4,-87,GSM
1523514822695,121.20496899,31.29293695,14.0,10.0,3.17,-65,true,-1,-1,5,57.0,4000.0,-20.9503173828125,-37.225341796875,16.46881103515625,-2.9951632022857666,-0.3010527193546295,-2.3911495208740234,460,1,5198,49989,0,-1,0.0,0.0,0,0,0,,5,460,1,5198,49989,0,2147483647,0.0,0.0,23,4,-67,GSM,460,1,5198,56687,0,2147483647,0.0,0.0,14,4,-85,GSM,460,1,5198,56689,0,2147483647,0.0,0.0,15,4,-83,GSM,460,1,5198,17029,0,2147483647,0.0,0.0,11,3,-91,GSM,460,1,5198,57368,0,2147483647,0.0,0.0,14,4,-85,GSM
1523514825774,121.20488062,31.29297779,14.0,13.0,1.7304624,-65,true,-1,-1,5,57.0,4000.0,0.34942626953125,-42.92449951171875,34.7686767578125,2.653346061706543,-0.24823637306690216,-2.5995278358459473,460,1,5198,49989,0,-1,0.0,0.0,0,0,0,,5,460,1,5198,49989,0,2147483647,0.0,0.0,21,4,-71,GSM,460,1,5198,56687,0,2147483647,0.0,0.0,14,4,-85,GSM,460,1,5198,56689,0,2147483647,0.0,0.0,15,4,-83,GSM,460,1,5198,17029,0,2147483647,0.0,0.0,11,3,-91,GSM,460,1,5198,57368,0,2147483647,0.0,0.0,15,4,-83,GSM
1523514828846,121.2049109,31.29296478,16.0,13.0,0.27658635,-71,true,-1,-1,5,57.0,4000.0,32.20977783203125,-13.824462890625,-35.43243408203125,-1.6066875457763672,-0.34573787450790405,-0.01619221642613411,460,1,5198,49989,0,-1,0.0,0.0,0,0,0,,5,460,1,5198,49989,0,2147483647,0.0,0.0,20,4,-73,GSM,460,1,5198,56687,0,2147483647,0.0,0.0,14,4,-85,GSM,460,1,5198,56689,0,2147483647,0.0,0.0,15,4,-83,GSM,460,1,5198,57368,0,2147483647,0.0,0.0,15,4,-83,GSM,460,1,5198,64742,0,2147483647,0.0,0.0,14,4,-85,GSM
1523514831916,121.20490037,31.29296066,15.0,11.0,0.30463094,-71,true,-1,-1,5,57.0,4000.0,33.25042724609375,-21.624755859375,-27.63214111328125,-1.8886127471923828,-0.3446398973464966,0.047651078552007675,460,1,5198,49989,0,-1,0.0,0.0,0,0,0,,6,460,1,5198,49989,0,2147483647,0.0,0.0,23,4,-67,GSM,460,1,5198,56687,0,2147483647,0.0,0.0,15,4,-83,GSM,460,1,5198,56689,0,2147483647,0.0,0.0,15,4,-83,GSM,460,1,5198,57368,0,2147483647,0.0,0.0,15,4,-83,GSM,460,1,5198,57367,0,2147483647,0.0,0.0,12,4,-89,GSM,460,1,5198,17029,0,2147483647,0.0,0.0,12,4,-89,GSM
1523514835009,121.20488274,31.29292407,17.0,14.0,0.0,-65,true,-1,-1,5,57.0,4000.0,28.23028564453125,-13.52386474609375,-39.9322509765625,-1.7327141761779785,-0.2168205976486206,-0.05252140387892723,460,1,5198,49989,0,-1,0.0,0.0,0,0,0,,6,460,1,5198,49989,0,2147483647,0.0,0.0,22,4,-69,GSM,460,1,5198,56687,0,2147483647,0.0,0.0,15,4,-83,GSM,460,1,5198,56689,0,2147483647,0.0,0.0,16,4,-81,GSM,460,1,5198,57368,0,2147483647,0.0,0.0,15,4,-83,GSM,460,1,5198,57367,0,2147483647,0.0,0.0,12,4,-89,GSM,460,1,5198,17029,0,2147483647,0.0,0.0,12,4,-89,GSM
