IMEI:862305032225518
IMSI:460091042103139
OSVersion:3.10.73-perf-g94fc9a6
apiLevel:5.1.1
model:Redmi Note 3
device:kenzo
product:kenzo
54
1523595735907,121.21170053,31.28933668,18.0,9.0,1.5970598,-55,true,-1,-1,5,49.0,4000.0,28.91998291015625,-31.22406005859375,-33.331298828125,-2.1927883625030518,-0.34519487619400024,0.15857896208763123,460,1,5198,56688,0,-1,0.0,0.0,0,0,0,,5,460,1,5198,56688,0,2147483647,0.0,0.0,29,4,-55,GSM,460,1,5198,42517,0,2147483647,0.0,0.0,18,4,-77,GSM,460,1,5198,49989,0,2147483647,0.0,0.0,20,4,-73,GSM,460,1,5198,42518,0,2147483647,0.0,0.0,27,4,-59,GSM,460,1,5198,56689,0,2147483647,0.0,0.0,20,4,-73,GSM
1523595738986,121.21159197,31.28916351,43.0,9.0,2.8182442,-55,true,-1,-1,5,49.0,4000.0,30.31005859375,-33.92486572265625,-27.93121337890625,-2.321143627166748,-0.16148456931114197,-0.03578062728047371,460,1,5198,56688,0,-1,0.0,0.0,0,0,0,,4,460,1,5198,56688,0,2147483647,0.0,0.0,29,4,-55,GSM,460,1,5198,49989,0,2147483647,0.0,0.0,20,4,-73,GSM,460,1,5198,42518,0,2147483647,0.0,0.0,28,4,-57,GSM,460,1,5198,56689,0,2147483647,0.0,0.0,19,4,-75,GSM
1523595742044,121.21167256,31.28919621,30.0,8.0,4.763297,-55,true,-1,-1,5,49.0,4000.0,-1.7303466796875,-55.52520751953125,2.3681640625,3.1182498931884766,-0.6895113587379456,-2.177464246749878,460,1,5198,56688,0,-1,0.0,0.0,0,0,0,,5,460,1,5198,56688,0,2147483647,0.0,0.0,26,4,-61,GSM,460,1,5198,49989,0,2147483647,0.0,0.0,20,4,-73,GSM,460,1,5198,42518,0,2147483647,0.0,0.0,28,4,-57,GSM,460,1,5198,56689,0,2147483647,0.0,0.0,19,4,-75,GSM,460,1,5198,42517,0,2147483647,0.0,0.0,18,4,-77,GSM
1523595745126,121.2113782,31.28895733,23.0,11.0,2.9152873,-65,true,-1,-1,5,49.0,4000.0,10.040283203125,-49.52392578125,29.96826171875,2.6236236095428467,-0.44117143750190735,-2.8015787601470947,460,1,5198,56688,0,-1,0.0,0.0,0,0,0,,5,460,1,5198,56688,0,2147483647,0.0,0.0,23,4,-67,GSM,460,1,5198,49989,0,2147483647,0.0,0.0,20,4,-73,GSM,460,1,5198,42518,0,2147483647,0.0,0.0,29,4,-55,GSM,460,1,5198,56689,0,2147483647,0.0,0.0,18,4,-77,GSM,460,1,5198,42517,0,2147483647,0.0,0.0,18,4,-77,GSM
1523595748187,121.21131764,31.28888671,33.0,8.0,2.2337637,-65,true,-1,-1,5,49.0,4000.0,0.34942626953125,-52.2247314453125,22.16796875,2.803924798965454,-0.5399417877197266,-2.5631473064422607,460,1,5198,42518,0,-1,0.0,0.0,0,0,0,,3,460,1,5198,42518,0,2147483647,0.0,0.0,23,4,-67,GSM,460,1,5198,49989,0,2147483647,0.0,0.0,20,4,-73,GSM,460,1,5198,42517,0,2147483647,0.0,0.0,19,4,-75,GSM
1523595751244,121.21115573,31.28872414,47.0,7.0,3.3694212,-65,true,-1,-1,5,49.0,4000.0,2.58941650390625,-52.82440185546875,21.868896484375,2.8250668048858643,-0.48287665843963623,-2.6517350673675537,460,1,5198,42518,0,-1,0.0,0.0,0,0,0,,3,460,1,5198,42518,0,2147483647,0.0,0.0,23,4,-67,GSM,460,1,5198,49989,0,2147483647,0.0,0.0,20,4,-73,GSM,460,1,5198,42517,0,2147483647,0.0,0.0,18,4,-77,GSM
1523595754304,121.21112271,31.28868394,23.0,9.0,2.7789388,-65,true,-1,-1,5,49.0,4000.0,1.39007568359375,-51.02386474609375,29.36859130859375,2.7125244140625,-0.3482572138309479,-2.514625072479248,460,1,5198,42518,0,-1,0.0,0.0,0,0,0,,5,460,1,5198,42518,0,2147483647,0.0,0.0,24,4,-65,GSM,460,1,5198,49989,0,2147483647,0.0,0.0,20,4,-73,GSM,460,1,5198,42517,0,2147483647,0.0,0.0,17,4,-79,GSM,460,1,5198,56688,0,2147483647,0.0,0.0,21,4,-71,GSM,460,1,5198,49988,0,2147483647,0.0,0.0,15,4,-83,GSM
1523595757382,121.21114294,31.28863231,40.0,9.0,3.105173,-65,true,-1,-1,5,49.0,4000.0,-2.07061767578125,-52.52532958984375,22.16796875,2.9068539142608643,-0.3797224462032318,-2.5877323150634766,460,1,5198,42518,0,-1,0.0,0.0,0,0,0,,5,460,1,5198,42518,0,2147483647,0.0,0.0,27,4,-59,GSM,460,1,5198,49989,0,2147483647,0.0,0.0,20,4,-73,GSM,460,1,5198,42517,0,2147483647,0.0,0.0,18,4,-77,GSM,460,1,5198,56688,0,2147483647,0.0,0.0,21,4,-71,GSM,460,1,5198,49988,0,2147483647,0.0,0.0,16,4,-81,GSM
1523595760443,121.21114294,31.28863231,40.0,9.0,3.105173,-61,true,-1,-1,5,49.0,4000.0,-6.91986083984375,-51.92413330078125,20.36895751953125,2.9476070404052734,-0.4438924491405487,-2.457413673400879,460,1,5198,42518,0,-1,0.0,0.0,0,0,0,,6,460,1,5198,42518,0,2147483647,0.0,0.0,25,4,-63,GSM,460,1,5198,49989,0,2147483647,0.0,0.0,21,4,-71,GSM,460,1,5198,42517,0,2147483647,0.0,0.0,18,4,-77,GSM,460,1,5198,56688,0,2147483647,0.0,0.0,21,4,-71,GSM,460,1,5198,49988,0,2147483647,0.0,0.0,17,4,-79,GSM,0,0,0,-1,0,2147483647,0.0,0.0,15,4,-83,GSM
1523595763540,121.21101,31.28866031,56.0,14.0,2.4410653,-61,true,-1,-1,5,49.0,4000.0,2.2491455078125,-54.0252685546875,23.0682373046875,2.8147494792938232,-0.5093652009963989,-2.6539745330810547,460,1,5198,42518,0,-1,0.0,0.0,0,0,0,,6,460,1,5198,42518,0,2147483647,0.0,0.0,24,4,-65,GSM,460,1,5198,49989,0,2147483647,0.0,0.0,21,4,-71,GSM,460,1,5198,42517,0,2147483647,0.0,0.0,18,4,-77,GSM,460,1,5198,56688,0,2147483647,0.0,0.0,21,4,-71,GSM,460,1,5198,49988,0,2147483647,0.0,0.0,19,4,-75,GSM,460,1,5198,17029,0,2147483647,0.0,0.0,15,4,-83,GSM
1523595766600,121.21095152,31.28845317,30.0,10.0,2.381701,-61,true,-1,-1,5,49.0,4000.0,-4.31976318359375,-55.224609375,21.868896484375,2.888474941253662,-0.489808052778244,-2.471677541732788,460,1,5198,42518,0,-1,0.0,0.0,0,0,0,,6,460,1,5198,42518,0,2147483647,0.0,0.0,23,4,-67,GSM,460,1,5198,49989,0,2147483647,0.0,0.0,22,4,-69,GSM,460,1,5198,42517,0,2147483647,0.0,0.0,17,4,-79,GSM,460,1,5198,56688,0,2147483647,0.0,0.0,22,4,-69,GSM,460,1,5198,49988,0,2147483647,0.0,0.0,19,4,-75,GSM,460,1,5198,17029,0,2147483647,0.0,0.0,15,4,-83,GSM
1523595769678,121.21095152,31.28845317,30.0,10.0,2.381701,-67,true,-1,-1,5,49.0,4000.0,-2.94036865234375,-53.125,24.267578125,2.8543663024902344,-0.4601961672306061,-2.5446035861968994,460,1,5198,42518,0,-1,0.0,0.0,0,0,0,,6,460,1,5198,42518,0,2147483647,0.0,0.0,25,4,-63,GSM,460,1,5198,49989,0,2147483647,0.0,0.0,21,4,-71,GSM,460,1,5198,42517,0,2147483647,0.0,0.0,17,4,-79,GSM,460,1,5198,56688,0,2147483647,0.0,0.0,22,4,-69,GSM,460,1,5198,49988,0,2147483647,0.0,0.0,19,4,-75,GSM,460,1,5198,17029,0,2147483647,0.0,0.0,16,4,-81,GSM
1523595772737,121.21078246,31.28833036,21.0,20.0,3.9741666,-63,true,-1,-1,5,49.0,4000.0,-7.60955810546875,-50.72479248046875,15.56854248046875,3.069939136505127,-0.4529964029788971,-2.5284059047698975,460,1,5198,42518,0,-1,0.0,0.0,0,0,0,,5,460,1,5198,42518,0,2147483647,0.0,0.0,27,4,-59,GSM,460,1,5198,49989,0,2147483647,0.0,0.0,21,4,-71,GSM,460,1,5198,42517,0,2147483647,0.0,0.0,17,4,-79,GSM,460,1,5198,56688,0,2147483647,0.0,0.0,21,4,-71,GSM,460,1,5198,49988,0,2147483647,0.0,0.0,19,4,-75,GSM
1523595775815,121.21061101,31.28802537,27.0,16.0,4.5839944,-59,true,-1,-1,5,49.0,4000.0,-4.840087890625,-51.02386474609375,19.76776123046875,2.894404888153076,-0.5204883217811584,-2.4503819942474365,460,1,5198,42518,0,-1,0.0,0.0,0,0,0,,5,460,1,5198,42518,0,2147483647,0.0,0.0,29,4,-55,GSM,460,1,5198,49989,0,2147483647,0.0,0.0,21,4,-71,GSM,460,1,5198,42517,0,2147483647,0.0,0.0,18,4,-77,GSM,460,1,5198,56688,0,2147483647,0.0,0.0,22,4,-69,GSM,460,1,5198,49988,0,2147483647,0.0,0.0,18,4,-77,GSM
1523595778892,121.21063609,31.28814435,27.0,14.0,2.1260293,-59,true,-1,-1,5,49.0,4000.0,-3.2806396484375,-46.82464599609375,21.2677001953125,2.8537044525146484,-0.46124696731567383,-2.5105788707733154,460,1,5198,42518,0,-1,0.0,0.0,0,0,0,,5,460,1,5198,42518,0,2147483647,0.0,0.0,28,4,-57,GSM,460,1,5198,49989,0,2147483647,0.0,0.0,19,4,-75,GSM,460,1,5198,42517,0,2147483647,0.0,0.0,18,4,-77,GSM,460,1,5198,56688,0,2147483647,0.0,0.0,22,4,-69,GSM,460,1,5198,49988,0,2147483647,0.0,0.0,18,4,-77,GSM
1523595781953,121.21063609,31.28814435,27.0,14.0,2.1260293,-59,true,-1,-1,5,49.0,4000.0,6.75048828125,-43.22509765625,31.46820068359375,2.4684500694274902,-0.4475107192993164,-2.5353920459747314,460,1,5198,42518,0,-1,0.0,0.0,0,0,0,,5,460,1,5198,42518,0,2147483647,0.0,0.0,26,4,-61,GSM,460,1,5198,49989,0,2147483647,0.0,0.0,18,4,-77,GSM,460,1,5198,42517,0,2147483647,0.0,0.0,18,4,-77,GSM,460,1,5198,56688,0,2147483647,0.0,0.0,20,4,-73,GSM,460,1,5198,49988,0,2147483647,0.0,0.0,17,4,-79,GSM
1523595785032,121.21061558,31.28802002,31.0,14.0,1.812319,-61,true,-1,-1,5,49.0,4000.0,16.619873046875,-43.82476806640625,33.56781005859375,2.3100264072418213,-0.5016396045684814,-2.6131041049957275,460,1,5198,42518,0,-1,0.0,0.0,0,0,0,,5,460,1,5198,42518,0,2147483647,0.0,0.0,23,4,-67,GSM,460,1,5198,49989,0,2147483647,0.0,0.0,17,4,-79,GSM,460,1,5198,42517,0,2147483647,0.0,0.0,18,4,-77,GSM,460,1,5198,56688,0,2147483647,0.0,0.0,19,4,-75,GSM,460,1,5198,49988,0,2147483647,0.0,0.0,15,4,-83,GSM
1523595788089,121.21061558,31.28802002,31.0,14.0,1.812319,-65,true,-1,-1,5,49.0,4000.0,13.5101318359375,-41.72515869140625,40.16876220703125,2.2441234588623047,-0.4256463646888733,-2.4309916496276855,460,1,5198,42518,0,-1,0.0,0.0,0,0,0,,5,460,1,5198,42518,0,2147483647,0.0,0.0,22,4,-69,GSM,460,1,5198,49989,0,2147483647,0.0,0.0,17,4,-79,GSM,460,1,5198,42517,0,2147483647,0.0,0.0,18,4,-77,GSM,460,1,5198,56688,0,2147483647,0.0,0.0,17,4,-79,GSM,460,1,5198,49988,0,2147483647,0.0,0.0,15,4,-83,GSM
1523595791163,121.21044393,31.28772407,57.0,14.0,4.328071,-65,true,-1,-1,5,49.0,4000.0,9.1796875,-50.4241943359375,29.66766357421875,2.625612497329712,-0.2941303253173828,-2.549900531768799,460,1,5198,42518,0,-1,0.0,0.0,0,0,0,,5,460,1,5198,42518,0,2147483647,0.0,0.0,24,4,-65,GSM,460,1,5198,49989,0,2147483647,0.0,0.0,17,4,-79,GSM,460,1,5198,42517,0,2147483647,0.0,0.0,18,4,-77,GSM,460,1,5198,56688,0,2147483647,0.0,0.0,17,4,-79,GSM,460,1,5198,49988,0,2147483647,0.0,0.0,14,4,-85,GSM
1523595794224,121.21044393,31.28772407,57.0,14.0,4.328071,-65,true,-1,-1,5,49.0,4000.0,-3.63006591796875,-51.92413330078125,19.46868896484375,2.9358527660369873,-0.34444281458854675,-2.4880526065826416,460,1,5198,42518,0,-1,0.0,0.0,0,0,0,,5,460,1,5198,42518,0,2147483647,0.0,0.0,24,4,-65,GSM,460,1,5198,49989,0,2147483647,0.0,0.0,17,4,-79,GSM,460,1,5198,42517,0,2147483647,0.0,0.0,16,4,-81,GSM,460,1,5198,56688,0,2147483647,0.0,0.0,18,4,-77,GSM,460,1,5198,49988,0,2147483647,0.0,0.0,14,4,-85,GSM
1523595797264,121.21042153,31.28758091,33.0,12.0,4.1362786,-65,true,-1,-1,5,49.0,4000.0,-5.54046630859375,-52.52532958984375,19.1680908203125,2.9927101135253906,-0.4407203793525696,-2.5597081184387207,460,1,5198,42518,0,-1,0.0,0.0,0,0,0,,5,460,1,5198,42518,0,2147483647,0.0,0.0,24,4,-65,GSM,460,1,5198,49989,0,2147483647,0.0,0.0,18,4,-77,GSM,460,1,5198,42517,0,2147483647,0.0,0.0,16,4,-81,GSM,460,1,5198,56688,0,2147483647,0.0,0.0,16,4,-81,GSM,460,1,5198,49988,0,2147483647,0.0,0.0,14,4,-85,GSM
1523595800341,121.21042153,31.28758091,33.0,12.0,4.1362786,-65,true,-1,-1,5,49.0,4000.0,-3.9794921875,-51.92413330078125,18.86749267578125,2.9292151927948,-0.476866215467453,-2.493278741836548,460,1,5198,42518,0,-1,0.0,0.0,0,0,0,,5,460,1,5198,42518,0,2147483647,0.0,0.0,23,4,-67,GSM,460,1,5198,49989,0,2147483647,0.0,0.0,18,4,-77,GSM,460,1,5198,42517,0,2147483647,0.0,0.0,14,4,-85,GSM,460,1,5198,56688,0,2147483647,0.0,0.0,16,4,-81,GSM,460,1,5198,49988,0,2147483647,0.0,0.0,14,4,-85,GSM
1523595803492,121.21030314,31.2875347,36.0,8.0,3.9003205,-65,true,-1,-1,5,49.0,4000.0,-10.20965576171875,-49.52392578125,11.0687255859375,-3.135187864303589,-0.3768388628959656,-2.413776397705078,460,1,5198,42518,0,-1,0.0,0.0,0,0,0,,5,460,1,5198,42518,0,2147483647,0.0,0.0,23,4,-67,GSM,460,1,5198,49989,0,2147483647,0.0,0.0,17,4,-79,GSM,460,1,5198,42517,0,2147483647,0.0,0.0,14,4,-85,GSM,460,1,5198,56688,0,2147483647,0.0,0.0,16,4,-81,GSM,0,0,0,-1,0,2147483647,0.0,0.0,15,4,-83,GSM
1523595806565,121.21030314,31.2875347,36.0,8.0,3.9003205,-65,true,-1,-1,5,49.0,4000.0,1.0498046875,-50.4241943359375,27.56805419921875,2.8361029624938965,-0.29251334071159363,-2.6883959770202637,460,1,5198,42518,0,-1,0.0,0.0,0,0,0,,6,460,1,5198,42518,0,2147483647,0.0,0.0,24,4,-65,GSM,460,1,5198,49989,0,2147483647,0.0,0.0,18,4,-77,GSM,460,1,5198,42517,0,2147483647,0.0,0.0,13,4,-87,GSM,460,1,5198,56688,0,2147483647,0.0,0.0,15,4,-83,GSM,0,0,0,-1,0,2147483647,0.0,0.0,17,4,-79,GSM,460,1,5198,1186,0,2147483647,0.0,0.0,17,4,-79,GSM
1523595809640,121.21004339,31.28715395,28.0,11.0,3.3787718,-65,true,-1,-1,5,49.0,4000.0,3.1097412109375,-51.62506103515625,26.9683837890625,2.6574387550354004,-0.49055907130241394,-2.4712727069854736,460,1,5198,42518,0,-1,0.0,0.0,0,0,0,,6,460,1,5198,42518,0,2147483647,0.0,0.0,21,4,-71,GSM,460,1,5198,49989,0,2147483647,0.0,0.0,18,4,-77,GSM,460,1,5198,42517,0,2147483647,0.0,0.0,12,4,-89,GSM,460,1,5198,56688,0,2147483647,0.0,0.0,15,4,-83,GSM,0,0,0,-1,0,2147483647,0.0,0.0,18,4,-77,GSM,460,1,5198,1186,0,2147483647,0.0,0.0,17,4,-79,GSM
1523595812721,121.20993925,31.28700068,27.0,13.0,3.5278463,-65,true,-1,-1,5,49.0,4000.0,-2.94036865234375,-51.02386474609375,23.66790771484375,2.8853983879089355,-0.3907586932182312,-2.5757200717926025,460,1,5198,42518,0,-1,0.0,0.0,0,0,0,,7,460,1,5198,42518,0,2147483647,0.0,0.0,17,4,-79,GSM,460,1,5198,49989,0,2147483647,0.0,0.0,17,4,-79,GSM,460,1,5198,56688,0,2147483647,0.0,0.0,15,4,-83,GSM,0,0,0,-1,0,2147483647,0.0,0.0,19,4,-75,GSM,460,1,5198,1186,0,2147483647,0.0,0.0,17,4,-79,GSM,460,1,5198,42519,0,2147483647,0.0,0.0,13,4,-87,GSM,0,0,0,-1,0,2147483647,0.0,0.0,12,4,-89,GSM
1523595815814,121.21000151,31.28698411,24.0,15.0,5.1816697,-77,true,-1,-1,5,49.0,4000.0,0.70037841796875,-52.82440185546875,22.16796875,2.8510265350341797,-0.42240363359451294,-2.594419002532959,460,1,5198,42518,0,-1,0.0,0.0,0,0,0,,7,460,1,5198,42518,0,2147483647,0.0,0.0,17,4,-79,GSM,460,1,5198,49989,0,2147483647,0.0,0.0,17,4,-79,GSM,460,1,5198,56688,0,2147483647,0.0,0.0,15,4,-83,GSM,0,0,0,-1,0,2147483647,0.0,0.0,19,4,-75,GSM,460,1,5198,1186,0,2147483647,0.0,0.0,16,4,-81,GSM,460,1,5198,42519,0,2147483647,0.0,0.0,13,4,-87,GSM,0,0,0,-1,0,2147483647,0.0,0.0,12,4,-89,GSM
1523595818867,121.20981105,31.28675494,34.0,14.0,4.6004567,-77,true,-1,-1,5,48.0,4000.0,3.289794921875,-51.92413330078125,27.26898193359375,2.6794509887695313,-0.5134174823760986,-2.5796871185302734,460,1,5198,42518,0,-1,0.0,0.0,0,0,0,,7,460,1,5198,42518,0,2147483647,0.0,0.0,18,4,-77,GSM,460,1,5198,49989,0,2147483647,0.0,0.0,16,4,-81,GSM,460,1,5198,56688,0,2147483647,0.0,0.0,15,4,-83,GSM,0,0,0,-1,0,2147483647,0.0,0.0,21,4,-71,GSM,460,1,5198,1186,0,2147483647,0.0,0.0,16,4,-81,GSM,460,1,5198,42519,0,2147483647,0.0,0.0,12,4,-89,GSM,0,0,0,-1,0,2147483647,0.0,0.0,12,4,-89,GSM
1523595821947,121.20981105,31.28675494,34.0,14.0,4.6004567,-77,true,-1,-1,5,48.0,4000.0,1.739501953125,-49.52392578125,28.167724609375,2.7990527153015137,-0.22775480151176453,-2.6305224895477295,460,1,5198,42518,0,-1,0.0,0.0,0,0,0,,7,460,1,5198,42518,0,2147483647,0.0,0.0,20,4,-73,GSM,460,1,5198,49989,0,2147483647,0.0,0.0,16,4,-81,GSM,460,1,5198,56688,0,2147483647,0.0,0.0,15,4,-83,GSM,0,0,0,-1,0,2147483647,0.0,0.0,22,4,-69,GSM,460,1,5198,1186,0,2147483647,0.0,0.0,15,4,-83,GSM,460,1,5198,42519,0,2147483647,0.0,0.0,12,4,-89,GSM,0,0,0,-1,0,2147483647,0.0,0.0,12,4,-89,GSM
1523595825022,121.2097253,31.28667675,27.0,12.0,3.8344884,-73,true,-1,-1,5,48.0,4000.0,4.8492431640625,-49.82452392578125,29.36859130859375,2.6855297088623047,-0.3319163918495178,-2.5902576446533203,460,1,5198,42518,0,-1,0.0,0.0,0,0,0,,7,460,1,5198,42518,0,2147483647,0.0,0.0,19,4,-75,GSM,460,1,5198,49989,0,2147483647,0.0,0.0,15,4,-83,GSM,460,1,5198,56688,0,2147483647,0.0,0.0,15,4,-83,GSM,0,0,0,-1,0,2147483647,0.0,0.0,22,4,-69,GSM,460,1,5198,1186,0,2147483647,0.0,0.0,12,4,-89,GSM,460,1,5198,42519,0,2147483647,0.0,0.0,12,4,-89,GSM,0,0,0,-1,0,2147483647,0.0,0.0,14,4,-85,GSM
1523595828097,121.20965077,31.28652021,30.0,5.0,2.8614156,-75,true,-1,-1,5,48.0,4000.0,2.4200439453125,-51.324462890625,31.1676025390625,2.773066520690918,-0.22148436307907104,-2.6396725177764893,460,1,5198,42518,0,-1,0.0,0.0,0,0,0,,7,460,1,5198,42518,0,2147483647,0.0,0.0,20,4,-73,GSM,460,1,5198,49989,0,2147483647,0.0,0.0,14,4,-85,GSM,460,1,5198,56688,0,2147483647,0.0,0.0,15,4,-83,GSM,460,1,5198,42507,0,2147483647,0.0,0.0,23,4,-67,GSM,460,1,5198,1186,0,2147483647,0.0,0.0,11,3,-91,GSM,460,1,5198,42519,0,2147483647,0.0,0.0,12,4,-89,GSM,0,0,0,-1,0,2147483647,0.0,0.0,17,4,-79,GSM
1523595831171,121.20966671,31.28643869,21.0,4.0,3.8725314,-73,true,-1,-1,5,48.0,4000.0,15.069580078125,-47.125244140625,30.8685302734375,2.520487070083618,-0.12774549424648285,-2.362746000289917,460,1,5198,42518,0,-1,0.0,0.0,0,0,0,,7,460,1,5198,42518,0,2147483647,0.0,0.0,21,4,-71,GSM,460,1,5198,49989,0,2147483647,0.0,0.0,14,4,-85,GSM,460,1,5198,56688,0,2147483647,0.0,0.0,14,4,-85,GSM,460,1,5198,42507,0,2147483647,0.0,0.0,24,4,-65,GSM,460,1,5198,42519,0,2147483647,0.0,0.0,12,4,-89,GSM,0,0,0,-1,0,2147483647,0.0,0.0,17,4,-79,GSM,460,1,5198,17029,0,2147483647,0.0,0.0,12,4,-89,GSM
1523595834225,121.20950043,31.28624562,20.0,8.0,3.1744132,-73,true,-1,-1,5,48.0,4000.0,-3.9794921875,-45.02410888671875,20.66802978515625,2.85428786277771,-0.438198983669281,-2.472137212753296,460,1,5198,42507,0,-1,0.0,0.0,0,0,0,,6,460,1,5198,42507,0,2147483647,0.0,0.0,19,4,-75,GSM,460,1,5198,49989,0,2147483647,0.0,0.0,14,4,-85,GSM,460,1,5198,56688,0,2147483647,0.0,0.0,14,4,-85,GSM,460,1,5198,42519,0,2147483647,0.0,0.0,12,4,-89,GSM,0,0,0,-1,0,2147483647,0.0,0.0,17,4,-79,GSM,460,1,5198,17029,0,2147483647,0.0,0.0,12,4,-89,GSM
1523595837282,121.20947579,31.28625709,9.0,7.0,4.0420914,-73,true,-1,-1,5,48.0,4000.0,-5.7098388671875,-44.72503662109375,27.86865234375,2.8169262409210205,-0.36202913522720337,-2.5444741249084473,460,1,5198,42507,0,-1,0.0,0.0,0,0,0,,7,460,1,5198,42507,0,2147483647,0.0,0.0,20,4,-73,GSM,460,1,5198,49989,0,2147483647,0.0,0.0,13,4,-87,GSM,460,1,5198,56688,0,2147483647,0.0,0.0,14,4,-85,GSM,460,1,5198,42519,0,2147483647,0.0,0.0,13,4,-87,GSM,460,1,5198,42509,0,2147483647,0.0,0.0,17,4,-79,GSM,460,1,5198,17029,0,2147483647,0.0,0.0,12,4,-89,GSM,460,1,5198,42518,0,2147483647,0.0,0.0,20,4,-73,GSM
1523595840339,121.20933824,31.28610953,30.0,7.0,4.09529,-73,true,-1,-1,5,48.0,4000.0,3.81011962890625,-70.52459716796875,46.16851806640625,2.7068328857421875,-0.457309365272522,-2.7556402683258057,460,1,5198,42507,0,-1,0.0,0.0,0,0,0,,7,460,1,5198,42507,0,2147483647,0.0,0.0,21,4,-71,GSM,460,1,5198,49989,0,2147483647,0.0,0.0,13,4,-87,GSM,460,1,5198,56688,0,2147483647,0.0,0.0,13,4,-87,GSM,460,1,5198,42519,0,2147483647,0.0,0.0,13,4,-87,GSM,460,1,5198,42509,0,2147483647,0.0,0.0,17,4,-79,GSM,460,1,5198,17029,0,2147483647,0.0,0.0,12,4,-89,GSM,460,1,5198,42518,0,2147483647,0.0,0.0,21,4,-71,GSM
1523595843397,121.20933824,31.28610953,30.0,7.0,4.09529,-65,true,-1,-1,5,48.0,4000.0,19.90966796875,-24.32403564453125,49.46746826171875,1.898522138595581,-0.2859329283237457,-2.509385347366333,460,1,5198,42507,0,-1,0.0,0.0,0,0,0,,7,460,1,5198,42507,0,2147483647,0.0,0.0,24,4,-65,GSM,460,1,5198,49989,0,2147483647,0.0,0.0,13,4,-87,GSM,460,1,5198,56688,0,2147483647,0.0,0.0,13,4,-87,GSM,460,1,5198,42519,0,2147483647,0.0,0.0,15,4,-83,GSM,460,1,5198,42509,0,2147483647,0.0,0.0,19,4,-75,GSM,460,1,5198,17029,0,2147483647,0.0,0.0,13,4,-87,GSM,460,1,5198,42518,0,2147483647,0.0,0.0,21,4,-71,GSM
1523595846474,121.20936193,31.28596014,27.0,4.0,4.4413624,-65,true,-1,-1,5,48.0,4000.0,-21.6400146484375,-45.02410888671875,-3.93218994140625,2.5159246921539307,-0.7237626910209656,-0.2901531159877777,460,1,5198,42507,0,-1,0.0,0.0,0,0,0,,6,460,1,5198,42507,0,2147483647,0.0,0.0,23,4,-67,GSM,460,1,5198,56688,0,2147483647,0.0,0.0,13,4,-87,GSM,460,1,5198,42519,0,2147483647,0.0,0.0,15,4,-83,GSM,460,1,5198,42509,0,2147483647,0.0,0.0,19,4,-75,GSM,460,1,5198,17029,0,2147483647,0.0,0.0,13,4,-87,GSM,460,1,5198,42518,0,2147483647,0.0,0.0,22,4,-69,GSM
1523595849544,121.20953062,31.28598486,21.0,5.0,3.5917265,-65,true,-1,-1,5,48.0,4000.0,7.78961181640625,-38.4246826171875,47.66845703125,2.0635130405426025,-0.5624098777770996,-2.0399932861328125,460,1,5198,42507,0,-1,0.0,0.0,0,0,0,,7,460,1,5198,42507,0,2147483647,0.0,0.0,23,4,-67,GSM,460,1,5198,56688,0,2147483647,0.0,0.0,13,4,-87,GSM,460,1,5198,42519,0,2147483647,0.0,0.0,15,4,-83,GSM,460,1,5198,42509,0,2147483647,0.0,0.0,19,4,-75,GSM,460,1,5198,17029,0,2147483647,0.0,0.0,13,4,-87,GSM,460,1,5198,42518,0,2147483647,0.0,0.0,23,4,-67,GSM,460,1,5198,42508,0,2147483647,0.0,0.0,14,4,-85,GSM
1523595852620,121.20963873,31.28579118,14.0,8.0,3.1494126,-65,true,-1,-1,5,48.0,4000.0,17.6605224609375,-41.72515869140625,41.9677734375,2.176807403564453,-0.4628906548023224,-2.645486354827881,460,1,5198,42507,0,-1,0.0,0.0,0,0,0,,7,460,1,5198,42507,0,2147483647,0.0,0.0,24,4,-65,GSM,460,1,5198,56688,0,2147483647,0.0,0.0,13,4,-87,GSM,460,1,5198,42519,0,2147483647,0.0,0.0,15,4,-83,GSM,460,1,5198,42509,0,2147483647,0.0,0.0,21,4,-71,GSM,460,1,5198,17029,0,2147483647,0.0,0.0,15,4,-83,GSM,460,1,5198,42518,0,2147483647,0.0,0.0,23,4,-67,GSM,460,1,5198,42508,0,2147483647,0.0,0.0,14,4,-85,GSM
1523595855714,121.20972221,31.28572047,21.0,8.0,4.587036,-63,true,-1,-1,5,48.0,4000.0,14.03045654296875,-36.02447509765625,47.66845703125,2.05319881439209,-0.417988121509552,-2.5215704441070557,460,1,5198,42507,0,-1,0.0,0.0,0,0,0,,7,460,1,5198,42507,0,2147483647,0.0,0.0,24,4,-65,GSM,460,1,5198,42519,0,2147483647,0.0,0.0,17,4,-79,GSM,460,1,5198,42509,0,2147483647,0.0,0.0,22,4,-69,GSM,460,1,5198,17029,0,2147483647,0.0,0.0,16,4,-81,GSM,460,1,5198,42518,0,2147483647,0.0,0.0,23,4,-67,GSM,460,1,5198,42508,0,2147483647,0.0,0.0,15,4,-83,GSM,0,0,0,-1,0,2147483647,0.0,0.0,13,4,-87,GSM
1523595858788,121.20979155,31.28558671,27.0,13.0,2.6676018,-63,true,-1,-1,5,48.0,4000.0,14.03045654296875,-40.5242919921875,41.668701171875,2.209944486618042,-0.412417471408844,-2.3939826488494873,460,1,5198,42507,0,-1,0.0,0.0,0,0,0,,7,460,1,5198,42507,0,2147483647,0.0,0.0,24,4,-65,GSM,460,1,5198,42519,0,2147483647,0.0,0.0,15,4,-83,GSM,460,1,5198,42509,0,2147483647,0.0,0.0,22,4,-69,GSM,460,1,5198,17029,0,2147483647,0.0,0.0,16,4,-81,GSM,460,1,5198,42518,0,2147483647,0.0,0.0,24,4,-65,GSM,460,1,5198,42508,0,2147483647,0.0,0.0,16,4,-81,GSM,460,1,5198,42517,0,2147483647,0.0,0.0,13,4,-87,GSM
1523595861844,121.20979155,31.28558671,27.0,13.0,2.6676018,-63,true,-1,-1,5,48.0,4000.0,13.1591796875,-41.424560546875,40.7684326171875,2.198650360107422,-0.47742441296577454,-2.4693009853363037,460,1,5198,42507,0,-1,0.0,0.0,0,0,0,,6,460,1,5198,42507,0,2147483647,0.0,0.0,25,4,-63,GSM,460,1,5198,42519,0,2147483647,0.0,0.0,15,4,-83,GSM,460,1,5198,42509,0,2147483647,0.0,0.0,24,4,-65,GSM,460,1,5198,42518,0,2147483647,0.0,0.0,24,4,-65,GSM,460,1,5198,42508,0,2147483647,0.0,0.0,16,4,-81,GSM,460,1,5198,42517,0,2147483647,0.0,0.0,13,4,-87,GSM
1523595864919,121.20988916,31.28553406,9.0,21.0,3.1373875,-63,true,-1,-1,5,48.0,4000.0,13.85040283203125,-44.1253662109375,40.16876220703125,2.273334503173828,-0.4303203821182251,-2.35599422454834,460,1,5198,42507,0,-1,0.0,0.0,0,0,0,,6,460,1,5198,42507,0,2147483647,0.0,0.0,25,4,-63,GSM,460,1,5198,42519,0,2147483647,0.0,0.0,14,4,-85,GSM,460,1,5198,42509,0,2147483647,0.0,0.0,24,4,-65,GSM,460,1,5198,42518,0,2147483647,0.0,0.0,24,4,-65,GSM,460,1,5198,42508,0,2147483647,0.0,0.0,16,4,-81,GSM,460,1,5198,42517,0,2147483647,0.0,0.0,13,4,-87,GSM
1523595867970,121.21025411,31.28551589,55.0,11.0,3.766497,-63,true,-1,-1,5,48.0,4000.0,13.67950439453125,-42.6239013671875,42.8680419921875,2.2618086338043213,-0.37364494800567627,-2.5169875621795654,460,1,5198,42507,0,-1,0.0,0.0,0,0,0,,6,460,1,5198,42507,0,2147483647,0.0,0.0,25,4,-63,GSM,460,1,5198,42519,0,2147483647,0.0,0.0,14,4,-85,GSM,460,1,5198,42509,0,2147483647,0.0,0.0,23,4,-67,GSM,460,1,5198,42518,0,2147483647,0.0,0.0,24,4,-65,GSM,460,1,5198,42508,0,2147483647,0.0,0.0,16,4,-81,GSM,0,0,0,-1,0,2147483647,0.0,0.0,14,4,-85,GSM
1523595871045,121.21010482,31.28521751,13.0,9.0,3.0140505,-63,true,-1,-1,5,48.0,4000.0,16.619873046875,-42.02423095703125,40.16876220703125,2.2690341472625732,-0.3617943525314331,-2.4838695526123047,460,1,5198,42507,0,-1,0.0,0.0,0,0,0,,6,460,1,5198,42507,0,2147483647,0.0,0.0,23,4,-67,GSM,460,1,5198,42519,0,2147483647,0.0,0.0,14,4,-85,GSM,460,1,5198,42509,0,2147483647,0.0,0.0,21,4,-71,GSM,460,1,5198,42518,0,2147483647,0.0,0.0,23,4,-67,GSM,460,1,5198,42508,0,2147483647,0.0,0.0,16,4,-81,GSM,460,1,5198,44572,0,2147483647,0.0,0.0,14,4,-85,GSM
1523595874116,121.21021025,31.28508531,28.0,6.0,3.583769,-65,true,-1,-1,5,48.0,4000.0,7.96051025390625,-42.3248291015625,36.56768798828125,2.313237190246582,-0.49332278966903687,-2.5281481742858887,460,1,5198,42507,0,-1,0.0,0.0,0,0,0,,7,460,1,5198,42507,0,2147483647,0.0,0.0,22,4,-69,GSM,460,1,5198,42519,0,2147483647,0.0,0.0,14,4,-85,GSM,460,1,5198,42509,0,2147483647,0.0,0.0,19,4,-75,GSM,460,1,5198,42518,0,2147483647,0.0,0.0,22,4,-69,GSM,460,1,5198,42508,0,2147483647,0.0,0.0,14,4,-85,GSM,460,1,5198,44572,0,2147483647,0.0,0.0,14,4,-85,GSM,460,1,5198,42517,0,2147483647,0.0,0.0,12,4,-89,GSM
1523595877192,121.21021338,31.28499082,31.0,5.0,3.9274673,-65,true,-1,-1,5,48.0,4000.0,10.2203369140625,-45.62530517578125,36.8682861328125,2.3961167335510254,-0.37639129161834717,-2.4156885147094727,460,1,5198,42507,0,-1,0.0,0.0,0,0,0,,7,460,1,5198,42507,0,2147483647,0.0,0.0,22,4,-69,GSM,460,1,5198,42519,0,2147483647,0.0,0.0,14,4,-85,GSM,460,1,5198,42509,0,2147483647,0.0,0.0,19,4,-75,GSM,460,1,5198,42518,0,2147483647,0.0,0.0,20,4,-73,GSM,460,1,5198,42508,0,2147483647,0.0,0.0,14,4,-85,GSM,460,1,5198,44572,0,2147483647,0.0,0.0,14,4,-85,GSM,460,1,5198,42517,0,2147483647,0.0,0.0,11,3,-91,GSM
1523595880265,121.21003267,31.28480763,22.0,12.0,2.9039629,-65,true,-1,-1,5,48.0,4000.0,12.469482421875,-46.5240478515625,32.36846923828125,2.2997915744781494,-0.6466053128242493,-2.4192867279052734,460,1,5198,42507,0,-1,0.0,0.0,0,0,0,,6,460,1,5198,42507,0,2147483647,0.0,0.0,23,4,-67,GSM,460,1,5198,42519,0,2147483647,0.0,0.0,13,4,-87,GSM,460,1,5198,42509,0,2147483647,0.0,0.0,19,4,-75,GSM,460,1,5198,42518,0,2147483647,0.0,0.0,20,4,-73,GSM,460,1,5198,42508,0,2147483647,0.0,0.0,14,4,-85,GSM,460,1,5198,44572,0,2147483647,0.0,0.0,15,4,-83,GSM
1523595883334,121.21016156,31.28466038,47.0,6.0,4.0556383,-65,true,-1,-1,5,48.0,4000.0,10.7391357421875,-48.3245849609375,34.16748046875,2.4610230922698975,-0.38460469245910645,-2.420445203781128,460,1,5198,42507,0,-1,0.0,0.0,0,0,0,,7,460,1,5198,42507,0,2147483647,0.0,0.0,26,4,-61,GSM,460,1,5198,42519,0,2147483647,0.0,0.0,14,4,-85,GSM,460,1,5198,42509,0,2147483647,0.0,0.0,18,4,-77,GSM,460,1,5198,42518,0,2147483647,0.0,0.0,17,4,-79,GSM,460,1,5198,42508,0,2147483647,0.0,0.0,15,4,-83,GSM,460,1,5198,44572,0,2147483647,0.0,0.0,15,4,-83,GSM,0,0,0,-1,0,2147483647,0.0,0.0,12,4,-89,GSM
1523595886409,121.21019245,31.28467977,7.0,6.0,3.3203614,-61,true,-1,-1,5,48.0,4000.0,-6.060791015625,-50.72479248046875,2.66876220703125,-3.0918056964874268,-0.5727619528770447,-2.2849855422973633,460,1,5198,42507,0,-1,0.0,0.0,0,0,0,,7,460,1,5198,42507,0,2147483647,0.0,0.0,25,4,-63,GSM,460,1,5198,42519,0,2147483647,0.0,0.0,14,4,-85,GSM,460,1,5198,42509,0,2147483647,0.0,0.0,18,4,-77,GSM,460,1,5198,42518,0,2147483647,0.0,0.0,15,4,-83,GSM,460,1,5198,42508,0,2147483647,0.0,0.0,14,4,-85,GSM,460,1,5198,44572,0,2147483647,0.0,0.0,14,4,-85,GSM,0,0,0,-1,0,2147483647,0.0,0.0,11,3,-91,GSM
1523595889464,121.21019245,31.28467977,7.0,6.0,3.3203614,-65,true,-1,-1,5,48.0,4000.0,-16.27044677734375,-48.3245849609375,12.56866455078125,-2.976032257080078,-0.4729887843132019,-2.508650541305542,460,1,5198,42507,0,-1,0.0,0.0,0,0,0,,7,460,1,5198,42507,0,2147483647,0.0,0.0,24,4,-65,GSM,460,1,5198,42519,0,2147483647,0.0,0.0,12,4,-89,GSM,460,1,5198,42509,0,2147483647,0.0,0.0,19,4,-75,GSM,460,1,5198,42518,0,2147483647,0.0,0.0,15,4,-83,GSM,460,1,5198,42508,0,2147483647,0.0,0.0,14,4,-85,GSM,460,1,5198,44572,0,2147483647,0.0,0.0,14,4,-85,GSM,0,0,0,-1,0,2147483647,0.0,0.0,11,3,-91,GSM
1523595892556,121.21016614,31.28466086,20.0,12.0,2.1965883,-65,true,-1,-1,5,48.0,4000.0,-16.09954833984375,-45.02410888671875,7.4676513671875,-2.9262025356292725,-0.47547057271003723,-2.4185519218444824,460,1,5198,42507,0,-1,0.0,0.0,0,0,0,,7,460,1,5198,42507,0,2147483647,0.0,0.0,25,4,-63,GSM,460,1,5198,42519,0,2147483647,0.0,0.0,11,3,-91,GSM,460,1,5198,42509,0,2147483647,0.0,0.0,19,4,-75,GSM,460,1,5198,42518,0,2147483647,0.0,0.0,14,4,-85,GSM,460,1,5198,42508,0,2147483647,0.0,0.0,14,4,-85,GSM,460,1,5198,44572,0,2147483647,0.0,0.0,13,4,-87,GSM,0,0,0,-1,0,2147483647,0.0,0.0,10,3,-93,GSM
1523595895608,121.20997847,31.28459914,25.0,18.0,6.843274,-63,true,-1,-1,5,48.0,4000.0,-23.20098876953125,-52.82440185546875,10.76812744140625,-2.8470139503479004,-0.5000830292701721,-2.4362285137176514,460,1,5198,42507,0,-1,0.0,0.0,0,0,0,,7,460,1,5198,42507,0,2147483647,0.0,0.0,20,4,-73,GSM,460,1,5198,42519,0,2147483647,0.0,0.0,11,3,-91,GSM,460,1,5198,42509,0,2147483647,0.0,0.0,18,4,-77,GSM,460,1,5198,42518,0,2147483647,0.0,0.0,13,4,-87,GSM,460,1,5198,42508,0,2147483647,0.0,0.0,15,4,-83,GSM,460,1,5198,44572,0,2147483647,0.0,0.0,13,4,-87,GSM,0,0,0,-1,0,2147483647,0.0,0.0,10,3,-93,GSM
1523595898682,121.20985936,31.28452331,19.0,7.0,4.7825727,-71,true,-1,-1,5,48.0,4000.0,29.9591064453125,-30.3253173828125,-33.9324951171875,-2.134195327758789,-0.24122659862041473,-0.21404702961444855,460,1,5198,42507,0,-1,0.0,0.0,0,0,0,,5,460,1,5198,42507,0,2147483647,0.0,0.0,20,4,-73,GSM,460,1,5198,42519,0,2147483647,0.0,0.0,10,3,-93,GSM,460,1,5198,42509,0,2147483647,0.0,0.0,19,4,-75,GSM,460,1,5198,42518,0,2147483647,0.0,0.0,13,4,-87,GSM,460,1,5198,42508,0,2147483647,0.0,0.0,15,4,-83,GSM
