IMEI:862305032225518
IMSI:460091042103139
OSVersion:3.10.73-perf-g94fc9a6
apiLevel:5.1.1
model:Redmi Note 3
device:kenzo
product:kenzo
76
1523610938495,121.20976566,31.28433123,9.0,13.0,2.884753,-85,true,-1,-1,5,46.0,4000.0,-21.990966796875,12.8753662109375,-43.53179931640625,0.9167877435684204,-0.06117384508252144,-0.03843929246068001,460,1,5198,42507,0,-1,0.0,0.0,0,0,0,,6,460,1,5198,42507,0,2147483647,0.0,0.0,16,4,-81,GSM,460,1,5198,42509,0,2147483647,0.0,0.0,9,3,-95,GSM,460,1,5198,50809,0,2147483647,0.0,0.0,6,2,-101,GSM,460,1,5198,42508,0,2147483647,0.0,0.0,6,2,-101,GSM,460,1,5198,44572,0,2147483647,0.0,0.0,6,2,-101,GSM,460,1,5198,49989,0,2147483647,0.0,0.0,6,2,-101,GSM
1523610941630,121.20976566,31.28433123,9.0,13.0,2.884753,-81,true,-1,-1,5,46.0,4000.0,-15.0604248046875,-4.22515869140625,32.66754150390625,0.46064358949661255,-0.26529526710510254,-2.6360318660736084,460,1,5198,42507,0,-1,0.0,0.0,0,0,0,,6,460,1,5198,42507,0,2147483647,0.0,0.0,16,4,-81,GSM,460,1,5198,42509,0,2147483647,0.0,0.0,9,3,-95,GSM,460,1,5198,50809,0,2147483647,0.0,0.0,5,2,-103,GSM,460,1,5198,42508,0,2147483647,0.0,0.0,6,2,-101,GSM,460,1,5198,44572,0,2147483647,0.0,0.0,6,2,-101,GSM,460,1,5198,49989,0,2147483647,0.0,0.0,6,2,-101,GSM
1523610945206,121.20976566,31.28433123,9.0,13.0,2.884753,-81,true,-1,-1,5,46.0,4000.0,-21.990966796875,-3.0242919921875,23.0682373046875,-0.45977967977523804,-0.5647891163825989,-2.600801467895508,460,1,5198,42507,0,-1,0.0,0.0,0,0,0,,6,460,1,5198,42507,0,2147483647,0.0,0.0,15,4,-83,GSM,460,1,5198,42509,0,2147483647,0.0,0.0,9,3,-95,GSM,460,1,5198,50809,0,2147483647,0.0,0.0,5,2,-103,GSM,460,1,5198,42508,0,2147483647,0.0,0.0,8,3,-97,GSM,460,1,5198,44572,0,2147483647,0.0,0.0,6,2,-101,GSM,460,1,5198,49989,0,2147483647,0.0,0.0,6,2,-101,GSM
1523610948261,121.20976566,31.28433123,9.0,13.0,2.884753,-81,true,-1,-1,5,46.0,4000.0,-31.8603515625,14.9749755859375,35.968017578125,-0.2019759565591812,-0.5324314832687378,-2.5749704837799072,460,1,5198,42507,0,-1,0.0,0.0,0,0,0,,7,460,1,5198,42507,0,2147483647,0.0,0.0,16,4,-81,GSM,460,1,5198,42509,0,2147483647,0.0,0.0,11,3,-91,GSM,460,1,5198,50809,0,2147483647,0.0,0.0,5,2,-103,GSM,460,1,5198,42508,0,2147483647,0.0,0.0,8,3,-97,GSM,460,1,5198,44572,0,2147483647,0.0,0.0,6,2,-101,GSM,460,1,5198,49989,0,2147483647,0.0,0.0,7,2,-99,GSM,460,1,5198,42518,0,2147483647,0.0,0.0,5,2,-103,GSM
1523610951356,121.20976566,31.28433123,9.0,13.0,2.884753,-79,true,-1,-1,5,46.0,4000.0,-30.8197021484375,-3.0242919921875,-43.8323974609375,0.6255624294281006,-0.6621390581130981,-0.2242765575647354,460,1,5198,42507,0,-1,0.0,0.0,0,0,0,,7,460,1,5198,42507,0,2147483647,0.0,0.0,18,4,-77,GSM,460,1,5198,42509,0,2147483647,0.0,0.0,13,4,-87,GSM,460,1,5198,50809,0,2147483647,0.0,0.0,7,2,-99,GSM,460,1,5198,42508,0,2147483647,0.0,0.0,10,3,-93,GSM,460,1,5198,44572,0,2147483647,0.0,0.0,8,3,-97,GSM,460,1,5198,49989,0,2147483647,0.0,0.0,9,3,-95,GSM,460,1,5198,42518,0,2147483647,0.0,0.0,7,2,-99,GSM
1523610954394,121.20983772,31.28445268,30.0,16.0,2.3336236,-79,true,-1,-1,5,46.0,4000.0,-38.09967041015625,-6.9244384765625,-31.231689453125,1.068861961364746,-0.6477988958358765,-0.1892191469669342,460,1,5198,42507,0,-1,0.0,0.0,0,0,0,,7,460,1,5198,42507,0,2147483647,0.0,0.0,19,4,-75,GSM,460,1,5198,42509,0,2147483647,0.0,0.0,13,4,-87,GSM,460,1,5198,50809,0,2147483647,0.0,0.0,7,2,-99,GSM,460,1,5198,42508,0,2147483647,0.0,0.0,10,3,-93,GSM,460,1,5198,44572,0,2147483647,0.0,0.0,9,3,-95,GSM,460,1,5198,49989,0,2147483647,0.0,0.0,9,3,-95,GSM,460,1,5198,42518,0,2147483647,0.0,0.0,8,3,-97,GSM
1523610957446,121.20993039,31.28440817,17.0,6.0,2.3903348,-79,true,-1,-1,5,46.0,4000.0,-44.329833984375,2.0751953125,-35.43243408203125,0.7507060170173645,-0.49787601828575134,-0.44998082518577576,460,1,5198,42507,0,-1,0.0,0.0,0,0,0,,7,460,1,5198,42507,0,2147483647,0.0,0.0,20,4,-73,GSM,460,1,5198,42509,0,2147483647,0.0,0.0,14,4,-85,GSM,460,1,5198,50809,0,2147483647,0.0,0.0,8,3,-97,GSM,460,1,5198,42508,0,2147483647,0.0,0.0,10,3,-93,GSM,460,1,5198,44572,0,2147483647,0.0,0.0,9,3,-95,GSM,460,1,5198,49989,0,2147483647,0.0,0.0,10,3,-93,GSM,460,1,5198,42518,0,2147483647,0.0,0.0,9,3,-95,GSM
1523610960486,121.20993087,31.28443359,16.0,5.0,2.53,-73,true,-1,-1,5,46.0,4000.0,-1.7303466796875,11.676025390625,48.5687255859375,0.48059648275375366,-0.3129653334617615,-2.8288776874542236,460,1,5198,42507,0,-1,0.0,0.0,0,0,0,,7,460,1,5198,42507,0,2147483647,0.0,0.0,21,4,-71,GSM,460,1,5198,42509,0,2147483647,0.0,0.0,15,4,-83,GSM,460,1,5198,50809,0,2147483647,0.0,0.0,9,3,-95,GSM,460,1,5198,42508,0,2147483647,0.0,0.0,12,4,-89,GSM,460,1,5198,44572,0,2147483647,0.0,0.0,9,3,-95,GSM,460,1,5198,49989,0,2147483647,0.0,0.0,10,3,-93,GSM,460,1,5198,42518,0,2147483647,0.0,0.0,9,3,-95,GSM
1523610963538,121.21000504,31.28446872,15.0,4.0,2.6702998,-73,true,-1,-1,5,46.0,4000.0,1.21917724609375,5.37567138671875,49.46746826171875,0.72882080078125,-0.4165385067462921,-2.7360763549804688,460,1,5198,42507,0,-1,0.0,0.0,0,0,0,,7,460,1,5198,42507,0,2147483647,0.0,0.0,23,4,-67,GSM,460,1,5198,42509,0,2147483647,0.0,0.0,15,4,-83,GSM,460,1,5198,50809,0,2147483647,0.0,0.0,9,3,-95,GSM,460,1,5198,42508,0,2147483647,0.0,0.0,11,3,-91,GSM,460,1,5198,44572,0,2147483647,0.0,0.0,10,3,-93,GSM,460,1,5198,49989,0,2147483647,0.0,0.0,10,3,-93,GSM,460,1,5198,42518,0,2147483647,0.0,0.0,10,3,-93,GSM
1523610966604,121.21006629,31.28448802,17.0,5.0,1.3917614,-65,true,-1,-1,5,46.0,4000.0,-25.45013427734375,1.47552490234375,37.46795654296875,-0.17082884907722473,-0.5750466585159302,-2.643173933029175,460,1,5198,42507,0,-1,0.0,0.0,0,0,0,,7,460,1,5198,42507,0,2147483647,0.0,0.0,25,4,-63,GSM,460,1,5198,42509,0,2147483647,0.0,0.0,15,4,-83,GSM,460,1,5198,50809,0,2147483647,0.0,0.0,10,3,-93,GSM,460,1,5198,42508,0,2147483647,0.0,0.0,11,3,-91,GSM,460,1,5198,44572,0,2147483647,0.0,0.0,10,3,-93,GSM,460,1,5198,49989,0,2147483647,0.0,0.0,10,3,-93,GSM,460,1,5198,42518,0,2147483647,0.0,0.0,10,3,-93,GSM
1523610969673,121.21009338,31.28449822,17.0,7.0,1.6923947,-63,true,-1,-1,5,46.0,4000.0,-6.060791015625,-6.32476806640625,49.46746826171875,1.2617108821868896,-0.5260104537010193,-2.2008538246154785,460,1,5198,42507,0,-1,0.0,0.0,0,0,0,,7,460,1,5198,42507,0,2147483647,0.0,0.0,25,4,-63,GSM,460,1,5198,42509,0,2147483647,0.0,0.0,18,4,-77,GSM,460,1,5198,50809,0,2147483647,0.0,0.0,12,4,-89,GSM,460,1,5198,42508,0,2147483647,0.0,0.0,12,4,-89,GSM,460,1,5198,44572,0,2147483647,0.0,0.0,11,3,-91,GSM,460,1,5198,49989,0,2147483647,0.0,0.0,9,3,-95,GSM,460,1,5198,42518,0,2147483647,0.0,0.0,10,3,-93,GSM
1523610972825,121.21011078,31.28454576,27.0,10.0,0.80305666,-63,true,-1,-1,5,46.0,4000.0,24.76043701171875,-22.5250244140625,45.867919921875,1.6177444458007813,-0.8853580355644226,-2.365640878677368,460,1,5198,42507,0,-1,0.0,0.0,0,0,0,,7,460,1,5198,42507,0,2147483647,0.0,0.0,25,4,-63,GSM,460,1,5198,42509,0,2147483647,0.0,0.0,18,4,-77,GSM,460,1,5198,50809,0,2147483647,0.0,0.0,12,4,-89,GSM,460,1,5198,42508,0,2147483647,0.0,0.0,13,4,-87,GSM,460,1,5198,44572,0,2147483647,0.0,0.0,11,3,-91,GSM,460,1,5198,49989,0,2147483647,0.0,0.0,9,3,-95,GSM,460,1,5198,42518,0,2147483647,0.0,0.0,11,3,-91,GSM
1523610975878,121.21009583,31.28455121,26.0,10.0,1.4856985,-63,true,-1,-1,5,46.0,4000.0,-31.69097900390625,-9.92431640625,29.0679931640625,-0.48592856526374817,-0.7609480619430542,-2.5793094635009766,460,1,5198,42507,0,-1,0.0,0.0,0,0,0,,7,460,1,5198,42507,0,2147483647,0.0,0.0,22,4,-69,GSM,460,1,5198,42509,0,2147483647,0.0,0.0,18,4,-77,GSM,460,1,5198,50809,0,2147483647,0.0,0.0,12,4,-89,GSM,460,1,5198,42508,0,2147483647,0.0,0.0,13,4,-87,GSM,460,1,5198,44572,0,2147483647,0.0,0.0,11,3,-91,GSM,460,1,5198,42518,0,2147483647,0.0,0.0,11,3,-91,GSM,460,1,5198,42519,0,2147483647,0.0,0.0,9,3,-95,GSM
1523610978961,121.21010103,31.2845739,24.0,8.0,1.1200447,-69,true,-1,-1,5,46.0,4000.0,-31.69097900390625,-0.32501220703125,33.26873779296875,-0.01874934509396553,-0.6695340275764465,-2.3920109272003174,460,1,5198,42507,0,-1,0.0,0.0,0,0,0,,7,460,1,5198,42507,0,2147483647,0.0,0.0,25,4,-63,GSM,460,1,5198,42509,0,2147483647,0.0,0.0,17,4,-79,GSM,460,1,5198,50809,0,2147483647,0.0,0.0,12,4,-89,GSM,460,1,5198,42508,0,2147483647,0.0,0.0,14,4,-85,GSM,460,1,5198,44572,0,2147483647,0.0,0.0,12,4,-89,GSM,460,1,5198,42518,0,2147483647,0.0,0.0,12,4,-89,GSM,460,1,5198,42519,0,2147483647,0.0,0.0,11,3,-91,GSM
1523610982010,121.21010849,31.28462557,25.0,10.0,1.9243959,-63,true,-1,-1,5,46.0,4000.0,-27.880859375,2.67486572265625,32.06787109375,-0.3835586607456207,-0.4123896360397339,-2.609252691268921,460,1,5198,42507,0,-1,0.0,0.0,0,0,0,,7,460,1,5198,42507,0,2147483647,0.0,0.0,25,4,-63,GSM,460,1,5198,42509,0,2147483647,0.0,0.0,17,4,-79,GSM,460,1,5198,50809,0,2147483647,0.0,0.0,12,4,-89,GSM,460,1,5198,42508,0,2147483647,0.0,0.0,14,4,-85,GSM,460,1,5198,44572,0,2147483647,0.0,0.0,13,4,-87,GSM,460,1,5198,42518,0,2147483647,0.0,0.0,14,4,-85,GSM,460,1,5198,42519,0,2147483647,0.0,0.0,12,4,-89,GSM
1523610985069,121.21010947,31.28465615,25.0,8.0,2.2722015,-63,true,-1,-1,5,46.0,4000.0,-27.7099609375,-4.8248291015625,34.16748046875,-0.5139501690864563,-0.7118347883224487,-2.7694849967956543,460,1,5198,42507,0,-1,0.0,0.0,0,0,0,,7,460,1,5198,42507,0,2147483647,0.0,0.0,23,4,-67,GSM,460,1,5198,42509,0,2147483647,0.0,0.0,17,4,-79,GSM,460,1,5198,50809,0,2147483647,0.0,0.0,12,4,-89,GSM,460,1,5198,42508,0,2147483647,0.0,0.0,14,4,-85,GSM,460,1,5198,44572,0,2147483647,0.0,0.0,14,4,-85,GSM,460,1,5198,42518,0,2147483647,0.0,0.0,15,4,-83,GSM,460,1,5198,42519,0,2147483647,0.0,0.0,12,4,-89,GSM
1523610988134,121.21011005,31.28473252,24.0,9.0,2.8729427,-65,true,-1,-1,5,46.0,4000.0,-28.73992919921875,-2.42462158203125,31.768798828125,-0.3098871409893036,-0.5851974487304688,-2.5663907527923584,460,1,5198,42507,0,-1,0.0,0.0,0,0,0,,7,460,1,5198,42507,0,2147483647,0.0,0.0,22,4,-69,GSM,460,1,5198,42509,0,2147483647,0.0,0.0,17,4,-79,GSM,460,1,5198,50809,0,2147483647,0.0,0.0,12,4,-89,GSM,460,1,5198,42508,0,2147483647,0.0,0.0,15,4,-83,GSM,460,1,5198,44572,0,2147483647,0.0,0.0,14,4,-85,GSM,460,1,5198,42518,0,2147483647,0.0,0.0,15,4,-83,GSM,460,1,5198,42519,0,2147483647,0.0,0.0,14,4,-85,GSM
1523610991196,121.21003199,31.28486853,18.0,7.0,3.1046576,-65,true,-1,-1,5,46.0,4000.0,-29.60968017578125,-1.22528076171875,26.068115234375,-0.6130668520927429,-0.45050379633903503,-2.571103096008301,460,1,5198,42507,0,-1,0.0,0.0,0,0,0,,7,460,1,5198,42507,0,2147483647,0.0,0.0,23,4,-67,GSM,460,1,5198,42509,0,2147483647,0.0,0.0,17,4,-79,GSM,460,1,5198,50809,0,2147483647,0.0,0.0,12,4,-89,GSM,460,1,5198,42508,0,2147483647,0.0,0.0,16,4,-81,GSM,460,1,5198,44572,0,2147483647,0.0,0.0,14,4,-85,GSM,460,1,5198,42518,0,2147483647,0.0,0.0,17,4,-79,GSM,460,1,5198,42519,0,2147483647,0.0,0.0,14,4,-85,GSM
1523610994245,121.21006082,31.28494234,20.0,8.0,3.2035139,-65,true,-1,-1,5,46.0,4000.0,-5.54046630859375,12.8753662109375,-49.8321533203125,-0.0639999657869339,-0.523944079875946,-0.1570223867893219,460,1,5198,42507,0,-1,0.0,0.0,0,0,0,,7,460,1,5198,42507,0,2147483647,0.0,0.0,24,4,-65,GSM,460,1,5198,42509,0,2147483647,0.0,0.0,15,4,-83,GSM,460,1,5198,42508,0,2147483647,0.0,0.0,16,4,-81,GSM,460,1,5198,44572,0,2147483647,0.0,0.0,14,4,-85,GSM,460,1,5198,42518,0,2147483647,0.0,0.0,17,4,-79,GSM,460,1,5198,42519,0,2147483647,0.0,0.0,14,4,-85,GSM,460,1,5198,49989,0,2147483647,0.0,0.0,12,4,-89,GSM
1523610997328,121.2100869,31.28504041,20.0,8.0,3.36,-65,true,-1,-1,5,46.0,4000.0,-32.89947509765625,-6.6253662109375,26.9683837890625,-1.4275048971176147,-0.2216159552335739,-2.63128662109375,460,1,5198,42507,0,-1,0.0,0.0,0,0,0,,7,460,1,5198,42507,0,2147483647,0.0,0.0,24,4,-65,GSM,460,1,5198,42509,0,2147483647,0.0,0.0,15,4,-83,GSM,460,1,5198,42508,0,2147483647,0.0,0.0,15,4,-83,GSM,460,1,5198,44572,0,2147483647,0.0,0.0,14,4,-85,GSM,460,1,5198,42518,0,2147483647,0.0,0.0,20,4,-73,GSM,460,1,5198,42519,0,2147483647,0.0,0.0,15,4,-83,GSM,460,1,5198,49989,0,2147483647,0.0,0.0,12,4,-89,GSM
1523611000402,121.21005455,31.28516362,21.0,6.0,4.0091023,-63,true,-1,-1,5,46.0,4000.0,-33.25042724609375,-9.32464599609375,23.36883544921875,-1.2785464525222778,-0.3831334114074707,-2.6170642375946045,460,1,5198,42507,0,-1,0.0,0.0,0,0,0,,7,460,1,5198,42507,0,2147483647,0.0,0.0,24,4,-65,GSM,460,1,5198,42509,0,2147483647,0.0,0.0,16,4,-81,GSM,460,1,5198,42508,0,2147483647,0.0,0.0,15,4,-83,GSM,460,1,5198,44572,0,2147483647,0.0,0.0,14,4,-85,GSM,460,1,5198,42518,0,2147483647,0.0,0.0,21,4,-71,GSM,460,1,5198,42519,0,2147483647,0.0,0.0,15,4,-83,GSM,460,1,5198,49989,0,2147483647,0.0,0.0,12,4,-89,GSM
1523611003466,121.21000957,31.28527912,20.0,4.0,4.0504446,-63,true,-1,-1,5,46.0,4000.0,-33.07037353515625,-13.22479248046875,24.8687744140625,-1.1576980352401733,-0.5807101130485535,-2.7218897342681885,460,1,5198,42507,0,-1,0.0,0.0,0,0,0,,6,460,1,5198,42507,0,2147483647,0.0,0.0,22,4,-69,GSM,460,1,5198,42509,0,2147483647,0.0,0.0,17,4,-79,GSM,460,1,5198,42508,0,2147483647,0.0,0.0,15,4,-83,GSM,460,1,5198,44572,0,2147483647,0.0,0.0,14,4,-85,GSM,460,1,5198,42518,0,2147483647,0.0,0.0,21,4,-71,GSM,460,1,5198,42519,0,2147483647,0.0,0.0,16,4,-81,GSM
1523611006543,121.21000603,31.28537554,21.0,6.0,3.7802117,-69,true,-1,-1,5,46.0,4000.0,-32.7301025390625,-11.724853515625,23.66790771484375,-1.0595346689224243,-0.5812414884567261,-2.6572914123535156,460,1,5198,42507,0,-1,0.0,0.0,0,0,0,,7,460,1,5198,42507,0,2147483647,0.0,0.0,22,4,-69,GSM,460,1,5198,42509,0,2147483647,0.0,0.0,17,4,-79,GSM,460,1,5198,42508,0,2147483647,0.0,0.0,14,4,-85,GSM,460,1,5198,44572,0,2147483647,0.0,0.0,12,4,-89,GSM,460,1,5198,42518,0,2147483647,0.0,0.0,23,4,-67,GSM,460,1,5198,42519,0,2147483647,0.0,0.0,17,4,-79,GSM,460,1,5198,42517,0,2147483647,0.0,0.0,13,4,-87,GSM
1523611009605,121.20993786,31.28547192,17.0,7.0,4.1309805,-69,true,-1,-1,5,46.0,4000.0,-33.07037353515625,-19.22454833984375,21.868896484375,-1.6797877550125122,-0.4711958169937134,-2.780697822570801,460,1,5198,42507,0,-1,0.0,0.0,0,0,0,,7,460,1,5198,42507,0,2147483647,0.0,0.0,20,4,-73,GSM,460,1,5198,42509,0,2147483647,0.0,0.0,17,4,-79,GSM,460,1,5198,42508,0,2147483647,0.0,0.0,14,4,-85,GSM,460,1,5198,44572,0,2147483647,0.0,0.0,12,4,-89,GSM,460,1,5198,42518,0,2147483647,0.0,0.0,24,4,-65,GSM,460,1,5198,42519,0,2147483647,0.0,0.0,17,4,-79,GSM,460,1,5198,42517,0,2147483647,0.0,0.0,14,4,-85,GSM
1523611012674,121.20984904,31.2855768,17.0,7.0,4.281682,-73,true,-1,-1,5,46.0,4000.0,-31.8603515625,-23.724365234375,21.56829833984375,-1.959134578704834,-0.41845691204071045,-2.7402985095977783,460,1,5198,42518,0,-1,0.0,0.0,0,0,0,,6,460,1,5198,42518,0,2147483647,0.0,0.0,26,4,-61,GSM,460,1,5198,42509,0,2147483647,0.0,0.0,17,4,-79,GSM,460,1,5198,42508,0,2147483647,0.0,0.0,14,4,-85,GSM,460,1,5198,42519,0,2147483647,0.0,0.0,16,4,-81,GSM,460,1,5198,42517,0,2147483647,0.0,0.0,14,4,-85,GSM,460,1,5198,42507,0,2147483647,0.0,0.0,20,4,-73,GSM
1523611016373,121.20974807,31.28567211,20.0,7.0,3.0436983,-63,true,-1,-1,5,46.0,4000.0,-34.80987548828125,-20.12481689453125,18.267822265625,-1.6957165002822876,-0.4824197292327881,-2.6559460163116455,460,1,5198,42518,0,-1,0.0,0.0,0,0,0,,6,460,1,5198,42518,0,2147483647,0.0,0.0,27,4,-59,GSM,460,1,5198,42509,0,2147483647,0.0,0.0,18,4,-77,GSM,460,1,5198,42508,0,2147483647,0.0,0.0,13,4,-87,GSM,460,1,5198,42519,0,2147483647,0.0,0.0,17,4,-79,GSM,460,1,5198,42517,0,2147483647,0.0,0.0,15,4,-83,GSM,460,1,5198,42507,0,2147483647,0.0,0.0,20,4,-73,GSM
1523611019432,121.20965678,31.28573695,20.0,7.0,3.490129,-59,true,-1,-1,5,46.0,4000.0,-36.54022216796875,-17.12493896484375,20.66802978515625,-1.6568365097045898,-0.3922262191772461,-2.584212064743042,460,1,5198,42518,0,-1,0.0,0.0,0,0,0,,6,460,1,5198,42518,0,2147483647,0.0,0.0,27,4,-59,GSM,460,1,5198,42509,0,2147483647,0.0,0.0,18,4,-77,GSM,460,1,5198,42508,0,2147483647,0.0,0.0,13,4,-87,GSM,460,1,5198,42519,0,2147483647,0.0,0.0,16,4,-81,GSM,460,1,5198,42517,0,2147483647,0.0,0.0,16,4,-81,GSM,460,1,5198,42507,0,2147483647,0.0,0.0,19,4,-75,GSM
1523611022479,121.20956019,31.28581326,24.0,5.0,2.7921677,-59,true,-1,-1,5,46.0,4000.0,-35.49957275390625,-19.82421875,16.46881103515625,-1.8645079135894775,-0.3711816072463989,-2.6713130474090576,460,1,5198,42518,0,-1,0.0,0.0,0,0,0,,6,460,1,5198,42518,0,2147483647,0.0,0.0,25,4,-63,GSM,460,1,5198,42509,0,2147483647,0.0,0.0,18,4,-77,GSM,460,1,5198,42508,0,2147483647,0.0,0.0,13,4,-87,GSM,460,1,5198,42519,0,2147483647,0.0,0.0,17,4,-79,GSM,460,1,5198,42517,0,2147483647,0.0,0.0,16,4,-81,GSM,460,1,5198,42507,0,2147483647,0.0,0.0,20,4,-73,GSM
1523611025545,121.20941083,31.28585422,16.0,5.0,3.0600653,-63,true,-1,-1,5,46.0,4000.0,-29.78057861328125,-14.7247314453125,14.36767578125,-1.6935596466064453,-0.4250940680503845,-2.6519601345062256,460,1,5198,42518,0,-1,0.0,0.0,0,0,0,,6,460,1,5198,42518,0,2147483647,0.0,0.0,27,4,-59,GSM,460,1,5198,42509,0,2147483647,0.0,0.0,18,4,-77,GSM,460,1,5198,42508,0,2147483647,0.0,0.0,13,4,-87,GSM,460,1,5198,42519,0,2147483647,0.0,0.0,17,4,-79,GSM,460,1,5198,42517,0,2147483647,0.0,0.0,17,4,-79,GSM,460,1,5198,42507,0,2147483647,0.0,0.0,20,4,-73,GSM
1523611028635,121.20933791,31.28590949,12.0,5.0,2.810071,-59,true,-1,-1,5,46.0,4000.0,-30.65032958984375,13.775634765625,37.46795654296875,-0.3561268448829651,-0.33445489406585693,-2.6768720149993896,460,1,5198,42518,0,-1,0.0,0.0,0,0,0,,6,460,1,5198,42518,0,2147483647,0.0,0.0,27,4,-59,GSM,460,1,5198,42509,0,2147483647,0.0,0.0,18,4,-77,GSM,460,1,5198,42508,0,2147483647,0.0,0.0,14,4,-85,GSM,460,1,5198,42519,0,2147483647,0.0,0.0,18,4,-77,GSM,460,1,5198,42517,0,2147483647,0.0,0.0,17,4,-79,GSM,460,1,5198,42507,0,2147483647,0.0,0.0,20,4,-73,GSM
1523611031686,121.20929713,31.28597136,13.0,5.0,2.4800806,-59,true,-1,-1,5,46.0,4000.0,-17.3095703125,-8.7249755859375,49.76806640625,0.4074047803878784,-0.31064966320991516,-2.7432212829589844,460,1,5198,42518,0,-1,0.0,0.0,0,0,0,,6,460,1,5198,42518,0,2147483647,0.0,0.0,25,4,-63,GSM,460,1,5198,42509,0,2147483647,0.0,0.0,18,4,-77,GSM,460,1,5198,42508,0,2147483647,0.0,0.0,14,4,-85,GSM,460,1,5198,42519,0,2147483647,0.0,0.0,18,4,-77,GSM,460,1,5198,42517,0,2147483647,0.0,0.0,17,4,-79,GSM,460,1,5198,42507,0,2147483647,0.0,0.0,21,4,-71,GSM
1523611034762,121.20931088,31.2860385,16.0,4.0,2.6709175,-63,true,-1,-1,5,46.0,4000.0,-7.96051025390625,-0.0244140625,44.9676513671875,0.6537765860557556,-0.48316827416419983,-2.6247496604919434,460,1,5198,42518,0,-1,0.0,0.0,0,0,0,,6,460,1,5198,42518,0,2147483647,0.0,0.0,22,4,-69,GSM,460,1,5198,42509,0,2147483647,0.0,0.0,17,4,-79,GSM,460,1,5198,42508,0,2147483647,0.0,0.0,15,4,-83,GSM,460,1,5198,42519,0,2147483647,0.0,0.0,18,4,-77,GSM,460,1,5198,42517,0,2147483647,0.0,0.0,15,4,-83,GSM,460,1,5198,42507,0,2147483647,0.0,0.0,22,4,-69,GSM
1523611037819,121.20936875,31.28610677,16.0,5.0,2.8001606,-67,true,-1,-1,5,46.0,4000.0,-7.60955810546875,2.37579345703125,43.16864013671875,0.5073110461235046,-0.4536491632461548,-2.701857566833496,460,1,5198,42518,0,-1,0.0,0.0,0,0,0,,6,460,1,5198,42518,0,2147483647,0.0,0.0,25,4,-63,GSM,460,1,5198,42509,0,2147483647,0.0,0.0,16,4,-81,GSM,460,1,5198,42508,0,2147483647,0.0,0.0,15,4,-83,GSM,460,1,5198,42519,0,2147483647,0.0,0.0,18,4,-77,GSM,460,1,5198,42517,0,2147483647,0.0,0.0,14,4,-85,GSM,460,1,5198,42507,0,2147483647,0.0,0.0,22,4,-69,GSM
1523611040870,121.20943743,31.28617635,16.0,4.0,2.6612027,-61,true,-1,-1,5,46.0,4000.0,-9.3505859375,12.57476806640625,30.56793212890625,0.11172201484441757,-0.41052156686782837,-2.759556293487549,460,1,5198,42518,0,-1,0.0,0.0,0,0,0,,6,460,1,5198,42518,0,2147483647,0.0,0.0,25,4,-63,GSM,460,1,5198,42509,0,2147483647,0.0,0.0,16,4,-81,GSM,460,1,5198,42508,0,2147483647,0.0,0.0,14,4,-85,GSM,460,1,5198,42519,0,2147483647,0.0,0.0,18,4,-77,GSM,460,1,5198,42517,0,2147483647,0.0,0.0,14,4,-85,GSM,460,1,5198,42507,0,2147483647,0.0,0.0,22,4,-69,GSM
1523611043927,121.2094939,31.28623782,17.0,3.0,2.51,-65,true,-1,-1,5,46.0,4000.0,-18.3502197265625,11.37542724609375,41.9677734375,-0.006472752895206213,-0.4005381762981415,-2.7333998680114746,460,1,5198,42518,0,-1,0.0,0.0,0,0,0,,6,460,1,5198,42518,0,2147483647,0.0,0.0,22,4,-69,GSM,460,1,5198,42509,0,2147483647,0.0,0.0,16,4,-81,GSM,460,1,5198,42508,0,2147483647,0.0,0.0,13,4,-87,GSM,460,1,5198,42519,0,2147483647,0.0,0.0,18,4,-77,GSM,460,1,5198,42517,0,2147483647,0.0,0.0,12,4,-89,GSM,460,1,5198,42507,0,2147483647,0.0,0.0,23,4,-67,GSM
1523611046987,121.20954675,31.28629566,17.0,4.0,3.2500155,-65,true,-1,-1,5,46.0,4000.0,-12.98065185546875,9.57489013671875,47.06878662109375,0.24562638998031616,-0.5031003355979919,-2.7094454765319824,460,1,5198,42518,0,-1,0.0,0.0,0,0,0,,6,460,1,5198,42518,0,2147483647,0.0,0.0,21,4,-71,GSM,460,1,5198,42509,0,2147483647,0.0,0.0,16,4,-81,GSM,460,1,5198,42508,0,2147483647,0.0,0.0,13,4,-87,GSM,460,1,5198,42519,0,2147483647,0.0,0.0,18,4,-77,GSM,460,1,5198,42507,0,2147483647,0.0,0.0,23,4,-67,GSM,0,0,0,-1,0,2147483647,0.0,0.0,12,4,-89,GSM
1523611050054,121.20960994,31.28637152,18.0,5.0,3.330015,-69,true,-1,-1,5,46.0,4000.0,-15.7501220703125,8.37554931640625,42.8680419921875,0.09593459963798523,-0.3951060175895691,-2.7361929416656494,460,1,5198,42507,0,-1,0.0,0.0,0,0,0,,5,460,1,5198,42507,0,2147483647,0.0,0.0,18,4,-77,GSM,460,1,5198,42509,0,2147483647,0.0,0.0,18,4,-77,GSM,460,1,5198,42508,0,2147483647,0.0,0.0,13,4,-87,GSM,460,1,5198,42519,0,2147483647,0.0,0.0,16,4,-81,GSM,0,0,0,-1,0,2147483647,0.0,0.0,14,4,-85,GSM
1523611053105,121.20970116,31.28645923,17.0,6.0,3.641662,-75,true,-1,-1,5,46.0,4000.0,-15.93017578125,5.37567138671875,46.7681884765625,0.1282309740781784,-0.5007202625274658,-2.7391960620880127,460,1,5198,42507,0,-1,0.0,0.0,0,0,0,,5,460,1,5198,42507,0,2147483647,0.0,0.0,21,4,-71,GSM,460,1,5198,42509,0,2147483647,0.0,0.0,18,4,-77,GSM,460,1,5198,42508,0,2147483647,0.0,0.0,13,4,-87,GSM,460,1,5198,42519,0,2147483647,0.0,0.0,16,4,-81,GSM,0,0,0,-1,0,2147483647,0.0,0.0,14,4,-85,GSM
1523611056166,121.20976377,31.28654469,15.0,5.0,3.510057,-69,true,-1,-1,5,46.0,4000.0,-12.12005615234375,6.57501220703125,45.56884765625,0.10030021518468857,-0.4846382141113281,-2.822383165359497,460,1,5198,42507,0,-1,0.0,0.0,0,0,0,,7,460,1,5198,42507,0,2147483647,0.0,0.0,24,4,-65,GSM,460,1,5198,42509,0,2147483647,0.0,0.0,18,4,-77,GSM,460,1,5198,42508,0,2147483647,0.0,0.0,12,4,-89,GSM,460,1,5198,42519,0,2147483647,0.0,0.0,15,4,-83,GSM,0,0,0,-1,0,2147483647,0.0,0.0,13,4,-87,GSM,460,1,5198,42518,0,2147483647,0.0,0.0,19,4,-75,GSM,460,1,5198,50807,0,2147483647,0.0,0.0,12,4,-89,GSM
1523611059238,121.2098259,31.28661745,13.0,5.0,3.3305404,-69,true,-1,-1,5,46.0,4000.0,-13.16070556640625,5.0750732421875,47.36785888671875,0.30721673369407654,-0.5574976801872253,-2.6768739223480225,460,1,5198,42507,0,-1,0.0,0.0,0,0,0,,7,460,1,5198,42507,0,2147483647,0.0,0.0,23,4,-67,GSM,460,1,5198,42509,0,2147483647,0.0,0.0,18,4,-77,GSM,460,1,5198,42508,0,2147483647,0.0,0.0,13,4,-87,GSM,460,1,5198,42519,0,2147483647,0.0,0.0,13,4,-87,GSM,0,0,0,-1,0,2147483647,0.0,0.0,13,4,-87,GSM,460,1,5198,42518,0,2147483647,0.0,0.0,19,4,-75,GSM,460,1,5198,50807,0,2147483647,0.0,0.0,11,3,-91,GSM
1523611062315,121.20989158,31.28668746,16.0,6.0,3.180566,-69,true,-1,-1,5,46.0,4000.0,-16.619873046875,2.67486572265625,44.9676513671875,0.08871924132108688,-0.4566466808319092,-2.7439138889312744,460,1,5198,42507,0,-1,0.0,0.0,0,0,0,,7,460,1,5198,42507,0,2147483647,0.0,0.0,23,4,-67,GSM,460,1,5198,42509,0,2147483647,0.0,0.0,18,4,-77,GSM,460,1,5198,42519,0,2147483647,0.0,0.0,13,4,-87,GSM,0,0,0,-1,0,2147483647,0.0,0.0,13,4,-87,GSM,460,1,5198,42518,0,2147483647,0.0,0.0,19,4,-75,GSM,460,1,5198,44572,0,2147483647,0.0,0.0,14,4,-85,GSM,460,1,5198,49989,0,2147483647,0.0,0.0,13,4,-87,GSM
1523611065393,121.20998474,31.28680939,16.0,6.0,3.4402325,-69,true,-1,-1,5,46.0,4000.0,-11.94000244140625,6.8756103515625,46.46759033203125,0.26293063163757324,-0.39473363757133484,-2.7515127658843994,460,1,5198,42507,0,-1,0.0,0.0,0,0,0,,6,460,1,5198,42507,0,2147483647,0.0,0.0,23,4,-67,GSM,460,1,5198,42509,0,2147483647,0.0,0.0,16,4,-81,GSM,460,1,5198,42518,0,2147483647,0.0,0.0,18,4,-77,GSM,460,1,5198,44572,0,2147483647,0.0,0.0,15,4,-83,GSM,460,1,5198,49989,0,2147483647,0.0,0.0,14,4,-85,GSM,460,1,5198,42508,0,2147483647,0.0,0.0,12,4,-89,GSM
1523611068465,121.21007107,31.28693599,17.0,7.0,3.630055,-69,true,-1,-1,5,46.0,4000.0,-13.67950439453125,8.6761474609375,45.867919921875,0.3085818588733673,-0.3855295777320862,-2.6792678833007813,460,1,5198,42507,0,-1,0.0,0.0,0,0,0,,7,460,1,5198,42507,0,2147483647,0.0,0.0,21,4,-71,GSM,460,1,5198,42509,0,2147483647,0.0,0.0,15,4,-83,GSM,460,1,5198,42518,0,2147483647,0.0,0.0,19,4,-75,GSM,460,1,5198,44572,0,2147483647,0.0,0.0,17,4,-79,GSM,460,1,5198,49989,0,2147483647,0.0,0.0,15,4,-83,GSM,460,1,5198,42508,0,2147483647,0.0,0.0,12,4,-89,GSM,0,0,0,-1,0,2147483647,0.0,0.0,12,4,-89,GSM
1523611071524,121.21016166,31.28702901,17.0,8.0,3.660123,-71,true,-1,-1,5,46.0,4000.0,-9.69085693359375,5.975341796875,46.7681884765625,0.2984553277492523,-0.4685923159122467,-2.7651963233947754,460,1,5198,42507,0,-1,0.0,0.0,0,0,0,,7,460,1,5198,42507,0,2147483647,0.0,0.0,20,4,-73,GSM,460,1,5198,42509,0,2147483647,0.0,0.0,15,4,-83,GSM,460,1,5198,42518,0,2147483647,0.0,0.0,18,4,-77,GSM,460,1,5198,44572,0,2147483647,0.0,0.0,17,4,-79,GSM,460,1,5198,49989,0,2147483647,0.0,0.0,15,4,-83,GSM,460,1,5198,42508,0,2147483647,0.0,0.0,12,4,-89,GSM,0,0,0,-1,0,2147483647,0.0,0.0,13,4,-87,GSM
1523611074612,121.21022476,31.2871118,17.0,8.0,3.130016,-71,true,-1,-1,5,46.0,4000.0,-13.5009765625,6.57501220703125,45.56884765625,0.35465335845947266,-0.43881404399871826,-2.6516733169555664,460,1,5198,42507,0,-1,0.0,0.0,0,0,0,,7,460,1,5198,42507,0,2147483647,0.0,0.0,18,4,-77,GSM,460,1,5198,42509,0,2147483647,0.0,0.0,13,4,-87,GSM,460,1,5198,42518,0,2147483647,0.0,0.0,18,4,-77,GSM,460,1,5198,44572,0,2147483647,0.0,0.0,19,4,-75,GSM,460,1,5198,49989,0,2147483647,0.0,0.0,17,4,-79,GSM,0,0,0,-1,0,2147483647,0.0,0.0,12,4,-89,GSM,460,1,5198,49988,0,2147483647,0.0,0.0,13,4,-87,GSM
1523611077675,121.21031344,31.2872029,21.0,7.0,2.9110997,-77,true,-1,-1,5,46.0,4000.0,-9.87091064453125,10.17608642578125,49.46746826171875,0.3829343318939209,-0.49741512537002563,-2.6845552921295166,460,1,5198,42507,0,-1,0.0,0.0,0,0,0,,7,460,1,5198,42507,0,2147483647,0.0,0.0,15,4,-83,GSM,460,1,5198,42509,0,2147483647,0.0,0.0,13,4,-87,GSM,460,1,5198,42518,0,2147483647,0.0,0.0,20,4,-73,GSM,460,1,5198,44572,0,2147483647,0.0,0.0,18,4,-77,GSM,460,1,5198,49989,0,2147483647,0.0,0.0,17,4,-79,GSM,0,0,0,-1,0,2147483647,0.0,0.0,12,4,-89,GSM,460,1,5198,49988,0,2147483647,0.0,0.0,13,4,-87,GSM
1523611080740,121.21036386,31.2872547,22.0,7.0,3.0305939,-81,true,-1,-1,5,46.0,4000.0,-8.9996337890625,9.27581787109375,48.5687255859375,0.39660218358039856,-0.48768243193626404,-2.6963696479797363,460,1,5198,42507,0,-1,0.0,0.0,0,0,0,,6,460,1,5198,42507,0,2147483647,0.0,0.0,15,4,-83,GSM,460,1,5198,42518,0,2147483647,0.0,0.0,21,4,-71,GSM,460,1,5198,44572,0,2147483647,0.0,0.0,17,4,-79,GSM,460,1,5198,49989,0,2147483647,0.0,0.0,18,4,-77,GSM,460,1,5198,49988,0,2147483647,0.0,0.0,13,4,-87,GSM,460,1,5198,1186,0,2147483647,0.0,0.0,14,4,-85,GSM
1523611083811,121.21042743,31.28733212,23.0,6.0,3.1622777,-81,true,-1,-1,5,46.0,4000.0,-19.05059814453125,7.1746826171875,41.9677734375,-0.13582536578178406,-0.3389279842376709,-2.7809245586395264,460,1,5198,42518,0,-1,0.0,0.0,0,0,0,,6,460,1,5198,42518,0,2147483647,0.0,0.0,23,4,-67,GSM,460,1,5198,44572,0,2147483647,0.0,0.0,17,4,-79,GSM,460,1,5198,49988,0,2147483647,0.0,0.0,14,4,-85,GSM,460,1,5198,1186,0,2147483647,0.0,0.0,14,4,-85,GSM,460,1,5198,42507,0,2147483647,0.0,0.0,15,4,-83,GSM,460,1,5198,49989,0,2147483647,0.0,0.0,18,4,-77,GSM
1523611086889,121.21049335,31.28740861,22.0,6.0,3.0600164,-65,true,-1,-1,5,46.0,4000.0,-20.78094482421875,8.074951171875,39.56756591796875,-0.06716910749673843,-0.3329111337661743,-2.6914522647857666,460,1,5198,42518,0,-1,0.0,0.0,0,0,0,,6,460,1,5198,42518,0,2147483647,0.0,0.0,22,4,-69,GSM,460,1,5198,56688,0,2147483647,0.0,0.0,17,4,-79,GSM,460,1,5198,49988,0,2147483647,0.0,0.0,14,4,-85,GSM,460,1,5198,1186,0,2147483647,0.0,0.0,14,4,-85,GSM,460,1,5198,42507,0,2147483647,0.0,0.0,15,4,-83,GSM,460,1,5198,49989,0,2147483647,0.0,0.0,19,4,-75,GSM
1523611089970,121.2105397,31.28749223,23.0,5.0,3.45,-65,true,-1,-1,5,46.0,4000.0,-25.28076171875,4.47540283203125,34.7686767578125,-0.4647718369960785,-0.458042711019516,-2.7768149375915527,460,1,5198,42518,0,-1,0.0,0.0,0,0,0,,6,460,1,5198,42518,0,2147483647,0.0,0.0,22,4,-69,GSM,460,1,5198,56688,0,2147483647,0.0,0.0,17,4,-79,GSM,460,1,5198,1186,0,2147483647,0.0,0.0,14,4,-85,GSM,460,1,5198,42507,0,2147483647,0.0,0.0,16,4,-81,GSM,460,1,5198,49989,0,2147483647,0.0,0.0,19,4,-75,GSM,460,1,5198,42517,0,2147483647,0.0,0.0,14,4,-85,GSM
1523611093032,121.21056364,31.28759494,24.0,5.0,3.500057,-65,true,-1,-1,5,46.0,4000.0,-25.970458984375,6.57501220703125,35.36834716796875,-0.24601207673549652,-0.4237166941165924,-2.645223379135132,460,1,5198,42518,0,-1,0.0,0.0,0,0,0,,6,460,1,5198,42518,0,2147483647,0.0,0.0,24,4,-65,GSM,460,1,5198,56688,0,2147483647,0.0,0.0,17,4,-79,GSM,460,1,5198,42507,0,2147483647,0.0,0.0,16,4,-81,GSM,460,1,5198,49989,0,2147483647,0.0,0.0,19,4,-75,GSM,460,1,5198,42517,0,2147483647,0.0,0.0,14,4,-85,GSM,460,1,5198,49988,0,2147483647,0.0,0.0,14,4,-85,GSM
1523611096096,121.21058524,31.28768181,15.0,5.0,3.0847528,-63,true,-1,-1,5,46.0,4000.0,-12.4603271484375,8.9752197265625,47.36785888671875,0.3850826323032379,-0.4618350863456726,-2.6402056217193604,460,1,5198,42518,0,-1,0.0,0.0,0,0,0,,6,460,1,5198,42518,0,2147483647,0.0,0.0,23,4,-67,GSM,460,1,5198,56688,0,2147483647,0.0,0.0,17,4,-79,GSM,460,1,5198,42507,0,2147483647,0.0,0.0,16,4,-81,GSM,460,1,5198,49989,0,2147483647,0.0,0.0,18,4,-77,GSM,460,1,5198,42517,0,2147483647,0.0,0.0,15,4,-83,GSM,460,1,5198,49988,0,2147483647,0.0,0.0,15,4,-83,GSM
1523611099157,121.21062312,31.28774987,15.0,8.0,3.0213408,-65,true,-1,-1,5,46.0,4000.0,-10.56060791015625,17.67578125,37.46795654296875,0.6986632943153381,-0.273789644241333,-2.277306079864502,460,1,5198,42518,0,-1,0.0,0.0,0,0,0,,6,460,1,5198,42518,0,2147483647,0.0,0.0,25,4,-63,GSM,460,1,5198,56688,0,2147483647,0.0,0.0,18,4,-77,GSM,460,1,5198,42507,0,2147483647,0.0,0.0,16,4,-81,GSM,460,1,5198,49989,0,2147483647,0.0,0.0,18,4,-77,GSM,460,1,5198,42517,0,2147483647,0.0,0.0,15,4,-83,GSM,460,1,5198,49988,0,2147483647,0.0,0.0,16,4,-81,GSM
1523611102222,121.21064286,31.28788671,18.0,18.0,2.120212,-63,true,-1,-1,5,46.0,4000.0,-8.3099365234375,16.7755126953125,41.9677734375,0.44847187399864197,-0.20945695042610168,-2.6617157459259033,460,1,5198,42518,0,-1,0.0,0.0,0,0,0,,6,460,1,5198,42518,0,2147483647,0.0,0.0,28,4,-57,GSM,460,1,5198,56688,0,2147483647,0.0,0.0,18,4,-77,GSM,460,1,5198,42507,0,2147483647,0.0,0.0,15,4,-83,GSM,460,1,5198,49989,0,2147483647,0.0,0.0,18,4,-77,GSM,460,1,5198,42517,0,2147483647,0.0,0.0,17,4,-79,GSM,460,1,5198,49988,0,2147483647,0.0,0.0,16,4,-81,GSM
1523611105279,121.21067199,31.28792874,14.0,16.0,1.1443776,-55,true,-1,-1,5,46.0,4000.0,-12.640380859375,4.1748046875,44.06890869140625,0.4102381765842438,-0.3811139762401581,-2.6655819416046143,460,1,5198,42518,0,-1,0.0,0.0,0,0,0,,6,460,1,5198,42518,0,2147483647,0.0,0.0,29,4,-55,GSM,460,1,5198,56688,0,2147483647,0.0,0.0,18,4,-77,GSM,460,1,5198,42507,0,2147483647,0.0,0.0,15,4,-83,GSM,460,1,5198,49989,0,2147483647,0.0,0.0,19,4,-75,GSM,460,1,5198,42517,0,2147483647,0.0,0.0,17,4,-79,GSM,460,1,5198,49988,0,2147483647,0.0,0.0,16,4,-81,GSM
1523611108331,121.21071748,31.28795765,15.0,10.0,1.8109941,-55,true,-1,-1,5,46.0,4000.0,-9.69085693359375,1.1749267578125,46.7681884765625,0.4615558385848999,-0.5446096062660217,-2.6749370098114014,460,1,5198,42518,0,-1,0.0,0.0,0,0,0,,5,460,1,5198,42518,0,2147483647,0.0,0.0,26,4,-61,GSM,460,1,5198,56688,0,2147483647,0.0,0.0,19,4,-75,GSM,460,1,5198,49989,0,2147483647,0.0,0.0,19,4,-75,GSM,460,1,5198,42517,0,2147483647,0.0,0.0,18,4,-77,GSM,460,1,5198,49988,0,2147483647,0.0,0.0,16,4,-81,GSM
1523611111392,121.21077509,31.28803015,13.0,8.0,2.3,-59,true,-1,-1,5,46.0,4000.0,-9.3505859375,4.1748046875,48.5687255859375,0.5476300716400146,-0.42566677927970886,-2.659224271774292,460,1,5198,42518,0,-1,0.0,0.0,0,0,0,,5,460,1,5198,42518,0,2147483647,0.0,0.0,25,4,-63,GSM,460,1,5198,56688,0,2147483647,0.0,0.0,21,4,-71,GSM,460,1,5198,49989,0,2147483647,0.0,0.0,19,4,-75,GSM,460,1,5198,42517,0,2147483647,0.0,0.0,18,4,-77,GSM,460,1,5198,49988,0,2147483647,0.0,0.0,16,4,-81,GSM
1523611114464,121.21076469,31.28812415,13.0,8.0,2.130258,-59,true,-1,-1,5,46.0,4000.0,-13.5009765625,7.47528076171875,47.967529296875,0.7205278873443604,-0.4147934913635254,-2.4132585525512695,460,1,5198,42518,0,-1,0.0,0.0,0,0,0,,5,460,1,5198,42518,0,2147483647,0.0,0.0,20,4,-73,GSM,460,1,5198,56688,0,2147483647,0.0,0.0,21,4,-71,GSM,460,1,5198,49989,0,2147483647,0.0,0.0,19,4,-75,GSM,460,1,5198,42517,0,2147483647,0.0,0.0,18,4,-77,GSM,460,1,5198,49988,0,2147483647,0.0,0.0,16,4,-81,GSM
1523611117766,121.2107406,31.28819649,14.0,9.0,2.3234887,-71,true,-1,-1,5,46.0,4000.0,-10.38970947265625,6.8756103515625,44.9676513671875,0.6145384311676025,-0.3726828098297119,-2.568037986755371,460,1,5198,42518,0,-1,0.0,0.0,0,0,0,,4,460,1,5198,42518,0,2147483647,0.0,0.0,22,4,-69,GSM,460,1,5198,56688,0,2147483647,0.0,0.0,22,4,-69,GSM,460,1,5198,49989,0,2147483647,0.0,0.0,20,4,-73,GSM,460,1,5198,42517,0,2147483647,0.0,0.0,18,4,-77,GSM
1523611120858,121.21080081,31.28829539,12.0,10.0,2.600173,-71,true,-1,-1,5,46.0,4000.0,-8.83026123046875,7.77587890625,45.867919921875,0.6696987152099609,-0.3848554491996765,-2.545104503631592,460,1,5198,42518,0,-1,0.0,0.0,0,0,0,,4,460,1,5198,42518,0,2147483647,0.0,0.0,23,4,-67,GSM,460,1,5198,56688,0,2147483647,0.0,0.0,23,4,-67,GSM,460,1,5198,49989,0,2147483647,0.0,0.0,20,4,-73,GSM,460,1,5198,42517,0,2147483647,0.0,0.0,18,4,-77,GSM
1523611123904,121.21085382,31.28837796,15.0,10.0,2.673163,-65,true,-1,-1,5,46.0,4000.0,-8.3099365234375,10.7757568359375,48.5687255859375,0.3491876721382141,-0.3636842370033264,-2.7694647312164307,460,1,5198,42518,0,-1,0.0,0.0,0,0,0,,4,460,1,5198,42518,0,2147483647,0.0,0.0,23,4,-67,GSM,460,1,5198,56688,0,2147483647,0.0,0.0,22,4,-69,GSM,460,1,5198,49989,0,2147483647,0.0,0.0,19,4,-75,GSM,460,1,5198,42517,0,2147483647,0.0,0.0,18,4,-77,GSM
1523611126953,121.21094667,31.28847425,17.0,8.0,2.943824,-65,true,-1,-1,5,46.0,4000.0,-9.87091064453125,15.27557373046875,47.66845703125,0.34441718459129333,-0.42378124594688416,-2.68927001953125,460,1,5198,42518,0,-1,0.0,0.0,0,0,0,,4,460,1,5198,42518,0,2147483647,0.0,0.0,25,4,-63,GSM,460,1,5198,56688,0,2147483647,0.0,0.0,22,4,-69,GSM,460,1,5198,49989,0,2147483647,0.0,0.0,18,4,-77,GSM,460,1,5198,42517,0,2147483647,0.0,0.0,17,4,-79,GSM
1523611130030,121.21100495,31.28850134,15.0,6.0,3.0904043,-63,true,-1,-1,5,46.0,4000.0,-17.82989501953125,5.975341796875,44.06890869140625,0.027037255465984344,-0.47555220127105713,-2.741731882095337,460,1,5198,42518,0,-1,0.0,0.0,0,0,0,,5,460,1,5198,42518,0,2147483647,0.0,0.0,25,4,-63,GSM,460,1,5198,56688,0,2147483647,0.0,0.0,22,4,-69,GSM,460,1,5198,49989,0,2147483647,0.0,0.0,18,4,-77,GSM,460,1,5198,42517,0,2147483647,0.0,0.0,17,4,-79,GSM,460,1,5198,49988,0,2147483647,0.0,0.0,17,4,-79,GSM
1523611133107,121.21108664,31.28857004,18.0,7.0,3.43373,-63,true,-1,-1,5,46.0,4000.0,-13.85040283203125,8.37554931640625,44.9676513671875,0.2098475992679596,-0.4457366466522217,-2.7171690464019775,460,1,5198,42518,0,-1,0.0,0.0,0,0,0,,5,460,1,5198,42518,0,2147483647,0.0,0.0,23,4,-67,GSM,460,1,5198,56688,0,2147483647,0.0,0.0,22,4,-69,GSM,460,1,5198,49989,0,2147483647,0.0,0.0,18,4,-77,GSM,460,1,5198,42517,0,2147483647,0.0,0.0,18,4,-77,GSM,460,1,5198,49988,0,2147483647,0.0,0.0,17,4,-79,GSM
1523611136172,121.21121919,31.28870732,16.0,6.0,3.7729828,-65,true,-1,-1,5,46.0,4000.0,-15.240478515625,6.57501220703125,44.9676513671875,0.2638488709926605,-0.5096765756607056,-2.651392936706543,460,1,5198,42518,0,-1,0.0,0.0,0,0,0,,5,460,1,5198,42518,0,2147483647,0.0,0.0,22,4,-69,GSM,460,1,5198,56688,0,2147483647,0.0,0.0,22,4,-69,GSM,460,1,5198,49989,0,2147483647,0.0,0.0,18,4,-77,GSM,460,1,5198,42517,0,2147483647,0.0,0.0,18,4,-77,GSM,460,1,5198,49988,0,2147483647,0.0,0.0,17,4,-79,GSM
1523611139244,121.21129937,31.28877939,14.0,5.0,3.2418668,-65,true,-1,-1,5,46.0,4000.0,-13.16070556640625,6.57501220703125,44.9676513671875,0.430206835269928,-0.4992496967315674,-2.585371732711792,460,1,5198,42518,0,-1,0.0,0.0,0,0,0,,5,460,1,5198,42518,0,2147483647,0.0,0.0,23,4,-67,GSM,460,1,5198,56688,0,2147483647,0.0,0.0,21,4,-71,GSM,460,1,5198,49989,0,2147483647,0.0,0.0,19,4,-75,GSM,460,1,5198,42517,0,2147483647,0.0,0.0,18,4,-77,GSM,460,1,5198,49988,0,2147483647,0.0,0.0,17,4,-79,GSM
1523611142424,121.2113644,31.28890135,12.0,6.0,3.9308143,-65,true,-1,-1,5,46.0,4000.0,-14.3707275390625,6.8756103515625,45.867919921875,0.41953060030937195,-0.4887007772922516,-2.576399803161621,460,1,5198,42518,0,-1,0.0,0.0,0,0,0,,6,460,1,5198,42518,0,2147483647,0.0,0.0,25,4,-63,GSM,460,1,5198,56688,0,2147483647,0.0,0.0,22,4,-69,GSM,460,1,5198,49989,0,2147483647,0.0,0.0,21,4,-71,GSM,460,1,5198,42517,0,2147483647,0.0,0.0,18,4,-77,GSM,460,1,5198,49988,0,2147483647,0.0,0.0,18,4,-77,GSM,0,0,0,-1,0,2147483647,0.0,0.0,15,4,-83,GSM
1523611145499,121.21144162,31.28898705,13.0,6.0,3.6902168,-61,true,-1,-1,5,46.0,4000.0,-16.27044677734375,6.27593994140625,43.16864013671875,0.39328476786613464,-0.4794518053531647,-2.54284405708313,460,1,5198,42518,0,-1,0.0,0.0,0,0,0,,6,460,1,5198,42518,0,2147483647,0.0,0.0,28,4,-57,GSM,460,1,5198,56688,0,2147483647,0.0,0.0,24,4,-65,GSM,460,1,5198,49989,0,2147483647,0.0,0.0,21,4,-71,GSM,460,1,5198,42517,0,2147483647,0.0,0.0,18,4,-77,GSM,460,1,5198,49988,0,2147483647,0.0,0.0,18,4,-77,GSM,0,0,0,-1,0,2147483647,0.0,0.0,16,4,-81,GSM
1523611148569,121.21154979,31.28908625,16.0,8.0,2.9913542,-55,true,-1,-1,5,46.0,4000.0,-14.1998291015625,9.57489013671875,43.16864013671875,0.20811934769153595,-0.41199252009391785,-2.698803186416626,460,1,5198,42518,0,-1,0.0,0.0,0,0,0,,6,460,1,5198,42518,0,2147483647,0.0,0.0,26,4,-61,GSM,460,1,5198,56688,0,2147483647,0.0,0.0,24,4,-65,GSM,460,1,5198,49989,0,2147483647,0.0,0.0,22,4,-69,GSM,460,1,5198,42517,0,2147483647,0.0,0.0,18,4,-77,GSM,460,1,5198,49988,0,2147483647,0.0,0.0,19,4,-75,GSM,0,0,0,-1,0,2147483647,0.0,0.0,16,4,-81,GSM
1523611151640,121.21158895,31.28913109,14.0,5.0,2.830159,-59,true,-1,-1,5,46.0,4000.0,-5.8807373046875,5.67474365234375,50.96893310546875,0.678289532661438,-0.4610918462276459,-2.6072535514831543,460,1,5198,42518,0,-1,0.0,0.0,0,0,0,,6,460,1,5198,42518,0,2147483647,0.0,0.0,26,4,-61,GSM,460,1,5198,56688,0,2147483647,0.0,0.0,25,4,-63,GSM,460,1,5198,49989,0,2147483647,0.0,0.0,22,4,-69,GSM,460,1,5198,42517,0,2147483647,0.0,0.0,15,4,-83,GSM,460,1,5198,49988,0,2147483647,0.0,0.0,20,4,-73,GSM,0,0,0,-1,0,2147483647,0.0,0.0,17,4,-79,GSM
1523611154705,121.21164417,31.28919717,13.0,4.0,2.3701897,-59,true,-1,-1,5,46.0,4000.0,-8.4808349609375,13.47503662109375,47.66845703125,0.6492922902107239,-0.3148432672023773,-2.5378315448760986,460,1,5198,42518,0,-1,0.0,0.0,0,0,0,,5,460,1,5198,42518,0,2147483647,0.0,0.0,24,4,-65,GSM,460,1,5198,56688,0,2147483647,0.0,0.0,24,4,-65,GSM,460,1,5198,49989,0,2147483647,0.0,0.0,21,4,-71,GSM,460,1,5198,42517,0,2147483647,0.0,0.0,15,4,-83,GSM,460,1,5198,49988,0,2147483647,0.0,0.0,19,4,-75,GSM
1523611157775,121.21169792,31.2892512,13.0,3.0,2.7200184,-59,true,-1,-1,5,46.0,4000.0,-7.09075927734375,3.875732421875,50.06866455078125,0.8468942642211914,-0.3470875918865204,-2.557408094406128,460,1,5198,42518,0,-1,0.0,0.0,0,0,0,,5,460,1,5198,42518,0,2147483647,0.0,0.0,23,4,-67,GSM,460,1,5198,56688,0,2147483647,0.0,0.0,25,4,-63,GSM,460,1,5198,49989,0,2147483647,0.0,0.0,21,4,-71,GSM,460,1,5198,42517,0,2147483647,0.0,0.0,14,4,-85,GSM,460,1,5198,49988,0,2147483647,0.0,0.0,19,4,-75,GSM
1523611160816,121.21177799,31.28930059,11.0,4.0,3.0100665,-67,true,-1,-1,5,46.0,4000.0,6.05926513671875,3.57513427734375,53.06854248046875,1.1954764127731323,-0.2377399206161499,-2.574327230453491,460,1,5198,42518,0,-1,0.0,0.0,0,0,0,,5,460,1,5198,42518,0,2147483647,0.0,0.0,22,4,-69,GSM,460,1,5198,56688,0,2147483647,0.0,0.0,25,4,-63,GSM,460,1,5198,49989,0,2147483647,0.0,0.0,20,4,-73,GSM,460,1,5198,42517,0,2147483647,0.0,0.0,14,4,-85,GSM,460,1,5198,49988,0,2147483647,0.0,0.0,20,4,-73,GSM
1523611163883,121.21185968,31.2893305,13.0,5.0,0.90088844,-67,true,-1,-1,5,46.0,4000.0,-6.060791015625,-27.02484130859375,36.8682861328125,2.0445556640625,-0.49587497115135193,-1.7272932529449463,460,1,5198,56688,0,-1,0.0,0.0,0,0,0,,3,460,1,5198,56688,0,2147483647,0.0,0.0,27,4,-59,GSM,460,1,5198,49989,0,2147483647,0.0,0.0,20,4,-73,GSM,460,1,5198,49988,0,2147483647,0.0,0.0,20,4,-73,GSM
1523611166979,121.2118705,31.28933045,12.0,6.0,0.8605231,-59,true,-1,-1,5,46.0,4000.0,-22.16033935546875,15.57464599609375,34.7686767578125,0.168020099401474,-0.34965988993644714,-2.455977439880371,460,1,5198,56688,0,-1,0.0,0.0,0,0,0,,4,460,1,5198,56688,0,2147483647,0.0,0.0,28,4,-57,GSM,460,1,5198,49989,0,2147483647,0.0,0.0,20,4,-73,GSM,460,1,5198,49988,0,2147483647,0.0,0.0,19,4,-75,GSM,460,1,5198,42518,0,2147483647,0.0,0.0,23,4,-67,GSM
1523611170041,121.21187239,31.289343,11.0,9.0,0.86,-59,true,-1,-1,5,46.0,4000.0,-31.69097900390625,21.875,-32.73162841796875,0.22912241518497467,-0.2693824768066406,-0.5993168354034424,460,1,5198,56688,0,-1,0.0,0.0,0,0,0,,6,460,1,5198,56688,0,2147483647,0.0,0.0,28,4,-57,GSM,460,1,5198,49989,0,2147483647,0.0,0.0,20,4,-73,GSM,460,1,5198,49988,0,2147483647,0.0,0.0,19,4,-75,GSM,460,1,5198,42518,0,2147483647,0.0,0.0,23,4,-67,GSM,460,1,5198,56689,0,2147483647,0.0,0.0,20,4,-73,GSM,0,0,0,-1,0,2147483647,0.0,0.0,17,4,-79,GSM
