IMEI:861374033830412
IMSI:460012796993062
OSVersion:3.10.73-perf-g94fc9a6
apiLevel:5.1.1
model:Redmi Note 3
device:kenzo
product:kenzo
50
1508390226635,121.21334783,31.29237924,8.0,13.0,2.0776188,-51,true,-1,-1,5,37.0,4000.0,-39.54925537109375,-208.65020751953125,423.46343994140625,3.058769702911377,-0.1649845540523529,0.039312396198511124,-2,-2,6188,27377,0,2147483647,0.0,0.0,0,0,0,,7,460,0,6188,27377,0,2147483647,0.0,0.0,31,4,-51,GSM,460,0,6188,26049,0,2147483647,0.0,0.0,28,4,-57,GSM,460,0,6188,26051,0,2147483647,0.0,0.0,26,4,-61,GSM,460,0,6182,44757,0,2147483647,0.0,0.0,21,4,-71,GSM,460,0,6182,41233,0,2147483647,0.0,0.0,19,4,-75,GSM,460,0,6188,27393,0,2147483647,0.0,0.0,21,4,-71,GSM,460,0,6188,27394,0,2147483647,0.0,0.0,24,4,-65,GSM
1508390229883,121.21334783,31.29237924,8.0,13.0,2.0776188,-51,true,-1,-1,5,37.0,4000.0,-112.2894287109375,-166.650390625,515.2633666992188,1.7898955345153809,-0.2877858877182007,-1.6881768703460693,-2,-2,6188,27377,0,2147483647,0.0,0.0,0,0,0,,7,460,0,6188,27377,0,2147483647,0.0,0.0,29,4,-55,GSM,460,0,6188,26049,0,2147483647,0.0,0.0,27,4,-59,GSM,460,0,6188,26051,0,2147483647,0.0,0.0,26,4,-61,GSM,460,0,6182,44757,0,2147483647,0.0,0.0,20,4,-73,GSM,460,0,6188,27393,0,2147483647,0.0,0.0,21,4,-71,GSM,460,0,6188,27394,0,2147483647,0.0,0.0,23,4,-67,GSM,460,0,6182,44775,0,2147483647,0.0,0.0,18,4,-77,GSM
1508390232766,121.21247459,31.29161775,109.0,29.0,1.5423683,-51,true,-1,-1,5,37.0,4000.0,-93.0694580078125,-148.651123046875,432.16400146484375,2.0134639739990234,0.0993632897734642,-1.9604833126068115,-2,-2,6188,27377,0,2147483647,0.0,0.0,0,0,0,,7,460,0,6188,27377,0,2147483647,0.0,0.0,26,4,-61,GSM,460,0,6188,26049,0,2147483647,0.0,0.0,24,4,-65,GSM,460,0,6188,26051,0,2147483647,0.0,0.0,24,4,-65,GSM,460,0,6182,44757,0,2147483647,0.0,0.0,18,4,-77,GSM,460,0,6188,27393,0,2147483647,0.0,0.0,20,4,-73,GSM,460,0,6188,27394,0,2147483647,0.0,0.0,22,4,-69,GSM,460,0,6182,44775,0,2147483647,0.0,0.0,16,4,-81,GSM
1508390236077,121.21247459,31.29161775,109.0,29.0,1.5423683,-51,true,-1,-1,5,37.0,4000.0,-84.41009521484375,-142.6513671875,426.16424560546875,2.079904556274414,0.21269771456718445,-2.016648054122925,-2,-2,6188,27377,0,2147483647,0.0,0.0,0,0,0,,7,460,0,6188,27377,0,2147483647,0.0,0.0,22,4,-69,GSM,460,0,6188,26049,0,2147483647,0.0,0.0,23,4,-67,GSM,460,0,6188,26051,0,2147483647,0.0,0.0,23,4,-67,GSM,460,0,6182,44757,0,2147483647,0.0,0.0,18,4,-77,GSM,460,0,6188,27393,0,2147483647,0.0,0.0,18,4,-77,GSM,460,0,6188,27394,0,2147483647,0.0,0.0,21,4,-71,GSM,460,0,6182,44775,0,2147483647,0.0,0.0,14,4,-85,GSM
1508390238981,121.21333713,31.29198468,24.0,18.0,0.60530984,-51,true,-1,-1,5,37.0,4000.0,-84.930419921875,-143.8507080078125,431.8634033203125,2.033702850341797,0.09811128675937653,-2.0597190856933594,-2,-2,6188,27377,0,2147483647,0.0,0.0,0,0,0,,7,460,0,6188,27377,0,2147483647,0.0,0.0,18,4,-77,GSM,460,0,6188,26049,0,2147483647,0.0,0.0,21,4,-71,GSM,460,0,6188,26051,0,2147483647,0.0,0.0,22,4,-69,GSM,460,0,6182,44757,0,2147483647,0.0,0.0,16,4,-81,GSM,460,0,6188,27393,0,2147483647,0.0,0.0,18,4,-77,GSM,460,0,6188,27394,0,2147483647,0.0,0.0,21,4,-71,GSM,460,0,6182,44775,0,2147483647,0.0,0.0,14,4,-85,GSM
1508390242250,121.21333713,31.29198468,24.0,18.0,0.60530984,-51,true,-1,-1,5,37.0,4000.0,-92.03033447265625,-153.15093994140625,422.56317138671875,2.140698194503784,0.13535866141319275,-2.1541385650634766,-2,-2,6188,27377,0,2147483647,0.0,0.0,0,0,0,,7,460,0,6188,27377,0,2147483647,0.0,0.0,19,4,-75,GSM,460,0,6188,26049,0,2147483647,0.0,0.0,21,4,-71,GSM,460,0,6188,26051,0,2147483647,0.0,0.0,20,4,-73,GSM,460,0,6182,44757,0,2147483647,0.0,0.0,15,4,-83,GSM,460,0,6188,27393,0,2147483647,0.0,0.0,18,4,-77,GSM,460,0,6188,27394,0,2147483647,0.0,0.0,21,4,-71,GSM,460,0,6182,44775,0,2147483647,0.0,0.0,13,4,-87,GSM
1508390245317,121.21315425,31.29211289,-7.0,7.0,2.9324563,-51,true,-1,-1,5,37.0,4000.0,-92.37060546875,-157.6507568359375,416.56341552734375,2.1771304607391357,0.13582336902618408,-2.185914993286133,-2,-2,6188,27377,0,2147483647,0.0,0.0,0,0,0,,7,460,0,6188,27377,0,2147483647,0.0,0.0,22,4,-69,GSM,460,0,6188,26049,0,2147483647,0.0,0.0,19,4,-75,GSM,460,0,6188,26051,0,2147483647,0.0,0.0,20,4,-73,GSM,460,0,6182,44757,0,2147483647,0.0,0.0,13,4,-87,GSM,460,0,6188,27393,0,2147483647,0.0,0.0,18,4,-77,GSM,460,0,6188,27394,0,2147483647,0.0,0.0,20,4,-73,GSM,460,0,6182,44775,0,2147483647,0.0,0.0,13,4,-87,GSM
1508390248482,121.21315425,31.29211289,-7.0,7.0,2.9324563,-51,true,-1,-1,5,37.0,4000.0,-90.289306640625,-155.25054931640625,418.963623046875,2.166374921798706,0.15126310288906097,-2.1685407161712646,-2,-2,6188,27377,0,2147483647,0.0,0.0,0,0,0,,7,460,0,6188,27377,0,2147483647,0.0,0.0,22,4,-69,GSM,460,0,6188,26049,0,2147483647,0.0,0.0,18,4,-77,GSM,460,0,6188,26051,0,2147483647,0.0,0.0,18,4,-77,GSM,460,0,6182,44757,0,2147483647,0.0,0.0,13,4,-87,GSM,460,0,6188,27393,0,2147483647,0.0,0.0,18,4,-77,GSM,460,0,6188,27394,0,2147483647,0.0,0.0,20,4,-73,GSM,460,0,6182,44775,0,2147483647,0.0,0.0,13,4,-87,GSM
1508390251590,121.21314735,31.29161998,35.0,12.0,4.469776,-51,true,-1,-1,5,37.0,4000.0,-89.43023681640625,-152.850341796875,419.26422119140625,2.151359796524048,0.14210738241672516,-2.164975643157959,-2,-2,6188,27377,0,2147483647,0.0,0.0,0,0,0,,7,460,0,6188,27377,0,2147483647,0.0,0.0,22,4,-69,GSM,460,0,6188,26049,0,2147483647,0.0,0.0,17,4,-79,GSM,460,0,6188,26051,0,2147483647,0.0,0.0,17,4,-79,GSM,460,0,6182,44757,0,2147483647,0.0,0.0,13,4,-87,GSM,460,0,6188,27393,0,2147483647,0.0,0.0,17,4,-79,GSM,460,0,6188,27394,0,2147483647,0.0,0.0,20,4,-73,GSM,460,0,6182,44775,0,2147483647,0.0,0.0,13,4,-87,GSM
1508390254453,121.21314735,31.29161998,35.0,12.0,4.469776,-51,true,-1,-1,5,37.0,4000.0,-90.11993408203125,-152.25067138671875,419.8638916015625,2.138502836227417,0.1281755417585373,-2.161163806915283,-2,-2,6188,27377,0,2147483647,0.0,0.0,0,0,0,,7,460,0,6188,27377,0,2147483647,0.0,0.0,20,4,-73,GSM,460,0,6188,26049,0,2147483647,0.0,0.0,18,4,-77,GSM,460,0,6188,26051,0,2147483647,0.0,0.0,16,4,-81,GSM,460,0,6182,44757,0,2147483647,0.0,0.0,13,4,-87,GSM,460,0,6188,27393,0,2147483647,0.0,0.0,17,4,-79,GSM,460,0,6188,27394,0,2147483647,0.0,0.0,20,4,-73,GSM,460,0,6182,44775,0,2147483647,0.0,0.0,13,4,-87,GSM
1508390257536,121.21313454,31.29147997,25.0,18.0,4.213431,-51,true,-1,-1,5,37.0,4000.0,-88.56048583984375,-150.750732421875,420.76416015625,2.1085398197174072,0.11324883997440338,-2.135601282119751,-2,-2,6188,27377,0,2147483647,0.0,0.0,0,0,0,,7,460,0,6188,27377,0,2147483647,0.0,0.0,20,4,-73,GSM,460,0,6188,26049,0,2147483647,0.0,0.0,18,4,-77,GSM,460,0,6188,26051,0,2147483647,0.0,0.0,15,4,-83,GSM,460,0,6182,44757,0,2147483647,0.0,0.0,13,4,-87,GSM,460,0,6188,27393,0,2147483647,0.0,0.0,17,4,-79,GSM,460,0,6188,27394,0,2147483647,0.0,0.0,19,4,-75,GSM,460,0,6182,44775,0,2147483647,0.0,0.0,12,4,-89,GSM
1508390260784,121.21313454,31.29147997,25.0,18.0,4.213431,-51,true,-1,-1,5,37.0,4000.0,-87.3504638671875,-146.8505859375,421.66290283203125,2.110210418701172,0.11204111576080322,-2.162541627883911,-2,-2,6188,27377,0,2147483647,0.0,0.0,0,0,0,,7,460,0,6188,27377,0,2147483647,0.0,0.0,19,4,-75,GSM,460,0,6188,26049,0,2147483647,0.0,0.0,18,4,-77,GSM,460,0,6188,26051,0,2147483647,0.0,0.0,15,4,-83,GSM,460,0,6182,44757,0,2147483647,0.0,0.0,12,4,-89,GSM,460,0,6188,27393,0,2147483647,0.0,0.0,16,4,-81,GSM,460,0,6188,27394,0,2147483647,0.0,0.0,19,4,-75,GSM,0,0,0,-1,0,2147483647,0.0,0.0,12,4,-89,GSM
1508390263873,121.21276269,31.29125041,25.0,17.0,4.091223,-51,true,-1,-1,5,37.0,4000.0,-88.22021484375,-147.45025634765625,418.963623046875,2.057103395462036,0.08249928057193756,-2.0829946994781494,-2,-2,6188,27377,0,2147483647,0.0,0.0,0,0,0,,7,460,0,6188,27377,0,2147483647,0.0,0.0,18,4,-77,GSM,460,0,6188,26049,0,2147483647,0.0,0.0,18,4,-77,GSM,460,0,6188,26051,0,2147483647,0.0,0.0,15,4,-83,GSM,460,0,6182,44757,0,2147483647,0.0,0.0,12,4,-89,GSM,460,0,6188,27393,0,2147483647,0.0,0.0,15,4,-83,GSM,460,0,6188,27394,0,2147483647,0.0,0.0,19,4,-75,GSM,460,0,6188,27395,0,2147483647,0.0,0.0,12,4,-89,GSM
1508390266918,121.21276269,31.29125041,25.0,17.0,4.091223,-51,true,-1,-1,5,37.0,4000.0,-89.43023681640625,-149.5513916015625,421.66290283203125,2.116945505142212,0.10224244743585587,-2.1718533039093018,-2,-2,6188,27377,0,2147483647,0.0,0.0,0,0,0,,7,460,0,6188,27377,0,2147483647,0.0,0.0,20,4,-73,GSM,460,0,6188,26049,0,2147483647,0.0,0.0,17,4,-79,GSM,460,0,6188,26051,0,2147483647,0.0,0.0,16,4,-81,GSM,460,0,6182,44757,0,2147483647,0.0,0.0,11,3,-91,GSM,460,0,6188,27393,0,2147483647,0.0,0.0,14,4,-85,GSM,460,0,6188,27394,0,2147483647,0.0,0.0,19,4,-75,GSM,460,0,6188,27395,0,2147483647,0.0,0.0,12,4,-89,GSM
1508390269801,121.21281802,31.29106292,2.0,24.0,3.8070724,-51,true,-1,-1,5,37.0,4000.0,-91.85028076171875,-155.5511474609375,416.26434326171875,2.168985605239868,0.13617831468582153,-2.18060564994812,-2,-2,6188,27377,0,2147483647,0.0,0.0,0,0,0,,6,460,0,6188,27377,0,2147483647,0.0,0.0,20,4,-73,GSM,460,0,6188,26049,0,2147483647,0.0,0.0,17,4,-79,GSM,460,0,6188,26051,0,2147483647,0.0,0.0,16,4,-81,GSM,460,0,6188,27393,0,2147483647,0.0,0.0,14,4,-85,GSM,460,0,6188,27394,0,2147483647,0.0,0.0,19,4,-75,GSM,460,0,6188,27395,0,2147483647,0.0,0.0,12,4,-89,GSM
1508390272869,121.21281802,31.29106292,2.0,24.0,3.8070724,-51,true,-1,-1,5,37.0,4000.0,-90.6402587890625,-152.55126953125,417.1630859375,2.1048471927642822,0.12263308465480804,-2.095945119857788,-2,-2,6188,27377,0,2147483647,0.0,0.0,0,0,0,,7,460,0,6188,27377,0,2147483647,0.0,0.0,22,4,-69,GSM,460,0,6188,26049,0,2147483647,0.0,0.0,17,4,-79,GSM,460,0,6188,26051,0,2147483647,0.0,0.0,15,4,-83,GSM,460,0,6188,27393,0,2147483647,0.0,0.0,15,4,-83,GSM,460,0,6188,27394,0,2147483647,0.0,0.0,19,4,-75,GSM,460,0,6188,27395,0,2147483647,0.0,0.0,12,4,-89,GSM,460,0,6182,41233,0,2147483647,0.0,0.0,11,3,-91,GSM
1508390276134,121.21270863,31.29077389,27.0,20.0,3.43188,-51,true,-1,-1,5,37.0,4000.0,-85.78948974609375,-146.8505859375,419.56329345703125,2.11012601852417,0.10539902746677399,-2.170124053955078,-2,-2,6188,27377,0,2147483647,0.0,0.0,0,0,0,,7,460,0,6188,27377,0,2147483647,0.0,0.0,21,4,-71,GSM,460,0,6188,26049,0,2147483647,0.0,0.0,17,4,-79,GSM,460,0,6188,26051,0,2147483647,0.0,0.0,16,4,-81,GSM,460,0,6188,27393,0,2147483647,0.0,0.0,15,4,-83,GSM,460,0,6188,27394,0,2147483647,0.0,0.0,20,4,-73,GSM,460,0,6188,27395,0,2147483647,0.0,0.0,13,4,-87,GSM,460,0,6182,41233,0,2147483647,0.0,0.0,12,4,-89,GSM
1508390279020,121.21270863,31.29077389,27.0,20.0,3.43188,-51,true,-1,-1,5,37.0,4000.0,-83.36944580078125,-142.950439453125,422.56317138671875,2.027820587158203,0.05476244166493416,-2.1020331382751465,-2,-2,6188,27377,0,2147483647,0.0,0.0,0,0,0,,7,460,0,6188,27377,0,2147483647,0.0,0.0,19,4,-75,GSM,460,0,6188,26049,0,2147483647,0.0,0.0,17,4,-79,GSM,460,0,6188,26051,0,2147483647,0.0,0.0,16,4,-81,GSM,460,0,6188,27393,0,2147483647,0.0,0.0,16,4,-81,GSM,460,0,6188,27394,0,2147483647,0.0,0.0,20,4,-73,GSM,460,0,6188,27395,0,2147483647,0.0,0.0,11,3,-91,GSM,460,0,6182,41233,0,2147483647,0.0,0.0,12,4,-89,GSM
1508390282267,121.21270863,31.29077389,27.0,20.0,3.43188,-51,true,-1,-1,5,37.0,4000.0,-85.09979248046875,-145.050048828125,421.9635009765625,2.0994296073913574,0.1113220825791359,-2.156322479248047,-2,-2,6188,27377,0,2147483647,0.0,0.0,0,0,0,,6,460,0,6188,27377,0,2147483647,0.0,0.0,18,4,-77,GSM,460,0,6188,26049,0,2147483647,0.0,0.0,17,4,-79,GSM,460,0,6188,26051,0,2147483647,0.0,0.0,16,4,-81,GSM,460,0,6188,27393,0,2147483647,0.0,0.0,16,4,-81,GSM,460,0,6188,27394,0,2147483647,0.0,0.0,20,4,-73,GSM,460,0,6182,41233,0,2147483647,0.0,0.0,13,4,-87,GSM
1508390285171,121.21245915,31.29042837,-10.0,24.0,3.4169576,-51,true,-1,-1,5,37.0,4000.0,-83.709716796875,-149.25079345703125,420.1629638671875,2.1182234287261963,0.13530318439006805,-2.1413064002990723,-2,-2,6188,27377,0,2147483647,0.0,0.0,0,0,0,,6,460,0,6188,27377,0,2147483647,0.0,0.0,18,4,-77,GSM,460,0,6188,26049,0,2147483647,0.0,0.0,17,4,-79,GSM,460,0,6188,26051,0,2147483647,0.0,0.0,16,4,-81,GSM,460,0,6188,27393,0,2147483647,0.0,0.0,16,4,-81,GSM,460,0,6188,27394,0,2147483647,0.0,0.0,21,4,-71,GSM,460,0,6182,41233,0,2147483647,0.0,0.0,13,4,-87,GSM
1508390288417,121.21245915,31.29042837,-10.0,24.0,3.4169576,-51,true,-1,-1,5,37.0,4000.0,-76.26953125,-139.9505615234375,419.8638916015625,2.084446430206299,0.09393256157636642,-2.1895270347595215,-2,-2,6188,27394,0,2147483647,0.0,0.0,0,0,0,,4,460,0,6188,27394,0,2147483647,0.0,0.0,18,4,-77,GSM,460,0,6188,26049,0,2147483647,0.0,0.0,17,4,-79,GSM,460,0,6188,26051,0,2147483647,0.0,0.0,15,4,-83,GSM,460,0,6188,27393,0,2147483647,0.0,0.0,16,4,-81,GSM
1508390291297,121.21231471,31.29018574,14.0,12.0,3.939962,-51,true,-1,-1,5,37.0,4000.0,-84.23004150390625,-144.15130615234375,415.0634765625,2.10160756111145,0.11709684878587723,-2.1447560787200928,-2,-2,6188,27394,0,2147483647,0.0,0.0,0,0,0,,6,460,0,6188,27394,0,2147483647,0.0,0.0,18,4,-77,GSM,460,0,6188,26049,0,2147483647,0.0,0.0,17,4,-79,GSM,460,0,6188,26051,0,2147483647,0.0,0.0,15,4,-83,GSM,460,0,6188,27393,0,2147483647,0.0,0.0,15,4,-83,GSM,460,0,6188,27377,0,2147483647,0.0,0.0,18,4,-77,GSM,0,0,0,-1,0,2147483647,0.0,0.0,10,3,-93,GSM
1508390294564,121.21231471,31.29018574,14.0,12.0,3.939962,-51,true,-1,-1,5,37.0,4000.0,-81.4605712890625,-141.15142822265625,414.46380615234375,2.1120705604553223,0.1267523169517517,-2.170283317565918,-2,-2,6188,27394,0,2147483647,0.0,0.0,0,0,0,,7,460,0,6188,27394,0,2147483647,0.0,0.0,20,4,-73,GSM,460,0,6188,26049,0,2147483647,0.0,0.0,17,4,-79,GSM,460,0,6188,26051,0,2147483647,0.0,0.0,15,4,-83,GSM,460,0,6188,27393,0,2147483647,0.0,0.0,15,4,-83,GSM,460,0,6188,27377,0,2147483647,0.0,0.0,18,4,-77,GSM,460,0,6188,27395,0,2147483647,0.0,0.0,10,3,-93,GSM,460,0,6182,44757,0,2147483647,0.0,0.0,12,4,-89,GSM
1508390297449,121.21206857,31.28996862,4.0,19.0,4.241698,-51,true,-1,-1,5,37.0,4000.0,-81.4605712890625,-142.950439453125,418.0633544921875,2.0773088932037354,0.08892342448234558,-2.1531715393066406,-2,-2,6188,27394,0,2147483647,0.0,0.0,0,0,0,,7,460,0,6188,27394,0,2147483647,0.0,0.0,21,4,-71,GSM,460,0,6188,26049,0,2147483647,0.0,0.0,17,4,-79,GSM,460,0,6188,26051,0,2147483647,0.0,0.0,14,4,-85,GSM,460,0,6188,27393,0,2147483647,0.0,0.0,13,4,-87,GSM,460,0,6188,27377,0,2147483647,0.0,0.0,18,4,-77,GSM,460,0,6188,27395,0,2147483647,0.0,0.0,9,3,-95,GSM,460,0,6182,44757,0,2147483647,0.0,0.0,12,4,-89,GSM
1508390300514,121.21206857,31.28996862,4.0,19.0,4.241698,-51,true,-1,-1,5,37.0,4000.0,-81.4605712890625,-142.0501708984375,418.66302490234375,2.051557779312134,0.05813901126384735,-2.1523518562316895,-2,-2,6188,27394,0,2147483647,0.0,0.0,0,0,0,,7,460,0,6188,27394,0,2147483647,0.0,0.0,21,4,-71,GSM,460,0,6188,26049,0,2147483647,0.0,0.0,18,4,-77,GSM,460,0,6188,26051,0,2147483647,0.0,0.0,14,4,-85,GSM,460,0,6188,27393,0,2147483647,0.0,0.0,13,4,-87,GSM,460,0,6188,27377,0,2147483647,0.0,0.0,19,4,-75,GSM,460,0,6188,27395,0,2147483647,0.0,0.0,9,3,-95,GSM,460,0,6182,44757,0,2147483647,0.0,0.0,12,4,-89,GSM
1508390303782,121.21206857,31.28996862,4.0,19.0,4.241698,-51,true,-1,-1,5,37.0,4000.0,-80.07965087890625,-140.850830078125,417.46368408203125,2.062103748321533,0.07414828985929489,-2.1562376022338867,-2,-2,6188,27394,0,2147483647,0.0,0.0,0,0,0,,7,460,0,6188,27394,0,2147483647,0.0,0.0,21,4,-71,GSM,460,0,6188,26049,0,2147483647,0.0,0.0,19,4,-75,GSM,460,0,6188,26051,0,2147483647,0.0,0.0,13,4,-87,GSM,460,0,6188,27393,0,2147483647,0.0,0.0,13,4,-87,GSM,460,0,6188,27377,0,2147483647,0.0,0.0,19,4,-75,GSM,460,0,6188,27395,0,2147483647,0.0,0.0,9,3,-95,GSM,460,0,6182,44757,0,2147483647,0.0,0.0,12,4,-89,GSM
1508390306664,121.21192827,31.2897231,20.0,11.0,3.3814197,-51,true,-1,-1,5,37.0,4000.0,-81.62994384765625,-142.6513671875,418.36395263671875,2.0822689533233643,0.07725932449102402,-2.1825292110443115,-2,-2,6188,27394,0,2147483647,0.0,0.0,0,0,0,,7,460,0,6188,27394,0,2147483647,0.0,0.0,22,4,-69,GSM,460,0,6188,26049,0,2147483647,0.0,0.0,19,4,-75,GSM,460,0,6188,26051,0,2147483647,0.0,0.0,13,4,-87,GSM,460,0,6188,27393,0,2147483647,0.0,0.0,11,3,-91,GSM,460,0,6188,27377,0,2147483647,0.0,0.0,19,4,-75,GSM,460,0,6182,44757,0,2147483647,0.0,0.0,12,4,-89,GSM,0,0,0,-1,0,2147483647,0.0,0.0,10,3,-93,GSM
1508390309910,121.21192827,31.2897231,20.0,11.0,3.3814197,-51,true,-1,-1,5,37.0,4000.0,-81.4605712890625,-140.850830078125,418.0633544921875,2.097834587097168,0.10960032045841217,-2.174848794937134,-2,-2,6188,27394,0,2147483647,0.0,0.0,0,0,0,,6,460,0,6188,27394,0,2147483647,0.0,0.0,23,4,-67,GSM,460,0,6188,26049,0,2147483647,0.0,0.0,19,4,-75,GSM,460,0,6188,26051,0,2147483647,0.0,0.0,13,4,-87,GSM,460,0,6188,27393,0,2147483647,0.0,0.0,11,3,-91,GSM,460,0,6188,27377,0,2147483647,0.0,0.0,20,4,-73,GSM,460,0,6182,44757,0,2147483647,0.0,0.0,12,4,-89,GSM
1508390312796,121.21192827,31.2897231,20.0,11.0,3.3814197,-51,true,-1,-1,5,37.0,4000.0,-81.2896728515625,-142.950439453125,416.56341552734375,2.0797805786132813,0.10269193351268768,-2.1354920864105225,-2,-2,6188,27394,0,2147483647,0.0,0.0,0,0,0,,6,460,0,6188,27394,0,2147483647,0.0,0.0,23,4,-67,GSM,460,0,6188,26049,0,2147483647,0.0,0.0,20,4,-73,GSM,460,0,6188,26051,0,2147483647,0.0,0.0,13,4,-87,GSM,460,0,6188,27393,0,2147483647,0.0,0.0,11,3,-91,GSM,460,0,6188,27377,0,2147483647,0.0,0.0,19,4,-75,GSM,460,0,6182,44757,0,2147483647,0.0,0.0,12,4,-89,GSM
1508390316063,121.21171028,31.28932884,16.0,11.0,2.825668,-51,true,-1,-1,5,37.0,4000.0,-80.419921875,-143.25103759765625,413.262939453125,2.1416609287261963,0.1106511726975441,-2.2334601879119873,-2,-2,6188,27394,0,2147483647,0.0,0.0,0,0,0,,6,460,0,6188,27394,0,2147483647,0.0,0.0,26,4,-61,GSM,460,0,6188,26049,0,2147483647,0.0,0.0,20,4,-73,GSM,460,0,6188,26051,0,2147483647,0.0,0.0,13,4,-87,GSM,460,0,6188,27393,0,2147483647,0.0,0.0,11,3,-91,GSM,460,0,6188,27377,0,2147483647,0.0,0.0,19,4,-75,GSM,460,0,6182,44757,0,2147483647,0.0,0.0,12,4,-89,GSM
1508390318946,121.21171028,31.28932884,16.0,11.0,2.825668,-51,true,-1,-1,5,37.0,4000.0,-81.80999755859375,-142.950439453125,418.0633544921875,2.149860382080078,0.13919420540332794,-2.2188756465911865,-2,-2,6188,27394,0,2147483647,0.0,0.0,0,0,0,,6,460,0,6188,27394,0,2147483647,0.0,0.0,29,4,-55,GSM,460,0,6188,26049,0,2147483647,0.0,0.0,22,4,-69,GSM,460,0,6188,26051,0,2147483647,0.0,0.0,14,4,-85,GSM,460,0,6188,27393,0,2147483647,0.0,0.0,14,4,-85,GSM,460,0,6188,27377,0,2147483647,0.0,0.0,20,4,-73,GSM,460,0,6182,44757,0,2147483647,0.0,0.0,13,4,-87,GSM
1508390322211,121.21148045,31.28893725,13.0,19.0,3.4648232,-51,true,-1,-1,5,37.0,4000.0,-78.34014892578125,-144.15130615234375,419.26422119140625,2.068068504333496,0.112705297768116,-2.1017043590545654,-2,-2,6188,27394,0,2147483647,0.0,0.0,0,0,0,,6,460,0,6188,27394,0,2147483647,0.0,0.0,29,4,-55,GSM,460,0,6188,26049,0,2147483647,0.0,0.0,22,4,-69,GSM,460,0,6188,26051,0,2147483647,0.0,0.0,17,4,-79,GSM,460,0,6188,27393,0,2147483647,0.0,0.0,14,4,-85,GSM,460,0,6188,27377,0,2147483647,0.0,0.0,20,4,-73,GSM,460,0,6182,44757,0,2147483647,0.0,0.0,14,4,-85,GSM
1508390325096,121.21148045,31.28893725,13.0,19.0,3.4648232,-51,true,-1,-1,5,37.0,4000.0,-79.730224609375,-142.0501708984375,413.8641357421875,2.1042394638061523,0.10165945440530777,-2.187238931655884,-2,-2,6188,27394,0,2147483647,0.0,0.0,0,0,0,,6,460,0,6188,27394,0,2147483647,0.0,0.0,27,4,-59,GSM,460,0,6188,26049,0,2147483647,0.0,0.0,23,4,-67,GSM,460,0,6188,26051,0,2147483647,0.0,0.0,17,4,-79,GSM,460,0,6188,27393,0,2147483647,0.0,0.0,14,4,-85,GSM,460,0,6188,27377,0,2147483647,0.0,0.0,19,4,-75,GSM,460,0,6182,44757,0,2147483647,0.0,0.0,14,4,-85,GSM
1508390328156,121.21143815,31.28904543,9.0,17.0,3.3379335,-51,true,-1,-1,5,37.0,4000.0,-79.89959716796875,-142.35076904296875,412.36419677734375,2.0886642932891846,0.0988323912024498,-2.1559817790985107,-2,-2,6188,27394,0,2147483647,0.0,0.0,0,0,0,,6,460,0,6188,27394,0,2147483647,0.0,0.0,21,4,-71,GSM,460,0,6188,26049,0,2147483647,0.0,0.0,23,4,-67,GSM,460,0,6188,26051,0,2147483647,0.0,0.0,19,4,-75,GSM,460,0,6188,27393,0,2147483647,0.0,0.0,14,4,-85,GSM,460,0,6188,27377,0,2147483647,0.0,0.0,19,4,-75,GSM,460,0,6182,44757,0,2147483647,0.0,0.0,14,4,-85,GSM
1508390331427,121.21143815,31.28904543,9.0,17.0,3.3379335,-51,true,-1,-1,5,37.0,4000.0,-70.379638671875,-138.1500244140625,417.46368408203125,2.0484559535980225,0.08256550878286362,-2.147287368774414,-2,-2,6188,27394,0,2147483647,0.0,0.0,0,0,0,,6,460,0,6188,27394,0,2147483647,0.0,0.0,21,4,-71,GSM,460,0,6188,26049,0,2147483647,0.0,0.0,24,4,-65,GSM,460,0,6188,26051,0,2147483647,0.0,0.0,19,4,-75,GSM,460,0,6188,27393,0,2147483647,0.0,0.0,14,4,-85,GSM,460,0,6188,27377,0,2147483647,0.0,0.0,18,4,-77,GSM,460,0,6188,27395,0,2147483647,0.0,0.0,11,3,-91,GSM
1508390334312,121.21095841,31.28851762,24.0,16.0,3.1506507,-51,true,-1,-1,5,37.0,4000.0,-50.2899169921875,-163.95111083984375,458.26416015625,1.9819437265396118,-0.013151278719305992,-2.1093132495880127,-2,-2,6188,26049,0,2147483647,0.0,0.0,0,0,0,,5,460,0,6188,26049,0,2147483647,0.0,0.0,24,4,-65,GSM,460,0,6188,26051,0,2147483647,0.0,0.0,21,4,-71,GSM,460,0,6188,27393,0,2147483647,0.0,0.0,14,4,-85,GSM,460,0,6188,27377,0,2147483647,0.0,0.0,17,4,-79,GSM,0,0,0,-1,0,2147483647,0.0,0.0,12,4,-89,GSM
1508390337573,121.21095841,31.28851762,24.0,16.0,3.1506507,-51,true,-1,-1,5,37.0,4000.0,-56.689453125,-143.25103759765625,444.16351318359375,2.0855348110198975,0.15970632433891296,-2.1729719638824463,-2,-2,6188,26049,0,2147483647,0.0,0.0,0,0,0,,5,460,0,6188,26049,0,2147483647,0.0,0.0,22,4,-69,GSM,460,0,6188,26051,0,2147483647,0.0,0.0,22,4,-69,GSM,460,0,6188,27393,0,2147483647,0.0,0.0,13,4,-87,GSM,460,0,6188,27377,0,2147483647,0.0,0.0,18,4,-77,GSM,460,0,6188,27378,0,2147483647,0.0,0.0,14,4,-85,GSM
1508390340456,121.21079734,31.28863971,16.0,17.0,4.7238226,-51,true,-1,-1,5,37.0,4000.0,-50.9796142578125,-145.6512451171875,449.86419677734375,2.0647077560424805,0.14013420045375824,-2.1651499271392822,-2,-2,6188,26049,0,2147483647,0.0,0.0,0,0,0,,6,460,0,6188,26049,0,2147483647,0.0,0.0,22,4,-69,GSM,460,0,6188,26051,0,2147483647,0.0,0.0,24,4,-65,GSM,460,0,6188,27393,0,2147483647,0.0,0.0,12,4,-89,GSM,460,0,6188,27377,0,2147483647,0.0,0.0,17,4,-79,GSM,460,0,6188,27378,0,2147483647,0.0,0.0,14,4,-85,GSM,460,0,6188,27394,0,2147483647,0.0,0.0,23,4,-67,GSM
1508390343723,121.21079734,31.28863971,16.0,17.0,4.7238226,-51,true,-1,-1,5,37.0,4000.0,-67.25921630859375,-138.45062255859375,433.6639404296875,2.102074146270752,0.06599035859107971,-2.3145830631256104,-2,-2,6188,26049,0,2147483647,0.0,0.0,0,0,0,,5,460,0,6188,26049,0,2147483647,0.0,0.0,19,4,-75,GSM,460,0,6188,26051,0,2147483647,0.0,0.0,25,4,-63,GSM,460,0,6188,27377,0,2147483647,0.0,0.0,17,4,-79,GSM,460,0,6188,27378,0,2147483647,0.0,0.0,14,4,-85,GSM,460,0,6188,27394,0,2147483647,0.0,0.0,23,4,-67,GSM
1508390346605,121.21047655,31.2886841,10.0,13.0,2.8151376,-51,true,-1,-1,5,37.0,4000.0,-81.4605712890625,-177.75115966796875,399.462890625,2.2936742305755615,0.2543734014034271,-2.1845779418945313,-2,-2,6188,26051,0,2147483647,0.0,0.0,0,0,0,,5,460,0,6188,26051,0,2147483647,0.0,0.0,23,4,-67,GSM,460,0,6188,27377,0,2147483647,0.0,0.0,17,4,-79,GSM,460,0,6188,27378,0,2147483647,0.0,0.0,15,4,-83,GSM,460,0,6188,26049,0,2147483647,0.0,0.0,19,4,-75,GSM,0,0,0,-1,0,2147483647,0.0,0.0,12,4,-89,GSM
1508390349873,121.21047655,31.2886841,10.0,13.0,2.8151376,-51,true,-1,-1,5,37.0,4000.0,-76.959228515625,-190.65093994140625,402.46429443359375,2.1357176303863525,-0.005229518748819828,-2.136645793914795,-2,-2,6188,26051,0,2147483647,0.0,0.0,0,0,0,,7,460,0,6188,26051,0,2147483647,0.0,0.0,25,4,-63,GSM,460,0,6188,27377,0,2147483647,0.0,0.0,17,4,-79,GSM,460,0,6188,27378,0,2147483647,0.0,0.0,15,4,-83,GSM,460,0,6188,26049,0,2147483647,0.0,0.0,19,4,-75,GSM,460,0,6188,27393,0,2147483647,0.0,0.0,12,4,-89,GSM,460,0,6188,27394,0,2147483647,0.0,0.0,23,4,-67,GSM,0,0,0,-1,0,2147483647,0.0,0.0,13,4,-87,GSM
1508390352754,121.21056796,31.28852944,20.0,14.0,1.2184006,-51,true,-1,-1,5,37.0,4000.0,-80.25054931640625,-181.65130615234375,388.3636474609375,2.0634617805480957,0.041388288140296936,-1.8448491096496582,-2,-2,6188,26051,0,2147483647,0.0,0.0,0,0,0,,7,460,0,6188,26051,0,2147483647,0.0,0.0,27,4,-59,GSM,460,0,6188,27377,0,2147483647,0.0,0.0,17,4,-79,GSM,460,0,6188,27378,0,2147483647,0.0,0.0,15,4,-83,GSM,460,0,6188,26049,0,2147483647,0.0,0.0,19,4,-75,GSM,460,0,6188,27393,0,2147483647,0.0,0.0,12,4,-89,GSM,460,0,6188,27394,0,2147483647,0.0,0.0,23,4,-67,GSM,460,0,6188,26050,0,2147483647,0.0,0.0,12,4,-89,GSM
1508390356022,121.21056796,31.28852944,20.0,14.0,1.2184006,-51,true,-1,-1,5,37.0,4000.0,-71.4202880859375,-189.4500732421875,417.46368408203125,2.4205615520477295,0.3925076723098755,-2.296337604522705,-2,-2,6188,26051,0,2147483647,0.0,0.0,0,0,0,,7,460,0,6188,26051,0,2147483647,0.0,0.0,26,4,-61,GSM,460,0,6188,27377,0,2147483647,0.0,0.0,15,4,-83,GSM,460,0,6188,27378,0,2147483647,0.0,0.0,15,4,-83,GSM,460,0,6188,26049,0,2147483647,0.0,0.0,18,4,-77,GSM,460,0,6188,27393,0,2147483647,0.0,0.0,12,4,-89,GSM,460,0,6188,27394,0,2147483647,0.0,0.0,23,4,-67,GSM,460,0,6188,26050,0,2147483647,0.0,0.0,11,3,-91,GSM
1508390358904,121.21048598,31.28859509,12.0,6.0,0.35846898,-51,true,-1,-1,5,37.0,4000.0,-35.38970947265625,-153.7506103515625,406.66351318359375,1.8834668397903442,0.23967666923999786,-1.272595763206482,-2,-2,6188,26051,0,2147483647,0.0,0.0,0,0,0,,7,460,0,6188,26051,0,2147483647,0.0,0.0,25,4,-63,GSM,460,0,6188,27377,0,2147483647,0.0,0.0,15,4,-83,GSM,460,0,6188,27378,0,2147483647,0.0,0.0,15,4,-83,GSM,460,0,6188,26049,0,2147483647,0.0,0.0,18,4,-77,GSM,460,0,6188,27393,0,2147483647,0.0,0.0,12,4,-89,GSM,460,0,6188,27394,0,2147483647,0.0,0.0,22,4,-69,GSM,460,0,6188,26050,0,2147483647,0.0,0.0,11,3,-91,GSM
1508390362173,121.21056127,31.28849097,22.0,12.0,1.2007498,-51,true,-1,-1,5,37.0,4000.0,-58.76922607421875,-229.95147705078125,450.762939453125,2.10965895652771,-0.07719893008470535,-2.149134397506714,-2,-2,6188,26051,0,2147483647,0.0,0.0,0,0,0,,7,460,0,6188,26051,0,2147483647,0.0,0.0,27,4,-59,GSM,460,0,6188,27377,0,2147483647,0.0,0.0,13,4,-87,GSM,460,0,6188,27378,0,2147483647,0.0,0.0,15,4,-83,GSM,460,0,6188,26049,0,2147483647,0.0,0.0,18,4,-77,GSM,460,0,6188,27393,0,2147483647,0.0,0.0,13,4,-87,GSM,460,0,6188,27394,0,2147483647,0.0,0.0,20,4,-73,GSM,460,0,6188,26050,0,2147483647,0.0,0.0,11,3,-91,GSM
1508390365054,121.21056127,31.28849097,22.0,12.0,1.2007498,-51,true,-1,-1,5,37.0,4000.0,-48.73046875,-190.65093994140625,417.7642822265625,1.9863287210464478,0.4939245581626892,-1.5402114391326904,-2,-2,6188,26051,0,2147483647,0.0,0.0,0,0,0,,6,460,0,6188,26051,0,2147483647,0.0,0.0,26,4,-61,GSM,460,0,6188,27377,0,2147483647,0.0,0.0,11,3,-91,GSM,460,0,6188,27378,0,2147483647,0.0,0.0,14,4,-85,GSM,460,0,6188,26049,0,2147483647,0.0,0.0,18,4,-77,GSM,460,0,6188,27393,0,2147483647,0.0,0.0,12,4,-89,GSM,460,0,6188,27394,0,2147483647,0.0,0.0,20,4,-73,GSM
1508390368114,121.21055539,31.28875486,15.0,13.0,0.4031129,-51,true,-1,-1,5,37.0,4000.0,-63.09967041015625,-185.55145263671875,431.26373291015625,1.9010142087936401,0.5653932690620422,-1.394022822380066,-2,-2,6188,26051,0,2147483647,0.0,0.0,0,0,0,,7,460,0,6188,26051,0,2147483647,0.0,0.0,26,4,-61,GSM,460,0,6188,27377,0,2147483647,0.0,0.0,11,3,-91,GSM,460,0,6188,27378,0,2147483647,0.0,0.0,13,4,-87,GSM,460,0,6188,26049,0,2147483647,0.0,0.0,18,4,-77,GSM,460,0,6188,27393,0,2147483647,0.0,0.0,12,4,-89,GSM,460,0,6188,27394,0,2147483647,0.0,0.0,20,4,-73,GSM,460,0,6188,26050,0,2147483647,0.0,0.0,10,3,-93,GSM
1508390371381,121.21055539,31.28875486,15.0,13.0,0.4031129,-51,true,-1,-1,5,37.0,4000.0,-66.74041748046875,-209.55047607421875,436.962890625,2.097583532333374,0.5137423276901245,-1.7153825759887695,-2,-2,6188,26051,0,2147483647,0.0,0.0,0,0,0,,6,460,0,6188,26051,0,2147483647,0.0,0.0,23,4,-67,GSM,460,0,6188,27377,0,2147483647,0.0,0.0,11,3,-91,GSM,460,0,6188,27378,0,2147483647,0.0,0.0,13,4,-87,GSM,460,0,6188,26049,0,2147483647,0.0,0.0,17,4,-79,GSM,460,0,6188,27393,0,2147483647,0.0,0.0,12,4,-89,GSM,460,0,6188,27394,0,2147483647,0.0,0.0,20,4,-73,GSM
1508390374266,121.2105459,31.28883311,8.0,17.0,0.82219213,-51,true,-1,-1,5,37.0,4000.0,-62.579345703125,-206.8511962890625,449.5635986328125,1.989906907081604,0.47781261801719666,-1.5178409814834595,-2,-2,6188,26051,0,2147483647,0.0,0.0,0,0,0,,6,460,0,6188,26051,0,2147483647,0.0,0.0,23,4,-67,GSM,460,0,6188,27377,0,2147483647,0.0,0.0,11,3,-91,GSM,460,0,6188,27378,0,2147483647,0.0,0.0,13,4,-87,GSM,460,0,6188,26049,0,2147483647,0.0,0.0,17,4,-79,GSM,460,0,6188,27393,0,2147483647,0.0,0.0,13,4,-87,GSM,460,0,6188,27394,0,2147483647,0.0,0.0,19,4,-75,GSM
1508390377331,121.2105459,31.28883311,8.0,17.0,0.82219213,-51,true,-1,-1,5,37.0,4000.0,-29.49981689453125,-117.75054931640625,419.8638916015625,-0.8880797624588013,0.8500413298606873,0.6484774947166443,-2,-2,6188,26051,0,2147483647,0.0,0.0,0,0,0,,6,460,0,6188,26051,0,2147483647,0.0,0.0,25,4,-63,GSM,460,0,6188,27378,0,2147483647,0.0,0.0,13,4,-87,GSM,460,0,6188,26049,0,2147483647,0.0,0.0,18,4,-77,GSM,460,0,6188,27393,0,2147483647,0.0,0.0,13,4,-87,GSM,460,0,6188,27394,0,2147483647,0.0,0.0,19,4,-75,GSM,460,0,6188,26050,0,2147483647,0.0,0.0,12,4,-89,GSM
