IMEI:862305032225518
IMSI:460091042103139
OSVersion:3.10.73-perf-g94fc9a6
apiLevel:5.1.1
model:Redmi Note 3
device:kenzo
product:kenzo
51
1524026497209,121.21164285,31.28922218,21.0,4.0,3.1635582,-53,true,-1,-1,5,75.0,4000.0,30.1300048828125,-33.92486572265625,-30.0323486328125,-2.566490650177002,-0.10661663115024567,0.3175032436847687,460,1,5198,56688,0,-1,0.0,0.0,0,0,0,,6,460,1,5198,56688,0,2147483647,0.0,0.0,28,4,-57,GSM,460,1,5198,42518,0,2147483647,0.0,0.0,28,4,-57,GSM,460,1,5198,56689,0,2147483647,0.0,0.0,21,4,-71,GSM,460,1,5198,49989,0,2147483647,0.0,0.0,19,4,-75,GSM,460,1,5198,42519,0,2147483647,0.0,0.0,20,4,-73,GSM,460,1,5198,42517,0,2147483647,0.0,0.0,20,4,-73,GSM
1524026500289,121.21164285,31.28922218,21.0,4.0,3.1635582,-53,true,-1,-1,5,75.0,4000.0,-15.93017578125,-52.82440185546875,19.76776123046875,-3.1110479831695557,-0.4039178788661957,-2.5097641944885254,460,1,5198,56688,0,-1,0.0,0.0,0,0,0,,6,460,1,5198,56688,0,2147483647,0.0,0.0,28,4,-57,GSM,460,1,5198,42518,0,2147483647,0.0,0.0,28,4,-57,GSM,460,1,5198,56689,0,2147483647,0.0,0.0,21,4,-71,GSM,460,1,5198,49989,0,2147483647,0.0,0.0,19,4,-75,GSM,460,1,5198,42519,0,2147483647,0.0,0.0,20,4,-73,GSM,460,1,5198,42517,0,2147483647,0.0,0.0,21,4,-71,GSM
1524026503367,121.21161544,31.28919773,14.0,4.0,1.6037768,-57,true,-1,-1,5,75.0,4000.0,-0.5096435546875,-62.72430419921875,22.46856689453125,2.7691843509674072,-0.6832584738731384,-2.3977112770080566,460,1,5198,56688,0,-1,0.0,0.0,0,0,0,,6,460,1,5198,56688,0,2147483647,0.0,0.0,28,4,-57,GSM,460,1,5198,42518,0,2147483647,0.0,0.0,28,4,-57,GSM,460,1,5198,56689,0,2147483647,0.0,0.0,21,4,-71,GSM,460,1,5198,49989,0,2147483647,0.0,0.0,19,4,-75,GSM,460,1,5198,42519,0,2147483647,0.0,0.0,21,4,-71,GSM,460,1,5198,42517,0,2147483647,0.0,0.0,21,4,-71,GSM
1524026506436,121.21159017,31.28917409,16.0,7.0,2.8917296,-57,true,-1,-1,5,75.0,4000.0,4.49981689453125,-60.0250244140625,31.768798828125,2.633847236633301,-0.5170258283615112,-2.4905014038085938,460,1,5198,56688,0,-1,0.0,0.0,0,0,0,,6,460,1,5198,56688,0,2147483647,0.0,0.0,29,4,-55,GSM,460,1,5198,42518,0,2147483647,0.0,0.0,28,4,-57,GSM,460,1,5198,56689,0,2147483647,0.0,0.0,21,4,-71,GSM,460,1,5198,49989,0,2147483647,0.0,0.0,20,4,-73,GSM,460,1,5198,42519,0,2147483647,0.0,0.0,20,4,-73,GSM,460,1,5198,42517,0,2147483647,0.0,0.0,23,4,-67,GSM
1524026509518,121.21150522,31.28910101,16.0,7.0,3.861295,-53,true,-1,-1,5,75.0,4000.0,5.889892578125,-61.82403564453125,26.9683837890625,2.7545933723449707,-0.5562223792076111,-2.708570718765259,460,1,5198,56688,0,-1,0.0,0.0,0,0,0,,7,460,1,5198,56688,0,2147483647,0.0,0.0,28,4,-57,GSM,460,1,5198,42518,0,2147483647,0.0,0.0,28,4,-57,GSM,460,1,5198,56689,0,2147483647,0.0,0.0,21,4,-71,GSM,460,1,5198,49989,0,2147483647,0.0,0.0,20,4,-73,GSM,460,1,5198,42519,0,2147483647,0.0,0.0,20,4,-73,GSM,460,1,5198,42517,0,2147483647,0.0,0.0,23,4,-67,GSM,460,1,5198,49988,0,2147483647,0.0,0.0,19,4,-75,GSM
1524026512585,121.2114227,31.28899302,16.0,8.0,3.832936,-53,true,-1,-1,5,75.0,4000.0,-0.689697265625,-61.52496337890625,23.36883544921875,2.852356195449829,-0.4605947732925415,-2.4745380878448486,460,1,5198,56688,0,-1,0.0,0.0,0,0,0,,6,460,1,5198,56688,0,2147483647,0.0,0.0,26,4,-61,GSM,460,1,5198,42518,0,2147483647,0.0,0.0,28,4,-57,GSM,460,1,5198,56689,0,2147483647,0.0,0.0,21,4,-71,GSM,460,1,5198,49989,0,2147483647,0.0,0.0,19,4,-75,GSM,460,1,5198,42517,0,2147483647,0.0,0.0,22,4,-69,GSM,460,1,5198,49988,0,2147483647,0.0,0.0,19,4,-75,GSM
1524026515667,121.2113291,31.28890514,17.0,7.0,3.9004617,-61,true,-1,-1,5,75.0,4000.0,3.9794921875,-61.82403564453125,27.86865234375,2.729982376098633,-0.49042144417762756,-2.509995222091675,460,1,5198,56688,0,-1,0.0,0.0,0,0,0,,6,460,1,5198,56688,0,2147483647,0.0,0.0,27,4,-59,GSM,460,1,5198,42518,0,2147483647,0.0,0.0,27,4,-59,GSM,460,1,5198,56689,0,2147483647,0.0,0.0,22,4,-69,GSM,460,1,5198,49989,0,2147483647,0.0,0.0,19,4,-75,GSM,460,1,5198,42517,0,2147483647,0.0,0.0,22,4,-69,GSM,460,1,5198,49988,0,2147483647,0.0,0.0,19,4,-75,GSM
1524026518739,121.21123833,31.28882159,17.0,8.0,4.2305794,-57,true,-1,-1,5,75.0,4000.0,3.9794921875,-61.82403564453125,29.66766357421875,2.71476149559021,-0.46393489837646484,-2.5087411403656006,460,1,5198,56688,0,-1,0.0,0.0,0,0,0,,6,460,1,5198,56688,0,2147483647,0.0,0.0,25,4,-63,GSM,460,1,5198,42518,0,2147483647,0.0,0.0,27,4,-59,GSM,460,1,5198,56689,0,2147483647,0.0,0.0,21,4,-71,GSM,460,1,5198,49989,0,2147483647,0.0,0.0,19,4,-75,GSM,460,1,5198,42517,0,2147483647,0.0,0.0,19,4,-75,GSM,460,1,5198,49988,0,2147483647,0.0,0.0,19,4,-75,GSM
1524026521797,121.21115543,31.2887166,16.0,9.0,3.580014,-63,true,-1,-1,5,75.0,4000.0,-0.5096435546875,-61.82403564453125,24.8687744140625,2.7740745544433594,-0.6262017488479614,-2.4853084087371826,460,1,5198,56688,0,-1,0.0,0.0,0,0,0,,6,460,1,5198,56688,0,2147483647,0.0,0.0,22,4,-69,GSM,460,1,5198,42518,0,2147483647,0.0,0.0,26,4,-61,GSM,460,1,5198,56689,0,2147483647,0.0,0.0,21,4,-71,GSM,460,1,5198,49989,0,2147483647,0.0,0.0,19,4,-75,GSM,460,1,5198,42517,0,2147483647,0.0,0.0,19,4,-75,GSM,460,1,5198,49988,0,2147483647,0.0,0.0,19,4,-75,GSM
1524026524853,121.21101384,31.28853901,17.0,7.0,4.480011,-65,true,-1,-1,5,75.0,4000.0,0.70037841796875,-61.224365234375,33.56781005859375,2.710747003555298,-0.4587312638759613,-2.5354957580566406,460,1,5198,42518,0,-1,0.0,0.0,0,0,0,,4,460,1,5198,42518,0,2147483647,0.0,0.0,26,4,-61,GSM,460,1,5198,49989,0,2147483647,0.0,0.0,19,4,-75,GSM,460,1,5198,42517,0,2147483647,0.0,0.0,19,4,-75,GSM,460,1,5198,49988,0,2147483647,0.0,0.0,19,4,-75,GSM
1524026527916,121.21096244,31.28848085,17.0,5.0,3.350955,-61,true,-1,-1,5,75.0,4000.0,4.49981689453125,-59.42535400390625,30.56793212890625,2.6608643531799316,-0.4800988435745239,-2.4790947437286377,460,1,5198,42518,0,-1,0.0,0.0,0,0,0,,4,460,1,5198,42518,0,2147483647,0.0,0.0,22,4,-69,GSM,460,1,5198,49989,0,2147483647,0.0,0.0,20,4,-73,GSM,460,1,5198,42517,0,2147483647,0.0,0.0,18,4,-77,GSM,460,1,5198,49988,0,2147483647,0.0,0.0,19,4,-75,GSM
1524026530953,121.21090698,31.28839037,16.0,4.0,4.0800123,-67,true,-1,-1,5,75.0,4000.0,-0.689697265625,-63.9251708984375,29.36859130859375,2.7443315982818604,-0.5690327286720276,-2.492079257965088,460,1,5198,42518,0,-1,0.0,0.0,0,0,0,,5,460,1,5198,42518,0,2147483647,0.0,0.0,22,4,-69,GSM,460,1,5198,49989,0,2147483647,0.0,0.0,20,4,-73,GSM,460,1,5198,42517,0,2147483647,0.0,0.0,16,4,-81,GSM,460,1,5198,49988,0,2147483647,0.0,0.0,19,4,-75,GSM,460,1,5198,56688,0,2147483647,0.0,0.0,24,4,-65,GSM
1524026534029,121.21084657,31.28828939,15.0,6.0,4.260106,-67,true,-1,-1,5,75.0,4000.0,2.07977294921875,-57.62481689453125,29.96826171875,2.6915574073791504,-0.4213067591190338,-2.4274864196777344,460,1,5198,42518,0,-1,0.0,0.0,0,0,0,,5,460,1,5198,42518,0,2147483647,0.0,0.0,24,4,-65,GSM,460,1,5198,49989,0,2147483647,0.0,0.0,19,4,-75,GSM,460,1,5198,42517,0,2147483647,0.0,0.0,16,4,-81,GSM,460,1,5198,49988,0,2147483647,0.0,0.0,18,4,-77,GSM,460,1,5198,56688,0,2147483647,0.0,0.0,24,4,-65,GSM
1524026537073,121.21083726,31.28824488,14.0,8.0,2.8800695,-67,true,-1,-1,5,75.0,4000.0,1.739501953125,-57.025146484375,32.9681396484375,2.6535065174102783,-0.41688141226768494,-2.4449892044067383,460,1,5198,42518,0,-1,0.0,0.0,0,0,0,,5,460,1,5198,42518,0,2147483647,0.0,0.0,28,4,-57,GSM,460,1,5198,49989,0,2147483647,0.0,0.0,18,4,-77,GSM,460,1,5198,42517,0,2147483647,0.0,0.0,16,4,-81,GSM,460,1,5198,49988,0,2147483647,0.0,0.0,17,4,-79,GSM,460,1,5198,56688,0,2147483647,0.0,0.0,23,4,-67,GSM
1524026540128,121.21088224,31.28828261,12.0,11.0,1.932589,-55,true,-1,-1,5,75.0,4000.0,3.45916748046875,-55.82427978515625,36.56768798828125,2.6262707710266113,-0.3328690528869629,-2.4917044639587402,460,1,5198,42518,0,-1,0.0,0.0,0,0,0,,5,460,1,5198,42518,0,2147483647,0.0,0.0,30,4,-53,GSM,460,1,5198,49989,0,2147483647,0.0,0.0,18,4,-77,GSM,460,1,5198,42517,0,2147483647,0.0,0.0,16,4,-81,GSM,460,1,5198,49988,0,2147483647,0.0,0.0,17,4,-79,GSM,460,1,5198,56688,0,2147483647,0.0,0.0,22,4,-69,GSM
1524026543231,121.2108333,31.2882382,10.0,7.0,1.1343721,-53,true,-1,-1,5,75.0,4000.0,-0.689697265625,-58.52508544921875,35.968017578125,2.709819793701172,-0.3246598243713379,-2.488905668258667,460,1,5198,42518,0,-1,0.0,0.0,0,0,0,,5,460,1,5198,42518,0,2147483647,0.0,0.0,28,4,-57,GSM,460,1,5198,49989,0,2147483647,0.0,0.0,17,4,-79,GSM,460,1,5198,42517,0,2147483647,0.0,0.0,16,4,-81,GSM,460,1,5198,49988,0,2147483647,0.0,0.0,17,4,-79,GSM,460,1,5198,56688,0,2147483647,0.0,0.0,20,4,-73,GSM
1524026546343,121.210835,31.28820691,9.0,7.0,1.1204017,-57,true,-1,-1,5,75.0,4000.0,16.09954833984375,-54.92401123046875,41.668701171875,2.455049991607666,-0.24021273851394653,-2.4136033058166504,460,1,5198,42518,0,-1,0.0,0.0,0,0,0,,6,460,1,5198,42518,0,2147483647,0.0,0.0,24,4,-65,GSM,460,1,5198,49989,0,2147483647,0.0,0.0,16,4,-81,GSM,460,1,5198,42517,0,2147483647,0.0,0.0,16,4,-81,GSM,460,1,5198,49988,0,2147483647,0.0,0.0,15,4,-83,GSM,460,1,5198,56688,0,2147483647,0.0,0.0,20,4,-73,GSM,0,0,0,-1,0,2147483647,0.0,0.0,17,4,-79,GSM
1524026549402,121.21070631,31.28786631,8.0,12.0,4.710265,-63,true,-1,-1,5,75.0,4000.0,9.51995849609375,-57.025146484375,38.6688232421875,2.4999210834503174,-0.40713587403297424,-2.441925525665283,460,1,5198,42518,0,-1,0.0,0.0,0,0,0,,6,460,1,5198,42518,0,2147483647,0.0,0.0,23,4,-67,GSM,460,1,5198,49989,0,2147483647,0.0,0.0,15,4,-83,GSM,460,1,5198,42517,0,2147483647,0.0,0.0,16,4,-81,GSM,460,1,5198,49988,0,2147483647,0.0,0.0,14,4,-85,GSM,460,1,5198,56688,0,2147483647,0.0,0.0,18,4,-77,GSM,460,1,5198,1188,0,2147483647,0.0,0.0,18,4,-77,GSM
1524026552466,121.21069112,31.2878167,9.0,9.0,4.29,-67,true,-1,-1,5,75.0,4000.0,-0.1708984375,-59.42535400390625,29.66766357421875,2.762129545211792,-0.3592697083950043,-2.4412691593170166,460,1,5198,42518,0,-1,0.0,0.0,0,0,0,,6,460,1,5198,42518,0,2147483647,0.0,0.0,22,4,-69,GSM,460,1,5198,49989,0,2147483647,0.0,0.0,15,4,-83,GSM,460,1,5198,42517,0,2147483647,0.0,0.0,16,4,-81,GSM,460,1,5198,49988,0,2147483647,0.0,0.0,14,4,-85,GSM,460,1,5198,56688,0,2147483647,0.0,0.0,18,4,-77,GSM,460,1,5198,1188,0,2147483647,0.0,0.0,18,4,-77,GSM
1524026555517,121.2106355,31.28769609,10.0,9.0,4.6800103,-67,true,-1,-1,5,75.0,4000.0,0.1800537109375,-62.1246337890625,26.66778564453125,2.8264660835266113,-0.4524083137512207,-2.5473389625549316,460,1,5198,42518,0,-1,0.0,0.0,0,0,0,,6,460,1,5198,42518,0,2147483647,0.0,0.0,22,4,-69,GSM,460,1,5198,49989,0,2147483647,0.0,0.0,15,4,-83,GSM,460,1,5198,42517,0,2147483647,0.0,0.0,14,4,-85,GSM,460,1,5198,49988,0,2147483647,0.0,0.0,14,4,-85,GSM,460,1,5198,56688,0,2147483647,0.0,0.0,18,4,-77,GSM,460,1,5198,1188,0,2147483647,0.0,0.0,17,4,-79,GSM
1524026558824,121.21053158,31.28753515,6.0,10.0,4.5101,-67,true,-1,-1,5,75.0,4000.0,-4.150390625,-60.0250244140625,25.76751708984375,2.8317456245422363,-0.47548428177833557,-2.422832489013672,460,1,5198,42518,0,-1,0.0,0.0,0,0,0,,5,460,1,5198,42518,0,2147483647,0.0,0.0,23,4,-67,GSM,460,1,5198,49989,0,2147483647,0.0,0.0,15,4,-83,GSM,460,1,5198,42517,0,2147483647,0.0,0.0,14,4,-85,GSM,460,1,5198,56688,0,2147483647,0.0,0.0,16,4,-81,GSM,460,1,5198,1188,0,2147483647,0.0,0.0,16,4,-81,GSM
1524026561765,121.21045849,31.28745014,7.0,9.0,3.6730642,-67,true,-1,-1,5,75.0,4000.0,0.0091552734375,-57.32421875,38.36822509765625,2.625005006790161,-0.390995591878891,-2.481079578399658,460,1,5198,42518,0,-1,0.0,0.0,0,0,0,,5,460,1,5198,42518,0,2147483647,0.0,0.0,25,4,-63,GSM,460,1,5198,49989,0,2147483647,0.0,0.0,15,4,-83,GSM,460,1,5198,42517,0,2147483647,0.0,0.0,14,4,-85,GSM,460,1,5198,56688,0,2147483647,0.0,0.0,16,4,-81,GSM,460,1,5198,1188,0,2147483647,0.0,0.0,15,4,-83,GSM
1524026564840,121.21030686,31.28731915,6.0,9.0,4.2101903,-63,true,-1,-1,5,75.0,4000.0,-0.689697265625,-62.72430419921875,24.56817626953125,2.8683032989501953,-0.514202892780304,-2.5855913162231445,460,1,5198,42518,0,-1,0.0,0.0,0,0,0,,5,460,1,5198,42518,0,2147483647,0.0,0.0,21,4,-71,GSM,460,1,5198,49989,0,2147483647,0.0,0.0,15,4,-83,GSM,460,1,5198,42517,0,2147483647,0.0,0.0,13,4,-87,GSM,460,1,5198,56688,0,2147483647,0.0,0.0,17,4,-79,GSM,460,1,5198,1188,0,2147483647,0.0,0.0,15,4,-83,GSM
1524026567897,121.21016259,31.28714929,4.0,9.0,4.720042,-69,true,-1,-1,5,75.0,4000.0,0.8697509765625,-60.62469482421875,31.46820068359375,2.7081704139709473,-0.381646990776062,-2.3870644569396973,460,1,5198,42518,0,-1,0.0,0.0,0,0,0,,6,460,1,5198,42518,0,2147483647,0.0,0.0,19,4,-75,GSM,460,1,5198,49989,0,2147483647,0.0,0.0,16,4,-81,GSM,460,1,5198,42517,0,2147483647,0.0,0.0,12,4,-89,GSM,460,1,5198,56688,0,2147483647,0.0,0.0,17,4,-79,GSM,460,1,5198,1188,0,2147483647,0.0,0.0,14,4,-85,GSM,0,0,0,-1,0,2147483647,0.0,0.0,15,4,-83,GSM
1524026570977,121.21009564,31.2870631,3.0,7.0,4.100195,-75,true,-1,-1,5,75.0,4000.0,2.07977294921875,-60.0250244140625,32.9681396484375,2.6823110580444336,-0.48236334323883057,-2.5418734550476074,460,1,5198,42518,0,-1,0.0,0.0,0,0,0,,7,460,1,5198,42518,0,2147483647,0.0,0.0,17,4,-79,GSM,460,1,5198,49989,0,2147483647,0.0,0.0,15,4,-83,GSM,460,1,5198,56688,0,2147483647,0.0,0.0,17,4,-79,GSM,460,1,5198,1186,0,2147483647,0.0,0.0,13,4,-87,GSM,460,1,5198,42507,0,2147483647,0.0,0.0,17,4,-79,GSM,460,1,5198,20609,0,2147483647,0.0,0.0,14,4,-85,GSM,460,1,5198,42517,0,2147483647,0.0,0.0,12,4,-89,GSM
1524026574038,121.20995595,31.2869173,1.0,8.0,4.49,-75,true,-1,-1,5,75.0,4000.0,-2.76031494140625,-60.0250244140625,28.167724609375,2.783294916152954,-0.44292688369750977,-2.4157207012176514,460,1,5198,42518,0,-1,0.0,0.0,0,0,0,,7,460,1,5198,42518,0,2147483647,0.0,0.0,18,4,-77,GSM,460,1,5198,49989,0,2147483647,0.0,0.0,15,4,-83,GSM,460,1,5198,56688,0,2147483647,0.0,0.0,16,4,-81,GSM,460,1,5198,1186,0,2147483647,0.0,0.0,13,4,-87,GSM,460,1,5198,42507,0,2147483647,0.0,0.0,18,4,-77,GSM,460,1,5198,20609,0,2147483647,0.0,0.0,14,4,-85,GSM,460,1,5198,42517,0,2147483647,0.0,0.0,12,4,-89,GSM
1524026577112,121.20985461,31.28681777,2.0,8.0,4.3419466,-75,true,-1,-1,5,75.0,4000.0,1.910400390625,-51.02386474609375,33.26873779296875,2.5975489616394043,-0.42273154854774475,-2.481060028076172,460,1,5198,42518,0,-1,0.0,0.0,0,0,0,,7,460,1,5198,42518,0,2147483647,0.0,0.0,18,4,-77,GSM,460,1,5198,49989,0,2147483647,0.0,0.0,15,4,-83,GSM,460,1,5198,56688,0,2147483647,0.0,0.0,17,4,-79,GSM,460,1,5198,1186,0,2147483647,0.0,0.0,12,4,-89,GSM,460,1,5198,42507,0,2147483647,0.0,0.0,20,4,-73,GSM,460,1,5198,20609,0,2147483647,0.0,0.0,16,4,-81,GSM,460,1,5198,42509,0,2147483647,0.0,0.0,14,4,-85,GSM
1524026580178,121.20978249,31.28670957,2.0,8.0,3.9302037,-75,true,-1,-1,5,75.0,4000.0,0.8697509765625,-60.92529296875,33.26873779296875,2.663172960281372,-0.44862547516822815,-2.401578903198242,460,1,5198,42518,0,-1,0.0,0.0,0,0,0,,7,460,1,5198,42518,0,2147483647,0.0,0.0,18,4,-77,GSM,460,1,5198,49989,0,2147483647,0.0,0.0,14,4,-85,GSM,460,1,5198,56688,0,2147483647,0.0,0.0,17,4,-79,GSM,460,1,5198,42507,0,2147483647,0.0,0.0,20,4,-73,GSM,460,1,5198,20609,0,2147483647,0.0,0.0,16,4,-81,GSM,460,1,5198,42509,0,2147483647,0.0,0.0,16,4,-81,GSM,0,0,0,-1,0,2147483647,0.0,0.0,12,4,-89,GSM
1524026583253,121.20975476,31.28660113,4.0,8.0,3.7330148,-75,true,-1,-1,5,75.0,4000.0,4.669189453125,-58.82415771484375,39.8681640625,2.5645828247070313,-0.3652138113975525,-2.4357998371124268,460,1,5198,42507,0,-1,0.0,0.0,0,0,0,,4,460,1,5198,42507,0,2147483647,0.0,0.0,24,4,-65,GSM,460,1,5198,49989,0,2147483647,0.0,0.0,14,4,-85,GSM,460,1,5198,20609,0,2147483647,0.0,0.0,17,4,-79,GSM,460,1,5198,42509,0,2147483647,0.0,0.0,16,4,-81,GSM
1524026586311,121.20971981,31.28651029,11.0,9.0,3.6000137,-63,true,-1,-1,5,75.0,4000.0,12.98980712890625,-58.2244873046875,35.6689453125,2.5392186641693115,-0.3570360541343689,-2.436738967895508,460,1,5198,42507,0,-1,0.0,0.0,0,0,0,,6,460,1,5198,42507,0,2147483647,0.0,0.0,21,4,-71,GSM,460,1,5198,49989,0,2147483647,0.0,0.0,14,4,-85,GSM,460,1,5198,20609,0,2147483647,0.0,0.0,17,4,-79,GSM,460,1,5198,42509,0,2147483647,0.0,0.0,16,4,-81,GSM,0,0,0,-1,0,2147483647,0.0,0.0,16,4,-81,GSM,0,0,0,-1,0,2147483647,0.0,0.0,13,4,-87,GSM
1524026589384,121.20967257,31.28640243,10.0,8.0,3.5445733,-71,true,-1,-1,5,75.0,4000.0,-3.2806396484375,-51.62506103515625,33.26873779296875,2.6163687705993652,-0.4141084551811218,-2.3486123085021973,460,1,5198,42507,0,-1,0.0,0.0,0,0,0,,7,460,1,5198,42507,0,2147483647,0.0,0.0,20,4,-73,GSM,460,1,5198,20609,0,2147483647,0.0,0.0,16,4,-81,GSM,460,1,5198,42509,0,2147483647,0.0,0.0,17,4,-79,GSM,0,0,0,-1,0,2147483647,0.0,0.0,15,4,-83,GSM,460,1,5198,42508,0,2147483647,0.0,0.0,13,4,-87,GSM,460,1,5198,42518,0,2147483647,0.0,0.0,20,4,-73,GSM,460,1,5198,42519,0,2147483647,0.0,0.0,13,4,-87,GSM
1524026592462,121.20961001,31.28629839,11.0,9.0,3.8837225,-71,true,-1,-1,5,75.0,4000.0,-9.69085693359375,-48.92425537109375,35.36834716796875,2.800750732421875,-0.23387272655963898,-2.479574680328369,460,1,5198,42507,0,-1,0.0,0.0,0,0,0,,7,460,1,5198,42507,0,2147483647,0.0,0.0,18,4,-77,GSM,460,1,5198,20609,0,2147483647,0.0,0.0,15,4,-83,GSM,460,1,5198,42509,0,2147483647,0.0,0.0,16,4,-81,GSM,0,0,0,-1,0,2147483647,0.0,0.0,14,4,-85,GSM,460,1,5198,42508,0,2147483647,0.0,0.0,13,4,-87,GSM,460,1,5198,42518,0,2147483647,0.0,0.0,20,4,-73,GSM,460,1,5198,42519,0,2147483647,0.0,0.0,14,4,-85,GSM
1524026595654,121.20955068,31.28618414,13.0,11.0,3.8546853,-77,true,-1,-1,5,75.0,4000.0,4.150390625,-71.72393798828125,47.36785888671875,2.526658773422241,-0.38177841901779175,-2.212836742401123,460,1,5198,42507,0,-1,0.0,0.0,0,0,0,,7,460,1,5198,42507,0,2147483647,0.0,0.0,19,4,-75,GSM,460,1,5198,20609,0,2147483647,0.0,0.0,14,4,-85,GSM,460,1,5198,42509,0,2147483647,0.0,0.0,16,4,-81,GSM,0,0,0,-1,0,2147483647,0.0,0.0,13,4,-87,GSM,460,1,5198,42508,0,2147483647,0.0,0.0,13,4,-87,GSM,460,1,5198,42518,0,2147483647,0.0,0.0,21,4,-71,GSM,460,1,5198,42519,0,2147483647,0.0,0.0,14,4,-85,GSM
1524026598709,121.20953155,31.28615156,13.0,7.0,3.972128,-77,true,-1,-1,5,75.0,4000.0,17.14019775390625,-33.92486572265625,57.86895751953125,1.9995313882827759,-0.28921476006507874,-2.409196138381958,460,1,5198,42507,0,-1,0.0,0.0,0,0,0,,6,460,1,5198,42507,0,2147483647,0.0,0.0,23,4,-67,GSM,460,1,5198,42509,0,2147483647,0.0,0.0,17,4,-79,GSM,0,0,0,-1,0,2147483647,0.0,0.0,13,4,-87,GSM,460,1,5198,42508,0,2147483647,0.0,0.0,13,4,-87,GSM,460,1,5198,42518,0,2147483647,0.0,0.0,21,4,-71,GSM,460,1,5198,42519,0,2147483647,0.0,0.0,16,4,-81,GSM
1524026601753,121.20948342,31.28605494,13.0,6.0,3.6678605,-67,true,-1,-1,5,75.0,4000.0,14.1998291015625,-28.5247802734375,62.96844482421875,1.8322604894638062,-0.3521033227443695,-2.3867452144622803,460,1,5198,42507,0,-1,0.0,0.0,0,0,0,,6,460,1,5198,42507,0,2147483647,0.0,0.0,24,4,-65,GSM,460,1,5198,42509,0,2147483647,0.0,0.0,18,4,-77,GSM,0,0,0,-1,0,2147483647,0.0,0.0,12,4,-89,GSM,460,1,5198,42508,0,2147483647,0.0,0.0,13,4,-87,GSM,460,1,5198,42518,0,2147483647,0.0,0.0,21,4,-71,GSM,460,1,5198,42519,0,2147483647,0.0,0.0,17,4,-79,GSM
1524026604835,121.20951797,31.28596296,14.0,7.0,3.6903389,-67,true,-1,-1,5,75.0,4000.0,12.469482421875,-27.62451171875,62.3687744140625,1.8538960218429565,-0.30527621507644653,-2.430678367614746,460,1,5198,42507,0,-1,0.0,0.0,0,0,0,,6,460,1,5198,42507,0,2147483647,0.0,0.0,25,4,-63,GSM,460,1,5198,42509,0,2147483647,0.0,0.0,18,4,-77,GSM,0,0,0,-1,0,2147483647,0.0,0.0,11,3,-91,GSM,460,1,5198,42508,0,2147483647,0.0,0.0,14,4,-85,GSM,460,1,5198,42518,0,2147483647,0.0,0.0,22,4,-69,GSM,460,1,5198,42519,0,2147483647,0.0,0.0,17,4,-79,GSM
1524026607909,121.20967318,31.28588446,17.0,8.0,3.520355,-63,true,-1,-1,5,75.0,4000.0,13.5101318359375,-29.425048828125,63.568115234375,1.890857219696045,-0.2850334942340851,-2.5103354454040527,460,1,5198,42507,0,-1,0.0,0.0,0,0,0,,6,460,1,5198,42507,0,2147483647,0.0,0.0,27,4,-59,GSM,460,1,5198,42509,0,2147483647,0.0,0.0,21,4,-71,GSM,460,1,5198,42508,0,2147483647,0.0,0.0,14,4,-85,GSM,460,1,5198,42518,0,2147483647,0.0,0.0,22,4,-69,GSM,460,1,5198,42519,0,2147483647,0.0,0.0,17,4,-79,GSM,460,1,5198,42517,0,2147483647,0.0,0.0,12,4,-89,GSM
1524026610972,121.20979172,31.28577103,20.0,10.0,4.1305933,-57,true,-1,-1,5,75.0,4000.0,12.80975341796875,-33.02459716796875,65.36865234375,1.8686960935592651,-0.36982300877571106,-2.405510663986206,460,1,5198,42507,0,-1,0.0,0.0,0,0,0,,6,460,1,5198,42507,0,2147483647,0.0,0.0,27,4,-59,GSM,460,1,5198,42509,0,2147483647,0.0,0.0,22,4,-69,GSM,460,1,5198,42508,0,2147483647,0.0,0.0,15,4,-83,GSM,460,1,5198,42518,0,2147483647,0.0,0.0,22,4,-69,GSM,460,1,5198,42519,0,2147483647,0.0,0.0,17,4,-79,GSM,0,0,0,-1,0,2147483647,0.0,0.0,12,4,-89,GSM
1524026614062,121.20983176,31.28571602,20.0,9.0,4.2900467,-57,true,-1,-1,5,75.0,4000.0,9.1796875,-44.72503662109375,50.06866455078125,2.2139272689819336,-0.3691098093986511,-2.3729333877563477,460,1,5198,42507,0,-1,0.0,0.0,0,0,0,,6,460,1,5198,42507,0,2147483647,0.0,0.0,26,4,-61,GSM,460,1,5198,42509,0,2147483647,0.0,0.0,22,4,-69,GSM,460,1,5198,42508,0,2147483647,0.0,0.0,16,4,-81,GSM,460,1,5198,42518,0,2147483647,0.0,0.0,21,4,-71,GSM,460,1,5198,42519,0,2147483647,0.0,0.0,16,4,-81,GSM,0,0,0,-1,0,2147483647,0.0,0.0,11,3,-91,GSM
1524026617113,121.20992506,31.28555092,22.0,9.0,3.3903687,-59,true,-1,-1,5,75.0,4000.0,13.5101318359375,-37.5244140625,60.5682373046875,2.00714111328125,-0.33585649728775024,-2.427489757537842,460,1,5198,42507,0,-1,0.0,0.0,0,0,0,,6,460,1,5198,42507,0,2147483647,0.0,0.0,26,4,-61,GSM,460,1,5198,42509,0,2147483647,0.0,0.0,24,4,-65,GSM,460,1,5198,42508,0,2147483647,0.0,0.0,16,4,-81,GSM,460,1,5198,42518,0,2147483647,0.0,0.0,21,4,-71,GSM,460,1,5198,42519,0,2147483647,0.0,0.0,16,4,-81,GSM,460,1,5198,42517,0,2147483647,0.0,0.0,12,4,-89,GSM
1524026620185,121.20996318,31.28549698,20.0,9.0,3.5913923,-59,true,-1,-1,5,75.0,4000.0,15.069580078125,-41.72515869140625,56.06842041015625,2.195317029953003,-0.1785544604063034,-2.383554458618164,460,1,5198,42507,0,-1,0.0,0.0,0,0,0,,6,460,1,5198,42507,0,2147483647,0.0,0.0,27,4,-59,GSM,460,1,5198,42509,0,2147483647,0.0,0.0,23,4,-67,GSM,460,1,5198,42508,0,2147483647,0.0,0.0,16,4,-81,GSM,460,1,5198,42518,0,2147483647,0.0,0.0,21,4,-71,GSM,460,1,5198,42519,0,2147483647,0.0,0.0,14,4,-85,GSM,0,0,0,-1,0,2147483647,0.0,0.0,13,4,-87,GSM
1524026623263,121.21002687,31.28533024,24.0,9.0,3.7404814,-57,true,-1,-1,5,75.0,4000.0,11.43035888671875,-45.02410888671875,53.96881103515625,2.1660213470458984,-0.3677666187286377,-2.3829610347747803,460,1,5198,42507,0,-1,0.0,0.0,0,0,0,,6,460,1,5198,42507,0,2147483647,0.0,0.0,25,4,-63,GSM,460,1,5198,42509,0,2147483647,0.0,0.0,23,4,-67,GSM,460,1,5198,42508,0,2147483647,0.0,0.0,16,4,-81,GSM,460,1,5198,42518,0,2147483647,0.0,0.0,20,4,-73,GSM,460,1,5198,42519,0,2147483647,0.0,0.0,14,4,-85,GSM,0,0,0,-1,0,2147483647,0.0,0.0,13,4,-87,GSM
1524026626339,121.21007505,31.28527435,23.0,9.0,3.9100513,-63,true,-1,-1,5,75.0,4000.0,15.240478515625,-51.02386474609375,46.16851806640625,2.3073465824127197,-0.3791331648826599,-2.3727571964263916,460,1,5198,42507,0,-1,0.0,0.0,0,0,0,,7,460,1,5198,42507,0,2147483647,0.0,0.0,23,4,-67,GSM,460,1,5198,42509,0,2147483647,0.0,0.0,23,4,-67,GSM,460,1,5198,42508,0,2147483647,0.0,0.0,16,4,-81,GSM,460,1,5198,42518,0,2147483647,0.0,0.0,20,4,-73,GSM,460,1,5198,42519,0,2147483647,0.0,0.0,13,4,-87,GSM,0,0,0,-1,0,2147483647,0.0,0.0,13,4,-87,GSM,460,1,5198,20609,0,2147483647,0.0,0.0,17,4,-79,GSM
1524026629406,121.2101223,31.2851788,23.0,7.0,3.7206585,-65,true,-1,-1,5,75.0,4000.0,16.96929931640625,-43.82476806640625,54.5684814453125,2.134638547897339,-0.35153254866600037,-2.373103618621826,460,1,5198,42507,0,-1,0.0,0.0,0,0,0,,5,460,1,5198,42507,0,2147483647,0.0,0.0,23,4,-67,GSM,460,1,5198,42509,0,2147483647,0.0,0.0,22,4,-69,GSM,460,1,5198,42508,0,2147483647,0.0,0.0,17,4,-79,GSM,460,1,5198,42518,0,2147483647,0.0,0.0,19,4,-75,GSM,460,1,5198,42519,0,2147483647,0.0,0.0,12,4,-89,GSM
1524026632459,121.21014708,31.28508153,23.0,9.0,4.00005,-65,true,-1,-1,5,75.0,4000.0,12.2894287109375,-49.82452392578125,48.26812744140625,2.339688539505005,-0.27551883459091187,-2.3858444690704346,460,1,5198,42507,0,-1,0.0,0.0,0,0,0,,5,460,1,5198,42507,0,2147483647,0.0,0.0,23,4,-67,GSM,460,1,5198,42509,0,2147483647,0.0,0.0,22,4,-69,GSM,460,1,5198,42508,0,2147483647,0.0,0.0,17,4,-79,GSM,460,1,5198,42518,0,2147483647,0.0,0.0,18,4,-77,GSM,460,1,5198,42519,0,2147483647,0.0,0.0,12,4,-89,GSM
1524026635543,121.21018099,31.28494439,23.0,9.0,4.05,-65,true,-1,-1,5,75.0,4000.0,12.640380859375,-49.82452392578125,47.66845703125,2.2871358394622803,-0.3899121582508087,-2.4224936962127686,460,1,5198,42507,0,-1,0.0,0.0,0,0,0,,5,460,1,5198,42507,0,2147483647,0.0,0.0,26,4,-61,GSM,460,1,5198,42509,0,2147483647,0.0,0.0,21,4,-71,GSM,460,1,5198,42508,0,2147483647,0.0,0.0,16,4,-81,GSM,460,1,5198,42518,0,2147483647,0.0,0.0,18,4,-77,GSM,460,1,5198,42519,0,2147483647,0.0,0.0,11,3,-91,GSM
1524026638594,121.2101988,31.28485387,23.0,8.0,3.650055,-61,true,-1,-1,5,75.0,4000.0,0.70037841796875,-59.124755859375,25.76751708984375,2.7871651649475098,-0.18368223309516907,-2.252443552017212,460,1,5198,42507,0,-1,0.0,0.0,0,0,0,,5,460,1,5198,42507,0,2147483647,0.0,0.0,25,4,-63,GSM,460,1,5198,42509,0,2147483647,0.0,0.0,21,4,-71,GSM,460,1,5198,42508,0,2147483647,0.0,0.0,16,4,-81,GSM,460,1,5198,42518,0,2147483647,0.0,0.0,17,4,-79,GSM,460,1,5198,42519,0,2147483647,0.0,0.0,10,3,-93,GSM
1524026641669,121.21022355,31.28474455,24.0,8.0,2.89,-65,true,-1,-1,5,75.0,4000.0,-10.040283203125,-54.0252685546875,26.9683837890625,2.9209351539611816,-0.216093048453331,-2.4098660945892334,460,1,5198,42507,0,-1,0.0,0.0,0,0,0,,6,460,1,5198,42507,0,2147483647,0.0,0.0,23,4,-67,GSM,460,1,5198,42509,0,2147483647,0.0,0.0,21,4,-71,GSM,460,1,5198,42508,0,2147483647,0.0,0.0,17,4,-79,GSM,460,1,5198,42518,0,2147483647,0.0,0.0,16,4,-81,GSM,460,1,5198,42519,0,2147483647,0.0,0.0,10,3,-93,GSM,0,0,0,-1,0,2147483647,0.0,0.0,10,3,-93,GSM
1524026644742,121.21017644,31.28462403,23.0,11.0,2.5423808,-65,true,-1,-1,5,74.0,4000.0,-12.4603271484375,-50.4241943359375,22.76763916015625,2.9683175086975098,-0.3949626088142395,-2.3895645141601563,460,1,5198,42507,0,-1,0.0,0.0,0,0,0,,6,460,1,5198,42507,0,2147483647,0.0,0.0,23,4,-67,GSM,460,1,5198,42509,0,2147483647,0.0,0.0,20,4,-73,GSM,460,1,5198,42508,0,2147483647,0.0,0.0,17,4,-79,GSM,460,1,5198,42518,0,2147483647,0.0,0.0,16,4,-81,GSM,460,1,5198,42519,0,2147483647,0.0,0.0,11,3,-91,GSM,0,0,0,-1,0,2147483647,0.0,0.0,9,3,-95,GSM
1524026647807,121.21011587,31.28458546,23.0,7.0,3.1905642,-65,true,-1,-1,5,74.0,4000.0,-8.3099365234375,-64.2242431640625,19.1680908203125,3.006946086883545,-0.47118985652923584,-2.4145398139953613,460,1,5198,42507,0,-1,0.0,0.0,0,0,0,,6,460,1,5198,42507,0,2147483647,0.0,0.0,21,4,-71,GSM,460,1,5198,42509,0,2147483647,0.0,0.0,20,4,-73,GSM,460,1,5198,42508,0,2147483647,0.0,0.0,16,4,-81,GSM,460,1,5198,42518,0,2147483647,0.0,0.0,15,4,-83,GSM,460,1,5198,42519,0,2147483647,0.0,0.0,9,3,-95,GSM,0,0,0,-1,0,2147483647,0.0,0.0,9,3,-95,GSM
1524026650885,121.21002748,31.28452429,24.0,6.0,3.0836504,-69,true,-1,-1,5,74.0,4000.0,28.05938720703125,-40.5242919921875,-29.43115234375,-2.4010767936706543,-0.21271561086177826,-0.11171810328960419,460,1,5198,42507,0,-1,0.0,0.0,0,0,0,,5,460,1,5198,42507,0,2147483647,0.0,0.0,20,4,-73,GSM,460,1,5198,42509,0,2147483647,0.0,0.0,20,4,-73,GSM,460,1,5198,42508,0,2147483647,0.0,0.0,16,4,-81,GSM,460,1,5198,42518,0,2147483647,0.0,0.0,14,4,-85,GSM,460,1,5198,20609,0,2147483647,0.0,0.0,16,4,-81,GSM
