IMEI:862305032225518
IMSI:460091042103139
OSVersion:3.10.73-perf-g94fc9a6
apiLevel:5.1.1
model:Redmi Note 3
device:kenzo
product:kenzo
61
1524132019796,121.21187096,31.28930193,28.0,22.0,0.3182766,-53,true,-1,-1,5,50.0,4000.0,-31.8603515625,-18.02520751953125,-36.63177490234375,1.9927124977111816,-0.08765334635972977,0.03353627398610115,460,1,5198,56688,0,-1,0.0,0.0,0,0,0,,6,460,1,5198,56688,0,2147483647,0.0,0.0,29,4,-55,GSM,460,1,5198,42517,0,2147483647,0.0,0.0,19,4,-75,GSM,460,1,5198,42518,0,2147483647,0.0,0.0,25,4,-63,GSM,460,1,5198,49989,0,2147483647,0.0,0.0,23,4,-67,GSM,460,1,5198,49988,0,2147483647,0.0,0.0,22,4,-69,GSM,460,1,5198,56689,0,2147483647,0.0,0.0,20,4,-73,GSM
1524132022858,121.21187096,31.28930193,28.0,22.0,0.3182766,-55,true,-1,-1,5,50.0,4000.0,-38.7908935546875,-39.92462158203125,-19.83184814453125,2.373805046081543,-0.6375094652175903,-0.9555469751358032,460,1,5198,56688,0,-1,0.0,0.0,0,0,0,,6,460,1,5198,56688,0,2147483647,0.0,0.0,30,4,-53,GSM,460,1,5198,42517,0,2147483647,0.0,0.0,19,4,-75,GSM,460,1,5198,42518,0,2147483647,0.0,0.0,23,4,-67,GSM,460,1,5198,49989,0,2147483647,0.0,0.0,23,4,-67,GSM,460,1,5198,49988,0,2147483647,0.0,0.0,20,4,-73,GSM,460,1,5198,56689,0,2147483647,0.0,0.0,20,4,-73,GSM
1524132025936,121.21187096,31.28930193,28.0,22.0,0.3182766,-53,true,-1,-1,5,50.0,4000.0,-14.1998291015625,-61.224365234375,16.76788330078125,-2.9853386878967285,-0.5662762522697449,-2.7326836585998535,460,1,5198,56688,0,-1,0.0,0.0,0,0,0,,6,460,1,5198,56688,0,2147483647,0.0,0.0,28,4,-57,GSM,460,1,5198,42517,0,2147483647,0.0,0.0,17,4,-79,GSM,460,1,5198,42518,0,2147483647,0.0,0.0,22,4,-69,GSM,460,1,5198,49989,0,2147483647,0.0,0.0,23,4,-67,GSM,460,1,5198,49988,0,2147483647,0.0,0.0,20,4,-73,GSM,460,1,5198,56689,0,2147483647,0.0,0.0,20,4,-73,GSM
1524132028998,121.21187096,31.28930193,28.0,22.0,0.3182766,-53,true,-1,-1,5,50.0,4000.0,-1.55029296875,-66.0247802734375,17.66815185546875,2.961533784866333,-0.6322835087776184,-2.5866401195526123,460,1,5198,56688,0,-1,0.0,0.0,0,0,0,,5,460,1,5198,56688,0,2147483647,0.0,0.0,25,4,-63,GSM,460,1,5198,42518,0,2147483647,0.0,0.0,22,4,-69,GSM,460,1,5198,49989,0,2147483647,0.0,0.0,22,4,-69,GSM,460,1,5198,49988,0,2147483647,0.0,0.0,20,4,-73,GSM,460,1,5198,56689,0,2147483647,0.0,0.0,21,4,-71,GSM
1524132032062,121.21187096,31.28930193,28.0,22.0,0.3182766,-63,true,-1,-1,5,50.0,4000.0,1.57012939453125,-67.52471923828125,26.068115234375,2.873713731765747,-0.49524858593940735,-2.6637673377990723,460,1,5198,56688,0,-1,0.0,0.0,0,0,0,,5,460,1,5198,56688,0,2147483647,0.0,0.0,25,4,-63,GSM,460,1,5198,42518,0,2147483647,0.0,0.0,22,4,-69,GSM,460,1,5198,49989,0,2147483647,0.0,0.0,19,4,-75,GSM,460,1,5198,49988,0,2147483647,0.0,0.0,19,4,-75,GSM,460,1,5198,56689,0,2147483647,0.0,0.0,19,4,-75,GSM
1524132035120,121.21187096,31.28930193,28.0,22.0,0.3182766,-63,true,-1,-1,5,50.0,4000.0,3.45916748046875,-64.82391357421875,25.76751708984375,2.7502102851867676,-0.6155499219894409,-2.5524165630340576,460,1,5198,56688,0,-1,0.0,0.0,0,0,0,,6,460,1,5198,56688,0,2147483647,0.0,0.0,26,4,-61,GSM,460,1,5198,42518,0,2147483647,0.0,0.0,23,4,-67,GSM,460,1,5198,49989,0,2147483647,0.0,0.0,19,4,-75,GSM,460,1,5198,49988,0,2147483647,0.0,0.0,19,4,-75,GSM,460,1,5198,56689,0,2147483647,0.0,0.0,18,4,-77,GSM,460,1,5198,42517,0,2147483647,0.0,0.0,17,4,-79,GSM
1524132038216,121.21187096,31.28930193,28.0,22.0,0.3182766,-63,true,-1,-1,5,50.0,4000.0,0.1800537109375,-66.62445068359375,23.0682373046875,2.9324817657470703,-0.48287835717201233,-2.676952362060547,460,1,5198,56688,0,-1,0.0,0.0,0,0,0,,6,460,1,5198,56688,0,2147483647,0.0,0.0,26,4,-61,GSM,460,1,5198,42518,0,2147483647,0.0,0.0,23,4,-67,GSM,460,1,5198,49989,0,2147483647,0.0,0.0,17,4,-79,GSM,460,1,5198,49988,0,2147483647,0.0,0.0,18,4,-77,GSM,460,1,5198,56689,0,2147483647,0.0,0.0,18,4,-77,GSM,460,1,5198,42517,0,2147483647,0.0,0.0,19,4,-75,GSM
1524132041278,121.21187096,31.28930193,28.0,22.0,0.3182766,-63,true,-1,-1,5,50.0,4000.0,1.0498046875,-66.0247802734375,26.36871337890625,2.875995635986328,-0.44911032915115356,-2.644319534301758,460,1,5198,56688,0,-1,0.0,0.0,0,0,0,,7,460,1,5198,56688,0,2147483647,0.0,0.0,28,4,-57,GSM,460,1,5198,42518,0,2147483647,0.0,0.0,24,4,-65,GSM,460,1,5198,49989,0,2147483647,0.0,0.0,18,4,-77,GSM,460,1,5198,49988,0,2147483647,0.0,0.0,19,4,-75,GSM,460,1,5198,56689,0,2147483647,0.0,0.0,19,4,-75,GSM,460,1,5198,42517,0,2147483647,0.0,0.0,19,4,-75,GSM,460,1,5198,56687,0,2147483647,0.0,0.0,17,4,-79,GSM
1524132044359,121.21187096,31.28930193,28.0,22.0,0.3182766,-57,true,-1,-1,5,50.0,4000.0,-2.94036865234375,-65.42510986328125,20.068359375,2.992156744003296,-0.4034136235713959,-2.59297776222229,460,1,5198,56688,0,-1,0.0,0.0,0,0,0,,7,460,1,5198,56688,0,2147483647,0.0,0.0,27,4,-59,GSM,460,1,5198,42518,0,2147483647,0.0,0.0,26,4,-61,GSM,460,1,5198,49989,0,2147483647,0.0,0.0,18,4,-77,GSM,460,1,5198,49988,0,2147483647,0.0,0.0,19,4,-75,GSM,460,1,5198,56689,0,2147483647,0.0,0.0,18,4,-77,GSM,460,1,5198,42517,0,2147483647,0.0,0.0,20,4,-73,GSM,460,1,5198,56687,0,2147483647,0.0,0.0,18,4,-77,GSM
1524132047438,121.21187096,31.28930193,28.0,22.0,0.3182766,-57,true,-1,-1,5,50.0,4000.0,-1.89971923828125,-63.323974609375,28.46832275390625,2.867182493209839,-0.36751818656921387,-2.556896924972534,460,1,5198,56688,0,-1,0.0,0.0,0,0,0,,6,460,1,5198,56688,0,2147483647,0.0,0.0,23,4,-67,GSM,460,1,5198,42518,0,2147483647,0.0,0.0,26,4,-61,GSM,460,1,5198,49989,0,2147483647,0.0,0.0,18,4,-77,GSM,460,1,5198,49988,0,2147483647,0.0,0.0,19,4,-75,GSM,460,1,5198,56689,0,2147483647,0.0,0.0,18,4,-77,GSM,460,1,5198,42517,0,2147483647,0.0,0.0,21,4,-71,GSM
1524132050481,121.21187096,31.28930193,28.0,22.0,0.3182766,-65,true,-1,-1,5,50.0,4000.0,-4.49981689453125,-63.02490234375,27.56805419921875,2.928417205810547,-0.3385956287384033,-2.5741493701934814,460,1,5198,56688,0,-1,0.0,0.0,0,0,0,,6,460,1,5198,56688,0,2147483647,0.0,0.0,25,4,-63,GSM,460,1,5198,42518,0,2147483647,0.0,0.0,26,4,-61,GSM,460,1,5198,49989,0,2147483647,0.0,0.0,19,4,-75,GSM,460,1,5198,49988,0,2147483647,0.0,0.0,18,4,-77,GSM,460,1,5198,56689,0,2147483647,0.0,0.0,18,4,-77,GSM,460,1,5198,42517,0,2147483647,0.0,0.0,21,4,-71,GSM
1524132053564,121.21187096,31.28930193,28.0,22.0,0.3182766,-61,true,-1,-1,5,50.0,4000.0,3.81011962890625,-62.72430419921875,33.56781005859375,2.7887566089630127,-0.3417300879955292,-2.6837799549102783,460,1,5198,56688,0,-1,0.0,0.0,0,0,0,,6,460,1,5198,56688,0,2147483647,0.0,0.0,25,4,-63,GSM,460,1,5198,42518,0,2147483647,0.0,0.0,24,4,-65,GSM,460,1,5198,49989,0,2147483647,0.0,0.0,21,4,-71,GSM,460,1,5198,49988,0,2147483647,0.0,0.0,18,4,-77,GSM,460,1,5198,56689,0,2147483647,0.0,0.0,19,4,-75,GSM,460,1,5198,42517,0,2147483647,0.0,0.0,20,4,-73,GSM
1524132056624,121.21187096,31.28930193,28.0,22.0,0.3182766,-61,true,-1,-1,5,50.0,4000.0,1.57012939453125,-63.323974609375,29.0679931640625,2.8371543884277344,-0.3306219279766083,-2.598614454269409,460,1,5198,56688,0,-1,0.0,0.0,0,0,0,,6,460,1,5198,56688,0,2147483647,0.0,0.0,23,4,-67,GSM,460,1,5198,42518,0,2147483647,0.0,0.0,22,4,-69,GSM,460,1,5198,49989,0,2147483647,0.0,0.0,21,4,-71,GSM,460,1,5198,49988,0,2147483647,0.0,0.0,18,4,-77,GSM,460,1,5198,56689,0,2147483647,0.0,0.0,19,4,-75,GSM,460,1,5198,42517,0,2147483647,0.0,0.0,20,4,-73,GSM
1524132059667,121.21187096,31.28930193,28.0,22.0,0.3182766,-65,true,-1,-1,5,50.0,4000.0,-3.1097412109375,-63.323974609375,30.56793212890625,2.8709053993225098,-0.30939412117004395,-2.5507123470306396,460,1,5198,56688,0,-1,0.0,0.0,0,0,0,,6,460,1,5198,56688,0,2147483647,0.0,0.0,23,4,-67,GSM,460,1,5198,42518,0,2147483647,0.0,0.0,22,4,-69,GSM,460,1,5198,49989,0,2147483647,0.0,0.0,22,4,-69,GSM,460,1,5198,49988,0,2147483647,0.0,0.0,17,4,-79,GSM,460,1,5198,56689,0,2147483647,0.0,0.0,19,4,-75,GSM,460,1,5198,42517,0,2147483647,0.0,0.0,20,4,-73,GSM
1524132062741,121.21187096,31.28930193,28.0,22.0,0.3182766,-63,true,-1,-1,5,50.0,4000.0,-6.57958984375,-63.9251708984375,23.968505859375,2.992582321166992,-0.37049177289009094,-2.560386896133423,460,1,5198,56688,0,-1,0.0,0.0,0,0,0,,6,460,1,5198,56688,0,2147483647,0.0,0.0,24,4,-65,GSM,460,1,5198,42518,0,2147483647,0.0,0.0,21,4,-71,GSM,460,1,5198,49989,0,2147483647,0.0,0.0,22,4,-69,GSM,460,1,5198,49988,0,2147483647,0.0,0.0,17,4,-79,GSM,460,1,5198,56689,0,2147483647,0.0,0.0,18,4,-77,GSM,460,1,5198,42517,0,2147483647,0.0,0.0,19,4,-75,GSM
1524132065818,121.21187096,31.28930193,28.0,22.0,0.3182766,-63,true,-1,-1,5,50.0,4000.0,0.70037841796875,-63.02490234375,24.56817626953125,2.8662025928497314,-0.41821885108947754,-2.566437244415283,460,1,5198,56688,0,-1,0.0,0.0,0,0,0,,6,460,1,5198,56688,0,2147483647,0.0,0.0,24,4,-65,GSM,460,1,5198,42518,0,2147483647,0.0,0.0,20,4,-73,GSM,460,1,5198,49989,0,2147483647,0.0,0.0,22,4,-69,GSM,460,1,5198,49988,0,2147483647,0.0,0.0,17,4,-79,GSM,460,1,5198,56689,0,2147483647,0.0,0.0,19,4,-75,GSM,460,1,5198,42517,0,2147483647,0.0,0.0,17,4,-79,GSM
1524132068898,121.21187096,31.28930193,28.0,22.0,0.3182766,-63,true,-1,-1,5,50.0,4000.0,-1.21002197265625,-64.82391357421875,34.46807861328125,2.8281280994415283,-0.326617032289505,-2.598808526992798,460,1,5198,56688,0,-1,0.0,0.0,0,0,0,,6,460,1,5198,56688,0,2147483647,0.0,0.0,25,4,-63,GSM,460,1,5198,42518,0,2147483647,0.0,0.0,19,4,-75,GSM,460,1,5198,49989,0,2147483647,0.0,0.0,22,4,-69,GSM,460,1,5198,49988,0,2147483647,0.0,0.0,18,4,-77,GSM,460,1,5198,56689,0,2147483647,0.0,0.0,19,4,-75,GSM,460,1,5198,42517,0,2147483647,0.0,0.0,17,4,-79,GSM
1524132071974,121.21187096,31.28930193,28.0,22.0,0.3182766,-63,true,-1,-1,5,50.0,4000.0,-2.25067138671875,-62.72430419921875,32.06787109375,2.8653769493103027,-0.34998220205307007,-2.6249287128448486,460,1,5198,56688,0,-1,0.0,0.0,0,0,0,,6,460,1,5198,56688,0,2147483647,0.0,0.0,24,4,-65,GSM,460,1,5198,42518,0,2147483647,0.0,0.0,19,4,-75,GSM,460,1,5198,49989,0,2147483647,0.0,0.0,21,4,-71,GSM,460,1,5198,49988,0,2147483647,0.0,0.0,19,4,-75,GSM,460,1,5198,56689,0,2147483647,0.0,0.0,20,4,-73,GSM,460,1,5198,42517,0,2147483647,0.0,0.0,17,4,-79,GSM
1524132075036,121.21187096,31.28930193,28.0,22.0,0.3182766,-67,true,-1,-1,5,50.0,4000.0,-1.02996826171875,-62.42523193359375,29.36859130859375,2.8261518478393555,-0.47104665637016296,-2.596158027648926,460,1,5198,56688,0,-1,0.0,0.0,0,0,0,,6,460,1,5198,56688,0,2147483647,0.0,0.0,22,4,-69,GSM,460,1,5198,42518,0,2147483647,0.0,0.0,22,4,-69,GSM,460,1,5198,49989,0,2147483647,0.0,0.0,21,4,-71,GSM,460,1,5198,49988,0,2147483647,0.0,0.0,19,4,-75,GSM,460,1,5198,56689,0,2147483647,0.0,0.0,20,4,-73,GSM,460,1,5198,42517,0,2147483647,0.0,0.0,18,4,-77,GSM
1524132078090,121.21187096,31.28930193,28.0,22.0,0.3182766,-67,true,-1,-1,5,50.0,4000.0,-0.689697265625,-62.1246337890625,28.7689208984375,2.853872776031494,-0.3587770462036133,-2.5839219093322754,460,1,5198,56688,0,-1,0.0,0.0,0,0,0,,6,460,1,5198,56688,0,2147483647,0.0,0.0,22,4,-69,GSM,460,1,5198,42518,0,2147483647,0.0,0.0,23,4,-67,GSM,460,1,5198,49989,0,2147483647,0.0,0.0,21,4,-71,GSM,460,1,5198,49988,0,2147483647,0.0,0.0,19,4,-75,GSM,460,1,5198,56689,0,2147483647,0.0,0.0,20,4,-73,GSM,460,1,5198,42517,0,2147483647,0.0,0.0,17,4,-79,GSM
1524132081169,121.21187096,31.28930193,28.0,22.0,0.3182766,-67,true,-1,-1,5,50.0,4000.0,1.39007568359375,-60.0250244140625,26.36871337890625,2.8278424739837646,-0.4553793668746948,-2.620793581008911,460,1,5198,42518,0,-1,0.0,0.0,0,0,0,,4,460,1,5198,42518,0,2147483647,0.0,0.0,28,4,-57,GSM,460,1,5198,49989,0,2147483647,0.0,0.0,19,4,-75,GSM,460,1,5198,49988,0,2147483647,0.0,0.0,19,4,-75,GSM,460,1,5198,42517,0,2147483647,0.0,0.0,17,4,-79,GSM
1524132084337,121.21187096,31.28930193,28.0,22.0,0.3182766,-61,true,-1,-1,5,50.0,4000.0,9.869384765625,-59.124755859375,38.067626953125,2.4663915634155273,-0.5280227661132813,-2.475574254989624,460,1,5198,42518,0,-1,0.0,0.0,0,0,0,,4,460,1,5198,42518,0,2147483647,0.0,0.0,25,4,-63,GSM,460,1,5198,49989,0,2147483647,0.0,0.0,19,4,-75,GSM,460,1,5198,49988,0,2147483647,0.0,0.0,19,4,-75,GSM,460,1,5198,42517,0,2147483647,0.0,0.0,16,4,-81,GSM
1524132087453,121.21187096,31.28930193,28.0,22.0,0.3182766,-61,true,-1,-1,5,50.0,4000.0,13.1591796875,-56.72454833984375,39.56756591796875,2.500553846359253,-0.3593714237213135,-2.5535478591918945,460,1,5198,42518,0,-1,0.0,0.0,0,0,0,,7,460,1,5198,42518,0,2147483647,0.0,0.0,24,4,-65,GSM,460,1,5198,49989,0,2147483647,0.0,0.0,18,4,-77,GSM,460,1,5198,49988,0,2147483647,0.0,0.0,19,4,-75,GSM,460,1,5198,42517,0,2147483647,0.0,0.0,16,4,-81,GSM,460,1,5198,56688,0,2147483647,0.0,0.0,21,4,-71,GSM,0,0,0,-1,0,2147483647,0.0,0.0,13,4,-87,GSM,0,0,0,-1,0,2147483647,0.0,0.0,17,4,-79,GSM
1524132090508,121.21187096,31.28930193,28.0,22.0,0.3182766,-61,true,-1,-1,5,50.0,4000.0,17.14019775390625,-56.4239501953125,41.668701171875,2.4603631496429443,-0.3600139021873474,-2.6579301357269287,460,1,5198,42518,0,-1,0.0,0.0,0,0,0,,6,460,1,5198,42518,0,2147483647,0.0,0.0,23,4,-67,GSM,460,1,5198,49989,0,2147483647,0.0,0.0,17,4,-79,GSM,460,1,5198,49988,0,2147483647,0.0,0.0,18,4,-77,GSM,460,1,5198,42517,0,2147483647,0.0,0.0,16,4,-81,GSM,460,1,5198,56688,0,2147483647,0.0,0.0,19,4,-75,GSM,460,1,5198,1188,0,2147483647,0.0,0.0,17,4,-79,GSM
1524132093566,121.21187096,31.28930193,28.0,22.0,0.3182766,-65,true,-1,-1,5,50.0,4000.0,0.70037841796875,-65.42510986328125,26.36871337890625,2.8277854919433594,-0.45577606558799744,-2.5126941204071045,460,1,5198,42518,0,-1,0.0,0.0,0,0,0,,6,460,1,5198,42518,0,2147483647,0.0,0.0,22,4,-69,GSM,460,1,5198,49989,0,2147483647,0.0,0.0,16,4,-81,GSM,460,1,5198,49988,0,2147483647,0.0,0.0,16,4,-81,GSM,460,1,5198,42517,0,2147483647,0.0,0.0,15,4,-83,GSM,460,1,5198,56688,0,2147483647,0.0,0.0,19,4,-75,GSM,460,1,5198,1188,0,2147483647,0.0,0.0,17,4,-79,GSM
1524132096624,121.21187096,31.28930193,28.0,22.0,0.3182766,-65,true,-1,-1,5,50.0,4000.0,-1.55029296875,-64.2242431640625,27.26898193359375,2.9092135429382324,-0.28966036438941956,-2.591243267059326,460,1,5198,42518,0,-1,0.0,0.0,0,0,0,,7,460,1,5198,42518,0,2147483647,0.0,0.0,21,4,-71,GSM,0,0,0,-1,0,2147483647,0.0,0.0,16,4,-81,GSM,0,0,0,-1,0,2147483647,0.0,0.0,16,4,-81,GSM,460,1,5198,42517,0,2147483647,0.0,0.0,15,4,-83,GSM,460,1,5198,56688,0,2147483647,0.0,0.0,18,4,-77,GSM,460,1,5198,1188,0,2147483647,0.0,0.0,17,4,-79,GSM,0,0,0,-1,0,2147483647,0.0,0.0,14,4,-85,GSM
1524132099700,121.21187096,31.28930193,28.0,22.0,0.3182766,-65,true,-1,-1,5,50.0,4000.0,-4.840087890625,-63.62457275390625,22.76763916015625,2.946258544921875,-0.4730118215084076,-2.5219321250915527,460,1,5198,42518,0,-1,0.0,0.0,0,0,0,,7,460,1,5198,42518,0,2147483647,0.0,0.0,22,4,-69,GSM,460,1,5198,49989,0,2147483647,0.0,0.0,17,4,-79,GSM,460,1,5198,49988,0,2147483647,0.0,0.0,16,4,-81,GSM,460,1,5198,42517,0,2147483647,0.0,0.0,13,4,-87,GSM,460,1,5198,56688,0,2147483647,0.0,0.0,18,4,-77,GSM,460,1,5198,1188,0,2147483647,0.0,0.0,15,4,-83,GSM,0,0,0,-1,0,2147483647,0.0,0.0,14,4,-85,GSM
1524132102719,121.21021879,31.28637152,3.0,107.0,0.0,-65,true,-1,-1,5,50.0,4000.0,-0.1708984375,-63.9251708984375,29.0679931640625,2.8360788822174072,-0.461789608001709,-2.61307692527771,460,1,5198,42518,0,-1,0.0,0.0,0,0,0,,6,460,1,5198,42518,0,2147483647,0.0,0.0,23,4,-67,GSM,460,1,5198,49989,0,2147483647,0.0,0.0,16,4,-81,GSM,460,1,5198,49988,0,2147483647,0.0,0.0,14,4,-85,GSM,460,1,5198,56688,0,2147483647,0.0,0.0,17,4,-79,GSM,460,1,5198,1188,0,2147483647,0.0,0.0,15,4,-83,GSM,0,0,0,-1,0,2147483647,0.0,0.0,14,4,-85,GSM
1524132105783,121.21021879,31.28637152,3.0,107.0,0.0,-63,true,-1,-1,5,50.0,4000.0,-4.67071533203125,-62.72430419921875,24.8687744140625,2.9530251026153564,-0.40423354506492615,-2.582253932952881,460,1,5198,42518,0,-1,0.0,0.0,0,0,0,,6,460,1,5198,42518,0,2147483647,0.0,0.0,24,4,-65,GSM,460,1,5198,49989,0,2147483647,0.0,0.0,16,4,-81,GSM,460,1,5198,49988,0,2147483647,0.0,0.0,14,4,-85,GSM,460,1,5198,56688,0,2147483647,0.0,0.0,17,4,-79,GSM,460,1,5198,1188,0,2147483647,0.0,0.0,15,4,-83,GSM,0,0,0,-1,0,2147483647,0.0,0.0,16,4,-81,GSM
1524132108841,121.21021879,31.28637152,3.0,107.0,0.0,-65,true,-1,-1,5,50.0,4000.0,-0.1708984375,-65.42510986328125,26.66778564453125,2.887434720993042,-0.42149192094802856,-2.6244595050811768,460,1,5198,42518,0,-1,0.0,0.0,0,0,0,,6,460,1,5198,42518,0,2147483647,0.0,0.0,22,4,-69,GSM,460,1,5198,49989,0,2147483647,0.0,0.0,17,4,-79,GSM,460,1,5198,49988,0,2147483647,0.0,0.0,14,4,-85,GSM,460,1,5198,56688,0,2147483647,0.0,0.0,17,4,-79,GSM,0,0,0,-1,0,2147483647,0.0,0.0,16,4,-81,GSM,460,1,5198,42517,0,2147483647,0.0,0.0,13,4,-87,GSM
1524132111902,121.21021879,31.28637152,3.0,107.0,0.0,-71,true,-1,-1,5,50.0,4000.0,1.39007568359375,-64.52484130859375,22.76763916015625,2.910367965698242,-0.4364975392818451,-2.6575467586517334,460,1,5198,42518,0,-1,0.0,0.0,0,0,0,,7,460,1,5198,42518,0,2147483647,0.0,0.0,19,4,-75,GSM,460,1,5198,49989,0,2147483647,0.0,0.0,17,4,-79,GSM,460,1,5198,49988,0,2147483647,0.0,0.0,13,4,-87,GSM,460,1,5198,56688,0,2147483647,0.0,0.0,17,4,-79,GSM,0,0,0,-1,0,2147483647,0.0,0.0,17,4,-79,GSM,460,1,5198,1188,0,2147483647,0.0,0.0,12,4,-89,GSM,0,0,0,-1,0,2147483647,0.0,0.0,15,4,-83,GSM
1524132114971,121.20995268,31.28613558,-32.0,48.0,5.0112076,-75,true,-1,-1,5,50.0,4000.0,-0.1708984375,-64.52484130859375,29.66766357421875,2.8215770721435547,-0.433420866727829,-2.5693295001983643,460,1,5198,42518,0,-1,0.0,0.0,0,0,0,,7,460,1,5198,42518,0,2147483647,0.0,0.0,18,4,-77,GSM,460,1,5198,49989,0,2147483647,0.0,0.0,17,4,-79,GSM,460,1,5198,49988,0,2147483647,0.0,0.0,13,4,-87,GSM,460,1,5198,56688,0,2147483647,0.0,0.0,18,4,-77,GSM,0,0,0,-1,0,2147483647,0.0,0.0,16,4,-81,GSM,460,1,5198,1188,0,2147483647,0.0,0.0,12,4,-89,GSM,0,0,0,-1,0,2147483647,0.0,0.0,15,4,-83,GSM
1524132118030,121.20995268,31.28613558,-32.0,48.0,5.0112076,-75,true,-1,-1,5,50.0,4000.0,-6.060791015625,-64.52484130859375,26.66778564453125,2.962968587875366,-0.2900888919830322,-2.5498409271240234,460,1,5198,42518,0,-1,0.0,0.0,0,0,0,,6,460,1,5198,42518,0,2147483647,0.0,0.0,17,4,-79,GSM,460,1,5198,49989,0,2147483647,0.0,0.0,16,4,-81,GSM,460,1,5198,56688,0,2147483647,0.0,0.0,18,4,-77,GSM,0,0,0,-1,0,2147483647,0.0,0.0,16,4,-81,GSM,460,1,5198,1186,0,2147483647,0.0,0.0,14,4,-85,GSM,460,1,5198,42509,0,2147483647,0.0,0.0,15,4,-83,GSM
1524132121087,121.20995268,31.28613558,-32.0,48.0,5.0112076,-75,true,-1,-1,5,50.0,4000.0,2.76947021484375,-60.92529296875,32.36846923828125,2.761951446533203,-0.3679697811603546,-2.6064865589141846,460,1,5198,42518,0,-1,0.0,0.0,0,0,0,,6,460,1,5198,42518,0,2147483647,0.0,0.0,17,4,-79,GSM,460,1,5198,49989,0,2147483647,0.0,0.0,14,4,-85,GSM,460,1,5198,56688,0,2147483647,0.0,0.0,17,4,-79,GSM,0,0,0,-1,0,2147483647,0.0,0.0,16,4,-81,GSM,460,1,5198,1186,0,2147483647,0.0,0.0,14,4,-85,GSM,460,1,5198,42509,0,2147483647,0.0,0.0,17,4,-79,GSM
1524132124132,121.20973396,31.2858686,-39.0,47.0,4.6954017,-75,true,-1,-1,5,50.0,4000.0,0.70037841796875,-62.72430419921875,34.7686767578125,2.7886416912078857,-0.24590787291526794,-2.5542378425598145,460,1,5198,42518,0,-1,0.0,0.0,0,0,0,,5,460,1,5198,42518,0,2147483647,0.0,0.0,19,4,-75,GSM,460,1,5198,49989,0,2147483647,0.0,0.0,13,4,-87,GSM,460,1,5198,56688,0,2147483647,0.0,0.0,17,4,-79,GSM,0,0,0,-1,0,2147483647,0.0,0.0,17,4,-79,GSM,460,1,5198,42509,0,2147483647,0.0,0.0,19,4,-75,GSM
1524132127223,121.20973396,31.2858686,-39.0,47.0,4.6954017,-75,true,-1,-1,5,50.0,4000.0,-5.18951416015625,-64.52484130859375,26.9683837890625,2.932034969329834,-0.28854793310165405,-2.5133752822875977,460,1,5198,42518,0,-1,0.0,0.0,0,0,0,,6,460,1,5198,42518,0,2147483647,0.0,0.0,20,4,-73,GSM,460,1,5198,49989,0,2147483647,0.0,0.0,13,4,-87,GSM,460,1,5198,56688,0,2147483647,0.0,0.0,16,4,-81,GSM,460,1,5198,42507,0,2147483647,0.0,0.0,18,4,-77,GSM,460,1,5198,42509,0,2147483647,0.0,0.0,19,4,-75,GSM,0,0,0,-1,0,2147483647,0.0,0.0,13,4,-87,GSM
1524132130286,121.20959272,31.28572022,-38.0,40.0,4.3000116,-71,true,-1,-1,5,50.0,4000.0,10.040283203125,-63.9251708984375,33.56781005859375,2.6651597023010254,-0.3373722732067108,-2.5342750549316406,460,1,5198,42518,0,-1,0.0,0.0,0,0,0,,6,460,1,5198,42518,0,2147483647,0.0,0.0,20,4,-73,GSM,460,1,5198,49989,0,2147483647,0.0,0.0,12,4,-89,GSM,460,1,5198,56688,0,2147483647,0.0,0.0,16,4,-81,GSM,460,1,5198,42507,0,2147483647,0.0,0.0,18,4,-77,GSM,460,1,5198,42509,0,2147483647,0.0,0.0,19,4,-75,GSM,460,1,5198,42508,0,2147483647,0.0,0.0,13,4,-87,GSM
1524132133347,121.20959272,31.28572022,-38.0,40.0,4.3000116,-71,true,-1,-1,5,50.0,4000.0,5.889892578125,-54.92401123046875,25.1678466796875,2.739588737487793,-0.41342705488204956,-2.587076187133789,460,1,5198,42518,0,-1,0.0,0.0,0,0,0,,6,460,1,5198,42518,0,2147483647,0.0,0.0,22,4,-69,GSM,460,1,5198,56688,0,2147483647,0.0,0.0,15,4,-83,GSM,460,1,5198,42507,0,2147483647,0.0,0.0,17,4,-79,GSM,460,1,5198,42509,0,2147483647,0.0,0.0,20,4,-73,GSM,460,1,5198,42508,0,2147483647,0.0,0.0,13,4,-87,GSM,0,0,0,-1,0,2147483647,0.0,0.0,13,4,-87,GSM
1524132136448,121.20946692,31.28551953,-36.0,43.0,3.6400137,-69,true,-1,-1,5,50.0,4000.0,-1.21002197265625,-56.72454833984375,32.06787109375,2.916311264038086,-0.15343278646469116,-2.727276086807251,460,1,5198,42518,0,-1,0.0,0.0,0,0,0,,7,460,1,5198,42518,0,2147483647,0.0,0.0,23,4,-67,GSM,460,1,5198,56688,0,2147483647,0.0,0.0,13,4,-87,GSM,460,1,5198,42507,0,2147483647,0.0,0.0,18,4,-77,GSM,460,1,5198,42509,0,2147483647,0.0,0.0,18,4,-77,GSM,460,1,5198,42508,0,2147483647,0.0,0.0,13,4,-87,GSM,0,0,0,-1,0,2147483647,0.0,0.0,13,4,-87,GSM,0,0,0,-1,0,2147483647,0.0,0.0,13,4,-87,GSM
1524132139561,121.20946692,31.28551953,-36.0,43.0,3.6400137,-69,true,-1,-1,5,50.0,4000.0,-10.9100341796875,-60.62469482421875,44.06890869140625,2.814255475997925,-0.357220321893692,-2.5816094875335693,460,1,5198,42518,0,-1,0.0,0.0,0,0,0,,7,460,1,5198,42518,0,2147483647,0.0,0.0,24,4,-65,GSM,460,1,5198,56688,0,2147483647,0.0,0.0,12,4,-89,GSM,460,1,5198,42507,0,2147483647,0.0,0.0,20,4,-73,GSM,460,1,5198,42509,0,2147483647,0.0,0.0,18,4,-77,GSM,460,1,5198,42508,0,2147483647,0.0,0.0,13,4,-87,GSM,0,0,0,-1,0,2147483647,0.0,0.0,14,4,-85,GSM,0,0,0,-1,0,2147483647,0.0,0.0,12,4,-89,GSM
1524132142660,121.20935345,31.28534799,-39.0,39.0,3.8903215,-69,true,-1,-1,5,50.0,4000.0,14.8895263671875,-61.52496337890625,43.768310546875,2.496906280517578,-0.30515503883361816,-2.494830369949341,460,1,5198,42518,0,-1,0.0,0.0,0,0,0,,7,460,1,5198,42518,0,2147483647,0.0,0.0,23,4,-67,GSM,460,1,5198,56688,0,2147483647,0.0,0.0,12,4,-89,GSM,460,1,5198,42507,0,2147483647,0.0,0.0,20,4,-73,GSM,460,1,5198,42509,0,2147483647,0.0,0.0,18,4,-77,GSM,460,1,5198,42508,0,2147483647,0.0,0.0,13,4,-87,GSM,0,0,0,-1,0,2147483647,0.0,0.0,13,4,-87,GSM,0,0,0,-1,0,2147483647,0.0,0.0,14,4,-85,GSM
1524132145753,121.20935345,31.28534799,-39.0,39.0,3.8903215,-63,true,-1,-1,5,50.0,4000.0,18.5302734375,-36.02447509765625,60.86883544921875,2.0631520748138428,-0.2207420915365219,-2.5599868297576904,460,1,5198,42518,0,-1,0.0,0.0,0,0,0,,7,460,1,5198,42518,0,2147483647,0.0,0.0,25,4,-63,GSM,460,1,5198,56688,0,2147483647,0.0,0.0,12,4,-89,GSM,460,1,5198,42507,0,2147483647,0.0,0.0,20,4,-73,GSM,460,1,5198,42509,0,2147483647,0.0,0.0,17,4,-79,GSM,460,1,5198,42508,0,2147483647,0.0,0.0,13,4,-87,GSM,0,0,0,-1,0,2147483647,0.0,0.0,12,4,-89,GSM,460,1,5198,42519,0,2147483647,0.0,0.0,15,4,-83,GSM
1524132148820,121.20941004,31.28519303,-38.0,37.0,4.240424,-63,true,-1,-1,5,50.0,4000.0,20.0897216796875,-36.3250732421875,64.16778564453125,1.9911408424377441,-0.2732960879802704,-2.5042998790740967,460,1,5198,42518,0,-1,0.0,0.0,0,0,0,,7,460,1,5198,42518,0,2147483647,0.0,0.0,25,4,-63,GSM,460,1,5198,56688,0,2147483647,0.0,0.0,12,4,-89,GSM,460,1,5198,42507,0,2147483647,0.0,0.0,20,4,-73,GSM,460,1,5198,42509,0,2147483647,0.0,0.0,17,4,-79,GSM,460,1,5198,42508,0,2147483647,0.0,0.0,13,4,-87,GSM,0,0,0,-1,0,2147483647,0.0,0.0,12,4,-89,GSM,460,1,5198,42519,0,2147483647,0.0,0.0,15,4,-83,GSM
1524132151912,121.20941004,31.28519303,-38.0,37.0,4.240424,-63,true,-1,-1,5,50.0,4000.0,23.21014404296875,-31.82525634765625,56.96868896484375,1.9546177387237549,-0.2968277633190155,-2.4591424465179443,460,1,5198,42518,0,-1,0.0,0.0,0,0,0,,6,460,1,5198,42518,0,2147483647,0.0,0.0,22,4,-69,GSM,460,1,5198,42507,0,2147483647,0.0,0.0,20,4,-73,GSM,460,1,5198,42509,0,2147483647,0.0,0.0,19,4,-75,GSM,460,1,5198,42508,0,2147483647,0.0,0.0,14,4,-85,GSM,0,0,0,-1,0,2147483647,0.0,0.0,12,4,-89,GSM,460,1,5198,42519,0,2147483647,0.0,0.0,17,4,-79,GSM
1524132154967,121.209622,31.28507005,-35.0,35.0,4.121468,-69,true,-1,-1,5,50.0,4000.0,20.7794189453125,-36.6241455078125,59.96856689453125,2.085824728012085,-0.19731548428535461,-2.5718114376068115,460,1,5198,42518,0,-1,0.0,0.0,0,0,0,,7,460,1,5198,42518,0,2147483647,0.0,0.0,21,4,-71,GSM,460,1,5198,42507,0,2147483647,0.0,0.0,21,4,-71,GSM,460,1,5198,42509,0,2147483647,0.0,0.0,20,4,-73,GSM,460,1,5198,42508,0,2147483647,0.0,0.0,14,4,-85,GSM,0,0,0,-1,0,2147483647,0.0,0.0,13,4,-87,GSM,460,1,5198,42519,0,2147483647,0.0,0.0,15,4,-83,GSM,460,1,5198,56688,0,2147483647,0.0,0.0,12,4,-89,GSM
1524132158039,121.209622,31.28507005,-35.0,35.0,4.121468,-69,true,-1,-1,5,50.0,4000.0,21.4691162109375,-43.82476806640625,54.5684814453125,2.10282564163208,-0.3792741000652313,-2.4492650032043457,460,1,5198,42518,0,-1,0.0,0.0,0,0,0,,7,460,1,5198,42518,0,2147483647,0.0,0.0,21,4,-71,GSM,460,1,5198,42507,0,2147483647,0.0,0.0,22,4,-69,GSM,460,1,5198,42509,0,2147483647,0.0,0.0,20,4,-73,GSM,460,1,5198,42508,0,2147483647,0.0,0.0,14,4,-85,GSM,0,0,0,-1,0,2147483647,0.0,0.0,13,4,-87,GSM,460,1,5198,42519,0,2147483647,0.0,0.0,14,4,-85,GSM,460,1,5198,56688,0,2147483647,0.0,0.0,12,4,-89,GSM
1524132161113,121.20978306,31.28495483,-32.0,34.0,4.121468,-69,true,-1,-1,5,50.0,4000.0,20.7794189453125,-45.92437744140625,53.36761474609375,2.1894583702087402,-0.3269827663898468,-2.6016223430633545,460,1,5198,42518,0,-1,0.0,0.0,0,0,0,,7,460,1,5198,42518,0,2147483647,0.0,0.0,21,4,-71,GSM,460,1,5198,42507,0,2147483647,0.0,0.0,22,4,-69,GSM,460,1,5198,42509,0,2147483647,0.0,0.0,22,4,-69,GSM,460,1,5198,42508,0,2147483647,0.0,0.0,14,4,-85,GSM,0,0,0,-1,0,2147483647,0.0,0.0,14,4,-85,GSM,460,1,5198,42519,0,2147483647,0.0,0.0,14,4,-85,GSM,460,1,5198,56688,0,2147483647,0.0,0.0,12,4,-89,GSM
1524132164191,121.20978306,31.28495483,-32.0,34.0,4.121468,-71,true,-1,-1,5,50.0,4000.0,20.25909423828125,-45.32470703125,54.8675537109375,2.1418042182922363,-0.356777548789978,-2.540186882019043,460,1,5198,42518,0,-1,0.0,0.0,0,0,0,,5,460,1,5198,42518,0,2147483647,0.0,0.0,20,4,-73,GSM,460,1,5198,42507,0,2147483647,0.0,0.0,21,4,-71,GSM,460,1,5198,42509,0,2147483647,0.0,0.0,22,4,-69,GSM,460,1,5198,42508,0,2147483647,0.0,0.0,15,4,-83,GSM,460,1,5198,56688,0,2147483647,0.0,0.0,13,4,-87,GSM
1524132167240,121.20993237,31.28479903,15.0,40.0,3.63,-71,true,-1,-1,5,50.0,4000.0,16.7999267578125,-46.5240478515625,53.668212890625,2.189970016479492,-0.3472431004047394,-2.4929349422454834,460,1,5198,42509,0,-1,0.0,0.0,0,0,0,,5,460,1,5198,42509,0,2147483647,0.0,0.0,21,4,-71,GSM,460,1,5198,42507,0,2147483647,0.0,0.0,21,4,-71,GSM,460,1,5198,42508,0,2147483647,0.0,0.0,15,4,-83,GSM,0,0,0,-1,0,2147483647,0.0,0.0,13,4,-87,GSM,460,1,5198,42518,0,2147483647,0.0,0.0,20,4,-73,GSM
1524132170857,121.20993237,31.28479903,15.0,40.0,3.63,-71,true,-1,-1,5,50.0,4000.0,19.74029541015625,-50.72479248046875,49.76806640625,2.2779383659362793,-0.35629117488861084,-2.612579107284546,460,1,5198,42509,0,-1,0.0,0.0,0,0,0,,5,460,1,5198,42509,0,2147483647,0.0,0.0,21,4,-71,GSM,460,1,5198,42507,0,2147483647,0.0,0.0,21,4,-71,GSM,460,1,5198,42508,0,2147483647,0.0,0.0,15,4,-83,GSM,460,1,5198,44572,0,2147483647,0.0,0.0,13,4,-87,GSM,460,1,5198,42518,0,2147483647,0.0,0.0,20,4,-73,GSM
1524132173916,121.21001514,31.28465238,7.0,39.0,3.890013,-71,true,-1,-1,5,50.0,4000.0,18.00994873046875,-50.4241943359375,46.16851806640625,2.287584066390991,-0.40570494532585144,-2.5814318656921387,460,1,5198,42509,0,-1,0.0,0.0,0,0,0,,5,460,1,5198,42509,0,2147483647,0.0,0.0,20,4,-73,GSM,460,1,5198,42507,0,2147483647,0.0,0.0,21,4,-71,GSM,460,1,5198,42508,0,2147483647,0.0,0.0,14,4,-85,GSM,460,1,5198,44572,0,2147483647,0.0,0.0,14,4,-85,GSM,460,1,5198,42518,0,2147483647,0.0,0.0,20,4,-73,GSM
1524132176973,121.21001514,31.28465238,7.0,39.0,3.890013,-71,true,-1,-1,5,50.0,4000.0,16.96929931640625,-52.52532958984375,44.36798095703125,2.3832037448883057,-0.35705748200416565,-2.627474308013916,460,1,5198,42509,0,-1,0.0,0.0,0,0,0,,5,460,1,5198,42509,0,2147483647,0.0,0.0,19,4,-75,GSM,460,1,5198,42507,0,2147483647,0.0,0.0,21,4,-71,GSM,460,1,5198,42508,0,2147483647,0.0,0.0,14,4,-85,GSM,460,1,5198,44572,0,2147483647,0.0,0.0,14,4,-85,GSM,460,1,5198,42518,0,2147483647,0.0,0.0,20,4,-73,GSM
1524132180039,121.21008398,31.2844219,-3.0,41.0,3.2400618,-75,true,-1,-1,5,50.0,4000.0,11.76910400390625,-60.3240966796875,36.56768798828125,2.588773250579834,-0.3757564127445221,-2.601810932159424,460,1,5198,42509,0,-1,0.0,0.0,0,0,0,,6,460,1,5198,42509,0,2147483647,0.0,0.0,18,4,-77,GSM,460,1,5198,42507,0,2147483647,0.0,0.0,21,4,-71,GSM,460,1,5198,42508,0,2147483647,0.0,0.0,15,4,-83,GSM,460,1,5198,44572,0,2147483647,0.0,0.0,14,4,-85,GSM,460,1,5198,42518,0,2147483647,0.0,0.0,19,4,-75,GSM,0,0,0,-1,0,2147483647,0.0,0.0,12,4,-89,GSM
1524132183114,121.21008398,31.2844219,-3.0,41.0,3.2400618,-75,true,-1,-1,5,50.0,4000.0,10.040283203125,-59.42535400390625,35.968017578125,2.594426155090332,-0.3898124694824219,-2.578701972961426,460,1,5198,42507,0,-1,0.0,0.0,0,0,0,,5,460,1,5198,42507,0,2147483647,0.0,0.0,23,4,-67,GSM,460,1,5198,42508,0,2147483647,0.0,0.0,15,4,-83,GSM,460,1,5198,44572,0,2147483647,0.0,0.0,14,4,-85,GSM,0,0,0,-1,0,2147483647,0.0,0.0,12,4,-89,GSM,460,1,5198,42509,0,2147483647,0.0,0.0,19,4,-75,GSM
1524132186166,121.21011305,31.28439194,4.0,46.0,0.0,-67,true,-1,-1,5,50.0,4000.0,0.0091552734375,-65.12451171875,27.56805419921875,2.8218960762023926,-0.49012839794158936,-2.5463638305664063,460,1,5198,42507,0,-1,0.0,0.0,0,0,0,,6,460,1,5198,42507,0,2147483647,0.0,0.0,24,4,-65,GSM,460,1,5198,42508,0,2147483647,0.0,0.0,15,4,-83,GSM,460,1,5198,44572,0,2147483647,0.0,0.0,13,4,-87,GSM,0,0,0,-1,0,2147483647,0.0,0.0,12,4,-89,GSM,460,1,5198,42509,0,2147483647,0.0,0.0,20,4,-73,GSM,460,1,5198,42518,0,2147483647,0.0,0.0,19,4,-75,GSM
1524132189228,121.21011305,31.28439194,4.0,46.0,0.0,-63,true,-1,-1,5,50.0,4000.0,-5.7098388671875,-62.72430419921875,29.0679931640625,2.7914657592773438,-0.6089114546775818,-2.483721971511841,460,1,5198,42507,0,-1,0.0,0.0,0,0,0,,6,460,1,5198,42507,0,2147483647,0.0,0.0,23,4,-67,GSM,460,1,5198,42508,0,2147483647,0.0,0.0,14,4,-85,GSM,460,1,5198,44572,0,2147483647,0.0,0.0,13,4,-87,GSM,0,0,0,-1,0,2147483647,0.0,0.0,12,4,-89,GSM,460,1,5198,42509,0,2147483647,0.0,0.0,20,4,-73,GSM,460,1,5198,42518,0,2147483647,0.0,0.0,17,4,-79,GSM
1524132192298,121.21007617,31.28437778,-1.0,45.0,2.020396,-67,true,-1,-1,5,50.0,4000.0,-0.689697265625,-63.62457275390625,15.56854248046875,2.979543924331665,-0.6102650165557861,-2.614835500717163,460,1,5198,42507,0,-1,0.0,0.0,0,0,0,,6,460,1,5198,42507,0,2147483647,0.0,0.0,23,4,-67,GSM,460,1,5198,42508,0,2147483647,0.0,0.0,14,4,-85,GSM,460,1,5198,44572,0,2147483647,0.0,0.0,13,4,-87,GSM,0,0,0,-1,0,2147483647,0.0,0.0,12,4,-89,GSM,460,1,5198,42509,0,2147483647,0.0,0.0,21,4,-71,GSM,460,1,5198,42518,0,2147483647,0.0,0.0,17,4,-79,GSM
1524132195387,121.21007617,31.28437778,-1.0,45.0,2.020396,-63,true,-1,-1,5,50.0,4000.0,23.3795166015625,-40.82489013671875,-30.93109130859375,-2.0877606868743896,-0.6603172421455383,-0.20673169195652008,460,1,5198,42507,0,-1,0.0,0.0,0,0,0,,6,460,1,5198,42507,0,2147483647,0.0,0.0,23,4,-67,GSM,460,1,5198,42508,0,2147483647,0.0,0.0,14,4,-85,GSM,460,1,5198,44572,0,2147483647,0.0,0.0,12,4,-89,GSM,0,0,0,-1,0,2147483647,0.0,0.0,12,4,-89,GSM,460,1,5198,42509,0,2147483647,0.0,0.0,21,4,-71,GSM,460,1,5198,42518,0,2147483647,0.0,0.0,16,4,-81,GSM
1524132198438,121.20992569,31.28423541,-6.0,40.0,2.8334608,-67,true,-1,-1,5,50.0,4000.0,-17.6605224609375,-64.52484130859375,8.367919921875,-2.9877076148986816,-0.3908146321773529,-2.4466114044189453,460,1,5198,42507,0,-1,0.0,0.0,0,0,0,,6,460,1,5198,42507,0,2147483647,0.0,0.0,21,4,-71,GSM,460,1,5198,42508,0,2147483647,0.0,0.0,12,4,-89,GSM,460,1,5198,44572,0,2147483647,0.0,0.0,12,4,-89,GSM,0,0,0,-1,0,2147483647,0.0,0.0,11,3,-91,GSM,460,1,5198,42509,0,2147483647,0.0,0.0,22,4,-69,GSM,460,1,5198,42518,0,2147483647,0.0,0.0,14,4,-85,GSM
1524132201503,121.20992569,31.28423541,-6.0,40.0,2.8334608,-69,true,-1,-1,5,50.0,4000.0,-6.23016357421875,-66.925048828125,10.76812744140625,3.1004302501678467,-0.4857617914676666,-2.4391326904296875,460,1,5198,42507,0,-1,0.0,0.0,0,0,0,,6,460,1,5198,42507,0,2147483647,0.0,0.0,20,4,-73,GSM,460,1,5198,42508,0,2147483647,0.0,0.0,12,4,-89,GSM,460,1,5198,44572,0,2147483647,0.0,0.0,12,4,-89,GSM,0,0,0,-1,0,2147483647,0.0,0.0,10,3,-93,GSM,460,1,5198,42509,0,2147483647,0.0,0.0,22,4,-69,GSM,460,1,5198,42518,0,2147483647,0.0,0.0,14,4,-85,GSM
1524132204571,121.20976879,31.28409499,-10.0,37.0,1.8327302,-69,true,-1,-1,5,50.0,4000.0,16.27960205078125,-65.72418212890625,-21.03118896484375,-2.8425114154815674,-0.27359986305236816,-0.07805359363555908,460,1,5198,42507,0,-1,0.0,0.0,0,0,0,,5,460,1,5198,42507,0,2147483647,0.0,0.0,18,4,-77,GSM,460,1,5198,42508,0,2147483647,0.0,0.0,11,3,-91,GSM,460,1,5198,44572,0,2147483647,0.0,0.0,11,3,-91,GSM,460,1,5198,42509,0,2147483647,0.0,0.0,21,4,-71,GSM,460,1,5198,42518,0,2147483647,0.0,0.0,13,4,-87,GSM
