IMEI:862305032225518
IMSI:460091042103139
OSVersion:3.10.73-perf-g94fc9a6
apiLevel:5.1.1
model:Redmi Note 3
device:kenzo
product:kenzo
85
1524149340060,121.20888517,31.28498618,19.0,39.0,0.0,-73,true,-1,-1,5,46.0,4000.0,16.619873046875,19.17572021484375,-37.83111572265625,-0.7725598216056824,-0.0664241686463356,-0.11784107238054276,460,1,5198,42518,0,-1,0.0,0.0,0,0,0,,5,460,1,5198,42518,0,2147483647,0.0,0.0,20,4,-73,GSM,460,1,5198,49989,0,2147483647,0.0,0.0,11,3,-91,GSM,460,1,5198,42517,0,2147483647,0.0,0.0,13,4,-87,GSM,460,1,5198,42507,0,2147483647,0.0,0.0,12,4,-89,GSM,460,1,5198,42519,0,2147483647,0.0,0.0,17,4,-79,GSM
1524149343267,121.20888517,31.28498618,19.0,39.0,0.0,-69,true,-1,-1,5,46.0,4000.0,-1.21002197265625,-11.42425537109375,-45.33233642578125,-1.0216957330703735,-0.6445168852806091,-0.5659120082855225,460,1,5198,42518,0,-1,0.0,0.0,0,0,0,,6,460,1,5198,42518,0,2147483647,0.0,0.0,23,4,-67,GSM,460,1,5198,49989,0,2147483647,0.0,0.0,11,3,-91,GSM,460,1,5198,42517,0,2147483647,0.0,0.0,13,4,-87,GSM,460,1,5198,42507,0,2147483647,0.0,0.0,12,4,-89,GSM,460,1,5198,42519,0,2147483647,0.0,0.0,17,4,-79,GSM,0,0,0,-1,0,2147483647,0.0,0.0,11,3,-91,GSM
1524149346206,121.20882013,31.28509607,30.0,40.0,0.0,-69,true,-1,-1,5,46.0,4000.0,-2.4200439453125,-8.42437744140625,-46.2310791015625,-0.7383574843406677,-0.6087261438369751,-0.41132330894470215,460,1,5198,42518,0,-1,0.0,0.0,0,0,0,,6,460,1,5198,42518,0,2147483647,0.0,0.0,23,4,-67,GSM,460,1,5198,49989,0,2147483647,0.0,0.0,12,4,-89,GSM,460,1,5198,42517,0,2147483647,0.0,0.0,13,4,-87,GSM,460,1,5198,42507,0,2147483647,0.0,0.0,12,4,-89,GSM,460,1,5198,42519,0,2147483647,0.0,0.0,17,4,-79,GSM,0,0,0,-1,0,2147483647,0.0,0.0,11,3,-91,GSM
1524149349433,121.20882013,31.28509607,30.0,40.0,0.0,-69,true,-1,-1,5,46.0,4000.0,-29.26025390625,-12.6251220703125,27.86865234375,0.08153889328241348,-0.6190004944801331,-2.3052334785461426,460,1,5198,42518,0,-1,0.0,0.0,0,0,0,,6,460,1,5198,42518,0,2147483647,0.0,0.0,21,4,-71,GSM,460,1,5198,49989,0,2147483647,0.0,0.0,12,4,-89,GSM,460,1,5198,42517,0,2147483647,0.0,0.0,12,4,-89,GSM,460,1,5198,42507,0,2147483647,0.0,0.0,11,3,-91,GSM,460,1,5198,42519,0,2147483647,0.0,0.0,17,4,-79,GSM,0,0,0,-1,0,2147483647,0.0,0.0,11,3,-91,GSM
1524149352385,121.20873341,31.28522389,27.0,32.0,0.0,-69,true,-1,-1,5,46.0,4000.0,-30.999755859375,-21.92535400390625,20.66802978515625,-1.988050103187561,-0.3845786452293396,-2.6770918369293213,460,1,5198,42518,0,-1,0.0,0.0,0,0,0,,6,460,1,5198,42518,0,2147483647,0.0,0.0,19,4,-75,GSM,460,1,5198,49989,0,2147483647,0.0,0.0,12,4,-89,GSM,460,1,5198,42517,0,2147483647,0.0,0.0,12,4,-89,GSM,460,1,5198,42507,0,2147483647,0.0,0.0,11,3,-91,GSM,460,1,5198,42519,0,2147483647,0.0,0.0,17,4,-79,GSM,0,0,0,-1,0,2147483647,0.0,0.0,12,4,-89,GSM
1524149355358,121.20873341,31.28522389,27.0,32.0,0.0,-73,true,-1,-1,5,46.0,4000.0,-21.29974365234375,-5.42449951171875,45.26824951171875,0.3364422023296356,-0.4542560577392578,-2.5832159519195557,460,1,5198,42518,0,-1,0.0,0.0,0,0,0,,6,460,1,5198,42518,0,2147483647,0.0,0.0,20,4,-73,GSM,460,1,5198,49989,0,2147483647,0.0,0.0,11,3,-91,GSM,460,1,5198,42517,0,2147483647,0.0,0.0,12,4,-89,GSM,460,1,5198,42507,0,2147483647,0.0,0.0,11,3,-91,GSM,460,1,5198,42519,0,2147483647,0.0,0.0,15,4,-83,GSM,460,1,5198,56688,0,2147483647,0.0,0.0,12,4,-89,GSM
1524149358554,121.20872877,31.28535432,24.0,31.0,0.0,-73,true,-1,-1,5,46.0,4000.0,-40.350341796875,-16.22467041015625,-26.73187255859375,1.0249561071395874,-0.6313895583152771,-0.5397647619247437,460,1,5198,42518,0,-1,0.0,0.0,0,0,0,,6,460,1,5198,42518,0,2147483647,0.0,0.0,21,4,-71,GSM,460,1,5198,49989,0,2147483647,0.0,0.0,11,3,-91,GSM,460,1,5198,42517,0,2147483647,0.0,0.0,11,3,-91,GSM,460,1,5198,42507,0,2147483647,0.0,0.0,10,3,-93,GSM,460,1,5198,42519,0,2147483647,0.0,0.0,13,4,-87,GSM,460,1,5198,56688,0,2147483647,0.0,0.0,12,4,-89,GSM
1524149361537,121.20872877,31.28535432,24.0,31.0,0.0,-67,true,-1,-1,5,46.0,4000.0,-43.11981201171875,-18.9239501953125,-26.1322021484375,1.409063696861267,-0.5197882652282715,-0.4452134370803833,460,1,5198,42518,0,-1,0.0,0.0,0,0,0,,6,460,1,5198,42518,0,2147483647,0.0,0.0,24,4,-65,GSM,460,1,5198,49989,0,2147483647,0.0,0.0,11,3,-91,GSM,460,1,5198,42517,0,2147483647,0.0,0.0,12,4,-89,GSM,460,1,5198,42507,0,2147483647,0.0,0.0,11,3,-91,GSM,460,1,5198,42519,0,2147483647,0.0,0.0,13,4,-87,GSM,460,1,5198,56688,0,2147483647,0.0,0.0,12,4,-89,GSM
1524149364734,121.20883171,31.28553934,22.0,36.0,0.0,-61,true,-1,-1,5,46.0,4000.0,-8.1298828125,8.074951171875,48.8677978515625,0.6367233395576477,-0.24118715524673462,-2.686398983001709,460,1,5198,42518,0,-1,0.0,0.0,0,0,0,,6,460,1,5198,42518,0,2147483647,0.0,0.0,26,4,-61,GSM,460,1,5198,49989,0,2147483647,0.0,0.0,10,3,-93,GSM,460,1,5198,42517,0,2147483647,0.0,0.0,12,4,-89,GSM,460,1,5198,42507,0,2147483647,0.0,0.0,11,3,-91,GSM,460,1,5198,42519,0,2147483647,0.0,0.0,12,4,-89,GSM,460,1,5198,56688,0,2147483647,0.0,0.0,12,4,-89,GSM
1524149367710,121.20883171,31.28553934,22.0,36.0,0.0,-59,true,-1,-1,5,46.0,4000.0,-12.12005615234375,-1.824951171875,50.96893310546875,0.5214085578918457,-0.4517962634563446,-2.679877996444702,460,1,5198,42518,0,-1,0.0,0.0,0,0,0,,6,460,1,5198,42518,0,2147483647,0.0,0.0,25,4,-63,GSM,460,1,5198,49989,0,2147483647,0.0,0.0,10,3,-93,GSM,460,1,5198,42517,0,2147483647,0.0,0.0,12,4,-89,GSM,460,1,5198,42507,0,2147483647,0.0,0.0,11,3,-91,GSM,460,1,5198,42519,0,2147483647,0.0,0.0,14,4,-85,GSM,460,1,5198,56688,0,2147483647,0.0,0.0,12,4,-89,GSM
1524149370926,121.2089801,31.28573593,26.0,36.0,0.0,-61,true,-1,-1,5,46.0,4000.0,-11.419677734375,-0.9246826171875,53.36761474609375,0.41684556007385254,-0.38389238715171814,-2.7733078002929688,460,1,5198,42518,0,-1,0.0,0.0,0,0,0,,6,460,1,5198,42518,0,2147483647,0.0,0.0,26,4,-61,GSM,460,1,5198,49989,0,2147483647,0.0,0.0,10,3,-93,GSM,460,1,5198,42517,0,2147483647,0.0,0.0,13,4,-87,GSM,460,1,5198,42507,0,2147483647,0.0,0.0,12,4,-89,GSM,460,1,5198,42519,0,2147483647,0.0,0.0,14,4,-85,GSM,460,1,5198,56688,0,2147483647,0.0,0.0,12,4,-89,GSM
1524149373870,121.2089801,31.28573593,26.0,36.0,0.0,-59,true,-1,-1,5,46.0,4000.0,-11.419677734375,-4.52423095703125,53.36761474609375,0.4816010594367981,-0.5159963965415955,-2.7149133682250977,460,1,5198,42518,0,-1,0.0,0.0,0,0,0,,6,460,1,5198,42518,0,2147483647,0.0,0.0,27,4,-59,GSM,460,1,5198,49989,0,2147483647,0.0,0.0,11,3,-91,GSM,460,1,5198,42517,0,2147483647,0.0,0.0,14,4,-85,GSM,460,1,5198,42507,0,2147483647,0.0,0.0,12,4,-89,GSM,460,1,5198,42519,0,2147483647,0.0,0.0,15,4,-83,GSM,460,1,5198,56688,0,2147483647,0.0,0.0,12,4,-89,GSM
1524149377086,121.209133,31.28590168,20.0,31.0,0.0,-59,true,-1,-1,5,46.0,4000.0,-13.85040283203125,0.8758544921875,49.16839599609375,0.5228074193000793,-0.41629162430763245,-2.6292614936828613,460,1,5198,42518,0,-1,0.0,0.0,0,0,0,,6,460,1,5198,42518,0,2147483647,0.0,0.0,28,4,-57,GSM,460,1,5198,49989,0,2147483647,0.0,0.0,11,3,-91,GSM,460,1,5198,42517,0,2147483647,0.0,0.0,14,4,-85,GSM,460,1,5198,42507,0,2147483647,0.0,0.0,12,4,-89,GSM,460,1,5198,42519,0,2147483647,0.0,0.0,17,4,-79,GSM,460,1,5198,56688,0,2147483647,0.0,0.0,11,3,-91,GSM
1524149380058,121.209133,31.28590168,20.0,31.0,0.0,-59,true,-1,-1,5,46.0,4000.0,-22.16033935546875,4.1748046875,49.76806640625,-0.05046476051211357,-0.305522620677948,-2.7415592670440674,460,1,5198,42518,0,-1,0.0,0.0,0,0,0,,6,460,1,5198,42518,0,2147483647,0.0,0.0,28,4,-57,GSM,460,1,5198,49989,0,2147483647,0.0,0.0,12,4,-89,GSM,460,1,5198,42517,0,2147483647,0.0,0.0,15,4,-83,GSM,460,1,5198,42507,0,2147483647,0.0,0.0,14,4,-85,GSM,460,1,5198,42519,0,2147483647,0.0,0.0,20,4,-73,GSM,460,1,5198,56688,0,2147483647,0.0,0.0,11,3,-91,GSM
1524149383266,121.20933343,31.28605839,13.0,28.0,0.0,-59,true,-1,-1,5,46.0,4000.0,-14.1998291015625,-13.824462890625,56.36749267578125,0.7359321713447571,-0.4568500816822052,-2.695214033126831,460,1,5198,42518,0,-1,0.0,0.0,0,0,0,,6,460,1,5198,42518,0,2147483647,0.0,0.0,27,4,-59,GSM,460,1,5198,49989,0,2147483647,0.0,0.0,12,4,-89,GSM,460,1,5198,42517,0,2147483647,0.0,0.0,15,4,-83,GSM,460,1,5198,42507,0,2147483647,0.0,0.0,16,4,-81,GSM,460,1,5198,42519,0,2147483647,0.0,0.0,20,4,-73,GSM,460,1,5198,42509,0,2147483647,0.0,0.0,12,4,-89,GSM
1524149386226,121.20933343,31.28605839,13.0,28.0,0.0,-61,true,-1,-1,5,46.0,4000.0,-12.12005615234375,-0.9246826171875,48.5687255859375,0.6872859001159668,-0.34135279059410095,-2.642669677734375,460,1,5198,42518,0,-1,0.0,0.0,0,0,0,,7,460,1,5198,42518,0,2147483647,0.0,0.0,26,4,-61,GSM,460,1,5198,49989,0,2147483647,0.0,0.0,12,4,-89,GSM,460,1,5198,42517,0,2147483647,0.0,0.0,15,4,-83,GSM,460,1,5198,42507,0,2147483647,0.0,0.0,16,4,-81,GSM,460,1,5198,42519,0,2147483647,0.0,0.0,20,4,-73,GSM,460,1,5198,42509,0,2147483647,0.0,0.0,14,4,-85,GSM,460,1,5198,20609,0,2147483647,0.0,0.0,11,3,-91,GSM
1524149389451,121.20954451,31.28620583,12.0,34.0,0.0,-61,true,-1,-1,5,46.0,4000.0,-22.16033935546875,7.1746826171875,36.56768798828125,-0.08459284901618958,-0.3868774175643921,-2.6419191360473633,460,1,5198,42518,0,-1,0.0,0.0,0,0,0,,7,460,1,5198,42518,0,2147483647,0.0,0.0,24,4,-65,GSM,460,1,5198,49989,0,2147483647,0.0,0.0,13,4,-87,GSM,460,1,5198,42517,0,2147483647,0.0,0.0,15,4,-83,GSM,460,1,5198,42507,0,2147483647,0.0,0.0,18,4,-77,GSM,460,1,5198,42519,0,2147483647,0.0,0.0,18,4,-77,GSM,460,1,5198,42509,0,2147483647,0.0,0.0,15,4,-83,GSM,460,1,5198,20609,0,2147483647,0.0,0.0,12,4,-89,GSM
1524149392150,121.20954451,31.28620583,12.0,34.0,0.0,-69,true,-1,-1,5,46.0,4000.0,-20.08056640625,-1.52435302734375,46.16851806640625,0.4991362392902374,-0.33571186661720276,-2.5689620971679688,460,1,5198,42518,0,-1,0.0,0.0,0,0,0,,7,460,1,5198,42518,0,2147483647,0.0,0.0,21,4,-71,GSM,460,1,5198,49989,0,2147483647,0.0,0.0,14,4,-85,GSM,460,1,5198,42517,0,2147483647,0.0,0.0,14,4,-85,GSM,460,1,5198,42507,0,2147483647,0.0,0.0,19,4,-75,GSM,460,1,5198,42519,0,2147483647,0.0,0.0,17,4,-79,GSM,460,1,5198,42509,0,2147483647,0.0,0.0,15,4,-83,GSM,460,1,5198,20609,0,2147483647,0.0,0.0,13,4,-87,GSM
1524149395362,121.20966886,31.2864137,12.0,30.0,0.0,-69,true,-1,-1,5,46.0,4000.0,-17.3095703125,-2.42462158203125,48.5687255859375,0.19768022000789642,-0.43961745500564575,-2.722687005996704,460,1,5198,42518,0,-1,0.0,0.0,0,0,0,,7,460,1,5198,42518,0,2147483647,0.0,0.0,21,4,-71,GSM,460,1,5198,49989,0,2147483647,0.0,0.0,14,4,-85,GSM,460,1,5198,42517,0,2147483647,0.0,0.0,13,4,-87,GSM,460,1,5198,42507,0,2147483647,0.0,0.0,21,4,-71,GSM,460,1,5198,42519,0,2147483647,0.0,0.0,17,4,-79,GSM,460,1,5198,42509,0,2147483647,0.0,0.0,16,4,-81,GSM,460,1,5198,20609,0,2147483647,0.0,0.0,14,4,-85,GSM
1524149398427,121.20966886,31.2864137,12.0,30.0,0.0,-69,true,-1,-1,5,46.0,4000.0,-21.47064208984375,-3.924560546875,46.7681884765625,0.18989433348178864,-0.3591977655887604,-2.6574363708496094,460,1,5198,42518,0,-1,0.0,0.0,0,0,0,,5,460,1,5198,42518,0,2147483647,0.0,0.0,20,4,-73,GSM,460,1,5198,49989,0,2147483647,0.0,0.0,15,4,-83,GSM,460,1,5198,42507,0,2147483647,0.0,0.0,21,4,-71,GSM,460,1,5198,42519,0,2147483647,0.0,0.0,15,4,-83,GSM,460,1,5198,42509,0,2147483647,0.0,0.0,18,4,-77,GSM
1524149401428,121.209817,31.28663752,6.0,31.0,0.0,-69,true,-1,-1,5,46.0,4000.0,-15.93017578125,-0.62408447265625,47.967529296875,0.5584888458251953,-0.32158714532852173,-2.6331429481506348,460,1,5198,42507,0,-1,0.0,0.0,0,0,0,,5,460,1,5198,42507,0,2147483647,0.0,0.0,25,4,-63,GSM,460,1,5198,49989,0,2147483647,0.0,0.0,16,4,-81,GSM,460,1,5198,42507,0,2147483647,0.0,0.0,22,4,-69,GSM,460,1,5198,42519,0,2147483647,0.0,0.0,12,4,-89,GSM,460,1,5198,42509,0,2147483647,0.0,0.0,19,4,-75,GSM
1524149404595,121.209817,31.28663752,6.0,31.0,0.0,-65,true,-1,-1,5,46.0,4000.0,-15.40985107421875,0.57525634765625,45.867919921875,0.5186482667922974,-0.34612539410591125,-2.6199426651000977,460,1,5198,42507,0,-1,0.0,0.0,0,0,0,,4,460,1,5198,42507,0,2147483647,0.0,0.0,24,4,-65,GSM,460,1,5198,49989,0,2147483647,0.0,0.0,16,4,-81,GSM,460,1,5198,42518,0,2147483647,0.0,0.0,18,4,-77,GSM,0,0,0,-1,0,2147483647,0.0,0.0,14,4,-85,GSM
1524149407645,121.20991039,31.28684803,15.0,30.0,3.9637609,-65,true,-1,-1,5,46.0,4000.0,-13.16070556640625,7.77587890625,44.36798095703125,0.7254430055618286,-0.290094256401062,-2.4659950733184814,460,1,5198,42507,0,-1,0.0,0.0,0,0,0,,5,460,1,5198,42507,0,2147483647,0.0,0.0,23,4,-67,GSM,460,1,5198,49989,0,2147483647,0.0,0.0,16,4,-81,GSM,460,1,5198,42518,0,2147483647,0.0,0.0,18,4,-77,GSM,460,1,5198,44572,0,2147483647,0.0,0.0,15,4,-83,GSM,460,1,5198,42509,0,2147483647,0.0,0.0,18,4,-77,GSM
1524149410865,121.20991039,31.28684803,15.0,30.0,3.9637609,-65,true,-1,-1,5,46.0,4000.0,-14.72015380859375,-5.72509765625,50.6683349609375,0.4554377794265747,-0.3781917691230774,-2.728562116622925,460,1,5198,42507,0,-1,0.0,0.0,0,0,0,,5,460,1,5198,42507,0,2147483647,0.0,0.0,21,4,-71,GSM,460,1,5198,49989,0,2147483647,0.0,0.0,16,4,-81,GSM,460,1,5198,42518,0,2147483647,0.0,0.0,18,4,-77,GSM,460,1,5198,44572,0,2147483647,0.0,0.0,16,4,-81,GSM,460,1,5198,42509,0,2147483647,0.0,0.0,18,4,-77,GSM
1524149413890,121.2100584,31.28705069,12.0,31.0,3.8439822,-65,true,-1,-1,5,46.0,4000.0,-36.370849609375,-20.7244873046875,-29.43115234375,1.2611976861953735,-0.701555073261261,-0.2687853276729584,460,1,5198,42507,0,-1,0.0,0.0,0,0,0,,5,460,1,5198,42507,0,2147483647,0.0,0.0,20,4,-73,GSM,460,1,5198,49989,0,2147483647,0.0,0.0,17,4,-79,GSM,460,1,5198,42518,0,2147483647,0.0,0.0,18,4,-77,GSM,460,1,5198,44572,0,2147483647,0.0,0.0,16,4,-81,GSM,460,1,5198,42509,0,2147483647,0.0,0.0,16,4,-81,GSM
1524149416843,121.2100584,31.28705069,12.0,31.0,3.8439822,-75,true,-1,-1,5,46.0,4000.0,-36.7095947265625,-18.32427978515625,-30.0323486328125,0.988055408000946,-0.7519627809524536,-0.38368043303489685,460,1,5198,42507,0,-1,0.0,0.0,0,0,0,,5,460,1,5198,42507,0,2147483647,0.0,0.0,17,4,-79,GSM,460,1,5198,49989,0,2147483647,0.0,0.0,18,4,-77,GSM,460,1,5198,42518,0,2147483647,0.0,0.0,20,4,-73,GSM,460,1,5198,44572,0,2147483647,0.0,0.0,16,4,-81,GSM,460,1,5198,42509,0,2147483647,0.0,0.0,16,4,-81,GSM
1524149419922,121.2102242,31.28728892,12.0,38.0,0.0,-75,true,-1,-1,5,46.0,4000.0,-12.640380859375,3.875732421875,47.66845703125,0.4428490400314331,-0.3849370777606964,-2.6721293926239014,460,1,5198,42507,0,-1,0.0,0.0,0,0,0,,6,460,1,5198,42507,0,2147483647,0.0,0.0,16,4,-81,GSM,460,1,5198,49989,0,2147483647,0.0,0.0,18,4,-77,GSM,460,1,5198,42518,0,2147483647,0.0,0.0,21,4,-71,GSM,460,1,5198,44572,0,2147483647,0.0,0.0,16,4,-81,GSM,460,1,5198,42509,0,2147483647,0.0,0.0,15,4,-83,GSM,460,1,5198,1186,0,2147483647,0.0,0.0,15,4,-83,GSM
1524149423148,121.2102242,31.28728892,12.0,38.0,0.0,-79,true,-1,-1,5,46.0,4000.0,-18.3502197265625,1.776123046875,46.16851806640625,0.48032712936401367,-0.4011308550834656,-2.5457706451416016,460,1,5198,42518,0,-1,0.0,0.0,0,0,0,,5,460,1,5198,42518,0,2147483647,0.0,0.0,24,4,-65,GSM,460,1,5198,44572,0,2147483647,0.0,0.0,16,4,-81,GSM,460,1,5198,1186,0,2147483647,0.0,0.0,14,4,-85,GSM,460,1,5198,42507,0,2147483647,0.0,0.0,17,4,-79,GSM,0,0,0,-1,0,2147483647,0.0,0.0,14,4,-85,GSM
1524149426111,121.2102242,31.28728892,12.0,38.0,0.0,-67,true,-1,-1,5,46.0,4000.0,-25.10986328125,-4.52423095703125,38.067626953125,-0.3011004626750946,-0.3535764813423157,-2.636864423751831,460,1,5198,42518,0,-1,0.0,0.0,0,0,0,,5,460,1,5198,42518,0,2147483647,0.0,0.0,22,4,-69,GSM,460,1,5198,56688,0,2147483647,0.0,0.0,16,4,-81,GSM,460,1,5198,1186,0,2147483647,0.0,0.0,14,4,-85,GSM,460,1,5198,42507,0,2147483647,0.0,0.0,17,4,-79,GSM,0,0,0,-1,0,2147483647,0.0,0.0,13,4,-87,GSM
1524149429335,121.2101314,31.28771131,19.0,49.0,0.0,-67,true,-1,-1,5,46.0,4000.0,-22.16033935546875,-1.52435302734375,38.36822509765625,-0.22508686780929565,-0.3188418447971344,-2.682018518447876,460,1,5198,42518,0,-1,0.0,0.0,0,0,0,,5,460,1,5198,42518,0,2147483647,0.0,0.0,23,4,-67,GSM,460,1,5198,56688,0,2147483647,0.0,0.0,17,4,-79,GSM,460,1,5198,1186,0,2147483647,0.0,0.0,14,4,-85,GSM,460,1,5198,42507,0,2147483647,0.0,0.0,16,4,-81,GSM,460,1,5198,49989,0,2147483647,0.0,0.0,17,4,-79,GSM
1524149432032,121.2101314,31.28771131,19.0,49.0,0.0,-67,true,-1,-1,5,46.0,4000.0,-12.98065185546875,2.67486572265625,50.06866455078125,0.6807122826576233,-0.34957021474838257,-2.5794317722320557,460,1,5198,42518,0,-1,0.0,0.0,0,0,0,,5,460,1,5198,42518,0,2147483647,0.0,0.0,24,4,-65,GSM,460,1,5198,56688,0,2147483647,0.0,0.0,17,4,-79,GSM,460,1,5198,42507,0,2147483647,0.0,0.0,16,4,-81,GSM,460,1,5198,49989,0,2147483647,0.0,0.0,17,4,-79,GSM,460,1,5198,42517,0,2147483647,0.0,0.0,14,4,-85,GSM
1524149435436,121.2101314,31.28771131,19.0,49.0,0.0,-63,true,-1,-1,5,46.0,4000.0,-14.8895263671875,3.57513427734375,42.5689697265625,0.6271179914474487,-0.26785916090011597,-2.56117582321167,460,1,5198,42518,0,-1,0.0,0.0,0,0,0,,5,460,1,5198,42518,0,2147483647,0.0,0.0,25,4,-63,GSM,460,1,5198,56688,0,2147483647,0.0,0.0,18,4,-77,GSM,460,1,5198,42507,0,2147483647,0.0,0.0,15,4,-83,GSM,460,1,5198,49989,0,2147483647,0.0,0.0,16,4,-81,GSM,460,1,5198,42517,0,2147483647,0.0,0.0,15,4,-83,GSM
1524149438402,121.21038325,31.28807479,21.0,46.0,0.0,-63,true,-1,-1,5,46.0,4000.0,-14.3707275390625,-0.0244140625,45.867919921875,0.5790907740592957,-0.27988141775131226,-2.659587860107422,460,1,5198,42518,0,-1,0.0,0.0,0,0,0,,5,460,1,5198,42518,0,2147483647,0.0,0.0,29,4,-55,GSM,460,1,5198,56688,0,2147483647,0.0,0.0,17,4,-79,GSM,460,1,5198,42507,0,2147483647,0.0,0.0,14,4,-85,GSM,460,1,5198,49989,0,2147483647,0.0,0.0,16,4,-81,GSM,460,1,5198,42517,0,2147483647,0.0,0.0,16,4,-81,GSM
1524149441417,121.21038325,31.28807479,21.0,46.0,0.0,-53,true,-1,-1,5,46.0,4000.0,-14.54010009765625,1.47552490234375,45.56884765625,0.46912142634391785,-0.25630298256874084,-2.6899304389953613,460,1,5198,42518,0,-1,0.0,0.0,0,0,0,,6,460,1,5198,42518,0,2147483647,0.0,0.0,28,4,-57,GSM,460,1,5198,56688,0,2147483647,0.0,0.0,19,4,-75,GSM,460,1,5198,42507,0,2147483647,0.0,0.0,13,4,-87,GSM,460,1,5198,49989,0,2147483647,0.0,0.0,16,4,-81,GSM,460,1,5198,42517,0,2147483647,0.0,0.0,17,4,-79,GSM,0,0,0,-1,0,2147483647,0.0,0.0,17,4,-79,GSM
1524149444570,121.21062107,31.28810301,22.0,48.0,0.0,-59,true,-1,-1,5,46.0,4000.0,-20.08056640625,0.8758544921875,45.56884765625,0.3531121015548706,-0.33409783244132996,-2.6001760959625244,460,1,5198,42518,0,-1,0.0,0.0,0,0,0,,6,460,1,5198,42518,0,2147483647,0.0,0.0,24,4,-65,GSM,460,1,5198,56688,0,2147483647,0.0,0.0,19,4,-75,GSM,460,1,5198,49989,0,2147483647,0.0,0.0,16,4,-81,GSM,460,1,5198,42517,0,2147483647,0.0,0.0,17,4,-79,GSM,0,0,0,-1,0,2147483647,0.0,0.0,17,4,-79,GSM,0,0,0,-1,0,2147483647,0.0,0.0,13,4,-87,GSM
1524149447529,121.21062107,31.28810301,22.0,48.0,0.0,-59,true,-1,-1,5,46.0,4000.0,-16.9708251953125,-2.7252197265625,46.16851806640625,0.5458547472953796,-0.33823394775390625,-2.621575355529785,460,1,5198,42518,0,-1,0.0,0.0,0,0,0,,6,460,1,5198,42518,0,2147483647,0.0,0.0,24,4,-65,GSM,460,1,5198,56688,0,2147483647,0.0,0.0,20,4,-73,GSM,460,1,5198,49989,0,2147483647,0.0,0.0,18,4,-77,GSM,460,1,5198,42517,0,2147483647,0.0,0.0,17,4,-79,GSM,0,0,0,-1,0,2147483647,0.0,0.0,17,4,-79,GSM,460,1,5198,1186,0,2147483647,0.0,0.0,14,4,-85,GSM
1524149450741,121.21076809,31.28825364,21.0,35.0,4.3400116,-65,true,-1,-1,5,46.0,4000.0,-13.67950439453125,0.57525634765625,48.8677978515625,0.6145102381706238,-0.3590012490749359,-2.618356943130493,460,1,5198,42518,0,-1,0.0,0.0,0,0,0,,6,460,1,5198,42518,0,2147483647,0.0,0.0,23,4,-67,GSM,460,1,5198,56688,0,2147483647,0.0,0.0,21,4,-71,GSM,460,1,5198,49989,0,2147483647,0.0,0.0,18,4,-77,GSM,460,1,5198,42517,0,2147483647,0.0,0.0,18,4,-77,GSM,0,0,0,-1,0,2147483647,0.0,0.0,17,4,-79,GSM,460,1,5198,1186,0,2147483647,0.0,0.0,14,4,-85,GSM
1524149453647,121.21076809,31.28825364,21.0,35.0,4.3400116,-65,true,-1,-1,5,46.0,4000.0,-15.93017578125,1.776123046875,47.36785888671875,0.4834860861301422,-0.3460562229156494,-2.623640298843384,460,1,5198,42518,0,-1,0.0,0.0,0,0,0,,6,460,1,5198,42518,0,2147483647,0.0,0.0,24,4,-65,GSM,460,1,5198,56688,0,2147483647,0.0,0.0,21,4,-71,GSM,460,1,5198,49989,0,2147483647,0.0,0.0,18,4,-77,GSM,460,1,5198,42517,0,2147483647,0.0,0.0,18,4,-77,GSM,0,0,0,-1,0,2147483647,0.0,0.0,17,4,-79,GSM,460,1,5198,1186,0,2147483647,0.0,0.0,13,4,-87,GSM
1524149456688,121.21100445,31.28852341,18.0,33.0,4.6203895,-65,true,-1,-1,5,46.0,4000.0,-16.9708251953125,2.37579345703125,46.16851806640625,0.399842768907547,-0.2743036150932312,-2.6558382511138916,460,1,5198,42518,0,-1,0.0,0.0,0,0,0,,6,460,1,5198,42518,0,2147483647,0.0,0.0,27,4,-59,GSM,460,1,5198,56688,0,2147483647,0.0,0.0,21,4,-71,GSM,460,1,5198,49989,0,2147483647,0.0,0.0,18,4,-77,GSM,460,1,5198,42517,0,2147483647,0.0,0.0,18,4,-77,GSM,0,0,0,-1,0,2147483647,0.0,0.0,17,4,-79,GSM,460,1,5198,49988,0,2147483647,0.0,0.0,14,4,-85,GSM
1524149459949,121.21100445,31.28852341,18.0,33.0,4.6203895,-59,true,-1,-1,5,46.0,4000.0,-13.85040283203125,5.37567138671875,47.967529296875,0.5364116430282593,-0.35655534267425537,-2.5970940589904785,460,1,5198,42518,0,-1,0.0,0.0,0,0,0,,6,460,1,5198,42518,0,2147483647,0.0,0.0,25,4,-63,GSM,460,1,5198,56688,0,2147483647,0.0,0.0,23,4,-67,GSM,460,1,5198,49989,0,2147483647,0.0,0.0,20,4,-73,GSM,460,1,5198,42517,0,2147483647,0.0,0.0,18,4,-77,GSM,0,0,0,-1,0,2147483647,0.0,0.0,17,4,-79,GSM,460,1,5198,49988,0,2147483647,0.0,0.0,16,4,-81,GSM
1524149462898,121.21120398,31.28875912,16.0,31.0,4.481607,-65,true,-1,-1,5,46.0,4000.0,-12.12005615234375,4.47540283203125,44.9676513671875,0.5838553309440613,-0.27719321846961975,-2.6393215656280518,460,1,5198,42518,0,-1,0.0,0.0,0,0,0,,7,460,1,5198,42518,0,2147483647,0.0,0.0,26,4,-61,GSM,460,1,5198,56688,0,2147483647,0.0,0.0,24,4,-65,GSM,460,1,5198,49989,0,2147483647,0.0,0.0,20,4,-73,GSM,460,1,5198,42517,0,2147483647,0.0,0.0,18,4,-77,GSM,0,0,0,-1,0,2147483647,0.0,0.0,17,4,-79,GSM,460,1,5198,49988,0,2147483647,0.0,0.0,16,4,-81,GSM,0,0,0,-1,0,2147483647,0.0,0.0,16,4,-81,GSM
1524149465941,121.21120398,31.28875912,16.0,31.0,4.481607,-61,true,-1,-1,5,46.0,4000.0,-15.7501220703125,1.776123046875,45.867919921875,0.35857510566711426,-0.289662629365921,-2.6911070346832275,460,1,5198,42518,0,-1,0.0,0.0,0,0,0,,7,460,1,5198,42518,0,2147483647,0.0,0.0,27,4,-59,GSM,460,1,5198,56688,0,2147483647,0.0,0.0,24,4,-65,GSM,460,1,5198,49989,0,2147483647,0.0,0.0,21,4,-71,GSM,460,1,5198,42517,0,2147483647,0.0,0.0,19,4,-75,GSM,0,0,0,-1,0,2147483647,0.0,0.0,16,4,-81,GSM,460,1,5198,49988,0,2147483647,0.0,0.0,17,4,-79,GSM,0,0,0,-1,0,2147483647,0.0,0.0,16,4,-81,GSM
1524149469334,121.21143155,31.28897805,13.0,30.0,4.116661,-57,true,-1,-1,5,46.0,4000.0,-15.93017578125,4.7760009765625,45.56884765625,0.5176997184753418,-0.2300775647163391,-2.6217010021209717,460,1,5198,42518,0,-1,0.0,0.0,0,0,0,,7,460,1,5198,42518,0,2147483647,0.0,0.0,29,4,-55,GSM,460,1,5198,56688,0,2147483647,0.0,0.0,24,4,-65,GSM,460,1,5198,49989,0,2147483647,0.0,0.0,22,4,-69,GSM,460,1,5198,42517,0,2147483647,0.0,0.0,19,4,-75,GSM,0,0,0,-1,0,2147483647,0.0,0.0,16,4,-81,GSM,460,1,5198,49988,0,2147483647,0.0,0.0,19,4,-75,GSM,0,0,0,-1,0,2147483647,0.0,0.0,16,4,-81,GSM
1524149472229,121.21143155,31.28897805,13.0,30.0,4.116661,-57,true,-1,-1,5,46.0,4000.0,-13.67950439453125,2.9754638671875,48.8677978515625,0.5243908762931824,-0.3135637938976288,-2.6603331565856934,460,1,5198,42518,0,-1,0.0,0.0,0,0,0,,6,460,1,5198,42518,0,2147483647,0.0,0.0,27,4,-59,GSM,460,1,5198,56688,0,2147483647,0.0,0.0,26,4,-61,GSM,460,1,5198,49989,0,2147483647,0.0,0.0,22,4,-69,GSM,460,1,5198,42517,0,2147483647,0.0,0.0,19,4,-75,GSM,460,1,5198,49988,0,2147483647,0.0,0.0,22,4,-69,GSM,0,0,0,-1,0,2147483647,0.0,0.0,17,4,-79,GSM
1524149475456,121.21155199,31.28916564,10.0,27.0,4.533189,-57,true,-1,-1,5,46.0,4000.0,-16.9708251953125,-1.824951171875,46.7681884765625,0.6749308705329895,-0.2486465871334076,-2.6269567012786865,460,1,5198,42518,0,-1,0.0,0.0,0,0,0,,6,460,1,5198,42518,0,2147483647,0.0,0.0,25,4,-63,GSM,460,1,5198,56688,0,2147483647,0.0,0.0,27,4,-59,GSM,460,1,5198,49989,0,2147483647,0.0,0.0,22,4,-69,GSM,460,1,5198,42517,0,2147483647,0.0,0.0,19,4,-75,GSM,460,1,5198,49988,0,2147483647,0.0,0.0,22,4,-69,GSM,460,1,5198,1186,0,2147483647,0.0,0.0,18,4,-77,GSM
1524149478153,121.21155199,31.28916564,10.0,27.0,4.533189,-65,true,-1,-1,5,46.0,4000.0,-13.330078125,2.9754638671875,48.8677978515625,0.7301381826400757,-0.2883649170398712,-2.5771422386169434,460,1,5198,42518,0,-1,0.0,0.0,0,0,0,,5,460,1,5198,42518,0,2147483647,0.0,0.0,22,4,-69,GSM,460,1,5198,56688,0,2147483647,0.0,0.0,27,4,-59,GSM,460,1,5198,49989,0,2147483647,0.0,0.0,23,4,-67,GSM,460,1,5198,42517,0,2147483647,0.0,0.0,19,4,-75,GSM,460,1,5198,49988,0,2147483647,0.0,0.0,22,4,-69,GSM
1524149481333,121.21174384,31.28940562,8.0,30.0,0.0,-65,true,-1,-1,5,46.0,4000.0,-15.7501220703125,5.37567138671875,48.26812744140625,0.6131424307823181,-0.2476201355457306,-2.5841753482818604,460,1,5198,56688,0,-1,0.0,0.0,0,0,0,,5,460,1,5198,56688,0,2147483647,0.0,0.0,27,4,-59,GSM,460,1,5198,56688,0,2147483647,0.0,0.0,27,4,-59,GSM,460,1,5198,49989,0,2147483647,0.0,0.0,23,4,-67,GSM,460,1,5198,42517,0,2147483647,0.0,0.0,19,4,-75,GSM,460,1,5198,49988,0,2147483647,0.0,0.0,21,4,-71,GSM
1524149484403,121.21174384,31.28940562,8.0,30.0,0.0,-55,true,-1,-1,5,46.0,4000.0,-17.4896240234375,5.975341796875,44.6685791015625,0.4295090138912201,-0.2615445852279663,-2.595757007598877,460,1,5198,56688,0,-1,0.0,0.0,0,0,0,,4,460,1,5198,56688,0,2147483647,0.0,0.0,29,4,-55,GSM,460,1,5198,49989,0,2147483647,0.0,0.0,23,4,-67,GSM,460,1,5198,42517,0,2147483647,0.0,0.0,19,4,-75,GSM,460,1,5198,49988,0,2147483647,0.0,0.0,21,4,-71,GSM
1524149487607,121.21190262,31.28960451,15.0,30.0,3.8833618,-55,true,-1,-1,5,46.0,4000.0,-15.40985107421875,4.1748046875,45.867919921875,0.5564824938774109,-0.26272788643836975,-2.6061160564422607,460,1,5198,56688,0,-1,0.0,0.0,0,0,0,,4,460,1,5198,56688,0,2147483647,0.0,0.0,28,4,-57,GSM,460,1,5198,49989,0,2147483647,0.0,0.0,23,4,-67,GSM,460,1,5198,42517,0,2147483647,0.0,0.0,19,4,-75,GSM,460,1,5198,49988,0,2147483647,0.0,0.0,21,4,-71,GSM
1524149490561,121.21190262,31.28960451,15.0,30.0,3.8833618,-55,true,-1,-1,5,46.0,4000.0,-15.93017578125,5.37567138671875,47.36785888671875,0.6042622327804565,-0.23357820510864258,-2.5872998237609863,460,1,5198,56688,0,-1,0.0,0.0,0,0,0,,5,460,1,5198,56688,0,2147483647,0.0,0.0,29,4,-55,GSM,460,1,5198,49989,0,2147483647,0.0,0.0,22,4,-69,GSM,460,1,5198,42517,0,2147483647,0.0,0.0,18,4,-77,GSM,460,1,5198,49988,0,2147483647,0.0,0.0,21,4,-71,GSM,460,1,5198,42518,0,2147483647,0.0,0.0,24,4,-65,GSM
1524149493779,121.21200383,31.28979978,12.0,29.0,3.7735925,-53,true,-1,-1,5,46.0,4000.0,-18.18084716796875,2.0751953125,44.06890869140625,0.4305489957332611,-0.3360244631767273,-2.581345796585083,460,1,5198,56688,0,-1,0.0,0.0,0,0,0,,4,460,1,5198,56688,0,2147483647,0.0,0.0,29,4,-55,GSM,460,1,5198,49989,0,2147483647,0.0,0.0,21,4,-71,GSM,460,1,5198,49988,0,2147483647,0.0,0.0,20,4,-73,GSM,460,1,5198,42518,0,2147483647,0.0,0.0,24,4,-65,GSM
1524149496736,121.21200383,31.28979978,12.0,29.0,3.7735925,-53,true,-1,-1,5,46.0,4000.0,-13.85040283203125,5.67474365234375,47.36785888671875,0.6654378771781921,-0.31585413217544556,-2.5345494747161865,460,1,5198,56688,0,-1,0.0,0.0,0,0,0,,3,460,1,5198,56688,0,2147483647,0.0,0.0,29,4,-55,GSM,460,1,5198,49989,0,2147483647,0.0,0.0,20,4,-73,GSM,460,1,5198,42518,0,2147483647,0.0,0.0,24,4,-65,GSM
1524149499732,121.21217223,31.28999933,9.0,28.0,4.1140733,-55,true,-1,-1,5,46.0,4000.0,-15.93017578125,3.875732421875,43.768310546875,0.6125261783599854,-0.24439240992069244,-2.5681543350219727,460,1,5198,56688,0,-1,0.0,0.0,0,0,0,,3,460,1,5198,56688,0,2147483647,0.0,0.0,29,4,-55,GSM,460,1,5198,49989,0,2147483647,0.0,0.0,20,4,-73,GSM,460,1,5198,42518,0,2147483647,0.0,0.0,24,4,-65,GSM
1524149502792,121.21217223,31.28999933,9.0,28.0,4.1140733,-55,true,-1,-1,5,46.0,4000.0,-16.790771484375,5.0750732421875,41.668701171875,0.4094495475292206,-0.23355086147785187,-2.6109631061553955,460,1,5198,56688,0,-1,0.0,0.0,0,0,0,,4,460,1,5198,56688,0,2147483647,0.0,0.0,27,4,-59,GSM,460,1,5198,49989,0,2147483647,0.0,0.0,19,4,-75,GSM,460,1,5198,42518,0,2147483647,0.0,0.0,24,4,-65,GSM,460,1,5198,49988,0,2147483647,0.0,0.0,19,4,-75,GSM
1524149506605,121.21231436,31.29024975,3.0,28.0,0.0,-55,true,-1,-1,5,46.0,4000.0,-13.5009765625,5.67474365234375,44.9676513671875,0.7537115216255188,-0.28903016448020935,-2.483294725418091,460,1,5198,56688,0,-1,0.0,0.0,0,0,0,,5,460,1,5198,56688,0,2147483647,0.0,0.0,27,4,-59,GSM,460,1,5198,49989,0,2147483647,0.0,0.0,18,4,-77,GSM,460,1,5198,42518,0,2147483647,0.0,0.0,24,4,-65,GSM,460,1,5198,49988,0,2147483647,0.0,0.0,18,4,-77,GSM,0,0,0,-1,0,2147483647,0.0,0.0,18,4,-77,GSM
1524149509676,121.21231436,31.29024975,3.0,28.0,0.0,-61,true,-1,-1,5,46.0,4000.0,-14.72015380859375,6.27593994140625,43.46771240234375,0.5805755853652954,-0.24886107444763184,-2.568944215774536,460,1,5198,56688,0,-1,0.0,0.0,0,0,0,,5,460,1,5198,56688,0,2147483647,0.0,0.0,27,4,-59,GSM,460,1,5198,49989,0,2147483647,0.0,0.0,19,4,-75,GSM,460,1,5198,42518,0,2147483647,0.0,0.0,24,4,-65,GSM,460,1,5198,49988,0,2147483647,0.0,0.0,19,4,-75,GSM,0,0,0,-1,0,2147483647,0.0,0.0,19,4,-75,GSM
1524149512838,121.21248302,31.29047488,5.0,33.0,0.0,-59,true,-1,-1,5,46.0,4000.0,-9.51995849609375,6.57501220703125,47.06878662109375,0.7270500659942627,-0.26909369230270386,-2.5952658653259277,460,1,5198,56688,0,-1,0.0,0.0,0,0,0,,5,460,1,5198,56688,0,2147483647,0.0,0.0,25,4,-63,GSM,460,1,5198,49989,0,2147483647,0.0,0.0,19,4,-75,GSM,460,1,5198,42518,0,2147483647,0.0,0.0,23,4,-67,GSM,460,1,5198,49988,0,2147483647,0.0,0.0,19,4,-75,GSM,0,0,0,-1,0,2147483647,0.0,0.0,19,4,-75,GSM
1524149515806,121.21248302,31.29047488,5.0,33.0,0.0,-63,true,-1,-1,5,46.0,4000.0,-18.3502197265625,5.975341796875,40.16876220703125,0.5192458629608154,-0.2269386202096939,-2.510371208190918,460,1,5198,56688,0,-1,0.0,0.0,0,0,0,,5,460,1,5198,56688,0,2147483647,0.0,0.0,25,4,-63,GSM,460,1,5198,49989,0,2147483647,0.0,0.0,19,4,-75,GSM,460,1,5198,42518,0,2147483647,0.0,0.0,23,4,-67,GSM,460,1,5198,49988,0,2147483647,0.0,0.0,19,4,-75,GSM,0,0,0,-1,0,2147483647,0.0,0.0,18,4,-77,GSM
1524149518834,121.21262591,31.29065429,2.0,36.0,3.158354,-63,true,-1,-1,5,46.0,4000.0,-20.60089111328125,4.47540283203125,38.6688232421875,0.36158502101898193,-0.31118592619895935,-2.500256061553955,460,1,5198,56688,0,-1,0.0,0.0,0,0,0,,4,460,1,5198,56688,0,2147483647,0.0,0.0,27,4,-59,GSM,460,1,5198,49989,0,2147483647,0.0,0.0,21,4,-71,GSM,460,1,5198,42518,0,2147483647,0.0,0.0,22,4,-69,GSM,460,1,5198,49988,0,2147483647,0.0,0.0,22,4,-69,GSM
1524149521864,121.21262591,31.29065429,2.0,36.0,3.158354,-57,true,-1,-1,5,46.0,4000.0,-25.970458984375,-0.32501220703125,37.7685546875,-0.11231479048728943,-0.23095294833183289,-2.5642571449279785,460,1,5198,56688,0,-1,0.0,0.0,0,0,0,,4,460,1,5198,56688,0,2147483647,0.0,0.0,28,4,-57,GSM,460,1,5198,49989,0,2147483647,0.0,0.0,22,4,-69,GSM,460,1,5198,42518,0,2147483647,0.0,0.0,21,4,-71,GSM,460,1,5198,49988,0,2147483647,0.0,0.0,23,4,-67,GSM
1524149524947,121.21280398,31.29082004,1.0,37.0,0.0,-57,true,-1,-1,5,46.0,4000.0,-16.45050048828125,4.1748046875,42.26837158203125,0.7483357787132263,-0.23341073095798492,-2.477513074874878,460,1,5198,56688,0,-1,0.0,0.0,0,0,0,,4,460,1,5198,56688,0,2147483647,0.0,0.0,28,4,-57,GSM,460,1,5198,49989,0,2147483647,0.0,0.0,22,4,-69,GSM,460,1,5198,42518,0,2147483647,0.0,0.0,19,4,-75,GSM,460,1,5198,49988,0,2147483647,0.0,0.0,23,4,-67,GSM
1524149528159,121.21280398,31.29082004,1.0,37.0,0.0,-57,true,-1,-1,5,46.0,4000.0,-17.6605224609375,5.0750732421875,40.7684326171875,0.37950122356414795,-0.23058028519153595,-2.597721576690674,460,1,5198,56688,0,-1,0.0,0.0,0,0,0,,4,460,1,5198,56688,0,2147483647,0.0,0.0,28,4,-57,GSM,460,1,5198,49989,0,2147483647,0.0,0.0,21,4,-71,GSM,460,1,5198,42518,0,2147483647,0.0,0.0,19,4,-75,GSM,460,1,5198,49988,0,2147483647,0.0,0.0,22,4,-69,GSM
1524149531175,121.21291968,31.29092206,1.0,33.0,3.7781608,-57,true,-1,-1,5,46.0,4000.0,-19.390869140625,5.975341796875,40.16876220703125,0.5387313365936279,-0.17125862836837769,-2.511765241622925,460,1,5198,56688,0,-1,0.0,0.0,0,0,0,,4,460,1,5198,56688,0,2147483647,0.0,0.0,27,4,-59,GSM,460,1,5198,49989,0,2147483647,0.0,0.0,21,4,-71,GSM,460,1,5198,42518,0,2147483647,0.0,0.0,18,4,-77,GSM,460,1,5198,49988,0,2147483647,0.0,0.0,22,4,-69,GSM
1524149534331,121.21291968,31.29092206,1.0,33.0,3.7781608,-57,true,-1,-1,5,46.0,4000.0,-20.2606201171875,3.27606201171875,39.8681640625,0.08707036823034286,-0.2873549461364746,-2.6405489444732666,460,1,5198,56688,0,-1,0.0,0.0,0,0,0,,4,460,1,5198,56688,0,2147483647,0.0,0.0,27,4,-59,GSM,460,1,5198,49989,0,2147483647,0.0,0.0,21,4,-71,GSM,460,1,5198,42518,0,2147483647,0.0,0.0,17,4,-79,GSM,460,1,5198,49988,0,2147483647,0.0,0.0,22,4,-69,GSM
1524149537289,121.21308981,31.29114433,5.0,35.0,0.0,-57,true,-1,-1,5,46.0,4000.0,-19.5709228515625,1.47552490234375,39.26849365234375,0.28754547238349915,-0.24432888627052307,-2.5981903076171875,460,1,5198,56688,0,-1,0.0,0.0,0,0,0,,3,460,1,5198,56688,0,2147483647,0.0,0.0,27,4,-59,GSM,460,1,5198,49989,0,2147483647,0.0,0.0,20,4,-73,GSM,460,1,5198,49988,0,2147483647,0.0,0.0,23,4,-67,GSM
1524149540524,121.21308981,31.29114433,5.0,35.0,0.0,-57,true,-1,-1,5,46.0,4000.0,-19.219970703125,2.0751953125,35.6689453125,0.21028174459934235,-0.2358420044183731,-2.5869085788726807,460,1,5198,56688,0,-1,0.0,0.0,0,0,0,,4,460,1,5198,56688,0,2147483647,0.0,0.0,26,4,-61,GSM,460,1,5198,49989,0,2147483647,0.0,0.0,19,4,-75,GSM,460,1,5198,49988,0,2147483647,0.0,0.0,22,4,-69,GSM,460,1,5198,56687,0,2147483647,0.0,0.0,17,4,-79,GSM
1524149543455,121.21311196,31.29155756,-3.0,31.0,3.3305404,-57,true,-1,-1,5,46.0,4000.0,-20.9503173828125,2.37579345703125,39.8681640625,0.04154811054468155,-0.2891407310962677,-2.6438071727752686,460,1,5198,56688,0,-1,0.0,0.0,0,0,0,,4,460,1,5198,56688,0,2147483647,0.0,0.0,27,4,-59,GSM,460,1,5198,49989,0,2147483647,0.0,0.0,19,4,-75,GSM,460,1,5198,49988,0,2147483647,0.0,0.0,22,4,-69,GSM,460,1,5198,56687,0,2147483647,0.0,0.0,17,4,-79,GSM
1524149546443,121.21311196,31.29155756,-3.0,31.0,3.3305404,-57,true,-1,-1,5,46.0,4000.0,-18.18084716796875,5.37567138671875,45.26824951171875,0.4187060594558716,-0.2604912519454956,-2.5984723567962646,460,1,5198,56688,0,-1,0.0,0.0,0,0,0,,4,460,1,5198,56688,0,2147483647,0.0,0.0,25,4,-63,GSM,460,1,5198,49989,0,2147483647,0.0,0.0,19,4,-75,GSM,460,1,5198,49988,0,2147483647,0.0,0.0,22,4,-69,GSM,460,1,5198,56687,0,2147483647,0.0,0.0,15,4,-83,GSM
1524149549561,121.21316938,31.29174759,2.0,32.0,0.0,-63,true,-1,-1,5,46.0,4000.0,12.80975341796875,-5.42449951171875,65.36865234375,1.4687507152557373,-0.23697397112846375,-2.48982572555542,460,1,5198,56688,0,-1,0.0,0.0,0,0,0,,4,460,1,5198,56688,0,2147483647,0.0,0.0,23,4,-67,GSM,460,1,5198,49989,0,2147483647,0.0,0.0,19,4,-75,GSM,460,1,5198,49988,0,2147483647,0.0,0.0,22,4,-69,GSM,460,1,5198,56687,0,2147483647,0.0,0.0,14,4,-85,GSM
1524149552662,121.21316938,31.29174759,2.0,32.0,0.0,-61,true,-1,-1,5,46.0,4000.0,20.42999267578125,0.8758544921875,61.767578125,1.4041720628738403,-0.20949292182922363,-2.5210037231445313,460,1,5198,56688,0,-1,0.0,0.0,0,0,0,,4,460,1,5198,56688,0,2147483647,0.0,0.0,26,4,-61,GSM,460,1,5198,49989,0,2147483647,0.0,0.0,19,4,-75,GSM,460,1,5198,49988,0,2147483647,0.0,0.0,23,4,-67,GSM,460,1,5198,42518,0,2147483647,0.0,0.0,16,4,-81,GSM
1524149555881,121.21337353,31.29182104,4.0,33.0,4.557587,-61,true,-1,-1,5,46.0,4000.0,17.83905029296875,-10.22491455078125,63.26751708984375,1.5967801809310913,-0.2046041339635849,-2.556757926940918,460,1,5198,56688,0,-1,0.0,0.0,0,0,0,,4,460,1,5198,56688,0,2147483647,0.0,0.0,25,4,-63,GSM,460,1,5198,49989,0,2147483647,0.0,0.0,19,4,-75,GSM,460,1,5198,49988,0,2147483647,0.0,0.0,21,4,-71,GSM,460,1,5198,42518,0,2147483647,0.0,0.0,15,4,-83,GSM
1524149558775,121.21337353,31.29182104,4.0,33.0,4.557587,-61,true,-1,-1,5,46.0,4000.0,16.96929931640625,-7.22503662109375,61.16790771484375,1.4386875629425049,-0.31221720576286316,-2.579282760620117,460,1,5198,56688,0,-1,0.0,0.0,0,0,0,,5,460,1,5198,56688,0,2147483647,0.0,0.0,22,4,-69,GSM,460,1,5198,49989,0,2147483647,0.0,0.0,19,4,-75,GSM,460,1,5198,49988,0,2147483647,0.0,0.0,19,4,-75,GSM,460,1,5198,42518,0,2147483647,0.0,0.0,15,4,-83,GSM,0,0,0,-1,0,2147483647,0.0,0.0,17,4,-79,GSM
1524149561860,121.21371445,31.29177997,7.0,36.0,0.0,-69,true,-1,-1,5,46.0,4000.0,21.29974365234375,-5.72509765625,57.86895751953125,1.616603970527649,-0.13277457654476166,-2.3068015575408936,460,1,5198,56688,0,-1,0.0,0.0,0,0,0,,4,460,1,5198,56688,0,2147483647,0.0,0.0,19,4,-75,GSM,460,1,5198,49989,0,2147483647,0.0,0.0,19,4,-75,GSM,460,1,5198,49988,0,2147483647,0.0,0.0,19,4,-75,GSM,460,1,5198,42518,0,2147483647,0.0,0.0,15,4,-83,GSM
1524149564997,121.21371445,31.29177997,7.0,36.0,0.0,-75,true,-1,-1,5,46.0,4000.0,16.96929931640625,-8.12530517578125,62.3687744140625,1.6165627241134644,-0.1511239856481552,-2.4515295028686523,460,1,5198,56688,0,-1,0.0,0.0,0,0,0,,4,460,1,5198,56688,0,2147483647,0.0,0.0,20,4,-73,GSM,460,1,5198,49989,0,2147483647,0.0,0.0,17,4,-79,GSM,460,1,5198,49988,0,2147483647,0.0,0.0,17,4,-79,GSM,460,1,5198,42518,0,2147483647,0.0,0.0,15,4,-83,GSM
1524149568094,121.21401055,31.29171185,7.0,40.0,0.0,-73,true,-1,-1,5,46.0,4000.0,19.4000244140625,-8.42437744140625,60.5682373046875,1.5208179950714111,-0.2987675666809082,-2.4869654178619385,460,1,5198,56688,0,-1,0.0,0.0,0,0,0,,5,460,1,5198,56688,0,2147483647,0.0,0.0,20,4,-73,GSM,460,1,5198,49989,0,2147483647,0.0,0.0,15,4,-83,GSM,460,1,5198,49988,0,2147483647,0.0,0.0,15,4,-83,GSM,460,1,5198,42518,0,2147483647,0.0,0.0,13,4,-87,GSM,460,1,5198,56687,0,2147483647,0.0,0.0,12,4,-89,GSM
1524149571130,121.21401055,31.29171185,7.0,40.0,0.0,-75,true,-1,-1,5,46.0,4000.0,18.1793212890625,-12.02392578125,60.86883544921875,1.5502557754516602,-0.3239402770996094,-2.522935390472412,460,1,5198,56688,0,-1,0.0,0.0,0,0,0,,4,460,1,5198,56688,0,2147483647,0.0,0.0,18,4,-77,GSM,460,1,5198,49989,0,2147483647,0.0,0.0,15,4,-83,GSM,460,1,5198,49988,0,2147483647,0.0,0.0,15,4,-83,GSM,460,1,5198,42518,0,2147483647,0.0,0.0,12,4,-89,GSM
1524149574209,121.21429278,31.29164868,10.0,37.0,0.0,-75,true,-1,-1,5,46.0,4000.0,12.469482421875,-15.02532958984375,59.96856689453125,1.7481330633163452,-0.16345025599002838,-2.496155261993408,460,1,5198,56688,0,-1,0.0,0.0,0,0,0,,4,460,1,5198,56688,0,2147483647,0.0,0.0,18,4,-77,GSM,460,1,5198,49989,0,2147483647,0.0,0.0,13,4,-87,GSM,460,1,5198,49988,0,2147483647,0.0,0.0,15,4,-83,GSM,460,1,5198,42518,0,2147483647,0.0,0.0,12,4,-89,GSM
1524149577433,121.21429278,31.29164868,10.0,37.0,0.0,-75,true,-1,-1,5,46.0,4000.0,4.669189453125,-16.5252685546875,63.86871337890625,1.6138557195663452,-0.4881976246833801,-2.0572316646575928,460,1,5198,56688,0,-1,0.0,0.0,0,0,0,,5,460,1,5198,56688,0,2147483647,0.0,0.0,18,4,-77,GSM,460,1,5198,49989,0,2147483647,0.0,0.0,13,4,-87,GSM,460,1,5198,49988,0,2147483647,0.0,0.0,16,4,-81,GSM,460,1,5198,42518,0,2147483647,0.0,0.0,11,3,-91,GSM,0,0,0,-1,0,2147483647,0.0,0.0,10,3,-93,GSM
1524149580394,121.21455101,31.29161217,17.0,33.0,0.0,-75,true,-1,-1,5,46.0,4000.0,16.96929931640625,-9.92431640625,67.76885986328125,1.64445960521698,-0.13771528005599976,-2.449199914932251,460,1,5198,56688,0,-1,0.0,0.0,0,0,0,,5,460,1,5198,56688,0,2147483647,0.0,0.0,17,4,-79,GSM,460,1,5198,49989,0,2147483647,0.0,0.0,13,4,-87,GSM,460,1,5198,49988,0,2147483647,0.0,0.0,16,4,-81,GSM,460,1,5198,42518,0,2147483647,0.0,0.0,10,3,-93,GSM,460,1,5198,17029,0,2147483647,0.0,0.0,10,3,-93,GSM
1524149583363,121.21455101,31.29161217,17.0,33.0,0.0,-75,true,-1,-1,5,46.0,4000.0,13.330078125,-16.22467041015625,59.06829833984375,1.6670608520507813,-0.28704458475112915,-2.4974989891052246,460,1,5198,56688,0,-1,0.0,0.0,0,0,0,,5,460,1,5198,56688,0,2147483647,0.0,0.0,16,4,-81,GSM,460,1,5198,49989,0,2147483647,0.0,0.0,13,4,-87,GSM,460,1,5198,49988,0,2147483647,0.0,0.0,16,4,-81,GSM,460,1,5198,42518,0,2147483647,0.0,0.0,8,3,-97,GSM,460,1,5198,17029,0,2147483647,0.0,0.0,11,3,-91,GSM
1524149586569,121.21467329,31.29161632,7.0,29.0,2.4603252,-79,true,-1,-1,5,46.0,4000.0,15.069580078125,-9.32464599609375,60.86883544921875,1.7127511501312256,-0.055336084216833115,-2.432880401611328,460,1,5198,56688,0,-1,0.0,0.0,0,0,0,,4,460,1,5198,56688,0,2147483647,0.0,0.0,17,4,-79,GSM,460,1,5198,49989,0,2147483647,0.0,0.0,13,4,-87,GSM,460,1,5198,49988,0,2147483647,0.0,0.0,18,4,-77,GSM,460,1,5198,17029,0,2147483647,0.0,0.0,12,4,-89,GSM
1524149589552,121.21467329,31.29161632,7.0,29.0,2.4603252,-79,true,-1,-1,5,46.0,4000.0,17.14019775390625,-5.1239013671875,64.4683837890625,1.559339165687561,-0.1282653957605362,-2.554993152618408,460,1,5198,56688,0,-1,0.0,0.0,0,0,0,,5,460,1,5198,56688,0,2147483647,0.0,0.0,18,4,-77,GSM,460,1,5198,49989,0,2147483647,0.0,0.0,13,4,-87,GSM,460,1,5198,49988,0,2147483647,0.0,0.0,19,4,-75,GSM,460,1,5198,17029,0,2147483647,0.0,0.0,11,3,-91,GSM,460,1,5198,42518,0,2147483647,0.0,0.0,8,3,-97,GSM
1524149592818,121.2149299,31.29165212,15.0,32.0,0.0,-79,true,-1,-1,5,46.0,4000.0,17.14019775390625,-5.42449951171875,64.4683837890625,1.575914740562439,-0.13187849521636963,-2.4510490894317627,460,1,5198,49988,0,-1,0.0,0.0,0,0,0,,6,460,1,5198,49988,0,2147483647,0.0,0.0,16,4,-81,GSM,460,1,5198,49989,0,2147483647,0.0,0.0,13,4,-87,GSM,460,1,5198,49988,0,2147483647,0.0,0.0,19,4,-75,GSM,460,1,5198,17029,0,2147483647,0.0,0.0,11,3,-91,GSM,460,1,5198,42518,0,2147483647,0.0,0.0,8,3,-97,GSM,0,0,0,-1,0,2147483647,0.0,0.0,8,3,-97,GSM
1524149595522,121.2149299,31.29165212,15.0,32.0,0.0,-79,true,-1,-1,5,46.0,4000.0,0.0091552734375,15.27557373046875,44.9676513671875,1.1454845666885376,-0.00988096371293068,-2.2723076343536377,460,1,5198,49988,0,-1,0.0,0.0,0,0,0,,4,460,1,5198,49988,0,2147483647,0.0,0.0,16,4,-81,GSM,460,1,5198,49989,0,2147483647,0.0,0.0,13,4,-87,GSM,460,1,5198,17029,0,2147483647,0.0,0.0,11,3,-91,GSM,460,1,5198,56688,0,2147483647,0.0,0.0,16,4,-81,GSM
1524149598737,121.21505838,31.29161218,18.0,43.0,0.0,-79,true,-1,-1,5,46.0,4000.0,-36.370849609375,-19.22454833984375,-25.83160400390625,1.972166657447815,-0.19087041914463043,-0.22993864119052887,460,1,5198,49988,0,-1,0.0,0.0,0,0,0,,5,460,1,5198,49988,0,2147483647,0.0,0.0,18,4,-77,GSM,460,1,5198,49989,0,2147483647,0.0,0.0,13,4,-87,GSM,460,1,5198,17029,0,2147483647,0.0,0.0,11,3,-91,GSM,460,1,5198,56688,0,2147483647,0.0,0.0,16,4,-81,GSM,0,0,0,-1,0,2147483647,0.0,0.0,7,2,-99,GSM
