IMEI:862305032225518
IMSI:460091042103139
OSVersion:3.10.73-perf-g94fc9a6
apiLevel:5.1.1
model:Redmi Note 3
device:kenzo
product:kenzo
85
1524303114609,121.21205813,31.28924672,26.0,45.0,0.0,-51,true,-1,-1,5,99.0,4000.0,147.2198486328125,-77.42462158203125,22.16796875,-2.0571630001068115,-0.13363762199878693,0.0639064684510231,460,1,5198,56688,0,-1,0.0,0.0,0,0,0,,5,460,1,5198,56688,0,2147483647,0.0,0.0,29,4,-55,GSM,460,1,5198,49989,0,2147483647,0.0,0.0,21,4,-71,GSM,460,1,5198,42518,0,2147483647,0.0,0.0,25,4,-63,GSM,460,1,5198,56687,0,2147483647,0.0,0.0,20,4,-73,GSM,460,1,5198,56689,0,2147483647,0.0,0.0,22,4,-69,GSM
1524303117692,121.21205813,31.28924672,26.0,45.0,0.0,-57,true,-1,-1,5,99.0,4000.0,134.23004150390625,-62.72430419921875,35.6689453125,-2.090820074081421,0.32359254360198975,0.6110770106315613,460,1,5198,56688,0,-1,0.0,0.0,0,0,0,,6,460,1,5198,56688,0,2147483647,0.0,0.0,29,4,-55,GSM,460,1,5198,49989,0,2147483647,0.0,0.0,21,4,-71,GSM,460,1,5198,42518,0,2147483647,0.0,0.0,25,4,-63,GSM,460,1,5198,56687,0,2147483647,0.0,0.0,20,4,-73,GSM,460,1,5198,56689,0,2147483647,0.0,0.0,22,4,-69,GSM,0,0,0,-1,0,2147483647,0.0,0.0,20,4,-73,GSM
1524303120773,121.21205813,31.28924672,26.0,45.0,0.0,-57,true,-1,-1,5,99.0,4000.0,130.2398681640625,-60.92529296875,38.9678955078125,-2.0915536880493164,0.43093109130859375,0.6208454370498657,460,1,5198,56688,0,-1,0.0,0.0,0,0,0,,6,460,1,5198,56688,0,2147483647,0.0,0.0,31,4,-51,GSM,460,1,5198,49989,0,2147483647,0.0,0.0,21,4,-71,GSM,460,1,5198,42518,0,2147483647,0.0,0.0,25,4,-63,GSM,460,1,5198,56687,0,2147483647,0.0,0.0,20,4,-73,GSM,460,1,5198,56689,0,2147483647,0.0,0.0,22,4,-69,GSM,0,0,0,-1,0,2147483647,0.0,0.0,20,4,-73,GSM
1524303123887,121.21192853,31.28932705,26.0,39.0,0.0,-51,true,-1,-1,5,99.0,4000.0,131.62994384765625,-60.0250244140625,46.16851806640625,-2.223360061645508,0.4859384596347809,0.9208275675773621,460,1,5198,56688,0,-1,0.0,0.0,0,0,0,,6,460,1,5198,56688,0,2147483647,0.0,0.0,29,4,-55,GSM,460,1,5198,49989,0,2147483647,0.0,0.0,22,4,-69,GSM,460,1,5198,42518,0,2147483647,0.0,0.0,25,4,-63,GSM,460,1,5198,56687,0,2147483647,0.0,0.0,20,4,-73,GSM,460,1,5198,56689,0,2147483647,0.0,0.0,22,4,-69,GSM,0,0,0,-1,0,2147483647,0.0,0.0,20,4,-73,GSM
1524303127083,121.21192853,31.28932705,26.0,39.0,0.0,-55,true,-1,-1,5,99.0,4000.0,136.65008544921875,-63.323974609375,34.46807861328125,-1.9253590106964111,0.4366466999053955,0.15591837465763092,460,1,5198,56688,0,-1,0.0,0.0,0,0,0,,5,460,1,5198,56688,0,2147483647,0.0,0.0,29,4,-55,GSM,460,1,5198,49989,0,2147483647,0.0,0.0,23,4,-67,GSM,460,1,5198,42518,0,2147483647,0.0,0.0,26,4,-61,GSM,460,1,5198,56689,0,2147483647,0.0,0.0,22,4,-69,GSM,0,0,0,-1,0,2147483647,0.0,0.0,20,4,-73,GSM
1524303130161,121.21191541,31.28933237,26.0,26.0,0.0,-55,true,-1,-1,5,99.0,4000.0,81.75048828125,-113.12408447265625,43.768310546875,-2.7532596588134766,-0.4132879078388214,-0.4484845697879791,460,1,5198,56688,0,-1,0.0,0.0,0,0,0,,5,460,1,5198,56688,0,2147483647,0.0,0.0,31,4,-51,GSM,460,1,5198,49989,0,2147483647,0.0,0.0,23,4,-67,GSM,460,1,5198,42518,0,2147483647,0.0,0.0,27,4,-59,GSM,460,1,5198,56689,0,2147483647,0.0,0.0,21,4,-71,GSM,0,0,0,-1,0,2147483647,0.0,0.0,20,4,-73,GSM
1524303133240,121.21192065,31.28933044,27.0,21.0,0.0,-51,true,-1,-1,5,98.0,4000.0,124.69940185546875,-64.82391357421875,23.36883544921875,-2.0953450202941895,0.11789514869451523,-0.552110493183136,460,1,5198,56688,0,-1,0.0,0.0,0,0,0,,5,460,1,5198,56688,0,2147483647,0.0,0.0,31,4,-51,GSM,460,1,5198,49989,0,2147483647,0.0,0.0,23,4,-67,GSM,460,1,5198,42518,0,2147483647,0.0,0.0,27,4,-59,GSM,460,1,5198,56689,0,2147483647,0.0,0.0,21,4,-71,GSM,0,0,0,-1,0,2147483647,0.0,0.0,21,4,-71,GSM
1524303136302,121.21192074,31.28933016,27.0,23.0,0.0,-51,true,-1,-1,5,98.0,4000.0,141.85028076171875,-83.42437744140625,16.46881103515625,-2.0781702995300293,-0.21047908067703247,0.1984318643808365,460,1,5198,56688,0,-1,0.0,0.0,0,0,0,,6,460,1,5198,56688,0,2147483647,0.0,0.0,31,4,-51,GSM,460,1,5198,49989,0,2147483647,0.0,0.0,24,4,-65,GSM,460,1,5198,42518,0,2147483647,0.0,0.0,27,4,-59,GSM,460,1,5198,56689,0,2147483647,0.0,0.0,22,4,-69,GSM,0,0,0,-1,0,2147483647,0.0,0.0,22,4,-69,GSM,460,1,5198,56687,0,2147483647,0.0,0.0,20,4,-73,GSM
1524303139387,121.21192074,31.28933016,27.0,23.0,0.0,-51,true,-1,-1,5,98.0,4000.0,93.1793212890625,-91.5252685546875,90.56854248046875,2.2451465129852295,-0.40570715069770813,-2.070647716522217,460,1,5198,56688,0,-1,0.0,0.0,0,0,0,,6,460,1,5198,56688,0,2147483647,0.0,0.0,30,4,-53,GSM,460,1,5198,49989,0,2147483647,0.0,0.0,24,4,-65,GSM,460,1,5198,42518,0,2147483647,0.0,0.0,27,4,-59,GSM,460,1,5198,56689,0,2147483647,0.0,0.0,22,4,-69,GSM,0,0,0,-1,0,2147483647,0.0,0.0,20,4,-73,GSM,460,1,5198,56687,0,2147483647,0.0,0.0,20,4,-73,GSM
1524303142465,121.21192275,31.28932931,27.0,24.0,0.0,-53,true,-1,-1,5,98.0,4000.0,118.98956298828125,-81.9244384765625,100.46844482421875,2.041637659072876,-0.13353976607322693,-2.5614356994628906,460,1,5198,56688,0,-1,0.0,0.0,0,0,0,,6,460,1,5198,56688,0,2147483647,0.0,0.0,30,4,-53,GSM,460,1,5198,49989,0,2147483647,0.0,0.0,24,4,-65,GSM,460,1,5198,42518,0,2147483647,0.0,0.0,27,4,-59,GSM,460,1,5198,56689,0,2147483647,0.0,0.0,22,4,-69,GSM,0,0,0,-1,0,2147483647,0.0,0.0,20,4,-73,GSM,460,1,5198,56687,0,2147483647,0.0,0.0,19,4,-75,GSM
1524303145525,121.2119053,31.28931733,27.0,20.0,0.6576473,-53,true,-1,-1,5,98.0,4000.0,83.1298828125,-99.92523193359375,72.5677490234375,2.2672550678253174,-0.2723924517631531,-2.615309953689575,460,1,5198,56688,0,-1,0.0,0.0,0,0,0,,5,460,1,5198,56688,0,2147483647,0.0,0.0,29,4,-55,GSM,460,1,5198,49989,0,2147483647,0.0,0.0,23,4,-67,GSM,460,1,5198,42518,0,2147483647,0.0,0.0,27,4,-59,GSM,460,1,5198,56689,0,2147483647,0.0,0.0,19,4,-75,GSM,0,0,0,-1,0,2147483647,0.0,0.0,19,4,-75,GSM
1524303148592,121.21184573,31.28930664,27.0,16.0,1.41,-53,true,-1,-1,5,98.0,4000.0,102.69927978515625,-142.52471923828125,84.86785888671875,2.3744518756866455,-0.19947995245456696,-2.758139133453369,460,1,5198,56688,0,-1,0.0,0.0,0,0,0,,5,460,1,5198,56688,0,2147483647,0.0,0.0,30,4,-53,GSM,460,1,5198,49989,0,2147483647,0.0,0.0,21,4,-71,GSM,460,1,5198,42518,0,2147483647,0.0,0.0,26,4,-61,GSM,460,1,5198,56689,0,2147483647,0.0,0.0,18,4,-77,GSM,0,0,0,-1,0,2147483647,0.0,0.0,18,4,-77,GSM
1524303151662,121.21179845,31.28928513,28.0,14.0,2.4240463,-53,true,-1,-1,5,98.0,4000.0,102.87933349609375,-141.925048828125,86.96746826171875,2.3390727043151855,-0.29656705260276794,-2.7965316772460938,460,1,5198,56688,0,-1,0.0,0.0,0,0,0,,3,460,1,5198,56688,0,2147483647,0.0,0.0,29,4,-55,GSM,460,1,5198,49989,0,2147483647,0.0,0.0,21,4,-71,GSM,460,1,5198,42518,0,2147483647,0.0,0.0,24,4,-65,GSM
1524303154748,121.21173966,31.28924321,27.0,17.0,2.730293,-59,true,-1,-1,5,98.0,4000.0,120.8892822265625,-157.82470703125,87.56866455078125,2.3164188861846924,-0.6456952691078186,-2.3942184448242188,460,1,5198,56688,0,-1,0.0,0.0,0,0,0,,3,460,1,5198,56688,0,2147483647,0.0,0.0,26,4,-61,GSM,460,1,5198,49989,0,2147483647,0.0,0.0,20,4,-73,GSM,460,1,5198,42518,0,2147483647,0.0,0.0,24,4,-65,GSM
1524303157807,121.21167034,31.28917629,26.0,17.0,3.2068832,-59,true,-1,-1,5,98.0,4000.0,131.9793701171875,-153.924560546875,88.76800537109375,2.2890512943267822,-0.3147047460079193,-2.767270803451538,460,1,5198,56688,0,-1,0.0,0.0,0,0,0,,3,460,1,5198,56688,0,2147483647,0.0,0.0,25,4,-63,GSM,460,1,5198,49989,0,2147483647,0.0,0.0,18,4,-77,GSM,460,1,5198,42518,0,2147483647,0.0,0.0,23,4,-67,GSM
1524303160969,121.21167034,31.28917629,26.0,17.0,3.2068832,-61,true,-1,-1,5,98.0,4000.0,130.94024658203125,-155.1239013671875,89.36767578125,2.2577972412109375,-0.4531193971633911,-2.703338861465454,460,1,5198,56688,0,-1,0.0,0.0,0,0,0,,4,460,1,5198,56688,0,2147483647,0.0,0.0,25,4,-63,GSM,460,1,5198,49989,0,2147483647,0.0,0.0,18,4,-77,GSM,460,1,5198,42518,0,2147483647,0.0,0.0,24,4,-65,GSM,460,1,5198,56689,0,2147483647,0.0,0.0,15,4,-83,GSM
1524303163935,121.21158881,31.2890629,30.0,17.0,3.922869,-61,true,-1,-1,5,98.0,4000.0,126.2603759765625,-153.924560546875,90.2679443359375,2.3057165145874023,-0.40518712997436523,-2.5406482219696045,460,1,5198,56688,0,-1,0.0,0.0,0,0,0,,5,460,1,5198,56688,0,2147483647,0.0,0.0,25,4,-63,GSM,460,1,5198,49989,0,2147483647,0.0,0.0,18,4,-77,GSM,460,1,5198,42518,0,2147483647,0.0,0.0,25,4,-63,GSM,0,0,0,-1,0,2147483647,0.0,0.0,17,4,-79,GSM,460,1,5198,42517,0,2147483647,0.0,0.0,19,4,-75,GSM
1524303166999,121.21148259,31.28890108,25.0,18.0,3.0337105,-61,true,-1,-1,5,98.0,4000.0,128.8604736328125,-154.8248291015625,88.76800537109375,2.264634609222412,-0.4837169349193573,-2.643266201019287,460,1,5198,56688,0,-1,0.0,0.0,0,0,0,,6,460,1,5198,56688,0,2147483647,0.0,0.0,25,4,-63,GSM,460,1,5198,49989,0,2147483647,0.0,0.0,18,4,-77,GSM,460,1,5198,42518,0,2147483647,0.0,0.0,25,4,-63,GSM,0,0,0,-1,0,2147483647,0.0,0.0,18,4,-77,GSM,460,1,5198,42517,0,2147483647,0.0,0.0,19,4,-75,GSM,460,1,5198,56687,0,2147483647,0.0,0.0,17,4,-79,GSM
1524303170076,121.21141269,31.28882886,23.0,17.0,2.6271086,-61,true,-1,-1,5,98.0,4000.0,124.00970458984375,-153.32489013671875,89.9688720703125,2.295119047164917,-0.44981902837753296,-2.5534210205078125,460,1,5198,56688,0,-1,0.0,0.0,0,0,0,,6,460,1,5198,56688,0,2147483647,0.0,0.0,25,4,-63,GSM,460,1,5198,49989,0,2147483647,0.0,0.0,18,4,-77,GSM,460,1,5198,42518,0,2147483647,0.0,0.0,24,4,-65,GSM,0,0,0,-1,0,2147483647,0.0,0.0,18,4,-77,GSM,460,1,5198,42517,0,2147483647,0.0,0.0,19,4,-75,GSM,460,1,5198,56687,0,2147483647,0.0,0.0,17,4,-79,GSM
1524303173123,121.211306,31.28870781,20.0,17.0,3.2102492,-61,true,-1,-1,5,98.0,4000.0,127.65045166015625,-153.32489013671875,91.46881103515625,2.276528835296631,-0.4126802682876587,-2.641075849533081,460,1,5198,56688,0,-1,0.0,0.0,0,0,0,,7,460,1,5198,56688,0,2147483647,0.0,0.0,26,4,-61,GSM,460,1,5198,49989,0,2147483647,0.0,0.0,18,4,-77,GSM,460,1,5198,42518,0,2147483647,0.0,0.0,24,4,-65,GSM,0,0,0,-1,0,2147483647,0.0,0.0,18,4,-77,GSM,460,1,5198,42517,0,2147483647,0.0,0.0,19,4,-75,GSM,460,1,5198,56687,0,2147483647,0.0,0.0,17,4,-79,GSM,460,1,5198,56689,0,2147483647,0.0,0.0,18,4,-77,GSM
1524303176202,121.21125015,31.28864678,22.0,22.0,2.5553863,-61,true,-1,-1,5,98.0,4000.0,128.680419921875,-152.7252197265625,94.46868896484375,2.2715842723846436,-0.44698527455329895,-2.5545976161956787,460,1,5198,56688,0,-1,0.0,0.0,0,0,0,,7,460,1,5198,56688,0,2147483647,0.0,0.0,23,4,-67,GSM,460,1,5198,49989,0,2147483647,0.0,0.0,19,4,-75,GSM,460,1,5198,42518,0,2147483647,0.0,0.0,24,4,-65,GSM,460,1,5198,49988,0,2147483647,0.0,0.0,17,4,-79,GSM,460,1,5198,42517,0,2147483647,0.0,0.0,20,4,-73,GSM,460,1,5198,56687,0,2147483647,0.0,0.0,17,4,-79,GSM,460,1,5198,56689,0,2147483647,0.0,0.0,18,4,-77,GSM
1524303179287,121.21125015,31.28864678,22.0,22.0,2.5553863,-65,true,-1,-1,5,98.0,4000.0,126.60980224609375,-154.52423095703125,91.46881103515625,2.320802688598633,-0.352281779050827,-2.5072109699249268,460,1,5198,56688,0,-1,0.0,0.0,0,0,0,,7,460,1,5198,56688,0,2147483647,0.0,0.0,23,4,-67,GSM,460,1,5198,49989,0,2147483647,0.0,0.0,20,4,-73,GSM,460,1,5198,42518,0,2147483647,0.0,0.0,24,4,-65,GSM,460,1,5198,49988,0,2147483647,0.0,0.0,17,4,-79,GSM,460,1,5198,42517,0,2147483647,0.0,0.0,20,4,-73,GSM,460,1,5198,56687,0,2147483647,0.0,0.0,17,4,-79,GSM,460,1,5198,56689,0,2147483647,0.0,0.0,18,4,-77,GSM
1524303182365,121.2111831,31.28860155,21.0,26.0,3.380725,-65,true,-1,-1,5,98.0,4000.0,124.00970458984375,-155.42449951171875,91.168212890625,2.312490224838257,-0.39821454882621765,-2.547126293182373,460,1,5198,42518,0,-1,0.0,0.0,0,0,0,,7,460,1,5198,42518,0,2147483647,0.0,0.0,23,4,-67,GSM,460,1,5198,49989,0,2147483647,0.0,0.0,20,4,-73,GSM,460,1,5198,42518,0,2147483647,0.0,0.0,23,4,-67,GSM,460,1,5198,49988,0,2147483647,0.0,0.0,17,4,-79,GSM,460,1,5198,42517,0,2147483647,0.0,0.0,19,4,-75,GSM,460,1,5198,56687,0,2147483647,0.0,0.0,17,4,-79,GSM,460,1,5198,56689,0,2147483647,0.0,0.0,19,4,-75,GSM
1524303185396,121.2110164,31.28844225,18.0,25.0,4.250753,-65,true,-1,-1,5,98.0,4000.0,128.509521484375,-150.9246826171875,99.56817626953125,2.2982120513916016,-0.2825436294078827,-2.4870765209198,460,1,5198,42518,0,-1,0.0,0.0,0,0,0,,3,460,1,5198,42518,0,2147483647,0.0,0.0,24,4,-65,GSM,460,1,5198,49989,0,2147483647,0.0,0.0,20,4,-73,GSM,460,1,5198,42517,0,2147483647,0.0,0.0,18,4,-77,GSM
1524303188476,121.21092493,31.28835211,20.0,21.0,4.00005,-65,true,-1,-1,5,98.0,4000.0,126.0894775390625,-152.7252197265625,98.36883544921875,2.286288022994995,-0.3287259340286255,-2.610152244567871,460,1,5198,42518,0,-1,0.0,0.0,0,0,0,,5,460,1,5198,42518,0,2147483647,0.0,0.0,24,4,-65,GSM,460,1,5198,49989,0,2147483647,0.0,0.0,20,4,-73,GSM,460,1,5198,42517,0,2147483647,0.0,0.0,18,4,-77,GSM,460,1,5198,56688,0,2147483647,0.0,0.0,23,4,-67,GSM,460,1,5198,49988,0,2147483647,0.0,0.0,17,4,-79,GSM
1524303191527,121.21092493,31.28835211,20.0,21.0,4.00005,-65,true,-1,-1,5,98.0,4000.0,125.05035400390625,-149.1241455078125,99.56817626953125,2.303267240524292,-0.2637544572353363,-2.474081039428711,460,1,5198,42518,0,-1,0.0,0.0,0,0,0,,5,460,1,5198,42518,0,2147483647,0.0,0.0,24,4,-65,GSM,460,1,5198,49989,0,2147483647,0.0,0.0,19,4,-75,GSM,460,1,5198,42517,0,2147483647,0.0,0.0,18,4,-77,GSM,460,1,5198,56688,0,2147483647,0.0,0.0,23,4,-67,GSM,460,1,5198,49988,0,2147483647,0.0,0.0,18,4,-77,GSM
1524303194591,121.21083657,31.2882372,20.0,28.0,2.8008747,-65,true,-1,-1,5,98.0,4000.0,127.65045166015625,-148.223876953125,96.2677001953125,2.295044422149658,-0.2875808775424957,-2.511350631713867,460,1,5198,42518,0,-1,0.0,0.0,0,0,0,,5,460,1,5198,42518,0,2147483647,0.0,0.0,26,4,-61,GSM,460,1,5198,49989,0,2147483647,0.0,0.0,19,4,-75,GSM,460,1,5198,42517,0,2147483647,0.0,0.0,17,4,-79,GSM,460,1,5198,56688,0,2147483647,0.0,0.0,24,4,-65,GSM,460,1,5198,49988,0,2147483647,0.0,0.0,18,4,-77,GSM
1524303197663,121.21083657,31.2882372,20.0,28.0,2.8008747,-57,true,-1,-1,5,98.0,4000.0,130.94024658203125,-148.8250732421875,98.36883544921875,2.2788236141204834,-0.30430617928504944,-2.5356807708740234,460,1,5198,42518,0,-1,0.0,0.0,0,0,0,,5,460,1,5198,42518,0,2147483647,0.0,0.0,30,4,-53,GSM,460,1,5198,49989,0,2147483647,0.0,0.0,18,4,-77,GSM,460,1,5198,42517,0,2147483647,0.0,0.0,18,4,-77,GSM,460,1,5198,56688,0,2147483647,0.0,0.0,24,4,-65,GSM,460,1,5198,49988,0,2147483647,0.0,0.0,17,4,-79,GSM
1524303200784,121.21058881,31.28812406,26.0,33.0,2.494514,-53,true,-1,-1,5,98.0,4000.0,127.29949951171875,-147.62420654296875,95.66802978515625,2.300452470779419,-0.27607202529907227,-2.488614082336426,460,1,5198,42518,0,-1,0.0,0.0,0,0,0,,5,460,1,5198,42518,0,2147483647,0.0,0.0,28,4,-57,GSM,460,1,5198,49989,0,2147483647,0.0,0.0,18,4,-77,GSM,460,1,5198,42517,0,2147483647,0.0,0.0,18,4,-77,GSM,460,1,5198,56688,0,2147483647,0.0,0.0,23,4,-67,GSM,460,1,5198,49988,0,2147483647,0.0,0.0,16,4,-81,GSM
1524303203828,121.21058881,31.28812406,26.0,33.0,2.494514,-57,true,-1,-1,5,98.0,4000.0,139.4195556640625,-145.2239990234375,102.26898193359375,2.2198281288146973,-0.36505651473999023,-2.587937116622925,460,1,5198,42518,0,-1,0.0,0.0,0,0,0,,5,460,1,5198,42518,0,2147483647,0.0,0.0,25,4,-63,GSM,460,1,5198,49989,0,2147483647,0.0,0.0,17,4,-79,GSM,460,1,5198,42517,0,2147483647,0.0,0.0,18,4,-77,GSM,460,1,5198,56688,0,2147483647,0.0,0.0,21,4,-71,GSM,460,1,5198,49988,0,2147483647,0.0,0.0,14,4,-85,GSM
1524303206908,121.2104003,31.28807382,28.0,33.0,2.932064,-61,true,-1,-1,5,98.0,4000.0,142.36907958984375,-144.62432861328125,106.1676025390625,2.227623224258423,-0.252811461687088,-2.5803091526031494,460,1,5198,42518,0,-1,0.0,0.0,0,0,0,,5,460,1,5198,42518,0,2147483647,0.0,0.0,24,4,-65,GSM,460,1,5198,49989,0,2147483647,0.0,0.0,17,4,-79,GSM,460,1,5198,42517,0,2147483647,0.0,0.0,16,4,-81,GSM,460,1,5198,56688,0,2147483647,0.0,0.0,19,4,-75,GSM,460,1,5198,49988,0,2147483647,0.0,0.0,14,4,-85,GSM
1524303209982,121.2104003,31.28807382,28.0,33.0,2.932064,-67,true,-1,-1,5,98.0,4000.0,131.79931640625,-150.62408447265625,98.66790771484375,2.272891044616699,-0.31785231828689575,-2.5826680660247803,460,1,5198,42518,0,-1,0.0,0.0,0,0,0,,6,460,1,5198,42518,0,2147483647,0.0,0.0,23,4,-67,GSM,460,1,5198,49989,0,2147483647,0.0,0.0,16,4,-81,GSM,460,1,5198,42517,0,2147483647,0.0,0.0,16,4,-81,GSM,460,1,5198,56688,0,2147483647,0.0,0.0,17,4,-79,GSM,0,0,0,-1,0,2147483647,0.0,0.0,14,4,-85,GSM,0,0,0,-1,0,2147483647,0.0,0.0,17,4,-79,GSM
1524303213031,121.21044613,31.28752765,27.0,31.0,6.8704658,-67,true,-1,-1,5,98.0,4000.0,122.61962890625,-150.9246826171875,91.76788330078125,2.338247299194336,-0.2725491225719452,-2.4459123611450195,460,1,5198,42518,0,-1,0.0,0.0,0,0,0,,6,460,1,5198,42518,0,2147483647,0.0,0.0,23,4,-67,GSM,460,1,5198,49989,0,2147483647,0.0,0.0,17,4,-79,GSM,460,1,5198,42517,0,2147483647,0.0,0.0,16,4,-81,GSM,460,1,5198,56688,0,2147483647,0.0,0.0,17,4,-79,GSM,0,0,0,-1,0,2147483647,0.0,0.0,14,4,-85,GSM,460,1,5198,1188,0,2147483647,0.0,0.0,16,4,-81,GSM
1524303216109,121.21030295,31.2873788,25.0,21.0,4.010798,-67,true,-1,-1,5,98.0,4000.0,123.13995361328125,-149.42474365234375,96.868896484375,2.315279483795166,-0.2915917932987213,-2.448740243911743,460,1,5198,42518,0,-1,0.0,0.0,0,0,0,,6,460,1,5198,42518,0,2147483647,0.0,0.0,23,4,-67,GSM,460,1,5198,49989,0,2147483647,0.0,0.0,17,4,-79,GSM,460,1,5198,42517,0,2147483647,0.0,0.0,16,4,-81,GSM,460,1,5198,56688,0,2147483647,0.0,0.0,14,4,-85,GSM,0,0,0,-1,0,2147483647,0.0,0.0,14,4,-85,GSM,460,1,5198,1188,0,2147483647,0.0,0.0,16,4,-81,GSM
1524303219166,121.21026803,31.28733157,25.0,17.0,3.830013,-67,true,-1,-1,5,98.0,4000.0,126.7791748046875,-151.22528076171875,95.36895751953125,2.270580530166626,-0.3948410451412201,-2.6095290184020996,460,1,5198,42518,0,-1,0.0,0.0,0,0,0,,6,460,1,5198,42518,0,2147483647,0.0,0.0,24,4,-65,GSM,460,1,5198,49989,0,2147483647,0.0,0.0,17,4,-79,GSM,460,1,5198,42517,0,2147483647,0.0,0.0,14,4,-85,GSM,460,1,5198,56688,0,2147483647,0.0,0.0,13,4,-87,GSM,0,0,0,-1,0,2147483647,0.0,0.0,15,4,-83,GSM,460,1,5198,1188,0,2147483647,0.0,0.0,15,4,-83,GSM
1524303222240,121.21023406,31.28712884,29.0,16.0,4.1430907,-67,true,-1,-1,5,98.0,4000.0,127.29949951171875,-148.8250732421875,98.0682373046875,2.2998156547546387,-0.3208658695220947,-2.4424686431884766,460,1,5198,42518,0,-1,0.0,0.0,0,0,0,,6,460,1,5198,42518,0,2147483647,0.0,0.0,24,4,-65,GSM,460,1,5198,49989,0,2147483647,0.0,0.0,17,4,-79,GSM,460,1,5198,42517,0,2147483647,0.0,0.0,14,4,-85,GSM,460,1,5198,56688,0,2147483647,0.0,0.0,13,4,-87,GSM,0,0,0,-1,0,2147483647,0.0,0.0,15,4,-83,GSM,460,1,5198,1188,0,2147483647,0.0,0.0,15,4,-83,GSM
1524303225317,121.21019552,31.28705405,30.0,19.0,3.3203764,-67,true,-1,-1,5,98.0,4000.0,128.16009521484375,-153.0242919921875,97.16796875,2.28556752204895,-0.39250701665878296,-2.5233349800109863,460,1,5198,42518,0,-1,0.0,0.0,0,0,0,,6,460,1,5198,42518,0,2147483647,0.0,0.0,21,4,-71,GSM,460,1,5198,49989,0,2147483647,0.0,0.0,16,4,-81,GSM,460,1,5198,42517,0,2147483647,0.0,0.0,14,4,-85,GSM,460,1,5198,56688,0,2147483647,0.0,0.0,13,4,-87,GSM,0,0,0,-1,0,2147483647,0.0,0.0,16,4,-81,GSM,460,1,5198,1188,0,2147483647,0.0,0.0,15,4,-83,GSM
1524303228379,121.21014773,31.28699597,28.0,21.0,3.2901368,-69,true,-1,-1,5,98.0,4000.0,126.60980224609375,-150.62408447265625,95.66802978515625,2.302525281906128,-0.34152278304100037,-2.483675003051758,460,1,5198,42518,0,-1,0.0,0.0,0,0,0,,6,460,1,5198,42518,0,2147483647,0.0,0.0,18,4,-77,GSM,460,1,5198,49989,0,2147483647,0.0,0.0,15,4,-83,GSM,460,1,5198,42517,0,2147483647,0.0,0.0,14,4,-85,GSM,460,1,5198,56688,0,2147483647,0.0,0.0,14,4,-85,GSM,0,0,0,-1,0,2147483647,0.0,0.0,18,4,-77,GSM,460,1,5198,1188,0,2147483647,0.0,0.0,14,4,-85,GSM
1524303231463,121.21008628,31.28689631,27.0,24.0,4.03005,-75,true,-1,-1,5,98.0,4000.0,122.45025634765625,-152.1240234375,93.86749267578125,2.292696952819824,-0.4060281217098236,-2.557264804840088,460,1,5198,42518,0,-1,0.0,0.0,0,0,0,,6,460,1,5198,42518,0,2147483647,0.0,0.0,18,4,-77,GSM,460,1,5198,49989,0,2147483647,0.0,0.0,15,4,-83,GSM,460,1,5198,56688,0,2147483647,0.0,0.0,14,4,-85,GSM,0,0,0,-1,0,2147483647,0.0,0.0,20,4,-73,GSM,0,0,0,-1,0,2147483647,0.0,0.0,14,4,-85,GSM,0,0,0,-1,0,2147483647,0.0,0.0,13,4,-87,GSM
1524303234545,121.21000327,31.28678299,27.0,20.0,4.6900425,-75,true,-1,-1,5,98.0,4000.0,126.9500732421875,-149.42474365234375,99.8687744140625,2.3010380268096924,-0.22380907833576202,-2.5071487426757813,460,1,5198,42518,0,-1,0.0,0.0,0,0,0,,7,460,1,5198,42518,0,2147483647,0.0,0.0,17,4,-79,GSM,460,1,5198,49989,0,2147483647,0.0,0.0,14,4,-85,GSM,460,1,5198,56688,0,2147483647,0.0,0.0,14,4,-85,GSM,0,0,0,-1,0,2147483647,0.0,0.0,20,4,-73,GSM,460,1,5198,1186,0,2147483647,0.0,0.0,13,4,-87,GSM,460,1,5198,42509,0,2147483647,0.0,0.0,16,4,-81,GSM,460,1,5198,42517,0,2147483647,0.0,0.0,13,4,-87,GSM
1524303237614,121.2099094,31.28666919,28.0,17.0,3.9815197,-75,true,-1,-1,5,98.0,4000.0,130.58929443359375,-150.32501220703125,97.76763916015625,2.286120653152466,-0.28786930441856384,-2.5558691024780273,460,1,5198,42518,0,-1,0.0,0.0,0,0,0,,7,460,1,5198,42518,0,2147483647,0.0,0.0,17,4,-79,GSM,460,1,5198,49989,0,2147483647,0.0,0.0,13,4,-87,GSM,460,1,5198,56688,0,2147483647,0.0,0.0,16,4,-81,GSM,0,0,0,-1,0,2147483647,0.0,0.0,21,4,-71,GSM,460,1,5198,1186,0,2147483647,0.0,0.0,13,4,-87,GSM,460,1,5198,42509,0,2147483647,0.0,0.0,17,4,-79,GSM,460,1,5198,42517,0,2147483647,0.0,0.0,12,4,-89,GSM
1524303240707,121.20986977,31.2865666,29.0,18.0,3.5101283,-75,true,-1,-1,5,98.0,4000.0,130.07049560546875,-149.1241455078125,102.26898193359375,2.2870941162109375,-0.27049681544303894,-2.4677276611328125,460,1,5198,42518,0,-1,0.0,0.0,0,0,0,,6,460,1,5198,42518,0,2147483647,0.0,0.0,19,4,-75,GSM,460,1,5198,49989,0,2147483647,0.0,0.0,13,4,-87,GSM,460,1,5198,56688,0,2147483647,0.0,0.0,16,4,-81,GSM,0,0,0,-1,0,2147483647,0.0,0.0,23,4,-67,GSM,460,1,5198,42509,0,2147483647,0.0,0.0,17,4,-79,GSM,460,1,5198,42519,0,2147483647,0.0,0.0,11,3,-91,GSM
1524303243768,121.20983282,31.28648326,30.0,18.0,3.5200567,-75,true,-1,-1,5,98.0,4000.0,133.5296630859375,-154.22515869140625,98.66790771484375,2.2701170444488525,-0.4184477627277374,-2.524386167526245,460,1,5198,42518,0,-1,0.0,0.0,0,0,0,,5,460,1,5198,42518,0,2147483647,0.0,0.0,19,4,-75,GSM,460,1,5198,49989,0,2147483647,0.0,0.0,12,4,-89,GSM,460,1,5198,56688,0,2147483647,0.0,0.0,14,4,-85,GSM,460,1,5198,42507,0,2147483647,0.0,0.0,23,4,-67,GSM,460,1,5198,42509,0,2147483647,0.0,0.0,19,4,-75,GSM
1524303246840,121.20975523,31.28639162,28.0,17.0,4.4300113,-75,true,-1,-1,5,98.0,4000.0,139.93988037109375,-153.62396240234375,92.96875,2.2720720767974854,-0.26803290843963623,-2.7729132175445557,460,1,5198,42518,0,-1,0.0,0.0,0,0,0,,6,460,1,5198,42518,0,2147483647,0.0,0.0,22,4,-69,GSM,460,1,5198,49989,0,2147483647,0.0,0.0,11,3,-91,GSM,460,1,5198,56688,0,2147483647,0.0,0.0,14,4,-85,GSM,460,1,5198,42507,0,2147483647,0.0,0.0,23,4,-67,GSM,460,1,5198,42509,0,2147483647,0.0,0.0,19,4,-75,GSM,0,0,0,-1,0,2147483647,0.0,0.0,12,4,-89,GSM
1524303249892,121.20967459,31.28629619,27.0,15.0,3.3112233,-69,true,-1,-1,5,98.0,4000.0,130.58929443359375,-144.024658203125,96.56829833984375,2.277289390563965,-0.27132919430732727,-2.508129119873047,460,1,5198,42507,0,-1,0.0,0.0,0,0,0,,6,460,1,5198,42518,0,2147483647,0.0,0.0,21,4,-71,GSM,460,1,5198,49989,0,2147483647,0.0,0.0,11,3,-91,GSM,460,1,5198,56688,0,2147483647,0.0,0.0,13,4,-87,GSM,460,1,5198,42507,0,2147483647,0.0,0.0,22,4,-69,GSM,460,1,5198,42509,0,2147483647,0.0,0.0,19,4,-75,GSM,460,1,5198,42508,0,2147483647,0.0,0.0,12,4,-89,GSM
1524303252959,121.20958569,31.28622335,20.0,17.0,3.26,-69,true,-1,-1,5,98.0,4000.0,123.32000732421875,-145.52459716796875,95.36895751953125,2.2797820568084717,-0.3126022219657898,-2.6024715900421143,460,1,5198,42507,0,-1,0.0,0.0,0,0,0,,6,460,1,5198,42507,0,2147483647,0.0,0.0,19,4,-75,GSM,460,1,5198,56688,0,2147483647,0.0,0.0,13,4,-87,GSM,460,1,5198,42509,0,2147483647,0.0,0.0,19,4,-75,GSM,460,1,5198,42508,0,2147483647,0.0,0.0,12,4,-89,GSM,460,1,5198,42519,0,2147483647,0.0,0.0,12,4,-89,GSM,0,0,0,-1,0,2147483647,0.0,0.0,13,4,-87,GSM
1524303256030,121.20953663,31.2861582,23.0,15.0,3.1400158,-75,true,-1,-1,5,98.0,4000.0,108.07037353515625,-161.42425537109375,124.76806640625,2.309170961380005,-0.28362444043159485,-2.4156415462493896,460,1,5198,42507,0,-1,0.0,0.0,0,0,0,,7,460,1,5198,42507,0,2147483647,0.0,0.0,19,4,-75,GSM,460,1,5198,56688,0,2147483647,0.0,0.0,13,4,-87,GSM,460,1,5198,42509,0,2147483647,0.0,0.0,18,4,-77,GSM,460,1,5198,42508,0,2147483647,0.0,0.0,11,3,-91,GSM,460,1,5198,42519,0,2147483647,0.0,0.0,13,4,-87,GSM,460,1,5198,50809,0,2147483647,0.0,0.0,12,4,-89,GSM,460,1,5198,42518,0,2147483647,0.0,0.0,20,4,-73,GSM
1524303259111,121.20948861,31.28601975,27.0,16.0,3.0005999,-75,true,-1,-1,5,98.0,4000.0,138.56048583984375,-150.32501220703125,106.768798828125,2.2783336639404297,-0.5102993845939636,-2.2986063957214355,460,1,5198,42507,0,-1,0.0,0.0,0,0,0,,7,460,1,5198,42507,0,2147483647,0.0,0.0,20,4,-73,GSM,460,1,5198,56688,0,2147483647,0.0,0.0,12,4,-89,GSM,460,1,5198,42509,0,2147483647,0.0,0.0,18,4,-77,GSM,460,1,5198,42508,0,2147483647,0.0,0.0,12,4,-89,GSM,460,1,5198,42519,0,2147483647,0.0,0.0,14,4,-85,GSM,460,1,5198,50809,0,2147483647,0.0,0.0,12,4,-89,GSM,460,1,5198,42518,0,2147483647,0.0,0.0,20,4,-73,GSM
1524303262177,121.20953221,31.28589668,28.0,17.0,2.994278,-71,true,-1,-1,5,98.0,4000.0,147.039794921875,-121.2249755859375,120.867919921875,2.0656816959381104,-0.3872857987880707,-2.6023967266082764,460,1,5198,42507,0,-1,0.0,0.0,0,0,0,,7,460,1,5198,42507,0,2147483647,0.0,0.0,24,4,-65,GSM,460,1,5198,56688,0,2147483647,0.0,0.0,12,4,-89,GSM,460,1,5198,42509,0,2147483647,0.0,0.0,17,4,-79,GSM,460,1,5198,42508,0,2147483647,0.0,0.0,12,4,-89,GSM,460,1,5198,42519,0,2147483647,0.0,0.0,14,4,-85,GSM,460,1,5198,50809,0,2147483647,0.0,0.0,12,4,-89,GSM,460,1,5198,42518,0,2147483647,0.0,0.0,20,4,-73,GSM
1524303265254,121.20959724,31.28583089,27.0,18.0,3.4147475,-65,true,-1,-1,5,98.0,4000.0,142.7093505859375,-122.72491455078125,123.5687255859375,2.124547004699707,-0.248276025056839,-2.479816198348999,460,1,5198,42507,0,-1,0.0,0.0,0,0,0,,7,460,1,5198,42507,0,2147483647,0.0,0.0,25,4,-63,GSM,460,1,5198,42509,0,2147483647,0.0,0.0,18,4,-77,GSM,460,1,5198,42508,0,2147483647,0.0,0.0,13,4,-87,GSM,460,1,5198,42519,0,2147483647,0.0,0.0,14,4,-85,GSM,460,1,5198,50809,0,2147483647,0.0,0.0,12,4,-89,GSM,460,1,5198,42518,0,2147483647,0.0,0.0,21,4,-71,GSM,460,1,5198,56688,0,2147483647,0.0,0.0,11,3,-91,GSM
1524303268329,121.20965956,31.2857741,26.0,18.0,4.0404453,-61,true,-1,-1,5,98.0,4000.0,142.7093505859375,-127.82440185546875,120.56884765625,2.138915777206421,-0.33072546124458313,-2.4679696559906006,460,1,5198,42507,0,-1,0.0,0.0,0,0,0,,7,460,1,5198,42507,0,2147483647,0.0,0.0,26,4,-61,GSM,460,1,5198,42509,0,2147483647,0.0,0.0,18,4,-77,GSM,460,1,5198,42508,0,2147483647,0.0,0.0,14,4,-85,GSM,460,1,5198,42519,0,2147483647,0.0,0.0,14,4,-85,GSM,460,1,5198,50809,0,2147483647,0.0,0.0,12,4,-89,GSM,460,1,5198,42518,0,2147483647,0.0,0.0,21,4,-71,GSM,460,1,5198,56688,0,2147483647,0.0,0.0,11,3,-91,GSM
1524303271406,121.20977301,31.28569174,29.0,19.0,3.8680873,-61,true,-1,-1,5,98.0,4000.0,144.45037841796875,-126.02386474609375,121.16851806640625,2.1197710037231445,-0.4192838668823242,-2.44073748588562,460,1,5198,42507,0,-1,0.0,0.0,0,0,0,,6,460,1,5198,42507,0,2147483647,0.0,0.0,25,4,-63,GSM,460,1,5198,42509,0,2147483647,0.0,0.0,19,4,-75,GSM,460,1,5198,42508,0,2147483647,0.0,0.0,14,4,-85,GSM,460,1,5198,42519,0,2147483647,0.0,0.0,15,4,-83,GSM,460,1,5198,50809,0,2147483647,0.0,0.0,13,4,-87,GSM,460,1,5198,42518,0,2147483647,0.0,0.0,21,4,-71,GSM
1524303274472,121.20986069,31.28562679,33.0,18.0,3.8415751,-61,true,-1,-1,5,98.0,4000.0,141.49932861328125,-131.4239501953125,119.06890869140625,2.1671013832092285,-0.26722949743270874,-2.46838641166687,460,1,5198,42507,0,-1,0.0,0.0,0,0,0,,6,460,1,5198,42507,0,2147483647,0.0,0.0,24,4,-65,GSM,460,1,5198,42509,0,2147483647,0.0,0.0,20,4,-73,GSM,460,1,5198,42508,0,2147483647,0.0,0.0,15,4,-83,GSM,460,1,5198,42519,0,2147483647,0.0,0.0,16,4,-81,GSM,460,1,5198,50809,0,2147483647,0.0,0.0,14,4,-85,GSM,460,1,5198,42518,0,2147483647,0.0,0.0,21,4,-71,GSM
1524303277540,121.20994665,31.28555626,35.0,16.0,4.151735,-61,true,-1,-1,5,98.0,4000.0,145.9991455078125,-131.1248779296875,119.06890869140625,2.1197574138641357,-0.31599241495132446,-2.659214496612549,460,1,5198,42507,0,-1,0.0,0.0,0,0,0,,6,460,1,5198,42507,0,2147483647,0.0,0.0,25,4,-63,GSM,460,1,5198,42509,0,2147483647,0.0,0.0,20,4,-73,GSM,460,1,5198,42508,0,2147483647,0.0,0.0,15,4,-83,GSM,460,1,5198,42519,0,2147483647,0.0,0.0,16,4,-81,GSM,460,1,5198,50809,0,2147483647,0.0,0.0,14,4,-85,GSM,460,1,5198,42518,0,2147483647,0.0,0.0,21,4,-71,GSM
1524303280608,121.21003303,31.28546247,35.0,17.0,4.0,-61,true,-1,-1,5,98.0,4000.0,141.85028076171875,-129.92401123046875,121.46759033203125,2.1523377895355225,-0.24669305980205536,-2.5127100944519043,460,1,5198,42507,0,-1,0.0,0.0,0,0,0,,7,460,1,5198,42507,0,2147483647,0.0,0.0,26,4,-61,GSM,460,1,5198,42509,0,2147483647,0.0,0.0,21,4,-71,GSM,460,1,5198,42508,0,2147483647,0.0,0.0,16,4,-81,GSM,460,1,5198,42519,0,2147483647,0.0,0.0,15,4,-83,GSM,460,1,5198,50809,0,2147483647,0.0,0.0,14,4,-85,GSM,460,1,5198,42518,0,2147483647,0.0,0.0,21,4,-71,GSM,460,1,5198,56688,0,2147483647,0.0,0.0,12,4,-89,GSM
1524303283660,121.21012551,31.28537528,35.0,21.0,4.252305,-61,true,-1,-1,5,98.0,4000.0,146.51947021484375,-132.025146484375,117.5689697265625,2.1675920486450195,-0.20558829605579376,-2.5107040405273438,460,1,5198,42507,0,-1,0.0,0.0,0,0,0,,7,460,1,5198,42507,0,2147483647,0.0,0.0,26,4,-61,GSM,460,1,5198,42509,0,2147483647,0.0,0.0,23,4,-67,GSM,460,1,5198,42508,0,2147483647,0.0,0.0,16,4,-81,GSM,460,1,5198,42519,0,2147483647,0.0,0.0,14,4,-85,GSM,460,1,5198,50809,0,2147483647,0.0,0.0,15,4,-83,GSM,460,1,5198,42518,0,2147483647,0.0,0.0,21,4,-71,GSM,460,1,5198,56688,0,2147483647,0.0,0.0,14,4,-85,GSM
1524303286748,121.21021638,31.28529621,38.0,19.0,3.720054,-61,true,-1,-1,5,98.0,4000.0,145.4803466796875,-135.62469482421875,116.9677734375,2.1748926639556885,-0.3153904378414154,-2.4661576747894287,460,1,5198,42507,0,-1,0.0,0.0,0,0,0,,7,460,1,5198,42507,0,2147483647,0.0,0.0,25,4,-63,GSM,460,1,5198,42509,0,2147483647,0.0,0.0,23,4,-67,GSM,460,1,5198,42508,0,2147483647,0.0,0.0,16,4,-81,GSM,460,1,5198,42519,0,2147483647,0.0,0.0,14,4,-85,GSM,460,1,5198,50809,0,2147483647,0.0,0.0,15,4,-83,GSM,460,1,5198,42518,0,2147483647,0.0,0.0,20,4,-73,GSM,460,1,5198,56688,0,2147483647,0.0,0.0,15,4,-83,GSM
1524303289803,121.21028341,31.28520566,39.0,18.0,4.1714506,-61,true,-1,-1,5,98.0,4000.0,145.14007568359375,-138.62457275390625,112.7685546875,2.1839544773101807,-0.3324228525161743,-2.510477066040039,460,1,5198,42507,0,-1,0.0,0.0,0,0,0,,5,460,1,5198,42507,0,2147483647,0.0,0.0,24,4,-65,GSM,460,1,5198,42509,0,2147483647,0.0,0.0,22,4,-69,GSM,460,1,5198,42508,0,2147483647,0.0,0.0,16,4,-81,GSM,460,1,5198,50809,0,2147483647,0.0,0.0,14,4,-85,GSM,460,1,5198,42518,0,2147483647,0.0,0.0,20,4,-73,GSM
1524303292887,121.21033106,31.28508763,40.0,19.0,4.3011627,-65,true,-1,-1,5,98.0,4000.0,142.889404296875,-139.2242431640625,114.8681640625,2.1983554363250732,-0.29106128215789795,-2.47176456451416,460,1,5198,42507,0,-1,0.0,0.0,0,0,0,,5,460,1,5198,42507,0,2147483647,0.0,0.0,23,4,-67,GSM,460,1,5198,42509,0,2147483647,0.0,0.0,20,4,-73,GSM,460,1,5198,42508,0,2147483647,0.0,0.0,16,4,-81,GSM,460,1,5198,50809,0,2147483647,0.0,0.0,14,4,-85,GSM,460,1,5198,42518,0,2147483647,0.0,0.0,19,4,-75,GSM
1524303295975,121.21033106,31.28508763,40.0,19.0,4.3011627,-65,true,-1,-1,5,98.0,4000.0,141.49932861328125,-142.8253173828125,108.868408203125,2.228318214416504,-0.2792854607105255,-2.4745466709136963,460,1,5198,42507,0,-1,0.0,0.0,0,0,0,,7,460,1,5198,42507,0,2147483647,0.0,0.0,23,4,-67,GSM,0,0,0,-1,0,2147483647,0.0,0.0,6,2,-101,GSM,0,0,0,-1,0,2147483647,0.0,0.0,5,2,-103,GSM,0,0,0,-1,0,2147483647,0.0,0.0,20,4,-73,GSM,0,0,0,-1,0,2147483647,0.0,0.0,16,4,-81,GSM,0,0,0,-1,0,2147483647,0.0,0.0,15,4,-83,GSM,0,0,0,-1,0,2147483647,0.0,0.0,13,4,-87,GSM
1524303299032,121.21032095,31.28487598,40.0,22.0,4.580044,-65,true,-1,-1,5,98.0,4000.0,135.4400634765625,-153.32489013671875,56.96868896484375,-2.546788454055786,-0.8933711647987366,-0.2853226959705353,460,1,5198,42507,0,-1,0.0,0.0,0,0,0,,6,460,1,5198,42507,0,2147483647,0.0,0.0,23,4,-67,GSM,460,1,5198,42509,0,2147483647,0.0,0.0,20,4,-73,GSM,460,1,5198,42508,0,2147483647,0.0,0.0,15,4,-83,GSM,460,1,5198,42518,0,2147483647,0.0,0.0,15,4,-83,GSM,460,1,5198,42519,0,2147483647,0.0,0.0,13,4,-87,GSM,460,1,5198,44572,0,2147483647,0.0,0.0,12,4,-89,GSM
1524303302094,121.21033467,31.28462913,42.0,19.0,3.7918992,-65,true,-1,-1,5,98.0,4000.0,135.4400634765625,-154.52423095703125,52.7679443359375,-2.46785044670105,-0.6102060675621033,-0.08544017374515533,460,1,5198,42507,0,-1,0.0,0.0,0,0,0,,6,460,1,5198,42507,0,2147483647,0.0,0.0,25,4,-63,GSM,460,1,5198,42509,0,2147483647,0.0,0.0,21,4,-71,GSM,460,1,5198,42508,0,2147483647,0.0,0.0,16,4,-81,GSM,460,1,5198,42518,0,2147483647,0.0,0.0,15,4,-83,GSM,460,1,5198,42519,0,2147483647,0.0,0.0,12,4,-89,GSM,460,1,5198,44572,0,2147483647,0.0,0.0,12,4,-89,GSM
1524303305162,121.21027057,31.28453378,40.0,17.0,3.3609521,-61,true,-1,-1,5,98.0,4000.0,116.0400390625,-151.52435302734375,70.76873779296875,2.4102163314819336,-0.37447574734687805,-2.4261159896850586,460,1,5198,42507,0,-1,0.0,0.0,0,0,0,,6,460,1,5198,42507,0,2147483647,0.0,0.0,24,4,-65,GSM,460,1,5198,42509,0,2147483647,0.0,0.0,20,4,-73,GSM,460,1,5198,42508,0,2147483647,0.0,0.0,15,4,-83,GSM,460,1,5198,42518,0,2147483647,0.0,0.0,14,4,-85,GSM,460,1,5198,42519,0,2147483647,0.0,0.0,11,3,-91,GSM,460,1,5198,44572,0,2147483647,0.0,0.0,13,4,-87,GSM
1524303308222,121.21021035,31.28445763,34.0,17.0,2.4847736,-65,true,-1,-1,5,98.0,4000.0,112.05902099609375,-144.32525634765625,84.86785888671875,2.3352367877960205,-0.29294055700302124,-2.593413829803467,460,1,5198,42507,0,-1,0.0,0.0,0,0,0,,6,460,1,5198,42507,0,2147483647,0.0,0.0,26,4,-61,GSM,460,1,5198,42509,0,2147483647,0.0,0.0,20,4,-73,GSM,460,1,5198,42508,0,2147483647,0.0,0.0,15,4,-83,GSM,460,1,5198,42518,0,2147483647,0.0,0.0,14,4,-85,GSM,460,1,5198,42519,0,2147483647,0.0,0.0,11,3,-91,GSM,460,1,5198,44572,0,2147483647,0.0,0.0,13,4,-87,GSM
1524303311274,121.21008664,31.28442743,36.0,15.0,3.802223,-61,true,-1,-1,5,98.0,4000.0,109.979248046875,-156.9244384765625,89.66827392578125,2.3712124824523926,-0.3268035650253296,-2.515472650527954,460,1,5198,42507,0,-1,0.0,0.0,0,0,0,,6,460,1,5198,42507,0,2147483647,0.0,0.0,21,4,-71,GSM,460,1,5198,42509,0,2147483647,0.0,0.0,21,4,-71,GSM,460,1,5198,42508,0,2147483647,0.0,0.0,15,4,-83,GSM,460,1,5198,42518,0,2147483647,0.0,0.0,14,4,-85,GSM,460,1,5198,42519,0,2147483647,0.0,0.0,10,3,-93,GSM,460,1,5198,44572,0,2147483647,0.0,0.0,13,4,-87,GSM
1524303314343,121.21001017,31.28440278,36.0,14.0,3.0936387,-69,true,-1,-1,5,98.0,4000.0,129.71954345703125,-156.6253662109375,90.86761474609375,2.334595203399658,-0.2435380518436432,-2.539113998413086,460,1,5198,42507,0,-1,0.0,0.0,0,0,0,,6,460,1,5198,42507,0,2147483647,0.0,0.0,19,4,-75,GSM,460,1,5198,42509,0,2147483647,0.0,0.0,21,4,-71,GSM,460,1,5198,42508,0,2147483647,0.0,0.0,14,4,-85,GSM,460,1,5198,42518,0,2147483647,0.0,0.0,13,4,-87,GSM,460,1,5198,42519,0,2147483647,0.0,0.0,10,3,-93,GSM,0,0,0,-1,0,2147483647,0.0,0.0,13,4,-87,GSM
1524303317394,121.20996438,31.2843337,36.0,15.0,2.7041636,-75,true,-1,-1,5,98.0,4000.0,128.16009521484375,-166.8243408203125,91.168212890625,2.383999824523926,-0.17607960104942322,-2.461113452911377,460,1,5198,42507,0,-1,0.0,0.0,0,0,0,,6,460,1,5198,42507,0,2147483647,0.0,0.0,17,4,-79,GSM,460,1,5198,42509,0,2147483647,0.0,0.0,21,4,-71,GSM,460,1,5198,42508,0,2147483647,0.0,0.0,13,4,-87,GSM,460,1,5198,42518,0,2147483647,0.0,0.0,12,4,-89,GSM,460,1,5198,42519,0,2147483647,0.0,0.0,8,3,-97,GSM,0,0,0,-1,0,2147483647,0.0,0.0,12,4,-89,GSM
1524303320479,121.20992835,31.2842695,23.0,21.0,1.5980301,-79,true,-1,-1,5,98.0,4000.0,119.67926025390625,-146.124267578125,74.06768798828125,2.4027154445648193,-0.20491106808185577,-2.3445181846618652,460,1,5198,42509,0,-1,0.0,0.0,0,0,0,,6,460,1,5198,42509,0,2147483647,0.0,0.0,14,4,-85,GSM,460,1,5198,42508,0,2147483647,0.0,0.0,13,4,-87,GSM,460,1,5198,42518,0,2147483647,0.0,0.0,12,4,-89,GSM,0,0,0,-1,0,2147483647,0.0,0.0,12,4,-89,GSM,460,1,5198,50809,0,2147483647,0.0,0.0,11,3,-91,GSM,460,1,5198,42507,0,2147483647,0.0,0.0,15,4,-83,GSM
1524303323535,121.20992835,31.2842695,23.0,21.0,1.5980301,-79,true,-1,-1,5,98.0,4000.0,129.5501708984375,-144.9249267578125,46.7681884765625,2.356343984603882,0.4231319725513458,-2.8850064277648926,460,1,5198,42507,0,-1,0.0,0.0,0,0,0,,5,460,1,5198,42507,0,2147483647,0.0,0.0,16,4,-81,GSM,460,1,5198,42508,0,2147483647,0.0,0.0,13,4,-87,GSM,460,1,5198,42518,0,2147483647,0.0,0.0,10,3,-93,GSM,460,1,5198,50809,0,2147483647,0.0,0.0,11,3,-91,GSM,460,1,5198,42507,0,2147483647,0.0,0.0,16,4,-81,GSM
1524303326581,121.20991933,31.2842399,18.0,28.0,0.692315,-79,true,-1,-1,5,98.0,4000.0,140.80963134765625,-68.72406005859375,65.06805419921875,0.9928561449050903,0.6307130455970764,-1.4539536237716675,460,1,5198,42507,0,-1,0.0,0.0,0,0,0,,4,460,1,5198,42507,0,2147483647,0.0,0.0,16,4,-81,GSM,460,1,5198,42508,0,2147483647,0.0,0.0,13,4,-87,GSM,460,1,5198,42518,0,2147483647,0.0,0.0,10,3,-93,GSM,0,0,0,-1,0,2147483647,0.0,0.0,11,3,-91,GSM
1524303329661,121.20991933,31.2842399,18.0,28.0,0.692315,-79,true,-1,-1,5,98.0,4000.0,133.00933837890625,-66.3238525390625,61.767578125,0.02119433879852295,0.819835901260376,-1.1449984312057495,460,1,5198,42507,0,-1,0.0,0.0,0,0,0,,5,460,1,5198,42507,0,2147483647,0.0,0.0,17,4,-79,GSM,460,1,5198,42508,0,2147483647,0.0,0.0,12,4,-89,GSM,460,1,5198,42518,0,2147483647,0.0,0.0,10,3,-93,GSM,460,1,5198,44572,0,2147483647,0.0,0.0,11,3,-91,GSM,460,1,5198,42509,0,2147483647,0.0,0.0,13,4,-87,GSM
1524303332747,121.20991933,31.2842399,18.0,28.0,0.692315,-79,true,-1,-1,5,98.0,4000.0,95.7794189453125,-104.425048828125,77.06756591796875,1.375331997871399,0.8347020149230957,-1.3647249937057495,460,1,5198,42507,0,-1,0.0,0.0,0,0,0,,5,460,1,5198,42507,0,2147483647,0.0,0.0,15,4,-83,GSM,460,1,5198,42508,0,2147483647,0.0,0.0,12,4,-89,GSM,460,1,5198,42518,0,2147483647,0.0,0.0,10,3,-93,GSM,460,1,5198,44572,0,2147483647,0.0,0.0,10,3,-93,GSM,460,1,5198,42509,0,2147483647,0.0,0.0,13,4,-87,GSM
1524303335817,121.20991933,31.2842399,18.0,28.0,0.692315,-79,true,-1,-1,5,98.0,4000.0,101.31988525390625,-96.02508544921875,84.2681884765625,1.2946935892105103,0.8042425513267517,-1.3615113496780396,460,1,5198,42507,0,-1,0.0,0.0,0,0,0,,6,460,1,5198,42507,0,2147483647,0.0,0.0,14,4,-85,GSM,460,1,5198,42508,0,2147483647,0.0,0.0,12,4,-89,GSM,460,1,5198,42518,0,2147483647,0.0,0.0,10,3,-93,GSM,460,1,5198,44572,0,2147483647,0.0,0.0,10,3,-93,GSM,460,1,5198,42509,0,2147483647,0.0,0.0,11,3,-91,GSM,0,0,0,-1,0,2147483647,0.0,0.0,12,4,-89,GSM
1524303338873,121.20991933,31.2842399,18.0,28.0,0.692315,-79,true,-1,-1,5,98.0,4000.0,100.45013427734375,-97.5250244140625,80.96771240234375,1.256047248840332,0.8220064640045166,-1.3479219675064087,460,1,5198,42507,0,-1,0.0,0.0,0,0,0,,6,460,1,5198,42507,0,2147483647,0.0,0.0,15,4,-83,GSM,460,1,5198,42508,0,2147483647,0.0,0.0,11,3,-91,GSM,460,1,5198,42518,0,2147483647,0.0,0.0,9,3,-95,GSM,460,1,5198,44572,0,2147483647,0.0,0.0,10,3,-93,GSM,460,1,5198,42509,0,2147483647,0.0,0.0,10,3,-93,GSM,460,1,5198,20609,0,2147483647,0.0,0.0,12,4,-89,GSM
1524303341952,121.20991933,31.2842399,18.0,28.0,0.692315,-79,true,-1,-1,5,98.0,4000.0,147.039794921875,-74.42474365234375,60.86883544921875,0.17964214086532593,1.043993592262268,-1.291824460029602,460,1,5198,42507,0,-1,0.0,0.0,0,0,0,,6,460,1,5198,42507,0,2147483647,0.0,0.0,16,4,-81,GSM,460,1,5198,42508,0,2147483647,0.0,0.0,10,3,-93,GSM,460,1,5198,42518,0,2147483647,0.0,0.0,8,3,-97,GSM,460,1,5198,44572,0,2147483647,0.0,0.0,9,3,-95,GSM,460,1,5198,42509,0,2147483647,0.0,0.0,9,3,-95,GSM,460,1,5198,20609,0,2147483647,0.0,0.0,12,4,-89,GSM
1524303345032,121.20991933,31.2842399,18.0,28.0,0.692315,-79,true,-1,-1,5,98.0,4000.0,133.18939208984375,-72.0245361328125,35.0677490234375,1.6324076652526855,1.1638315916061401,-2.7243809700012207,460,1,5198,42507,0,-1,0.0,0.0,0,0,0,,6,460,1,5198,42507,0,2147483647,0.0,0.0,19,4,-75,GSM,460,1,5198,42508,0,2147483647,0.0,0.0,10,3,-93,GSM,460,1,5198,42518,0,2147483647,0.0,0.0,8,3,-97,GSM,460,1,5198,44572,0,2147483647,0.0,0.0,9,3,-95,GSM,460,1,5198,42509,0,2147483647,0.0,0.0,9,3,-95,GSM,460,1,5198,20609,0,2147483647,0.0,0.0,2,0,-109,GSM
1524303348106,121.20991933,31.2842399,18.0,28.0,0.692315,-79,true,-1,-1,5,98.0,4000.0,96.11968994140625,-95.7244873046875,35.6689453125,0.6771009564399719,1.3742868900299072,-1.7677549123764038,460,1,5198,42507,0,-1,0.0,0.0,0,0,0,,6,460,1,5198,42507,0,2147483647,0.0,0.0,20,4,-73,GSM,460,1,5198,42508,0,2147483647,0.0,0.0,10,3,-93,GSM,460,1,5198,42518,0,2147483647,0.0,0.0,8,3,-97,GSM,460,1,5198,44572,0,2147483647,0.0,0.0,9,3,-95,GSM,460,1,5198,42509,0,2147483647,0.0,0.0,9,3,-95,GSM,0,0,0,-1,0,2147483647,0.0,0.0,6,2,-101,GSM
1524303351202,121.20991933,31.2842399,18.0,28.0,0.692315,-79,true,-1,-1,5,98.0,4000.0,98.5504150390625,-93.6248779296875,40.46783447265625,1.0261955261230469,1.1968556642532349,-1.8818796873092651,460,1,5198,42507,0,-1,0.0,0.0,0,0,0,,6,460,1,5198,42507,0,2147483647,0.0,0.0,19,4,-75,GSM,460,1,5198,42508,0,2147483647,0.0,0.0,11,3,-91,GSM,460,1,5198,42518,0,2147483647,0.0,0.0,9,3,-95,GSM,460,1,5198,44572,0,2147483647,0.0,0.0,10,3,-93,GSM,460,1,5198,42509,0,2147483647,0.0,0.0,9,3,-95,GSM,460,1,5198,49989,0,2147483647,0.0,0.0,7,2,-99,GSM
1524303354280,121.20991933,31.2842399,18.0,28.0,0.692315,-79,true,-1,-1,5,98.0,4000.0,96.29974365234375,-91.8243408203125,44.36798095703125,1.4503263235092163,1.1028244495391846,-2.1264030933380127,460,1,5198,42507,0,-1,0.0,0.0,0,0,0,,6,460,1,5198,42507,0,2147483647,0.0,0.0,20,4,-73,GSM,460,1,5198,42508,0,2147483647,0.0,0.0,12,4,-89,GSM,460,1,5198,42518,0,2147483647,0.0,0.0,9,3,-95,GSM,460,1,5198,44572,0,2147483647,0.0,0.0,10,3,-93,GSM,460,1,5198,42509,0,2147483647,0.0,0.0,9,3,-95,GSM,460,1,5198,49989,0,2147483647,0.0,0.0,7,2,-99,GSM
1524303357355,121.20991933,31.2842399,18.0,28.0,0.692315,-79,true,-1,-1,5,98.0,4000.0,98.5504150390625,-87.02392578125,61.468505859375,1.1378055810928345,1.4293816089630127,-2.0502843856811523,460,1,5198,42507,0,-1,0.0,0.0,0,0,0,,5,460,1,5198,42507,0,2147483647,0.0,0.0,20,4,-73,GSM,460,1,5198,42508,0,2147483647,0.0,0.0,12,4,-89,GSM,460,1,5198,42518,0,2147483647,0.0,0.0,9,3,-95,GSM,460,1,5198,42509,0,2147483647,0.0,0.0,11,3,-91,GSM,460,1,5198,49989,0,2147483647,0.0,0.0,9,3,-95,GSM
1524303360432,121.20991933,31.2842399,18.0,28.0,0.692315,-79,true,-1,-1,5,98.0,4000.0,152.58941650390625,-87.6251220703125,75.2685546875,1.1408276557922363,1.3864539861679077,-2.1597251892089844,460,1,5198,42507,0,-1,0.0,0.0,0,0,0,,5,460,1,5198,42507,0,2147483647,0.0,0.0,18,4,-77,GSM,460,1,5198,42508,0,2147483647,0.0,0.0,13,4,-87,GSM,460,1,5198,42518,0,2147483647,0.0,0.0,10,3,-93,GSM,460,1,5198,42509,0,2147483647,0.0,0.0,11,3,-91,GSM,460,1,5198,49989,0,2147483647,0.0,0.0,10,3,-93,GSM
1524303363528,121.20991933,31.2842399,18.0,28.0,0.692315,-79,true,-1,-1,5,98.0,4000.0,143.060302734375,-84.625244140625,84.56878662109375,1.2958451509475708,1.457340121269226,-2.2752256393432617,460,1,5198,42507,0,-1,0.0,0.0,0,0,0,,5,460,1,5198,42507,0,2147483647,0.0,0.0,18,4,-77,GSM,460,1,5198,42508,0,2147483647,0.0,0.0,13,4,-87,GSM,460,1,5198,42518,0,2147483647,0.0,0.0,11,3,-91,GSM,460,1,5198,42509,0,2147483647,0.0,0.0,13,4,-87,GSM,460,1,5198,49989,0,2147483647,0.0,0.0,10,3,-93,GSM
1524303366601,121.20991933,31.2842399,18.0,28.0,0.692315,-79,true,-1,-1,5,98.0,4000.0,139.25018310546875,-83.42437744140625,86.96746826171875,1.1154266595840454,1.2899198532104492,-1.9809837341308594,460,1,5198,42507,0,-1,0.0,0.0,0,0,0,,6,460,1,5198,42507,0,2147483647,0.0,0.0,16,4,-81,GSM,460,1,5198,42508,0,2147483647,0.0,0.0,13,4,-87,GSM,460,1,5198,42518,0,2147483647,0.0,0.0,11,3,-91,GSM,460,1,5198,42509,0,2147483647,0.0,0.0,14,4,-85,GSM,460,1,5198,49989,0,2147483647,0.0,0.0,11,3,-91,GSM,460,1,5198,20609,0,2147483647,0.0,0.0,13,4,-87,GSM
1524303369680,121.20991933,31.2842399,18.0,28.0,0.692315,-79,true,-1,-1,5,98.0,4000.0,139.93988037109375,-110.723876953125,17.3675537109375,-2.2430574893951416,-0.22026455402374268,0.010481060482561588,460,1,5198,42507,0,-1,0.0,0.0,0,0,0,,7,460,1,5198,42507,0,2147483647,0.0,0.0,14,4,-85,GSM,460,1,5198,42508,0,2147483647,0.0,0.0,13,4,-87,GSM,460,1,5198,42518,0,2147483647,0.0,0.0,10,3,-93,GSM,460,1,5198,42509,0,2147483647,0.0,0.0,13,4,-87,GSM,460,1,5198,49989,0,2147483647,0.0,0.0,9,3,-95,GSM,460,1,5198,20609,0,2147483647,0.0,0.0,12,4,-89,GSM,0,0,0,-1,0,2147483647,0.0,0.0,8,3,-97,GSM
1524303372756,121.20991933,31.2842399,18.0,28.0,0.692315,-83,true,-1,-1,5,98.0,4000.0,156.91986083984375,-117.02423095703125,25.76751708984375,-2.2006306648254395,-0.3864305019378662,0.049584731459617615,460,1,5198,42507,0,-1,0.0,0.0,0,0,0,,7,460,1,5198,42507,0,2147483647,0.0,0.0,15,4,-83,GSM,460,1,5198,42508,0,2147483647,0.0,0.0,13,4,-87,GSM,460,1,5198,42518,0,2147483647,0.0,0.0,8,3,-97,GSM,460,1,5198,42509,0,2147483647,0.0,0.0,13,4,-87,GSM,460,1,5198,49989,0,2147483647,0.0,0.0,9,3,-95,GSM,460,1,5198,20609,0,2147483647,0.0,0.0,10,3,-93,GSM,0,0,0,-1,0,2147483647,0.0,0.0,8,3,-97,GSM
