IMEI:861374033830412
IMSI:460012796993062
OSVersion:3.10.73-perf-g94fc9a6
apiLevel:5.1.1
model:Redmi Note 3
device:kenzo
product:kenzo
113
1508593641135,121.20907318,31.28406092,-5.0,31.0,0.32,-75,true,-1,-1,5,98.0,4000.0,-16.16973876953125,-42.15087890625,189.764404296875,-2.940321922302246,-0.5555077791213989,0.23034940659999847,-2,-2,6188,27361,0,2147483647,0.0,0.0,0,0,0,,5,460,0,6188,27361,0,2147483647,0.0,0.0,12,4,-89,GSM,460,0,6188,26051,0,2147483647,0.0,0.0,11,3,-91,GSM,460,0,6188,20865,0,2147483647,0.0,0.0,9,3,-95,GSM,0,0,0,-1,0,2147483647,0.0,0.0,3,1,-107,GSM,0,0,0,-1,0,2147483647,0.0,0.0,8,3,-97,GSM
1508593643998,121.20907318,31.28406092,-5.0,31.0,0.32,-75,true,-1,-1,5,98.0,4000.0,-133.76922607421875,-4.95147705078125,191.26434326171875,1.5646859407424927,-0.11070990562438965,-1.2074458599090576,-2,-2,6188,27361,0,2147483647,0.0,0.0,0,0,0,,5,460,0,6188,27361,0,2147483647,0.0,0.0,16,4,-81,GSM,460,0,6188,26051,0,2147483647,0.0,0.0,10,3,-93,GSM,460,0,6188,20865,0,2147483647,0.0,0.0,9,3,-95,GSM,0,0,0,-1,0,2147483647,0.0,0.0,4,1,-105,GSM,0,0,0,-1,0,2147483647,0.0,0.0,8,3,-97,GSM
1508593647063,121.20907318,31.28406092,-5.0,31.0,0.32,-75,true,-1,-1,5,98.0,4000.0,-30.36956787109375,13.34991455078125,120.1629638671875,1.527475118637085,-0.09941257536411285,-0.3083520829677582,-2,-2,6188,27361,0,2147483647,0.0,0.0,0,0,0,,5,460,0,6188,27361,0,2147483647,0.0,0.0,19,4,-75,GSM,460,0,6188,26051,0,2147483647,0.0,0.0,10,3,-93,GSM,460,0,6188,20865,0,2147483647,0.0,0.0,10,3,-93,GSM,460,0,6188,27395,0,2147483647,0.0,0.0,6,2,-101,GSM,0,0,0,-1,0,2147483647,0.0,0.0,8,3,-97,GSM
1508593650126,121.20907318,31.28406092,-5.0,31.0,0.32,-75,true,-1,-1,5,97.0,4000.0,-94.7998046875,9.149169921875,142.36297607421875,1.4714142084121704,0.08111510425806046,-0.522822380065918,-2,-2,6188,27361,0,2147483647,0.0,0.0,0,0,0,,6,460,0,6188,27361,0,2147483647,0.0,0.0,17,4,-79,GSM,460,0,6188,26051,0,2147483647,0.0,0.0,11,3,-91,GSM,460,0,6188,20865,0,2147483647,0.0,0.0,10,3,-93,GSM,460,0,6188,27395,0,2147483647,0.0,0.0,7,2,-99,GSM,0,0,0,-1,0,2147483647,0.0,0.0,8,3,-97,GSM,0,0,0,-1,0,2147483647,0.0,0.0,5,2,-103,GSM
1508593653392,121.20907318,31.28406092,-5.0,31.0,0.32,-75,true,-1,-1,5,97.0,4000.0,-125.27923583984375,-11.25030517578125,175.96435546875,1.6121017932891846,-0.05824902653694153,-1.1505391597747803,-2,-2,6188,27361,0,2147483647,0.0,0.0,0,0,0,,6,460,0,6188,27361,0,2147483647,0.0,0.0,15,4,-83,GSM,460,0,6188,26051,0,2147483647,0.0,0.0,11,3,-91,GSM,460,0,6188,20865,0,2147483647,0.0,0.0,11,3,-91,GSM,460,0,6188,27395,0,2147483647,0.0,0.0,7,2,-99,GSM,0,0,0,-1,0,2147483647,0.0,0.0,7,2,-99,GSM,0,0,0,-1,0,2147483647,0.0,0.0,6,2,-101,GSM
1508593656457,121.20907318,31.28406092,-5.0,31.0,0.32,-75,true,-1,-1,5,97.0,4000.0,-142.25006103515625,29.54864501953125,169.3634033203125,1.4339110851287842,0.011495113372802734,-1.2151914834976196,-2,-2,6188,27361,0,2147483647,0.0,0.0,0,0,0,,6,460,0,6188,27361,0,2147483647,0.0,0.0,15,4,-83,GSM,460,0,6188,26051,0,2147483647,0.0,0.0,12,4,-89,GSM,460,0,6188,20865,0,2147483647,0.0,0.0,11,3,-91,GSM,460,0,6188,27395,0,2147483647,0.0,0.0,9,3,-95,GSM,0,0,0,-1,0,2147483647,0.0,0.0,7,2,-99,GSM,0,0,0,-1,0,2147483647,0.0,0.0,7,2,-99,GSM
1508593659521,121.20907318,31.28406092,-5.0,31.0,0.32,-75,true,-1,-1,5,97.0,4000.0,-138.78936767578125,-8.25042724609375,180.76324462890625,1.5942822694778442,-0.13211946189403534,-1.0110505819320679,-2,-2,6188,27361,0,2147483647,0.0,0.0,0,0,0,,6,460,0,6188,27361,0,2147483647,0.0,0.0,15,4,-83,GSM,460,0,6188,26051,0,2147483647,0.0,0.0,13,4,-87,GSM,460,0,6188,20865,0,2147483647,0.0,0.0,12,4,-89,GSM,460,0,6188,27395,0,2147483647,0.0,0.0,10,3,-93,GSM,0,0,0,-1,0,2147483647,0.0,0.0,8,3,-97,GSM,460,0,6188,27394,0,2147483647,0.0,0.0,13,4,-87,GSM
1508593662404,121.20907318,31.28406092,-5.0,31.0,0.32,-75,true,-1,-1,5,97.0,4000.0,-143.46923828125,-5.8502197265625,177.46429443359375,1.571866512298584,-0.2043268084526062,-1.0096867084503174,-2,-2,6188,27361,0,2147483647,0.0,0.0,0,0,0,,6,460,0,6188,27361,0,2147483647,0.0,0.0,16,4,-81,GSM,460,0,6188,26051,0,2147483647,0.0,0.0,13,4,-87,GSM,460,0,6188,20865,0,2147483647,0.0,0.0,12,4,-89,GSM,460,0,6188,27395,0,2147483647,0.0,0.0,10,3,-93,GSM,0,0,0,-1,0,2147483647,0.0,0.0,8,3,-97,GSM,460,0,6188,27394,0,2147483647,0.0,0.0,13,4,-87,GSM
1508593665664,121.20907318,31.28406092,-5.0,31.0,0.32,-75,true,-1,-1,5,97.0,4000.0,-140.69976806640625,-34.95025634765625,175.66375732421875,1.7217519283294678,-0.04180016368627548,-1.3451812267303467,-2,-2,6188,27361,0,2147483647,0.0,0.0,0,0,0,,6,460,0,6188,27361,0,2147483647,0.0,0.0,17,4,-79,GSM,460,0,6188,26051,0,2147483647,0.0,0.0,14,4,-85,GSM,460,0,6188,20865,0,2147483647,0.0,0.0,12,4,-89,GSM,460,0,6188,27395,0,2147483647,0.0,0.0,10,3,-93,GSM,0,0,0,-1,0,2147483647,0.0,0.0,7,2,-99,GSM,460,0,6188,27394,0,2147483647,0.0,0.0,13,4,-87,GSM
1508593668731,121.20907318,31.28406092,-5.0,31.0,0.32,-75,true,-1,-1,5,97.0,4000.0,-138.27056884765625,-16.650390625,185.2630615234375,1.635867714881897,-0.03116089291870594,-1.4568209648132324,-2,-2,6188,27361,0,2147483647,0.0,0.0,0,0,0,,6,460,0,6188,27361,0,2147483647,0.0,0.0,17,4,-79,GSM,460,0,6188,26051,0,2147483647,0.0,0.0,15,4,-83,GSM,460,0,6188,20865,0,2147483647,0.0,0.0,12,4,-89,GSM,460,0,6188,27395,0,2147483647,0.0,0.0,11,3,-91,GSM,0,0,0,-1,0,2147483647,0.0,0.0,8,3,-97,GSM,460,0,6188,27394,0,2147483647,0.0,0.0,14,4,-85,GSM
1508593671797,121.21006948,31.28439828,13.0,33.0,2.823473,-75,true,-1,-1,5,97.0,4000.0,-137.91961669921875,-8.25042724609375,194.26422119140625,1.5858259201049805,-0.04445130378007889,-1.456604242324829,-2,-2,6188,27361,0,2147483647,0.0,0.0,0,0,0,,6,460,0,6188,27361,0,2147483647,0.0,0.0,14,4,-85,GSM,460,0,6188,26051,0,2147483647,0.0,0.0,15,4,-83,GSM,460,0,6188,20865,0,2147483647,0.0,0.0,12,4,-89,GSM,460,0,6188,27395,0,2147483647,0.0,0.0,12,4,-89,GSM,0,0,0,-1,0,2147483647,0.0,0.0,8,3,-97,GSM,460,0,6188,27394,0,2147483647,0.0,0.0,15,4,-83,GSM
1508593674675,121.20983875,31.28432607,63.0,15.0,1.5440208,-75,true,-1,-1,5,97.0,4000.0,-150.909423828125,-19.6502685546875,192.1630859375,1.640939712524414,-0.044715285301208496,-1.7377822399139404,-2,-2,6188,27361,0,2147483647,0.0,0.0,0,0,0,,6,460,0,6188,27361,0,2147483647,0.0,0.0,15,4,-83,GSM,460,0,6188,26051,0,2147483647,0.0,0.0,14,4,-85,GSM,460,0,6188,20865,0,2147483647,0.0,0.0,12,4,-89,GSM,460,0,6188,27395,0,2147483647,0.0,0.0,12,4,-89,GSM,0,0,0,-1,0,2147483647,0.0,0.0,8,3,-97,GSM,460,0,6188,27394,0,2147483647,0.0,0.0,16,4,-81,GSM
1508593677983,121.20983875,31.28432607,63.0,15.0,1.5440208,-75,true,-1,-1,5,97.0,4000.0,-152.81982421875,-9.4512939453125,200.26397705078125,1.5825923681259155,-0.05028679966926575,-1.5005629062652588,-2,-2,6188,27394,0,2147483647,0.0,0.0,0,0,0,,3,460,0,6188,27394,0,2147483647,0.0,0.0,18,4,-77,GSM,460,0,6188,26051,0,2147483647,0.0,0.0,15,4,-83,GSM,460,0,6188,27395,0,2147483647,0.0,0.0,12,4,-89,GSM
1508593681048,121.21012281,31.28467531,43.0,8.0,2.0892582,-75,true,-1,-1,5,97.0,4000.0,-155.2398681640625,5.54962158203125,199.664306640625,1.6240109205245972,0.1367795765399933,-1.4313793182373047,-2,-2,6188,27394,0,2147483647,0.0,0.0,0,0,0,,2,460,0,6188,27394,0,2147483647,0.0,0.0,19,4,-75,GSM,460,0,6188,27361,0,2147483647,0.0,0.0,16,4,-81,GSM
1508593683930,121.21022298,31.28474912,38.0,7.0,3.451449,-75,true,-1,-1,5,97.0,4000.0,-159.91973876953125,9.44976806640625,196.9635009765625,1.5055923461914063,-0.0289214588701725,-1.4942971467971802,-2,-2,6188,27394,0,2147483647,0.0,0.0,0,0,0,,5,460,0,6188,27394,0,2147483647,0.0,0.0,21,4,-71,GSM,460,0,6188,27361,0,2147483647,0.0,0.0,16,4,-81,GSM,0,0,0,-1,0,2147483647,0.0,0.0,22,4,-69,GSM,0,0,0,-1,0,2147483647,0.0,0.0,18,4,-77,GSM,0,0,0,-1,0,2147483647,0.0,0.0,16,4,-81,GSM
1508593687194,121.21023966,31.28495845,51.0,12.0,2.8541374,-75,true,-1,-1,5,97.0,4000.0,-161.65008544921875,12.1490478515625,198.7640380859375,1.4709001779556274,-0.05492005869746208,-1.5305474996566772,-2,-2,6188,27394,0,2147483647,0.0,0.0,0,0,0,,6,460,0,6188,27394,0,2147483647,0.0,0.0,21,4,-71,GSM,460,0,6188,27361,0,2147483647,0.0,0.0,17,4,-79,GSM,460,0,6188,27378,0,2147483647,0.0,0.0,23,4,-67,GSM,460,0,6188,25763,0,2147483647,0.0,0.0,15,4,-83,GSM,460,0,6188,25105,0,2147483647,0.0,0.0,15,4,-83,GSM,460,0,6188,26051,0,2147483647,0.0,0.0,15,4,-83,GSM
1508593690079,121.21023966,31.28495845,51.0,12.0,2.8541374,-75,true,-1,-1,5,97.0,4000.0,-163.0401611328125,14.849853515625,196.9635009765625,1.4663643836975098,-0.054299287497997284,-1.458742380142212,-2,-2,6188,27394,0,2147483647,0.0,0.0,0,0,0,,6,460,0,6188,27394,0,2147483647,0.0,0.0,22,4,-69,GSM,460,0,6188,27361,0,2147483647,0.0,0.0,17,4,-79,GSM,460,0,6188,27378,0,2147483647,0.0,0.0,23,4,-67,GSM,460,0,6188,25763,0,2147483647,0.0,0.0,16,4,-81,GSM,0,0,0,-1,0,2147483647,0.0,0.0,15,4,-83,GSM,460,0,6188,27395,0,2147483647,0.0,0.0,15,4,-83,GSM
1508593693344,121.21019717,31.28503022,33.0,5.0,3.3504925,-75,true,-1,-1,5,97.0,4000.0,-163.38958740234375,15.14892578125,196.9635009765625,1.3934919834136963,-0.14563274383544922,-1.5115387439727783,-2,-2,6188,27394,0,2147483647,0.0,0.0,0,0,0,,6,460,0,6188,27394,0,2147483647,0.0,0.0,23,4,-67,GSM,460,0,6188,27361,0,2147483647,0.0,0.0,17,4,-79,GSM,460,0,6188,27378,0,2147483647,0.0,0.0,24,4,-65,GSM,460,0,6188,25763,0,2147483647,0.0,0.0,16,4,-81,GSM,460,0,6182,41139,0,2147483647,0.0,0.0,15,4,-83,GSM,460,0,6188,27395,0,2147483647,0.0,0.0,16,4,-81,GSM
1508593696414,121.21010559,31.28522361,34.0,7.0,3.6023464,-75,true,-1,-1,5,97.0,4000.0,-162.3504638671875,13.04931640625,198.7640380859375,1.4096182584762573,-0.11666016280651093,-1.5800561904907227,-2,-2,6188,27394,0,2147483647,0.0,0.0,0,0,0,,6,460,0,6188,27394,0,2147483647,0.0,0.0,23,4,-67,GSM,460,0,6188,27361,0,2147483647,0.0,0.0,17,4,-79,GSM,460,0,6188,27378,0,2147483647,0.0,0.0,24,4,-65,GSM,460,0,6188,25763,0,2147483647,0.0,0.0,16,4,-81,GSM,460,0,6182,41139,0,2147483647,0.0,0.0,14,4,-85,GSM,460,0,6188,27395,0,2147483647,0.0,0.0,16,4,-81,GSM
1508593699296,121.21008817,31.28527668,35.0,5.0,3.6854308,-75,true,-1,-1,5,97.0,4000.0,-166.3299560546875,24.1485595703125,193.66302490234375,1.3753074407577515,-0.11082923412322998,-1.495200514793396,-2,-2,6188,27394,0,2147483647,0.0,0.0,0,0,0,,6,460,0,6188,27394,0,2147483647,0.0,0.0,23,4,-67,GSM,460,0,6188,27361,0,2147483647,0.0,0.0,17,4,-79,GSM,460,0,6188,27378,0,2147483647,0.0,0.0,24,4,-65,GSM,460,0,6188,25763,0,2147483647,0.0,0.0,15,4,-83,GSM,460,0,6188,27395,0,2147483647,0.0,0.0,16,4,-81,GSM,460,0,6188,26051,0,2147483647,0.0,0.0,14,4,-85,GSM
1508593702555,121.21006859,31.28535638,33.0,6.0,3.5631585,-75,true,-1,-1,5,97.0,4000.0,-166.49932861328125,26.849365234375,192.1630859375,1.3367042541503906,-0.09552647173404694,-1.6254712343215942,-2,-2,6188,27394,0,2147483647,0.0,0.0,0,0,0,,6,460,0,6188,27394,0,2147483647,0.0,0.0,24,4,-65,GSM,460,0,6188,27361,0,2147483647,0.0,0.0,17,4,-79,GSM,460,0,6188,27378,0,2147483647,0.0,0.0,25,4,-63,GSM,460,0,6188,25763,0,2147483647,0.0,0.0,15,4,-83,GSM,460,0,6188,27395,0,2147483647,0.0,0.0,16,4,-81,GSM,460,0,6188,26051,0,2147483647,0.0,0.0,14,4,-85,GSM
1508593705646,121.2100272,31.28545034,32.0,9.0,3.3702374,-75,true,-1,-1,5,97.0,4000.0,-164.4195556640625,25.048828125,193.36395263671875,1.3952893018722534,-0.07079374045133591,-1.5156455039978027,-2,-2,6188,27394,0,2147483647,0.0,0.0,0,0,0,,7,460,0,6188,27394,0,2147483647,0.0,0.0,23,4,-67,GSM,460,0,6188,27361,0,2147483647,0.0,0.0,15,4,-83,GSM,460,0,6188,27378,0,2147483647,0.0,0.0,25,4,-63,GSM,460,0,6188,27395,0,2147483647,0.0,0.0,18,4,-77,GSM,460,0,6188,26051,0,2147483647,0.0,0.0,14,4,-85,GSM,460,0,6182,41139,0,2147483647,0.0,0.0,14,4,-85,GSM,0,0,0,-1,0,2147483647,0.0,0.0,14,4,-85,GSM
1508593708510,121.20989888,31.28558551,32.0,7.0,3.6619668,-75,true,-1,-1,5,97.0,4000.0,-168.40972900390625,24.44915771484375,195.46356201171875,1.3767145872116089,-0.07854395359754562,-1.5878926515579224,-2,-2,6188,27394,0,2147483647,0.0,0.0,0,0,0,,7,460,0,6188,27394,0,2147483647,0.0,0.0,23,4,-67,GSM,460,0,6188,27361,0,2147483647,0.0,0.0,15,4,-83,GSM,460,0,6188,27378,0,2147483647,0.0,0.0,25,4,-63,GSM,460,0,6188,27395,0,2147483647,0.0,0.0,18,4,-77,GSM,460,0,6188,26051,0,2147483647,0.0,0.0,14,4,-85,GSM,460,0,6182,41139,0,2147483647,0.0,0.0,14,4,-85,GSM,460,0,6188,27377,0,2147483647,0.0,0.0,14,4,-85,GSM
1508593711779,121.20977974,31.28560827,32.0,6.0,3.7548103,-75,true,-1,-1,5,97.0,4000.0,-170.82977294921875,30.44891357421875,189.46380615234375,1.3394001722335815,-0.08958323299884796,-1.5537800788879395,-2,-2,6188,27378,0,2147483647,0.0,0.0,0,0,0,,6,460,0,6188,27378,0,2147483647,0.0,0.0,24,4,-65,GSM,460,0,6188,27361,0,2147483647,0.0,0.0,13,4,-87,GSM,460,0,6188,27395,0,2147483647,0.0,0.0,18,4,-77,GSM,460,0,6188,26051,0,2147483647,0.0,0.0,14,4,-85,GSM,460,0,6182,41139,0,2147483647,0.0,0.0,14,4,-85,GSM,460,0,6188,27377,0,2147483647,0.0,0.0,14,4,-85,GSM
1508593714655,121.20969373,31.28568166,32.0,7.0,3.7300134,-75,true,-1,-1,5,97.0,4000.0,-169.09942626953125,29.24957275390625,193.0633544921875,1.344250202178955,-0.09370490163564682,-1.5630356073379517,-2,-2,6188,27378,0,2147483647,0.0,0.0,0,0,0,,7,460,0,6188,27378,0,2147483647,0.0,0.0,25,4,-63,GSM,460,0,6188,27395,0,2147483647,0.0,0.0,19,4,-75,GSM,460,0,6188,26051,0,2147483647,0.0,0.0,15,4,-83,GSM,460,0,6182,41139,0,2147483647,0.0,0.0,13,4,-87,GSM,460,0,6188,27377,0,2147483647,0.0,0.0,14,4,-85,GSM,460,0,6188,27394,0,2147483647,0.0,0.0,24,4,-65,GSM,460,0,6188,25763,0,2147483647,0.0,0.0,13,4,-87,GSM
1508593717926,121.20963278,31.28573667,32.0,7.0,3.3465953,-75,true,-1,-1,5,97.0,4000.0,-165.6402587890625,30.14984130859375,192.46368408203125,1.3519848585128784,-0.09840893745422363,-1.5073740482330322,-2,-2,6188,27378,0,2147483647,0.0,0.0,0,0,0,,7,460,0,6188,27378,0,2147483647,0.0,0.0,25,4,-63,GSM,460,0,6188,27395,0,2147483647,0.0,0.0,20,4,-73,GSM,460,0,6188,26051,0,2147483647,0.0,0.0,15,4,-83,GSM,460,0,6182,41139,0,2147483647,0.0,0.0,13,4,-87,GSM,460,0,6188,27377,0,2147483647,0.0,0.0,14,4,-85,GSM,460,0,6188,27394,0,2147483647,0.0,0.0,23,4,-67,GSM,460,0,6188,27361,0,2147483647,0.0,0.0,13,4,-87,GSM
1508593720991,121.20953774,31.28578612,32.0,8.0,3.7702122,-75,true,-1,-1,5,97.0,4000.0,-171.17919921875,29.54864501953125,191.864013671875,1.300175428390503,-0.14017148315906525,-1.571515440940857,-2,-2,6188,27378,0,2147483647,0.0,0.0,0,0,0,,7,460,0,6188,27378,0,2147483647,0.0,0.0,27,4,-59,GSM,460,0,6188,27395,0,2147483647,0.0,0.0,20,4,-73,GSM,460,0,6188,26051,0,2147483647,0.0,0.0,16,4,-81,GSM,460,0,6188,27377,0,2147483647,0.0,0.0,14,4,-85,GSM,460,0,6188,27394,0,2147483647,0.0,0.0,23,4,-67,GSM,460,0,6188,27361,0,2147483647,0.0,0.0,13,4,-87,GSM,460,0,6188,25763,0,2147483647,0.0,0.0,13,4,-87,GSM
1508593723870,121.20953024,31.28587225,33.0,7.0,3.120785,-75,true,-1,-1,5,97.0,4000.0,-166.85028076171875,29.24957275390625,191.56341552734375,1.3024038076400757,-0.13227558135986328,-1.5943652391433716,-2,-2,6188,27378,0,2147483647,0.0,0.0,0,0,0,,7,460,0,6188,27378,0,2147483647,0.0,0.0,27,4,-59,GSM,460,0,6188,27395,0,2147483647,0.0,0.0,20,4,-73,GSM,460,0,6188,26051,0,2147483647,0.0,0.0,17,4,-79,GSM,460,0,6188,27377,0,2147483647,0.0,0.0,14,4,-85,GSM,460,0,6188,27394,0,2147483647,0.0,0.0,23,4,-67,GSM,460,0,6188,27361,0,2147483647,0.0,0.0,13,4,-87,GSM,460,0,6188,25763,0,2147483647,0.0,0.0,13,4,-87,GSM
1508593727137,121.20942459,31.28592985,32.0,9.0,3.272201,-75,true,-1,-1,5,97.0,4000.0,-172.38922119140625,-10.35003662109375,216.7633056640625,1.5516855716705322,-0.07922819256782532,-1.611124038696289,-2,-2,6188,27378,0,2147483647,0.0,0.0,0,0,0,,6,460,0,6188,27378,0,2147483647,0.0,0.0,26,4,-61,GSM,460,0,6188,27395,0,2147483647,0.0,0.0,21,4,-71,GSM,460,0,6188,26051,0,2147483647,0.0,0.0,17,4,-79,GSM,460,0,6188,27377,0,2147483647,0.0,0.0,15,4,-83,GSM,460,0,6188,27394,0,2147483647,0.0,0.0,24,4,-65,GSM,0,0,0,-1,0,2147483647,0.0,0.0,13,4,-87,GSM
1508593730020,121.20941589,31.28600321,31.0,6.0,2.6826854,-75,true,-1,-1,5,97.0,4000.0,-180.18951416015625,-19.95086669921875,197.86376953125,1.4395943880081177,-0.22830475866794586,-1.6408299207687378,-2,-2,6188,27378,0,2147483647,0.0,0.0,0,0,0,,7,460,0,6188,27378,0,2147483647,0.0,0.0,27,4,-59,GSM,460,0,6188,27395,0,2147483647,0.0,0.0,22,4,-69,GSM,460,0,6188,26051,0,2147483647,0.0,0.0,18,4,-77,GSM,460,0,6188,27377,0,2147483647,0.0,0.0,16,4,-81,GSM,460,0,6188,27394,0,2147483647,0.0,0.0,23,4,-67,GSM,460,0,6182,13698,0,2147483647,0.0,0.0,14,4,-85,GSM,0,0,0,-1,0,2147483647,0.0,0.0,14,4,-85,GSM
1508593733290,121.20944287,31.28603001,27.0,5.0,2.8429737,-75,true,-1,-1,5,97.0,4000.0,-144.5098876953125,-27.4505615234375,199.0631103515625,1.6682885885238647,-0.055370185524225235,-1.3275706768035889,-2,-2,6188,27378,0,2147483647,0.0,0.0,0,0,0,,7,460,0,6188,27378,0,2147483647,0.0,0.0,28,4,-57,GSM,460,0,6188,27395,0,2147483647,0.0,0.0,21,4,-71,GSM,460,0,6188,26051,0,2147483647,0.0,0.0,19,4,-75,GSM,460,0,6188,27377,0,2147483647,0.0,0.0,15,4,-83,GSM,460,0,6188,27394,0,2147483647,0.0,0.0,23,4,-67,GSM,460,0,6182,13698,0,2147483647,0.0,0.0,14,4,-85,GSM,0,0,0,-1,0,2147483647,0.0,0.0,14,4,-85,GSM
1508593736169,121.20949374,31.2860876,28.0,6.0,2.82,-75,true,-1,-1,5,97.0,4000.0,-168.58062744140625,-13.95111083984375,205.36346435546875,1.60139000415802,-0.04517684131860733,-1.5803635120391846,-2,-2,6188,27378,0,2147483647,0.0,0.0,0,0,0,,7,460,0,6188,27378,0,2147483647,0.0,0.0,27,4,-59,GSM,460,0,6188,27395,0,2147483647,0.0,0.0,21,4,-71,GSM,460,0,6188,26051,0,2147483647,0.0,0.0,19,4,-75,GSM,460,0,6188,27377,0,2147483647,0.0,0.0,15,4,-83,GSM,460,0,6188,27394,0,2147483647,0.0,0.0,24,4,-65,GSM,460,0,6182,13698,0,2147483647,0.0,0.0,14,4,-85,GSM,460,0,6188,27361,0,2147483647,0.0,0.0,14,4,-85,GSM
1508593739438,121.20953245,31.28615677,33.0,4.0,2.9049788,-75,true,-1,-1,5,97.0,4000.0,-168.75,-11.25030517578125,217.06390380859375,1.5529396533966064,-0.08312927931547165,-1.6226136684417725,-2,-2,6188,27378,0,2147483647,0.0,0.0,0,0,0,,6,460,0,6188,27378,0,2147483647,0.0,0.0,25,4,-63,GSM,460,0,6188,27395,0,2147483647,0.0,0.0,20,4,-73,GSM,460,0,6188,26051,0,2147483647,0.0,0.0,18,4,-77,GSM,460,0,6188,27377,0,2147483647,0.0,0.0,15,4,-83,GSM,460,0,6188,27394,0,2147483647,0.0,0.0,24,4,-65,GSM,460,0,6182,13698,0,2147483647,0.0,0.0,15,4,-83,GSM
1508593742300,121.20957004,31.28623165,34.0,7.0,3.3525212,-75,true,-1,-1,5,97.0,4000.0,-172.2198486328125,-13.05084228515625,214.06402587890625,1.5752465724945068,-0.06470047682523727,-1.6449975967407227,-2,-2,6188,27378,0,2147483647,0.0,0.0,0,0,0,,6,460,0,6188,27378,0,2147483647,0.0,0.0,25,4,-63,GSM,460,0,6188,27395,0,2147483647,0.0,0.0,20,4,-73,GSM,460,0,6188,26051,0,2147483647,0.0,0.0,18,4,-77,GSM,460,0,6188,27377,0,2147483647,0.0,0.0,14,4,-85,GSM,460,0,6188,27394,0,2147483647,0.0,0.0,25,4,-63,GSM,460,0,6182,13698,0,2147483647,0.0,0.0,15,4,-83,GSM
1508593745542,121.20963498,31.28633795,34.0,11.0,3.780119,-75,true,-1,-1,5,97.0,4000.0,-174.29962158203125,-15.15045166015625,213.46435546875,1.5541795492172241,-0.09999728947877884,-1.6220405101776123,-2,-2,6188,27378,0,2147483647,0.0,0.0,0,0,0,,6,460,0,6188,27378,0,2147483647,0.0,0.0,24,4,-65,GSM,460,0,6188,27395,0,2147483647,0.0,0.0,17,4,-79,GSM,460,0,6188,26051,0,2147483647,0.0,0.0,19,4,-75,GSM,460,0,6188,27377,0,2147483647,0.0,0.0,13,4,-87,GSM,460,0,6188,27394,0,2147483647,0.0,0.0,24,4,-65,GSM,460,0,6182,13698,0,2147483647,0.0,0.0,16,4,-81,GSM
1508593748427,121.20967706,31.28641212,32.0,7.0,3.860207,-75,true,-1,-1,5,97.0,4000.0,-172.56011962890625,-13.05084228515625,217.06390380859375,1.5525208711624146,-0.08815094083547592,-1.652328610420227,-2,-2,6188,27378,0,2147483647,0.0,0.0,0,0,0,,6,460,0,6188,27378,0,2147483647,0.0,0.0,24,4,-65,GSM,460,0,6188,27395,0,2147483647,0.0,0.0,17,4,-79,GSM,460,0,6188,26051,0,2147483647,0.0,0.0,19,4,-75,GSM,460,0,6188,27394,0,2147483647,0.0,0.0,24,4,-65,GSM,460,0,6182,13698,0,2147483647,0.0,0.0,17,4,-79,GSM,460,0,6188,25763,0,2147483647,0.0,0.0,14,4,-85,GSM
1508593751694,121.209733,31.28649985,33.0,6.0,3.5714002,-75,true,-1,-1,5,97.0,4000.0,-174.47052001953125,-16.95098876953125,208.36334228515625,1.5466632843017578,-0.11502992361783981,-1.6375690698623657,-2,-2,6188,27378,0,2147483647,0.0,0.0,0,0,0,,6,460,0,6188,27378,0,2147483647,0.0,0.0,25,4,-63,GSM,460,0,6188,27395,0,2147483647,0.0,0.0,16,4,-81,GSM,460,0,6188,26051,0,2147483647,0.0,0.0,19,4,-75,GSM,460,0,6188,27394,0,2147483647,0.0,0.0,22,4,-69,GSM,460,0,6182,13698,0,2147483647,0.0,0.0,17,4,-79,GSM,460,0,6188,25763,0,2147483647,0.0,0.0,15,4,-83,GSM
1508593754757,121.20979125,31.28658151,34.0,6.0,3.57035,-75,true,-1,-1,5,97.0,4000.0,-173.0804443359375,-12.750244140625,215.56396484375,1.5252000093460083,-0.1151842474937439,-1.6517598628997803,-2,-2,6188,27378,0,2147483647,0.0,0.0,0,0,0,,6,460,0,6188,27378,0,2147483647,0.0,0.0,24,4,-65,GSM,460,0,6188,27395,0,2147483647,0.0,0.0,16,4,-81,GSM,460,0,6188,26051,0,2147483647,0.0,0.0,19,4,-75,GSM,460,0,6188,27394,0,2147483647,0.0,0.0,22,4,-69,GSM,460,0,6182,13698,0,2147483647,0.0,0.0,18,4,-77,GSM,460,0,6188,25763,0,2147483647,0.0,0.0,15,4,-83,GSM
1508593757839,121.2098883,31.28668136,32.0,6.0,3.6444478,-75,true,-1,-1,5,97.0,4000.0,-173.5992431640625,-18.75152587890625,211.06414794921875,1.563081979751587,-0.1061914935708046,-1.6522704362869263,-2,-2,6188,27378,0,2147483647,0.0,0.0,0,0,0,,6,460,0,6188,27378,0,2147483647,0.0,0.0,21,4,-71,GSM,460,0,6188,27395,0,2147483647,0.0,0.0,16,4,-81,GSM,460,0,6188,26051,0,2147483647,0.0,0.0,21,4,-71,GSM,460,0,6188,27394,0,2147483647,0.0,0.0,21,4,-71,GSM,460,0,6182,13698,0,2147483647,0.0,0.0,18,4,-77,GSM,460,0,6188,25763,0,2147483647,0.0,0.0,17,4,-79,GSM
1508593760905,121.20997194,31.28678695,31.0,7.0,3.7104852,-75,true,-1,-1,5,97.0,4000.0,-171.00982666015625,-20.85113525390625,211.962890625,1.5182185173034668,-0.1717362403869629,-1.6261613368988037,-2,-2,6188,27378,0,2147483647,0.0,0.0,0,0,0,,5,460,0,6188,27378,0,2147483647,0.0,0.0,22,4,-69,GSM,460,0,6188,26051,0,2147483647,0.0,0.0,22,4,-69,GSM,460,0,6188,27394,0,2147483647,0.0,0.0,19,4,-75,GSM,460,0,6182,13698,0,2147483647,0.0,0.0,18,4,-77,GSM,460,0,6188,25763,0,2147483647,0.0,0.0,17,4,-79,GSM
1508593763805,121.21003228,31.28687502,30.0,8.0,3.1141129,-75,true,-1,-1,5,97.0,4000.0,-171.69952392578125,-17.85125732421875,216.7633056640625,1.5845615863800049,-0.07982145249843597,-1.6493680477142334,-2,-2,6188,27378,0,2147483647,0.0,0.0,0,0,0,,6,460,0,6188,27378,0,2147483647,0.0,0.0,23,4,-67,GSM,460,0,6188,26051,0,2147483647,0.0,0.0,22,4,-69,GSM,460,0,6188,27394,0,2147483647,0.0,0.0,19,4,-75,GSM,460,0,6182,13698,0,2147483647,0.0,0.0,18,4,-77,GSM,460,0,6188,25763,0,2147483647,0.0,0.0,18,4,-77,GSM,0,0,0,-1,0,2147483647,0.0,0.0,17,4,-79,GSM
1508593767056,121.21007297,31.28700193,33.0,8.0,3.7004867,-75,true,-1,-1,5,97.0,4000.0,-171.00982666015625,-22.05047607421875,211.36322021484375,1.5544565916061401,-0.13198740780353546,-1.6654194593429565,-2,-2,6188,27378,0,2147483647,0.0,0.0,0,0,0,,6,460,0,6188,27378,0,2147483647,0.0,0.0,23,4,-67,GSM,460,0,6188,26051,0,2147483647,0.0,0.0,23,4,-67,GSM,460,0,6188,27394,0,2147483647,0.0,0.0,18,4,-77,GSM,460,0,6182,13698,0,2147483647,0.0,0.0,17,4,-79,GSM,460,0,6188,25763,0,2147483647,0.0,0.0,18,4,-77,GSM,460,0,6188,25105,0,2147483647,0.0,0.0,17,4,-79,GSM
1508593769934,121.21011622,31.28706241,33.0,6.0,3.6806657,-75,true,-1,-1,5,97.0,4000.0,-169.78912353515625,-20.25146484375,213.46435546875,1.5992944240570068,-0.07929356396198273,-1.627610206604004,-2,-2,6188,27378,0,2147483647,0.0,0.0,0,0,0,,6,460,0,6188,27378,0,2147483647,0.0,0.0,24,4,-65,GSM,460,0,6188,26051,0,2147483647,0.0,0.0,24,4,-65,GSM,460,0,6188,27394,0,2147483647,0.0,0.0,21,4,-71,GSM,460,0,6188,25105,0,2147483647,0.0,0.0,18,4,-77,GSM,460,0,6188,27395,0,2147483647,0.0,0.0,18,4,-77,GSM,460,0,6188,25763,0,2147483647,0.0,0.0,17,4,-79,GSM
1508593773000,121.21015019,31.28714341,35.0,5.0,2.9920228,-75,true,-1,-1,5,97.0,4000.0,-171.00982666015625,-23.2513427734375,213.16375732421875,1.596079707145691,-0.09764709323644638,-1.6395070552825928,-2,-2,6188,27378,0,2147483647,0.0,0.0,0,0,0,,7,460,0,6188,27378,0,2147483647,0.0,0.0,27,4,-59,GSM,460,0,6188,26051,0,2147483647,0.0,0.0,25,4,-63,GSM,460,0,6188,27394,0,2147483647,0.0,0.0,21,4,-71,GSM,460,0,6188,25105,0,2147483647,0.0,0.0,18,4,-77,GSM,460,0,6188,27395,0,2147483647,0.0,0.0,18,4,-77,GSM,460,0,6188,25187,0,2147483647,0.0,0.0,16,4,-81,GSM,460,0,6182,13698,0,2147483647,0.0,0.0,16,4,-81,GSM
1508593776246,121.21018406,31.28721841,35.0,6.0,2.9506102,-75,true,-1,-1,5,97.0,4000.0,-169.27032470703125,-18.75152587890625,215.56396484375,1.56195867061615,-0.1085231676697731,-1.6627830266952515,-2,-2,6188,27378,0,2147483647,0.0,0.0,0,0,0,,6,460,0,6188,27378,0,2147483647,0.0,0.0,27,4,-59,GSM,460,0,6188,26051,0,2147483647,0.0,0.0,25,4,-63,GSM,460,0,6188,27394,0,2147483647,0.0,0.0,23,4,-67,GSM,460,0,6188,25105,0,2147483647,0.0,0.0,17,4,-79,GSM,460,0,6188,27395,0,2147483647,0.0,0.0,18,4,-77,GSM,460,0,6188,27377,0,2147483647,0.0,0.0,16,4,-81,GSM
1508593779128,121.21023987,31.28729513,32.0,4.0,3.2015622,-75,true,-1,-1,5,97.0,4000.0,-169.6197509765625,-22.35107421875,214.36309814453125,1.6267330646514893,-0.05971495434641838,-1.6460493803024292,-2,-2,6188,27378,0,2147483647,0.0,0.0,0,0,0,,7,460,0,6188,27378,0,2147483647,0.0,0.0,24,4,-65,GSM,460,0,6188,26051,0,2147483647,0.0,0.0,26,4,-61,GSM,460,0,6188,27394,0,2147483647,0.0,0.0,26,4,-61,GSM,460,0,6188,25105,0,2147483647,0.0,0.0,17,4,-79,GSM,460,0,6188,27395,0,2147483647,0.0,0.0,19,4,-75,GSM,460,0,6188,27377,0,2147483647,0.0,0.0,17,4,-79,GSM,0,0,0,-1,0,2147483647,0.0,0.0,18,4,-77,GSM
1508593782393,121.21031671,31.28736997,31.0,5.0,3.0600164,-75,true,-1,-1,5,97.0,4000.0,-168.75,-15.4510498046875,218.26324462890625,1.6171984672546387,-0.032281551510095596,-1.662853479385376,-2,-2,6188,27378,0,2147483647,0.0,0.0,0,0,0,,7,460,0,6188,27378,0,2147483647,0.0,0.0,25,4,-63,GSM,460,0,6188,26051,0,2147483647,0.0,0.0,27,4,-59,GSM,460,0,6188,27394,0,2147483647,0.0,0.0,26,4,-61,GSM,460,0,6188,25105,0,2147483647,0.0,0.0,16,4,-81,GSM,460,0,6188,27395,0,2147483647,0.0,0.0,19,4,-75,GSM,460,0,6188,27377,0,2147483647,0.0,0.0,17,4,-79,GSM,460,0,6188,26049,0,2147483647,0.0,0.0,19,4,-75,GSM
1508593785454,121.21039826,31.28743393,33.0,5.0,2.9804194,-75,true,-1,-1,5,97.0,4000.0,-166.16058349609375,-20.85113525390625,216.7633056640625,1.5540252923965454,-0.12588629126548767,-1.6905049085617065,-2,-2,6188,26051,0,2147483647,0.0,0.0,0,0,0,,5,460,0,6188,26051,0,2147483647,0.0,0.0,31,4,-51,GSM,460,0,6188,27394,0,2147483647,0.0,0.0,26,4,-61,GSM,460,0,6188,27395,0,2147483647,0.0,0.0,19,4,-75,GSM,460,0,6188,27377,0,2147483647,0.0,0.0,17,4,-79,GSM,460,0,6188,26049,0,2147483647,0.0,0.0,19,4,-75,GSM
1508593788338,121.21045419,31.28749658,34.0,8.0,2.50002,-75,true,-1,-1,5,97.0,4000.0,-166.3299560546875,-8.25042724609375,218.8629150390625,1.4919363260269165,-0.13223174214363098,-1.655669093132019,-2,-2,6188,26051,0,2147483647,0.0,0.0,0,0,0,,7,460,0,6188,26051,0,2147483647,0.0,0.0,31,4,-51,GSM,460,0,6188,27394,0,2147483647,0.0,0.0,26,4,-61,GSM,460,0,6188,27395,0,2147483647,0.0,0.0,19,4,-75,GSM,460,0,6188,27377,0,2147483647,0.0,0.0,18,4,-77,GSM,460,0,6188,26049,0,2147483647,0.0,0.0,19,4,-75,GSM,460,0,6188,27378,0,2147483647,0.0,0.0,25,4,-63,GSM,460,0,6182,13698,0,2147483647,0.0,0.0,16,4,-81,GSM
1508593791603,121.21048386,31.28755508,37.0,10.0,1.9802274,-75,true,-1,-1,5,97.0,4000.0,-162.689208984375,-8.85009765625,219.16351318359375,1.559583067893982,-0.057118043303489685,-1.716261386871338,-2,-2,6188,26051,0,2147483647,0.0,0.0,0,0,0,,7,460,0,6188,26051,0,2147483647,0.0,0.0,31,4,-51,GSM,460,0,6188,27394,0,2147483647,0.0,0.0,26,4,-61,GSM,460,0,6188,27395,0,2147483647,0.0,0.0,19,4,-75,GSM,460,0,6188,27377,0,2147483647,0.0,0.0,18,4,-77,GSM,460,0,6188,26049,0,2147483647,0.0,0.0,19,4,-75,GSM,460,0,6188,27378,0,2147483647,0.0,0.0,25,4,-63,GSM,460,0,6182,13698,0,2147483647,0.0,0.0,16,4,-81,GSM
1508593794674,121.21047614,31.28764241,41.0,16.0,2.5656383,-75,true,-1,-1,5,97.0,4000.0,-160.089111328125,-29.85076904296875,214.06402587890625,1.6888201236724854,-0.03772725164890289,-1.6948606967926025,-2,-2,6188,26051,0,2147483647,0.0,0.0,0,0,0,,7,460,0,6188,26051,0,2147483647,0.0,0.0,31,4,-51,GSM,460,0,6188,27394,0,2147483647,0.0,0.0,27,4,-59,GSM,460,0,6188,27395,0,2147483647,0.0,0.0,19,4,-75,GSM,460,0,6188,27377,0,2147483647,0.0,0.0,17,4,-79,GSM,460,0,6188,26049,0,2147483647,0.0,0.0,19,4,-75,GSM,460,0,6188,27378,0,2147483647,0.0,0.0,25,4,-63,GSM,460,0,6182,13698,0,2147483647,0.0,0.0,17,4,-79,GSM
1508593797746,121.21059448,31.28777619,36.0,11.0,3.4302332,-75,true,-1,-1,5,97.0,4000.0,-159.5703125,-29.85076904296875,217.36297607421875,1.6186456680297852,-0.10846660286188126,-1.7147084474563599,-2,-2,6188,26051,0,2147483647,0.0,0.0,0,0,0,,7,460,0,6188,26051,0,2147483647,0.0,0.0,30,4,-53,GSM,460,0,6188,27394,0,2147483647,0.0,0.0,27,4,-59,GSM,460,0,6188,27395,0,2147483647,0.0,0.0,18,4,-77,GSM,460,0,6188,27377,0,2147483647,0.0,0.0,18,4,-77,GSM,460,0,6188,26049,0,2147483647,0.0,0.0,19,4,-75,GSM,460,0,6188,27378,0,2147483647,0.0,0.0,23,4,-67,GSM,460,0,6182,13698,0,2147483647,0.0,0.0,17,4,-79,GSM
1508593800610,121.21064803,31.28783998,36.0,10.0,2.4205165,-75,true,-1,-1,5,97.0,4000.0,-162.17041015625,-32.550048828125,214.6636962890625,1.665649652481079,-0.0759049654006958,-1.7265418767929077,-2,-2,6188,26051,0,2147483647,0.0,0.0,0,0,0,,6,460,0,6188,26051,0,2147483647,0.0,0.0,31,4,-51,GSM,460,0,6188,27394,0,2147483647,0.0,0.0,27,4,-59,GSM,460,0,6188,27395,0,2147483647,0.0,0.0,18,4,-77,GSM,460,0,6188,27377,0,2147483647,0.0,0.0,18,4,-77,GSM,460,0,6188,26049,0,2147483647,0.0,0.0,20,4,-73,GSM,460,0,6188,27378,0,2147483647,0.0,0.0,23,4,-67,GSM
1508593803673,121.21064764,31.28782844,36.0,7.0,0.6958448,-75,true,-1,-1,5,97.0,4000.0,-159.91973876953125,-33.1512451171875,212.5640869140625,1.6631543636322021,-0.0829533264040947,-1.6906545162200928,-2,-2,6188,26051,0,2147483647,0.0,0.0,0,0,0,,6,460,0,6188,26051,0,2147483647,0.0,0.0,31,4,-51,GSM,460,0,6188,27394,0,2147483647,0.0,0.0,28,4,-57,GSM,460,0,6188,27395,0,2147483647,0.0,0.0,18,4,-77,GSM,460,0,6188,27377,0,2147483647,0.0,0.0,18,4,-77,GSM,460,0,6188,26049,0,2147483647,0.0,0.0,20,4,-73,GSM,460,0,6188,27378,0,2147483647,0.0,0.0,23,4,-67,GSM
1508593806926,121.21066403,31.28791081,44.0,6.0,2.438237,-75,true,-1,-1,5,97.0,4000.0,-156.79931640625,-36.4501953125,212.5640869140625,1.6247307062149048,-0.14693796634674072,-1.6469953060150146,-2,-2,6188,26051,0,2147483647,0.0,0.0,0,0,0,,6,460,0,6188,26051,0,2147483647,0.0,0.0,31,4,-51,GSM,460,0,6188,27394,0,2147483647,0.0,0.0,28,4,-57,GSM,460,0,6188,27395,0,2147483647,0.0,0.0,17,4,-79,GSM,460,0,6188,27377,0,2147483647,0.0,0.0,19,4,-75,GSM,460,0,6188,26049,0,2147483647,0.0,0.0,21,4,-71,GSM,460,0,6188,27378,0,2147483647,0.0,0.0,23,4,-67,GSM
1508593809806,121.2106102,31.28798023,44.0,6.0,3.233605,-75,true,-1,-1,5,97.0,4000.0,-162.3504638671875,-36.4501953125,213.763427734375,1.6585301160812378,-0.10344670712947845,-1.6939899921417236,-2,-2,6188,26051,0,2147483647,0.0,0.0,0,0,0,,6,460,0,6188,26051,0,2147483647,0.0,0.0,31,4,-51,GSM,460,0,6188,27394,0,2147483647,0.0,0.0,29,4,-55,GSM,460,0,6188,27377,0,2147483647,0.0,0.0,19,4,-75,GSM,460,0,6188,26049,0,2147483647,0.0,0.0,22,4,-69,GSM,460,0,6188,27378,0,2147483647,0.0,0.0,23,4,-67,GSM,460,0,6182,13698,0,2147483647,0.0,0.0,19,4,-75,GSM
1508593813053,121.21057866,31.28809012,50.0,9.0,2.838098,-75,true,-1,-1,5,97.0,4000.0,-160.4400634765625,-30.1513671875,221.26312255859375,1.5977100133895874,-0.132980614900589,-1.6841989755630493,-2,-2,6188,26051,0,2147483647,0.0,0.0,0,0,0,,6,460,0,6188,26051,0,2147483647,0.0,0.0,31,4,-51,GSM,460,0,6188,27394,0,2147483647,0.0,0.0,28,4,-57,GSM,460,0,6188,27377,0,2147483647,0.0,0.0,19,4,-75,GSM,460,0,6188,26049,0,2147483647,0.0,0.0,22,4,-69,GSM,460,0,6188,27378,0,2147483647,0.0,0.0,23,4,-67,GSM,460,0,6182,13698,0,2147483647,0.0,0.0,19,4,-75,GSM
1508593815998,121.21080344,31.28823504,37.0,10.0,3.2112615,-75,true,-1,-1,5,97.0,4000.0,-158.36029052734375,-29.85076904296875,217.66357421875,1.616398811340332,-0.11095865070819855,-1.7196459770202637,-2,-2,6188,26051,0,2147483647,0.0,0.0,0,0,0,,6,460,0,6188,26051,0,2147483647,0.0,0.0,31,4,-51,GSM,460,0,6188,27394,0,2147483647,0.0,0.0,28,4,-57,GSM,460,0,6188,27377,0,2147483647,0.0,0.0,21,4,-71,GSM,460,0,6188,26049,0,2147483647,0.0,0.0,23,4,-67,GSM,460,0,6188,27378,0,2147483647,0.0,0.0,23,4,-67,GSM,460,0,6182,13698,0,2147483647,0.0,0.0,19,4,-75,GSM
1508593819061,121.2108877,31.28831307,33.0,9.0,3.0227966,-75,true,-1,-1,5,97.0,4000.0,-158.18939208984375,-37.3504638671875,215.56396484375,1.6663012504577637,-0.10143642127513885,-1.6729761362075806,-2,-2,6188,26051,0,2147483647,0.0,0.0,0,0,0,,7,460,0,6188,26051,0,2147483647,0.0,0.0,31,4,-51,GSM,460,0,6188,27394,0,2147483647,0.0,0.0,27,4,-59,GSM,460,0,6188,27377,0,2147483647,0.0,0.0,21,4,-71,GSM,460,0,6188,26049,0,2147483647,0.0,0.0,24,4,-65,GSM,460,0,6188,27378,0,2147483647,0.0,0.0,24,4,-65,GSM,460,0,6182,13698,0,2147483647,0.0,0.0,20,4,-73,GSM,0,0,0,-1,0,2147483647,0.0,0.0,18,4,-77,GSM
1508593822329,121.21093417,31.28837441,36.0,9.0,3.0856118,-75,true,-1,-1,5,97.0,4000.0,-157.49969482421875,-30.450439453125,217.96417236328125,1.6180295944213867,-0.11469650268554688,-1.6930313110351563,-2,-2,6188,26051,0,2147483647,0.0,0.0,0,0,0,,7,460,0,6188,26051,0,2147483647,0.0,0.0,31,4,-51,GSM,460,0,6188,27394,0,2147483647,0.0,0.0,27,4,-59,GSM,460,0,6188,27377,0,2147483647,0.0,0.0,21,4,-71,GSM,460,0,6188,26049,0,2147483647,0.0,0.0,25,4,-63,GSM,460,0,6188,27378,0,2147483647,0.0,0.0,23,4,-67,GSM,460,0,6182,13698,0,2147483647,0.0,0.0,21,4,-71,GSM,0,0,0,-1,0,2147483647,0.0,0.0,18,4,-77,GSM
1508593825392,121.21098722,31.28846677,36.0,9.0,3.1484125,-75,true,-1,-1,5,97.0,4000.0,-153.6895751953125,-35.2508544921875,216.7633056640625,1.621861457824707,-0.1356382817029953,-1.7342017889022827,-2,-2,6188,26051,0,2147483647,0.0,0.0,0,0,0,,7,460,0,6188,26051,0,2147483647,0.0,0.0,31,4,-51,GSM,460,0,6188,27394,0,2147483647,0.0,0.0,27,4,-59,GSM,460,0,6188,27377,0,2147483647,0.0,0.0,23,4,-67,GSM,460,0,6188,26049,0,2147483647,0.0,0.0,25,4,-63,GSM,460,0,6188,27378,0,2147483647,0.0,0.0,23,4,-67,GSM,460,0,6182,13698,0,2147483647,0.0,0.0,21,4,-71,GSM,0,0,0,-1,0,2147483647,0.0,0.0,18,4,-77,GSM
1508593828266,121.21104986,31.28855422,36.0,9.0,3.1930707,-75,true,-1,-1,5,97.0,4000.0,-154.02984619140625,-39.1510009765625,213.16375732421875,1.6423043012619019,-0.13864794373512268,-1.7111856937408447,-2,-2,6188,26051,0,2147483647,0.0,0.0,0,0,0,,7,460,0,6188,26051,0,2147483647,0.0,0.0,31,4,-51,GSM,460,0,6188,27394,0,2147483647,0.0,0.0,27,4,-59,GSM,460,0,6188,27377,0,2147483647,0.0,0.0,23,4,-67,GSM,460,0,6188,26049,0,2147483647,0.0,0.0,26,4,-61,GSM,460,0,6188,27378,0,2147483647,0.0,0.0,24,4,-65,GSM,460,0,6182,13698,0,2147483647,0.0,0.0,20,4,-73,GSM,0,0,0,-1,0,2147483647,0.0,0.0,17,4,-79,GSM
1508593831335,121.21113699,31.28865526,37.0,11.0,3.3000605,-75,true,-1,-1,5,97.0,4000.0,-154.02984619140625,-37.95013427734375,214.36309814453125,1.6749805212020874,-0.09794317185878754,-1.7334039211273193,-2,-2,6188,26051,0,2147483647,0.0,0.0,0,0,0,,7,460,0,6188,26051,0,2147483647,0.0,0.0,31,4,-51,GSM,460,0,6188,27394,0,2147483647,0.0,0.0,26,4,-61,GSM,460,0,6188,27377,0,2147483647,0.0,0.0,24,4,-65,GSM,460,0,6188,26049,0,2147483647,0.0,0.0,27,4,-59,GSM,460,0,6188,27378,0,2147483647,0.0,0.0,24,4,-65,GSM,460,0,6182,13698,0,2147483647,0.0,0.0,21,4,-71,GSM,0,0,0,-1,0,2147483647,0.0,0.0,17,4,-79,GSM
1508593834603,121.21121124,31.28873646,37.0,10.0,3.590014,-75,true,-1,-1,5,97.0,4000.0,-152.29949951171875,-34.95025634765625,217.36297607421875,1.603305697441101,-0.14881278574466705,-1.7749885320663452,-2,-2,6188,26051,0,2147483647,0.0,0.0,0,0,0,,7,460,0,6188,26051,0,2147483647,0.0,0.0,31,4,-51,GSM,460,0,6188,27394,0,2147483647,0.0,0.0,28,4,-57,GSM,460,0,6188,27377,0,2147483647,0.0,0.0,24,4,-65,GSM,460,0,6188,26049,0,2147483647,0.0,0.0,27,4,-59,GSM,460,0,6188,27378,0,2147483647,0.0,0.0,24,4,-65,GSM,460,0,6182,13698,0,2147483647,0.0,0.0,20,4,-73,GSM,0,0,0,-1,0,2147483647,0.0,0.0,17,4,-79,GSM
1508593837651,121.21132327,31.28884823,32.0,7.0,3.9208164,-75,true,-1,-1,5,97.0,4000.0,-152.81982421875,-39.75067138671875,213.46435546875,1.6809452772140503,-0.10397011786699295,-1.8218692541122437,-2,-2,6188,26051,0,2147483647,0.0,0.0,0,0,0,,7,460,0,6188,26051,0,2147483647,0.0,0.0,31,4,-51,GSM,460,0,6188,27394,0,2147483647,0.0,0.0,28,4,-57,GSM,460,0,6188,27377,0,2147483647,0.0,0.0,23,4,-67,GSM,460,0,6188,26049,0,2147483647,0.0,0.0,28,4,-57,GSM,460,0,6188,27378,0,2147483647,0.0,0.0,24,4,-65,GSM,460,0,6182,13698,0,2147483647,0.0,0.0,20,4,-73,GSM,0,0,0,-1,0,2147483647,0.0,0.0,17,4,-79,GSM
1508593840532,121.21140208,31.28888366,32.0,5.0,3.1412897,-75,true,-1,-1,5,97.0,4000.0,-150.2197265625,-42.75054931640625,216.16363525390625,1.6548433303833008,-0.14761166274547577,-1.6893868446350098,-2,-2,6188,26051,0,2147483647,0.0,0.0,0,0,0,,7,460,0,6188,26051,0,2147483647,0.0,0.0,31,4,-51,GSM,460,0,6188,27394,0,2147483647,0.0,0.0,28,4,-57,GSM,460,0,6188,27377,0,2147483647,0.0,0.0,24,4,-65,GSM,460,0,6188,26049,0,2147483647,0.0,0.0,30,4,-53,GSM,460,0,6188,27378,0,2147483647,0.0,0.0,23,4,-67,GSM,460,0,6182,13698,0,2147483647,0.0,0.0,21,4,-71,GSM,0,0,0,-1,0,2147483647,0.0,0.0,17,4,-79,GSM
1508593843799,121.21146892,31.28899162,34.0,3.0,3.6678605,-75,true,-1,-1,5,97.0,4000.0,-149.69940185546875,-42.15087890625,218.26324462890625,1.6592377424240112,-0.13590683043003082,-1.7344374656677246,-2,-2,6188,26051,0,2147483647,0.0,0.0,0,0,0,,5,460,0,6188,26051,0,2147483647,0.0,0.0,31,4,-51,GSM,460,0,6188,27394,0,2147483647,0.0,0.0,28,4,-57,GSM,460,0,6188,27377,0,2147483647,0.0,0.0,24,4,-65,GSM,460,0,6188,26049,0,2147483647,0.0,0.0,31,4,-51,GSM,460,0,6188,27378,0,2147483647,0.0,0.0,24,4,-65,GSM
1508593846864,121.21156713,31.28908679,31.0,4.0,3.3154488,-75,true,-1,-1,5,97.0,4000.0,-147.09930419921875,-47.85003662109375,214.36309814453125,1.6631252765655518,-0.17172060906887054,-1.6756906509399414,-2,-2,6188,26051,0,2147483647,0.0,0.0,0,0,0,,5,460,0,6188,26051,0,2147483647,0.0,0.0,30,4,-53,GSM,460,0,6188,27394,0,2147483647,0.0,0.0,28,4,-57,GSM,460,0,6188,27377,0,2147483647,0.0,0.0,25,4,-63,GSM,460,0,6188,26049,0,2147483647,0.0,0.0,31,4,-51,GSM,460,0,6188,27378,0,2147483647,0.0,0.0,24,4,-65,GSM
1508593849926,121.21161714,31.28916633,28.0,5.0,3.1602533,-75,true,-1,-1,5,97.0,4000.0,-149.87945556640625,-53.851318359375,205.36346435546875,1.6161447763442993,-0.3689480423927307,-1.3897881507873535,-2,-2,6188,26049,0,2147483647,0.0,0.0,0,0,0,,5,460,0,6188,26049,0,2147483647,0.0,0.0,31,4,-51,GSM,460,0,6188,27394,0,2147483647,0.0,0.0,28,4,-57,GSM,460,0,6188,27377,0,2147483647,0.0,0.0,25,4,-63,GSM,460,0,6188,26049,0,2147483647,0.0,0.0,31,4,-51,GSM,460,0,6188,27378,0,2147483647,0.0,0.0,23,4,-67,GSM
1508593852800,121.21167471,31.28923983,29.0,7.0,3.360134,-75,true,-1,-1,5,97.0,4000.0,-155.07049560546875,-55.0506591796875,201.16424560546875,1.7092729806900024,-0.31711533665657043,-1.140927791595459,-2,-2,6188,26049,0,2147483647,0.0,0.0,0,0,0,,6,460,0,6188,26049,0,2147483647,0.0,0.0,31,4,-51,GSM,460,0,6188,27394,0,2147483647,0.0,0.0,28,4,-57,GSM,460,0,6188,27377,0,2147483647,0.0,0.0,25,4,-63,GSM,460,0,6188,27378,0,2147483647,0.0,0.0,23,4,-67,GSM,460,0,6188,26050,0,2147483647,0.0,0.0,22,4,-69,GSM,0,0,0,-1,0,2147483647,0.0,0.0,19,4,-75,GSM
1508593856055,121.21175149,31.28935686,30.0,7.0,3.682662,-75,true,-1,-1,5,97.0,4000.0,-146.40960693359375,-52.65045166015625,216.16363525390625,1.7700774669647217,-0.06078392267227173,-1.570641040802002,-2,-2,6188,26049,0,2147483647,0.0,0.0,0,0,0,,6,460,0,6188,26049,0,2147483647,0.0,0.0,31,4,-51,GSM,460,0,6188,27394,0,2147483647,0.0,0.0,28,4,-57,GSM,460,0,6188,27377,0,2147483647,0.0,0.0,25,4,-63,GSM,460,0,6188,27378,0,2147483647,0.0,0.0,22,4,-69,GSM,460,0,6188,26050,0,2147483647,0.0,0.0,21,4,-71,GSM,460,0,6188,26051,0,2147483647,0.0,0.0,28,4,-57,GSM
1508593858935,121.21181204,31.28940744,28.0,5.0,4.0412374,-75,true,-1,-1,5,97.0,4000.0,-147.09930419921875,-47.55096435546875,218.5638427734375,1.6985913515090942,-0.12601161003112793,-1.6657110452651978,-2,-2,6188,26049,0,2147483647,0.0,0.0,0,0,0,,6,460,0,6188,26049,0,2147483647,0.0,0.0,31,4,-51,GSM,460,0,6188,27394,0,2147483647,0.0,0.0,27,4,-59,GSM,460,0,6188,27377,0,2147483647,0.0,0.0,25,4,-63,GSM,460,0,6188,27378,0,2147483647,0.0,0.0,22,4,-69,GSM,460,0,6188,26050,0,2147483647,0.0,0.0,20,4,-73,GSM,460,0,6188,26051,0,2147483647,0.0,0.0,28,4,-57,GSM
1508593862201,121.21187453,31.28950518,29.0,4.0,3.78,-75,true,-1,-1,5,97.0,4000.0,-147.09930419921875,-44.55108642578125,218.5638427734375,1.6971179246902466,-0.11039666831493378,-1.6680353879928589,-2,-2,6188,26049,0,2147483647,0.0,0.0,0,0,0,,6,460,0,6188,26049,0,2147483647,0.0,0.0,31,4,-51,GSM,460,0,6188,27394,0,2147483647,0.0,0.0,28,4,-57,GSM,460,0,6188,27377,0,2147483647,0.0,0.0,26,4,-61,GSM,460,0,6188,27378,0,2147483647,0.0,0.0,22,4,-69,GSM,460,0,6188,26050,0,2147483647,0.0,0.0,20,4,-73,GSM,460,0,6188,26051,0,2147483647,0.0,0.0,28,4,-57,GSM
1508593865263,121.21192815,31.28960094,30.0,5.0,3.531147,-75,true,-1,-1,5,97.0,4000.0,-145.03021240234375,-43.951416015625,222.7630615234375,1.6917909383773804,-0.11080650985240936,-1.7472748756408691,-2,-2,6188,26049,0,2147483647,0.0,0.0,0,0,0,,6,460,0,6188,26049,0,2147483647,0.0,0.0,30,4,-53,GSM,460,0,6188,27394,0,2147483647,0.0,0.0,28,4,-57,GSM,460,0,6188,27377,0,2147483647,0.0,0.0,26,4,-61,GSM,460,0,6188,27378,0,2147483647,0.0,0.0,22,4,-69,GSM,460,0,6188,26050,0,2147483647,0.0,0.0,20,4,-73,GSM,460,0,6188,26051,0,2147483647,0.0,0.0,28,4,-57,GSM
1508593868346,121.21197467,31.28968752,30.0,7.0,3.28,-75,true,-1,-1,5,97.0,4000.0,-143.98956298828125,-49.0509033203125,219.76318359375,1.6691954135894775,-0.17107370495796204,-1.673095941543579,-2,-2,6188,26049,0,2147483647,0.0,0.0,0,0,0,,6,460,0,6188,26049,0,2147483647,0.0,0.0,29,4,-55,GSM,460,0,6188,27394,0,2147483647,0.0,0.0,29,4,-55,GSM,460,0,6188,27377,0,2147483647,0.0,0.0,26,4,-61,GSM,460,0,6188,27378,0,2147483647,0.0,0.0,22,4,-69,GSM,460,0,6188,26050,0,2147483647,0.0,0.0,20,4,-73,GSM,460,0,6188,26051,0,2147483647,0.0,0.0,28,4,-57,GSM
1508593871410,121.21201031,31.28976631,30.0,8.0,2.952863,-75,true,-1,-1,5,97.0,4000.0,-147.27935791015625,-52.65045166015625,214.06402587890625,1.6906609535217285,-0.16690832376480103,-1.6820482015609741,-2,-2,6188,26049,0,2147483647,0.0,0.0,0,0,0,,6,460,0,6188,26049,0,2147483647,0.0,0.0,29,4,-55,GSM,460,0,6188,27394,0,2147483647,0.0,0.0,28,4,-57,GSM,460,0,6188,27377,0,2147483647,0.0,0.0,27,4,-59,GSM,460,0,6188,27378,0,2147483647,0.0,0.0,22,4,-69,GSM,460,0,6188,26050,0,2147483647,0.0,0.0,20,4,-73,GSM,460,0,6188,26051,0,2147483647,0.0,0.0,28,4,-57,GSM
1508593874478,121.21207481,31.28988669,23.0,6.0,3.7300537,-75,true,-1,-1,5,97.0,4000.0,-146.58050537109375,-45.45135498046875,219.464111328125,1.7209653854370117,-0.08502757549285889,-1.64205002784729,-2,-2,6188,26049,0,2147483647,0.0,0.0,0,0,0,,7,460,0,6188,26049,0,2147483647,0.0,0.0,28,4,-57,GSM,460,0,6188,27394,0,2147483647,0.0,0.0,29,4,-55,GSM,460,0,6188,27377,0,2147483647,0.0,0.0,29,4,-55,GSM,460,0,6188,27378,0,2147483647,0.0,0.0,22,4,-69,GSM,460,0,6188,26051,0,2147483647,0.0,0.0,28,4,-57,GSM,0,0,0,-1,0,2147483647,0.0,0.0,21,4,-71,GSM,460,0,6188,27393,0,2147483647,0.0,0.0,22,4,-69,GSM
1508593877361,121.21214175,31.28993065,21.0,5.0,3.6800137,-75,true,-1,-1,5,97.0,4000.0,-148.13995361328125,-39.75067138671875,221.563720703125,1.6739991903305054,-0.1070762649178505,-1.6977931261062622,-2,-2,6188,26049,0,2147483647,0.0,0.0,0,0,0,,7,460,0,6188,26049,0,2147483647,0.0,0.0,29,4,-55,GSM,460,0,6188,27394,0,2147483647,0.0,0.0,29,4,-55,GSM,460,0,6188,27377,0,2147483647,0.0,0.0,28,4,-57,GSM,460,0,6188,27378,0,2147483647,0.0,0.0,22,4,-69,GSM,460,0,6188,26051,0,2147483647,0.0,0.0,27,4,-59,GSM,0,0,0,-1,0,2147483647,0.0,0.0,19,4,-75,GSM,460,0,6188,27393,0,2147483647,0.0,0.0,22,4,-69,GSM
1508593880621,121.21222471,31.29001834,21.0,4.0,3.3305404,-75,true,-1,-1,5,97.0,4000.0,-145.3704833984375,-47.2503662109375,219.76318359375,1.6531325578689575,-0.16916988790035248,-1.7613919973373413,-2,-2,6188,26049,0,2147483647,0.0,0.0,0,0,0,,7,460,0,6188,26049,0,2147483647,0.0,0.0,27,4,-59,GSM,460,0,6188,27394,0,2147483647,0.0,0.0,30,4,-53,GSM,460,0,6188,27377,0,2147483647,0.0,0.0,28,4,-57,GSM,460,0,6188,27378,0,2147483647,0.0,0.0,22,4,-69,GSM,460,0,6188,26051,0,2147483647,0.0,0.0,27,4,-59,GSM,460,0,6188,27393,0,2147483647,0.0,0.0,22,4,-69,GSM,460,0,6188,26050,0,2147483647,0.0,0.0,20,4,-73,GSM
1508593883688,121.21229001,31.2901042,22.0,5.0,3.5456452,-75,true,-1,-1,5,97.0,4000.0,-145.71990966796875,-45.45135498046875,217.96417236328125,1.6559537649154663,-0.1588902473449707,-1.746768832206726,-2,-2,6188,26049,0,2147483647,0.0,0.0,0,0,0,,7,460,0,6188,26049,0,2147483647,0.0,0.0,26,4,-61,GSM,460,0,6188,27394,0,2147483647,0.0,0.0,30,4,-53,GSM,460,0,6188,27377,0,2147483647,0.0,0.0,28,4,-57,GSM,460,0,6188,27378,0,2147483647,0.0,0.0,22,4,-69,GSM,460,0,6188,26051,0,2147483647,0.0,0.0,26,4,-61,GSM,460,0,6188,27393,0,2147483647,0.0,0.0,22,4,-69,GSM,460,0,6188,26050,0,2147483647,0.0,0.0,19,4,-75,GSM
1508593886774,121.21238859,31.29020096,25.0,5.0,3.4741619,-75,true,-1,-1,5,97.0,4000.0,-144.5098876953125,-48.45123291015625,218.26324462890625,1.7241777181625366,-0.10523507744073868,-1.7571920156478882,-2,-2,6188,27394,0,2147483647,0.0,0.0,0,0,0,,7,460,0,6188,27394,0,2147483647,0.0,0.0,31,4,-51,GSM,460,0,6188,27378,0,2147483647,0.0,0.0,22,4,-69,GSM,460,0,6188,26051,0,2147483647,0.0,0.0,27,4,-59,GSM,460,0,6188,27393,0,2147483647,0.0,0.0,22,4,-69,GSM,460,0,6188,26049,0,2147483647,0.0,0.0,27,4,-59,GSM,460,0,6188,22673,0,2147483647,0.0,0.0,20,4,-73,GSM,460,0,6188,27377,0,2147483647,0.0,0.0,28,4,-57,GSM
1508593889651,121.21245357,31.29028107,24.0,5.0,3.3638072,-75,true,-1,-1,5,97.0,4000.0,-143.2891845703125,-47.2503662109375,219.16351318359375,1.6796106100082397,-0.14636525511741638,-1.71773362159729,-2,-2,6188,27394,0,2147483647,0.0,0.0,0,0,0,,6,460,0,6188,27394,0,2147483647,0.0,0.0,30,4,-53,GSM,460,0,6188,27378,0,2147483647,0.0,0.0,22,4,-69,GSM,460,0,6188,26051,0,2147483647,0.0,0.0,27,4,-59,GSM,460,0,6188,27393,0,2147483647,0.0,0.0,23,4,-67,GSM,460,0,6188,26049,0,2147483647,0.0,0.0,27,4,-59,GSM,460,0,6188,27377,0,2147483647,0.0,0.0,28,4,-57,GSM
1508593892916,121.21250556,31.29037676,25.0,5.0,3.2712383,-75,true,-1,-1,5,97.0,4000.0,-143.80950927734375,-43.3502197265625,220.06378173828125,1.6958212852478027,-0.10553539544343948,-1.6822446584701538,-2,-2,6188,27394,0,2147483647,0.0,0.0,0,0,0,,7,460,0,6188,27394,0,2147483647,0.0,0.0,30,4,-53,GSM,460,0,6188,27378,0,2147483647,0.0,0.0,21,4,-71,GSM,460,0,6188,26051,0,2147483647,0.0,0.0,27,4,-59,GSM,460,0,6188,27393,0,2147483647,0.0,0.0,22,4,-69,GSM,460,0,6188,26049,0,2147483647,0.0,0.0,25,4,-63,GSM,460,0,6188,27377,0,2147483647,0.0,0.0,27,4,-59,GSM,460,0,6188,27395,0,2147483647,0.0,0.0,18,4,-77,GSM
1508593895796,121.21256869,31.29047438,26.0,6.0,3.2612422,-75,true,-1,-1,5,97.0,4000.0,-143.11981201171875,-46.65069580078125,219.464111328125,1.6815298795700073,-0.14060348272323608,-1.722388744354248,-2,-2,6188,27394,0,2147483647,0.0,0.0,0,0,0,,7,460,0,6188,27394,0,2147483647,0.0,0.0,29,4,-55,GSM,460,0,6188,27378,0,2147483647,0.0,0.0,20,4,-73,GSM,460,0,6188,26051,0,2147483647,0.0,0.0,26,4,-61,GSM,460,0,6188,27393,0,2147483647,0.0,0.0,22,4,-69,GSM,460,0,6188,26049,0,2147483647,0.0,0.0,25,4,-63,GSM,460,0,6188,27377,0,2147483647,0.0,0.0,27,4,-59,GSM,460,0,6188,26050,0,2147483647,0.0,0.0,19,4,-75,GSM
1508593899066,121.21264333,31.29053419,25.0,4.0,2.9402723,-75,true,-1,-1,5,97.0,4000.0,-143.80950927734375,-42.45147705078125,221.26312255859375,1.6150368452072144,-0.19450491666793823,-1.6899447441101074,-2,-2,6188,27394,0,2147483647,0.0,0.0,0,0,0,,7,460,0,6188,27394,0,2147483647,0.0,0.0,28,4,-57,GSM,460,0,6188,27378,0,2147483647,0.0,0.0,20,4,-73,GSM,460,0,6188,26051,0,2147483647,0.0,0.0,26,4,-61,GSM,460,0,6188,27393,0,2147483647,0.0,0.0,22,4,-69,GSM,460,0,6188,26049,0,2147483647,0.0,0.0,25,4,-63,GSM,460,0,6188,27377,0,2147483647,0.0,0.0,26,4,-61,GSM,460,0,6188,26050,0,2147483647,0.0,0.0,19,4,-75,GSM
1508593901946,121.21268549,31.2906162,26.0,5.0,3.1601424,-75,true,-1,-1,5,97.0,4000.0,-143.46923828125,-42.75054931640625,221.26312255859375,1.6469146013259888,-0.1583036184310913,-1.6983438730239868,-2,-2,6188,27394,0,2147483647,0.0,0.0,0,0,0,,7,460,0,6188,27394,0,2147483647,0.0,0.0,29,4,-55,GSM,460,0,6188,27378,0,2147483647,0.0,0.0,20,4,-73,GSM,460,0,6188,26051,0,2147483647,0.0,0.0,26,4,-61,GSM,460,0,6188,27393,0,2147483647,0.0,0.0,22,4,-69,GSM,460,0,6188,26049,0,2147483647,0.0,0.0,25,4,-63,GSM,460,0,6188,27377,0,2147483647,0.0,0.0,26,4,-61,GSM,460,0,6188,26050,0,2147483647,0.0,0.0,18,4,-77,GSM
1508593905212,121.21275096,31.29071177,25.0,4.0,3.5400565,-75,true,-1,-1,5,97.0,4000.0,-143.98956298828125,-37.65106201171875,221.563720703125,1.6708104610443115,-0.1005687266588211,-1.7293788194656372,-2,-2,6188,27394,0,2147483647,0.0,0.0,0,0,0,,7,460,0,6188,27394,0,2147483647,0.0,0.0,29,4,-55,GSM,460,0,6188,27378,0,2147483647,0.0,0.0,20,4,-73,GSM,460,0,6188,26051,0,2147483647,0.0,0.0,26,4,-61,GSM,460,0,6188,27393,0,2147483647,0.0,0.0,21,4,-71,GSM,460,0,6188,26049,0,2147483647,0.0,0.0,25,4,-63,GSM,460,0,6188,27377,0,2147483647,0.0,0.0,26,4,-61,GSM,460,0,6188,26050,0,2147483647,0.0,0.0,16,4,-81,GSM
1508593908276,121.21278921,31.29080385,25.0,4.0,3.3638072,-75,true,-1,-1,5,97.0,4000.0,-143.98956298828125,-35.85052490234375,220.96405029296875,1.58376944065094,-0.18609687685966492,-1.7273764610290527,-2,-2,6188,27394,0,2147483647,0.0,0.0,0,0,0,,7,460,0,6188,27394,0,2147483647,0.0,0.0,27,4,-59,GSM,460,0,6188,27378,0,2147483647,0.0,0.0,20,4,-73,GSM,460,0,6188,26051,0,2147483647,0.0,0.0,26,4,-61,GSM,460,0,6188,27393,0,2147483647,0.0,0.0,22,4,-69,GSM,460,0,6188,26049,0,2147483647,0.0,0.0,25,4,-63,GSM,460,0,6188,27377,0,2147483647,0.0,0.0,26,4,-61,GSM,460,0,6188,27395,0,2147483647,0.0,0.0,17,4,-79,GSM
1508593911359,121.21280128,31.29089716,24.0,4.0,3.33,-75,true,-1,-1,5,97.0,4000.0,-146.58050537109375,-42.75054931640625,219.464111328125,1.6451640129089355,-0.15473227202892303,-1.7398617267608643,-2,-2,6188,27394,0,2147483647,0.0,0.0,0,0,0,,7,460,0,6188,27394,0,2147483647,0.0,0.0,26,4,-61,GSM,460,0,6188,27378,0,2147483647,0.0,0.0,19,4,-75,GSM,460,0,6188,26051,0,2147483647,0.0,0.0,27,4,-59,GSM,460,0,6188,27393,0,2147483647,0.0,0.0,22,4,-69,GSM,460,0,6188,26049,0,2147483647,0.0,0.0,23,4,-67,GSM,460,0,6188,27377,0,2147483647,0.0,0.0,26,4,-61,GSM,460,0,6188,27395,0,2147483647,0.0,0.0,17,4,-79,GSM
1508593914237,121.21282061,31.29099611,24.0,6.0,3.4524484,-75,true,-1,-1,5,97.0,4000.0,-145.3704833984375,-38.250732421875,220.96405029296875,1.6786892414093018,-0.09508813172578812,-1.7400928735733032,-2,-2,6188,27394,0,2147483647,0.0,0.0,0,0,0,,7,460,0,6188,27394,0,2147483647,0.0,0.0,28,4,-57,GSM,460,0,6188,27378,0,2147483647,0.0,0.0,19,4,-75,GSM,460,0,6188,26051,0,2147483647,0.0,0.0,27,4,-59,GSM,460,0,6188,27393,0,2147483647,0.0,0.0,22,4,-69,GSM,460,0,6188,26049,0,2147483647,0.0,0.0,23,4,-67,GSM,460,0,6188,27377,0,2147483647,0.0,0.0,26,4,-61,GSM,460,0,6188,27395,0,2147483647,0.0,0.0,18,4,-77,GSM
1508593917509,121.21286545,31.29112164,22.0,9.0,3.9232895,-75,true,-1,-1,5,97.0,4000.0,-143.98956298828125,-39.1510009765625,222.16339111328125,1.619484543800354,-0.15908695757389069,-1.7752704620361328,-2,-2,6188,27394,0,2147483647,0.0,0.0,0,0,0,,7,460,0,6188,27394,0,2147483647,0.0,0.0,27,4,-59,GSM,460,0,6188,27378,0,2147483647,0.0,0.0,19,4,-75,GSM,460,0,6188,26051,0,2147483647,0.0,0.0,27,4,-59,GSM,460,0,6188,27393,0,2147483647,0.0,0.0,24,4,-65,GSM,460,0,6188,26049,0,2147483647,0.0,0.0,25,4,-63,GSM,460,0,6188,27377,0,2147483647,0.0,0.0,27,4,-59,GSM,460,0,6188,27395,0,2147483647,0.0,0.0,18,4,-77,GSM
1508593920571,121.21290795,31.29119495,21.0,8.0,3.272583,-75,true,-1,-1,5,97.0,4000.0,-143.11981201171875,-41.85028076171875,223.663330078125,1.6530293226242065,-0.141440749168396,-1.7439602613449097,-2,-2,6188,27394,0,2147483647,0.0,0.0,0,0,0,,7,460,0,6188,27394,0,2147483647,0.0,0.0,27,4,-59,GSM,460,0,6188,27378,0,2147483647,0.0,0.0,20,4,-73,GSM,460,0,6188,26051,0,2147483647,0.0,0.0,28,4,-57,GSM,460,0,6188,27393,0,2147483647,0.0,0.0,24,4,-65,GSM,460,0,6188,26049,0,2147483647,0.0,0.0,25,4,-63,GSM,460,0,6188,27377,0,2147483647,0.0,0.0,28,4,-57,GSM,460,0,6188,27395,0,2147483647,0.0,0.0,18,4,-77,GSM
1508593923642,121.21296773,31.29130927,23.0,5.0,3.3899853,-75,true,-1,-1,5,97.0,4000.0,-142.5994873046875,-46.051025390625,221.563720703125,1.662384271621704,-0.1567753404378891,-1.7302167415618896,-2,-2,6188,27394,0,2147483647,0.0,0.0,0,0,0,,7,460,0,6188,27394,0,2147483647,0.0,0.0,27,4,-59,GSM,460,0,6188,27378,0,2147483647,0.0,0.0,20,4,-73,GSM,460,0,6188,26051,0,2147483647,0.0,0.0,28,4,-57,GSM,460,0,6188,27393,0,2147483647,0.0,0.0,25,4,-63,GSM,460,0,6188,26049,0,2147483647,0.0,0.0,25,4,-63,GSM,460,0,6188,27377,0,2147483647,0.0,0.0,28,4,-57,GSM,460,0,6188,27395,0,2147483647,0.0,0.0,20,4,-73,GSM
1508593926716,121.21297715,31.29136958,25.0,5.0,3.298742,-75,true,-1,-1,5,97.0,4000.0,-142.7703857421875,-44.55108642578125,219.464111328125,1.6450175046920776,-0.16500090062618256,-1.7659459114074707,-2,-2,6188,27394,0,2147483647,0.0,0.0,0,0,0,,7,460,0,6188,27394,0,2147483647,0.0,0.0,26,4,-61,GSM,460,0,6188,27378,0,2147483647,0.0,0.0,20,4,-73,GSM,460,0,6188,26051,0,2147483647,0.0,0.0,28,4,-57,GSM,460,0,6188,27393,0,2147483647,0.0,0.0,26,4,-61,GSM,460,0,6188,26049,0,2147483647,0.0,0.0,26,4,-61,GSM,460,0,6188,27377,0,2147483647,0.0,0.0,26,4,-61,GSM,460,0,6188,27395,0,2147483647,0.0,0.0,19,4,-75,GSM
1508593929603,121.21301144,31.2914518,26.0,5.0,3.3401346,-75,true,-1,-1,5,97.0,4000.0,-143.2891845703125,-40.350341796875,221.563720703125,1.637873888015747,-0.1519814133644104,-1.7287755012512207,-2,-2,6188,27394,0,2147483647,0.0,0.0,0,0,0,,7,460,0,6188,27394,0,2147483647,0.0,0.0,26,4,-61,GSM,460,0,6188,27378,0,2147483647,0.0,0.0,21,4,-71,GSM,460,0,6188,26051,0,2147483647,0.0,0.0,27,4,-59,GSM,460,0,6188,27393,0,2147483647,0.0,0.0,26,4,-61,GSM,460,0,6188,26049,0,2147483647,0.0,0.0,26,4,-61,GSM,460,0,6188,27377,0,2147483647,0.0,0.0,26,4,-61,GSM,460,0,6188,27395,0,2147483647,0.0,0.0,19,4,-75,GSM
1508593932864,121.21304616,31.29155186,26.0,4.0,3.2902431,-75,true,-1,-1,5,97.0,4000.0,-142.25006103515625,-39.4500732421875,223.96392822265625,1.5947569608688354,-0.19081714749336243,-1.748214602470398,-2,-2,6188,27394,0,2147483647,0.0,0.0,0,0,0,,7,460,0,6188,27394,0,2147483647,0.0,0.0,27,4,-59,GSM,460,0,6188,27378,0,2147483647,0.0,0.0,21,4,-71,GSM,460,0,6188,26051,0,2147483647,0.0,0.0,27,4,-59,GSM,460,0,6188,27393,0,2147483647,0.0,0.0,25,4,-63,GSM,460,0,6188,26049,0,2147483647,0.0,0.0,27,4,-59,GSM,460,0,6188,27377,0,2147483647,0.0,0.0,26,4,-61,GSM,460,0,6188,27395,0,2147483647,0.0,0.0,19,4,-75,GSM
1508593935747,121.21306613,31.29165495,25.0,5.0,3.1002579,-75,true,-1,-1,5,97.0,4000.0,-144.16046142578125,-39.75067138671875,223.06365966796875,1.677746295928955,-0.10350295156240463,-1.7210838794708252,-2,-2,6188,27394,0,2147483647,0.0,0.0,0,0,0,,7,460,0,6188,27394,0,2147483647,0.0,0.0,28,4,-57,GSM,460,0,6188,27378,0,2147483647,0.0,0.0,22,4,-69,GSM,460,0,6188,26051,0,2147483647,0.0,0.0,26,4,-61,GSM,460,0,6188,27393,0,2147483647,0.0,0.0,25,4,-63,GSM,460,0,6188,26049,0,2147483647,0.0,0.0,28,4,-57,GSM,460,0,6188,27377,0,2147483647,0.0,0.0,26,4,-61,GSM,460,0,6188,27395,0,2147483647,0.0,0.0,19,4,-75,GSM
1508593939015,121.21310082,31.29176057,24.0,5.0,3.3002424,-75,true,-1,-1,5,97.0,4000.0,-141.74041748046875,-64.6514892578125,211.06414794921875,1.7940055131912231,-0.1362178921699524,-1.828126072883606,-2,-2,6188,27394,0,2147483647,0.0,0.0,0,0,0,,7,460,0,6188,27394,0,2147483647,0.0,0.0,28,4,-57,GSM,460,0,6188,27378,0,2147483647,0.0,0.0,22,4,-69,GSM,460,0,6188,26051,0,2147483647,0.0,0.0,26,4,-61,GSM,460,0,6188,27393,0,2147483647,0.0,0.0,25,4,-63,GSM,460,0,6188,26049,0,2147483647,0.0,0.0,28,4,-57,GSM,460,0,6188,27377,0,2147483647,0.0,0.0,26,4,-61,GSM,0,0,0,-1,0,2147483647,0.0,0.0,19,4,-75,GSM
1508593942092,121.21315601,31.29182443,24.0,4.0,2.97,-75,true,-1,-1,5,97.0,4000.0,-137.40997314453125,-70.35064697265625,210.7635498046875,1.7760454416275024,-0.1807595193386078,-1.7111705541610718,-2,-2,6188,27394,0,2147483647,0.0,0.0,0,0,0,,7,460,0,6188,27394,0,2147483647,0.0,0.0,29,4,-55,GSM,460,0,6188,27378,0,2147483647,0.0,0.0,22,4,-69,GSM,460,0,6188,26051,0,2147483647,0.0,0.0,26,4,-61,GSM,460,0,6188,27393,0,2147483647,0.0,0.0,25,4,-63,GSM,460,0,6188,26049,0,2147483647,0.0,0.0,27,4,-59,GSM,460,0,6188,27377,0,2147483647,0.0,0.0,26,4,-61,GSM,460,0,6188,27395,0,2147483647,0.0,0.0,19,4,-75,GSM
1508593945159,121.21324977,31.29187228,24.0,4.0,3.43,-75,true,-1,-1,5,97.0,4000.0,-138.96026611328125,-46.9512939453125,222.4639892578125,1.6997928619384766,-0.12171842902898788,-1.7672984600067139,-2,-2,6188,27394,0,2147483647,0.0,0.0,0,0,0,,7,460,0,6188,27394,0,2147483647,0.0,0.0,29,4,-55,GSM,460,0,6188,27378,0,2147483647,0.0,0.0,23,4,-67,GSM,460,0,6188,26051,0,2147483647,0.0,0.0,26,4,-61,GSM,460,0,6188,27393,0,2147483647,0.0,0.0,25,4,-63,GSM,460,0,6188,26049,0,2147483647,0.0,0.0,27,4,-59,GSM,460,0,6188,27377,0,2147483647,0.0,0.0,27,4,-59,GSM,0,0,0,-1,0,2147483647,0.0,0.0,20,4,-73,GSM
1508593948237,121.21331149,31.29189447,28.0,5.0,0.39824614,-75,true,-1,-1,5,97.0,4000.0,-141.74041748046875,-43.0511474609375,222.4639892578125,1.6526340246200562,-0.15495331585407257,-1.6898601055145264,-2,-2,6188,27394,0,2147483647,0.0,0.0,0,0,0,,7,460,0,6188,27394,0,2147483647,0.0,0.0,27,4,-59,GSM,460,0,6188,27378,0,2147483647,0.0,0.0,23,4,-67,GSM,460,0,6188,26051,0,2147483647,0.0,0.0,27,4,-59,GSM,460,0,6188,27393,0,2147483647,0.0,0.0,25,4,-63,GSM,460,0,6188,26049,0,2147483647,0.0,0.0,27,4,-59,GSM,460,0,6188,27377,0,2147483647,0.0,0.0,27,4,-59,GSM,0,0,0,-1,0,2147483647,0.0,0.0,21,4,-71,GSM
1508593951302,121.21328491,31.291885,30.0,8.0,2.1693316,-75,true,-1,-1,5,97.0,4000.0,-142.5994873046875,-38.55133056640625,222.7630615234375,1.6729962825775146,-0.103614941239357,-1.694092035293579,-2,-2,6188,27394,0,2147483647,0.0,0.0,0,0,0,,7,460,0,6188,27394,0,2147483647,0.0,0.0,27,4,-59,GSM,460,0,6188,27378,0,2147483647,0.0,0.0,23,4,-67,GSM,460,0,6188,26051,0,2147483647,0.0,0.0,27,4,-59,GSM,460,0,6188,27393,0,2147483647,0.0,0.0,23,4,-67,GSM,460,0,6188,26049,0,2147483647,0.0,0.0,26,4,-61,GSM,460,0,6188,27377,0,2147483647,0.0,0.0,28,4,-57,GSM,0,0,0,-1,0,2147483647,0.0,0.0,21,4,-71,GSM
1508593954182,121.21328908,31.29196224,29.0,8.0,2.1108527,-75,true,-1,-1,5,97.0,4000.0,-143.11981201171875,-1.35040283203125,186.46392822265625,1.6691452264785767,0.08215127140283585,-1.7485674619674683,-2,-2,6188,27394,0,2147483647,0.0,0.0,0,0,0,,7,460,0,6188,27394,0,2147483647,0.0,0.0,25,4,-63,GSM,460,0,6188,27378,0,2147483647,0.0,0.0,23,4,-67,GSM,460,0,6188,26051,0,2147483647,0.0,0.0,27,4,-59,GSM,460,0,6188,27393,0,2147483647,0.0,0.0,23,4,-67,GSM,460,0,6188,26049,0,2147483647,0.0,0.0,26,4,-61,GSM,460,0,6188,27377,0,2147483647,0.0,0.0,29,4,-55,GSM,0,0,0,-1,0,2147483647,0.0,0.0,20,4,-73,GSM
1508593957266,121.21332185,31.29207124,26.0,10.0,0.35014284,-75,true,-1,-1,5,97.0,4000.0,-151.2603759765625,-31.3507080078125,210.7635498046875,1.43296480178833,-0.5661906599998474,-1.3864772319793701,-2,-2,6188,27377,0,2147483647,0.0,0.0,0,0,0,,6,460,0,6188,27377,0,2147483647,0.0,0.0,27,4,-59,GSM,460,0,6188,27378,0,2147483647,0.0,0.0,23,4,-67,GSM,460,0,6188,27393,0,2147483647,0.0,0.0,24,4,-65,GSM,460,0,6188,26049,0,2147483647,0.0,0.0,26,4,-61,GSM,460,0,6188,27394,0,2147483647,0.0,0.0,24,4,-65,GSM,460,0,6188,27395,0,2147483647,0.0,0.0,21,4,-71,GSM
1508593960535,121.21332811,31.29211812,28.0,7.0,0.2607681,-75,true,-1,-1,5,97.0,4000.0,-127.5299072265625,-5.8502197265625,225.4638671875,2.113896369934082,0.24795407056808472,-2.207071304321289,-2,-2,6188,27377,0,2147483647,0.0,0.0,0,0,0,,7,460,0,6188,27377,0,2147483647,0.0,0.0,29,4,-55,GSM,460,0,6188,27378,0,2147483647,0.0,0.0,23,4,-67,GSM,460,0,6188,27393,0,2147483647,0.0,0.0,24,4,-65,GSM,460,0,6188,26049,0,2147483647,0.0,0.0,26,4,-61,GSM,460,0,6188,27394,0,2147483647,0.0,0.0,25,4,-63,GSM,460,0,6188,27395,0,2147483647,0.0,0.0,21,4,-71,GSM,460,0,6188,26051,0,2147483647,0.0,0.0,26,4,-61,GSM
1508593963597,121.21332928,31.29213351,31.0,6.0,0.01,-75,true,-1,-1,5,97.0,4000.0,-135.67047119140625,-14.55078125,225.762939453125,1.8626526594161987,0.1302971988916397,-2.0241682529449463,-2,-2,6188,27377,0,2147483647,0.0,0.0,0,0,0,,6,460,0,6188,27377,0,2147483647,0.0,0.0,29,4,-55,GSM,460,0,6188,27378,0,2147483647,0.0,0.0,23,4,-67,GSM,460,0,6188,27393,0,2147483647,0.0,0.0,23,4,-67,GSM,460,0,6188,26049,0,2147483647,0.0,0.0,26,4,-61,GSM,460,0,6188,27394,0,2147483647,0.0,0.0,25,4,-63,GSM,460,0,6188,26051,0,2147483647,0.0,0.0,24,4,-65,GSM
1508593966462,121.21331591,31.2921423,29.0,7.0,0.0,-75,true,-1,-1,5,97.0,4000.0,-145.3704833984375,-39.75067138671875,236.5631103515625,1.7095084190368652,-0.03947818651795387,-1.1278772354125977,-2,-2,6188,27377,0,2147483647,0.0,0.0,0,0,0,,6,460,0,6188,27377,0,2147483647,0.0,0.0,30,4,-53,GSM,460,0,6188,27378,0,2147483647,0.0,0.0,22,4,-69,GSM,460,0,6188,27393,0,2147483647,0.0,0.0,23,4,-67,GSM,460,0,6188,26049,0,2147483647,0.0,0.0,26,4,-61,GSM,460,0,6188,27394,0,2147483647,0.0,0.0,25,4,-63,GSM,460,0,6188,26051,0,2147483647,0.0,0.0,22,4,-69,GSM
1508593969731,121.2133178,31.29214322,29.0,7.0,0.0,-75,true,-1,-1,5,97.0,4000.0,-146.0693359375,-22.95074462890625,244.3634033203125,1.6334933042526245,-0.06729056686162949,-1.3450369834899902,-2,-2,6188,27377,0,2147483647,0.0,0.0,0,0,0,,6,460,0,6188,27377,0,2147483647,0.0,0.0,29,4,-55,GSM,460,0,6188,27378,0,2147483647,0.0,0.0,22,4,-69,GSM,460,0,6188,27393,0,2147483647,0.0,0.0,22,4,-69,GSM,460,0,6188,26049,0,2147483647,0.0,0.0,26,4,-61,GSM,460,0,6188,27394,0,2147483647,0.0,0.0,25,4,-63,GSM,460,0,6188,26051,0,2147483647,0.0,0.0,22,4,-69,GSM
1508593972607,121.21331458,31.2921446,29.0,8.0,0.0,-75,true,-1,-1,5,97.0,4000.0,-137.22991943359375,-24.45068359375,239.263916015625,1.6354578733444214,-0.11232147365808487,-1.2746351957321167,-2,-2,6188,27377,0,2147483647,0.0,0.0,0,0,0,,6,460,0,6188,27377,0,2147483647,0.0,0.0,30,4,-53,GSM,460,0,6188,27378,0,2147483647,0.0,0.0,22,4,-69,GSM,460,0,6188,27393,0,2147483647,0.0,0.0,22,4,-69,GSM,460,0,6188,26049,0,2147483647,0.0,0.0,26,4,-61,GSM,460,0,6188,27394,0,2147483647,0.0,0.0,25,4,-63,GSM,460,0,6188,26051,0,2147483647,0.0,0.0,21,4,-71,GSM
1508593975873,121.2133028,31.29212833,31.0,9.0,0.0,-75,true,-1,-1,5,97.0,4000.0,-145.8892822265625,-68.55010986328125,300.4638671875,2.665508508682251,-1.201145052909851,-0.030628018081188202,-2,-2,6188,27377,0,2147483647,0.0,0.0,0,0,0,,6,460,0,6188,27377,0,2147483647,0.0,0.0,28,4,-57,GSM,460,0,6188,27378,0,2147483647,0.0,0.0,22,4,-69,GSM,460,0,6188,27393,0,2147483647,0.0,0.0,22,4,-69,GSM,460,0,6188,26049,0,2147483647,0.0,0.0,27,4,-59,GSM,460,0,6188,27394,0,2147483647,0.0,0.0,25,4,-63,GSM,460,0,6188,26051,0,2147483647,0.0,0.0,21,4,-71,GSM
1508593978958,121.21329309,31.29213157,30.0,14.0,0.0,-75,true,-1,-1,5,97.0,4000.0,-132.89947509765625,-26.55029296875,256.3629150390625,1.2744135856628418,-0.8012530207633972,-1.5766233205795288,-2,-2,6188,27377,0,2147483647,0.0,0.0,0,0,0,,7,460,0,6188,27377,0,2147483647,0.0,0.0,27,4,-59,GSM,460,0,6188,27378,0,2147483647,0.0,0.0,22,4,-69,GSM,460,0,6188,27393,0,2147483647,0.0,0.0,21,4,-71,GSM,460,0,6188,26049,0,2147483647,0.0,0.0,27,4,-59,GSM,460,0,6188,27394,0,2147483647,0.0,0.0,25,4,-63,GSM,460,0,6188,26051,0,2147483647,0.0,0.0,20,4,-73,GSM,0,0,0,-1,0,2147483647,0.0,0.0,25,4,-63,GSM
1508593981836,121.21330457,31.29213966,30.0,13.0,0.0,-75,true,-1,-1,5,97.0,4000.0,-76.60980224609375,-20.25146484375,206.8634033203125,1.6827983856201172,-0.1616249829530716,-1.0858029127120972,-2,-2,6188,27377,0,2147483647,0.0,0.0,0,0,0,,7,460,0,6188,27377,0,2147483647,0.0,0.0,26,4,-61,GSM,460,0,6188,27378,0,2147483647,0.0,0.0,21,4,-71,GSM,460,0,6188,27393,0,2147483647,0.0,0.0,23,4,-67,GSM,460,0,6188,26049,0,2147483647,0.0,0.0,26,4,-61,GSM,460,0,6188,27394,0,2147483647,0.0,0.0,24,4,-65,GSM,460,0,6188,26051,0,2147483647,0.0,0.0,20,4,-73,GSM,460,0,6182,41233,0,2147483647,0.0,0.0,25,4,-63,GSM
1508593984897,121.21333631,31.29214514,28.0,13.0,0.0,-75,true,-1,-1,5,97.0,4000.0,-2.9998779296875,-44.25048828125,178.9642333984375,-2.8149962425231934,-0.6491295695304871,0.2841268479824066,-2,-2,6188,27377,0,2147483647,0.0,0.0,0,0,0,,7,460,0,6188,27377,0,2147483647,0.0,0.0,25,4,-63,GSM,460,0,6188,27378,0,2147483647,0.0,0.0,21,4,-71,GSM,460,0,6188,27393,0,2147483647,0.0,0.0,21,4,-71,GSM,460,0,6188,26049,0,2147483647,0.0,0.0,25,4,-63,GSM,460,0,6188,27394,0,2147483647,0.0,0.0,24,4,-65,GSM,460,0,6188,26051,0,2147483647,0.0,0.0,20,4,-73,GSM,460,0,6182,41233,0,2147483647,0.0,0.0,25,4,-63,GSM
