1521869350,31.28535886,121.49162189
1521869352,31.28535886,121.49162189
1521869355,31.28534315,121.49175662
1521869357,31.28534315,121.49175662
1521869359,31.28527548,121.49165914
1521869361,31.28527548,121.49165914
1521869363,31.28517158,121.49167049
1521869365,31.28517158,121.49167049
1521869367,31.28512508,121.49165965
1521869369,31.28534427,121.49153861
1521869371,31.28534427,121.49153861
1521869373,31.28521042,121.49153031
1521869375,31.28521042,121.49153031
1521869377,31.2851304,121.49150525
1521869379,31.2851304,121.49150525
1521869381,31.2851073,121.49144393
1521869384,31.2851073,121.49144393
1521869386,31.285078,121.49149686
1521869388,31.285078,121.49149686
1521869390,31.2850725,121.49164011
1521869392,31.2850725,121.49164011
1521869394,31.28502577,121.49180169
1521869396,31.28485648,121.49181116
1521869398,31.28485648,121.49181116
1521869400,31.28491966,121.49191881
1521869402,31.28491966,121.49191881
1521869404,31.28503916,121.49188485
1521869406,31.28503916,121.49188485
1521869408,31.28502801,121.49193922
1521869411,31.28502801,121.49193922
1521869413,31.28492572,121.49193605
1521869415,31.28492572,121.49193605
1521869417,31.28506291,121.4920679
1521869419,31.28506291,121.4920679
1521869421,31.28486865,121.49205586
1521869423,31.28486865,121.49205586
1521869425,31.28505268,121.49201905
1521869427,31.28505268,121.49201905
1521869429,31.28493199,121.4921979
1521869431,31.28493199,121.4921979
1521869433,31.28512529,121.49215284
1521869435,31.28512529,121.49215284
1521869438,31.28499898,121.49216636
1521869440,31.28499898,121.49216636
1521869442,31.28500546,121.49228866
1521869444,31.28500546,121.49228866
1521869446,31.28491476,121.49222775
1521869448,31.28491476,121.49222775
1521869450,31.28485282,121.49218977
1521869452,31.28485282,121.49218977
1521869454,31.28466647,121.49229282
1521869456,31.28466647,121.49229282
1521869458,31.28481471,121.49225415
1521869460,31.28481471,121.49225415
1521869463,31.28481471,121.49225415
1521869465,31.28464918,121.49240716
1521869467,31.28464918,121.49240716
1521869469,31.28469635,121.49230896
1521869471,31.28469635,121.49230896
1521869473,31.2848186,121.49199842
1521869475,31.2848186,121.49199842
1521869477,31.28479861,121.49230183
1521869479,31.28479861,121.49230183
1521869481,31.28465364,121.49230633
1521869483,31.28465364,121.49230633
1521869485,31.28451272,121.49241224
1521869487,31.28451272,121.49241224
1521869490,31.28444011,121.49241036
1521869492,31.2844407,121.49244403
1521869494,31.2844407,121.49244403
1521869496,31.28445949,121.49252224
1521869498,31.28445949,121.49252224
1521869500,31.28443062,121.49248448
1521869502,31.28443062,121.49248448
1521869504,31.28417366,121.49266979
1521869506,31.28417366,121.49266979
1521869508,31.28446492,121.49258164
1521869510,31.28446492,121.49258164
1521869513,31.2844439,121.49285181
1521869515,31.2844439,121.49285181
1521869517,31.28456753,121.49261329
1521869519,31.28456753,121.49261329
1521869521,31.28456924,121.49262599
1521869523,31.28456924,121.49262599
1521869525,31.28450985,121.4925452
1521869527,31.28450985,121.4925452
1521869529,31.28451188,121.49273758
1521869531,31.28451188,121.49273758
1521869534,31.28451188,121.49273758
1521869536,31.28432964,121.49247615
1521869538,31.28432964,121.49247615
1521869540,31.28440383,121.49271036
1521869542,31.28440383,121.49271036
1521869544,31.28475225,121.49286326
1521869546,31.28475225,121.49286326
1521869548,31.28440944,121.49278694
1521869550,31.28440944,121.49278694
1521869552,31.28494643,121.49286771
1521869554,31.28494643,121.49286771
1521869556,31.28491581,121.49301299
1521869558,31.28491581,121.49301299
1521869561,31.28503429,121.49299977
1521869563,31.28503429,121.49299977
1521869565,31.28507103,121.49288794
1521869567,31.28507103,121.49288794
1521869569,31.28505398,121.49289101
1521869571,31.28505398,121.49289101
1521869573,31.28477435,121.4930489
1521869575,31.28477435,121.4930489
1521869577,31.28497751,121.49302656
1521869579,31.28497751,121.49302656
1521869581,31.28485385,121.49317322
1521869583,31.28485097,121.49319827
1521869585,31.28485097,121.49319827
1521869588,31.28497372,121.49332341
1521869590,31.28497372,121.49332341
1521869592,31.28484523,121.49333706
1521869594,31.28484523,121.49333706
1521869596,31.28478231,121.49330605
1521869598,31.28473285,121.49345556
1521869600,31.28473285,121.49345556
1521869602,31.28477669,121.49338741
1521869604,31.28482576,121.49336722
1521869606,31.28482576,121.49336722
1521869608,31.28487801,121.49338541
1521869610,31.28480361,121.49347443
1521869613,31.28480361,121.49347443
1521869615,31.28488389,121.49351428
1521869617,31.28488389,121.49351428
1521869619,31.28469048,121.4934197
1521869621,31.28469048,121.4934197
1521869623,31.28468223,121.49364984
1521869625,31.28468223,121.49364984
1521869627,31.28479948,121.49360122
1521869629,31.28479948,121.49360122
1521869631,31.28480624,121.49364786
1521869633,31.28480624,121.49364786
1521869635,31.28470439,121.49378114
1521869637,31.28470439,121.49378114
1521869640,31.28447023,121.49387069
1521869642,31.28447023,121.49387069
1521869644,31.28475623,121.49381612
1521869646,31.28480925,121.49386756
1521869648,31.28482562,121.49389129
1521869650,31.28482562,121.49389129
1521869652,31.28476957,121.49383141
1521869654,31.28469821,121.49393332
1521869656,31.28469821,121.49393332
1521869658,31.28478402,121.49385038
1521869660,31.28478402,121.49385038
1521869662,31.28480411,121.494024
1521869665,31.28480411,121.494024
1521869667,31.28481246,121.49399926
1521869669,31.28481246,121.49399926
1521869671,31.28487303,121.49399881
1521869673,31.28487303,121.49399881
1521869675,31.285041,121.49390485
1521869677,31.285041,121.49390485
1521869679,31.28511536,121.49390491
1521869681,31.28511536,121.49390491
1521869683,31.28508102,121.49415263
1521869685,31.28508102,121.49415263
1521869687,31.28510501,121.49406799
1521869690,31.28510501,121.49406799
1521869692,31.28506377,121.49417748
1521869694,31.28506377,121.49417748
1521869696,31.28521013,121.49423391
1521869698,31.28521013,121.49423391
1521869700,31.28518943,121.49417704
1521869702,31.28518943,121.49417704
1521869704,31.28518798,121.49427059
1521869706,31.28518798,121.49427059
1521869708,31.28532033,121.49417723
1521869710,31.28532033,121.49417723
1521869712,31.28503504,121.49432416
1521869714,31.28503504,121.49432416
1521869716,31.28486877,121.49439087
1521869719,31.28486877,121.49439087
1521869721,31.28496858,121.49443929
1521869723,31.28496858,121.49443929
1521869725,31.28514706,121.49448168
1521869727,31.28476125,121.49438496
1521869729,31.28476125,121.49438496
1521869731,31.28490016,121.49448179
1521869733,31.28497114,121.49453402
1521869735,31.28497114,121.49453402
1521869737,31.28497114,121.49453402
1521869739,31.28501347,121.49462335
1521869741,31.28501347,121.49462335
1521869743,31.2848887,121.49458076
1521869746,31.2848887,121.49458076
1521869748,31.28493375,121.49463243
1521869750,31.28493375,121.49463243
1521869752,31.28489965,121.49464567
1521869754,31.28489965,121.49464567
1521869756,31.28476387,121.49473885
1521869758,31.28476387,121.49473885
1521869760,31.28483862,121.49490805
1521869762,31.28483862,121.49490805
1521869764,31.28471563,121.49476593
1521869766,31.28471563,121.49476593
1521869768,31.28465723,121.49464153
1521869771,31.28465723,121.49464153
1521869773,31.28459385,121.49471809
1521869775,31.28459385,121.49471809
1521869777,31.28458304,121.49463314
1521869779,31.28458304,121.49463314
1521869781,31.28455214,121.49464893
1521869783,31.28455214,121.49464893
1521869785,31.28448751,121.49447445
1521869787,31.28448751,121.49447445
1521869789,31.28455511,121.49460808
1521869792,31.28455511,121.49460808
1521869794,31.28436494,121.49453892
1521869796,31.28436494,121.49453892
1521869798,31.28432558,121.49469924
1521869800,31.28432558,121.49469924
1521869802,31.2842636,121.49449223
1521869804,31.2842636,121.49449223
1521869806,31.28439199,121.49457473
1521869944,31.28411192,121.49466701
1521869947,31.28411192,121.49466701
1521869949,31.28436385,121.49466209
1521869951,31.28436385,121.49466209
1521869953,31.28419052,121.49443728
1521869955,31.28419052,121.49443728
1521869957,31.2841096,121.49454672
1521869959,31.2841096,121.49454672
1521869961,31.2841133,121.49446848
1521869963,31.2841133,121.49446848
1521869965,31.28415528,121.49453034
1521869967,31.2839151,121.49450592
1521869969,31.2839151,121.49450592
1521869971,31.2839151,121.49450592
1521869973,31.28379651,121.49460107
1521869976,31.28379651,121.49460107
1521869978,31.28380741,121.49464306
1521869980,31.28380741,121.49464306
1521869982,31.28377375,121.49458629
1521869984,31.28377375,121.49458629
1521869986,31.28373026,121.49455389
1521869988,31.28373026,121.49455389
1521869990,31.28373026,121.49455389
1521869992,31.28375445,121.49461421
1521869995,31.28375445,121.49461421
1521869997,31.28356884,121.49468535
1521869999,31.28356884,121.49468535
1521870001,31.2834862,121.49448999
1521870003,31.2834862,121.49448999
1521870005,31.28356568,121.49457137
1521870007,31.28356568,121.49457137
1521870009,31.28356568,121.49457137
1521870011,31.28344581,121.4948057
1521870013,31.28344581,121.4948057
1521870015,31.2836562,121.49497699
1521870018,31.2836562,121.49497699
1521870020,31.2836562,121.49497699
1521870022,31.28345329,121.49477738
1521870024,31.28345329,121.49477738
1521870026,31.28345329,121.49477738
1521870029,31.28342727,121.49507361
1521870031,31.28342727,121.49507361
1521870033,31.28357965,121.49515962
1521870035,31.28357965,121.49515962
1521870037,31.2835672,121.49518978
1521870039,31.2835672,121.49518978
1521870041,31.28334835,121.49504177
1521870043,31.28334835,121.49504177
1521870045,31.28343884,121.4950894
1521870047,31.28343884,121.4950894
1521870049,31.28343884,121.4950894
1521870051,31.28357381,121.49521725
1521870054,31.28357381,121.49521725
1521870056,31.28357381,121.49521725
1521870058,31.28347314,121.49552922
1521870060,31.28347314,121.49552922
1521870062,31.28347314,121.49552922
1521870064,31.2839806,121.49567124
1521870066,31.2839806,121.49567124
1521870068,31.2839806,121.49567124
1521870070,31.2839806,121.49567124
1521870072,31.2839806,121.49567124
1521870074,31.2839806,121.49567124
1521870076,31.2839806,121.49567124
1521870079,31.2839806,121.49567124
1521870081,31.28361037,121.49582555
1521870083,31.28361037,121.49582555
1521870085,31.28361037,121.49582555
1521870087,31.28361037,121.49582555
1521870089,31.28361037,121.49582555
1521870091,31.28361037,121.49582555
1521870094,31.28361037,121.49582555
1521870096,31.28368713,121.49582183
