IMEI:862534033931242
IMSI:460016291512177
OSVersion:3.10.73-perf-g94fc9a6
apiLevel:5.1.1
model:Redmi Note 3
device:kenzo
product:kenzo
252
1522031181867,121.49582183,31.28368713,19.0,29.0,1.31,-51,true,-1,-1,5,52.0,4000.0,6.24847412109375,0.27923583984375,24.029541015625,1.972843050956726,-0.07172702997922897,-0.39535462856292725,-2,-2,6153,28032,0,2147483647,0.0,0.0,0,0,0,,6,460,0,6153,28032,0,2147483647,0.0,0.0,31,4,-51,GSM,460,0,6153,27903,0,2147483647,0.0,0.0,21,4,-71,GSM,460,0,6362,29949,0,2147483647,0.0,0.0,19,4,-75,GSM,460,0,6153,28033,0,2147483647,0.0,0.0,15,4,-83,GSM,460,0,6153,28021,0,2147483647,0.0,0.0,18,4,-77,GSM,460,0,6153,27912,0,2147483647,0.0,0.0,28,4,-57,GSM
1522031183942,121.50068726,31.28492166,17.0,8.0,1.1123399,-51,true,-1,-1,5,52.0,4000.0,10.4095458984375,-3.62091064453125,25.2288818359375,-2.779029369354248,-0.03878619149327278,-0.3263116478919983,-2,-2,6153,28032,0,2147483647,0.0,0.0,0,0,0,,5,460,0,6153,28032,0,2147483647,0.0,0.0,31,4,-51,GSM,460,0,6153,27903,0,2147483647,0.0,0.0,20,4,-73,GSM,460,0,6362,29949,0,2147483647,0.0,0.0,18,4,-77,GSM,460,0,6153,28021,0,2147483647,0.0,0.0,18,4,-77,GSM,460,0,6153,27912,0,2147483647,0.0,0.0,27,4,-59,GSM
1522031186010,121.50065106,31.28494391,16.0,12.0,0.0,-51,true,-1,-1,5,52.0,4000.0,11.968994140625,-13.8214111328125,24.9298095703125,-2.7816364765167236,-0.12256850302219391,-0.21403732895851135,-2,-2,6153,28032,0,2147483647,0.0,0.0,0,0,0,,5,460,0,6153,28032,0,2147483647,0.0,0.0,31,4,-51,GSM,460,0,6153,27903,0,2147483647,0.0,0.0,20,4,-73,GSM,460,0,6362,29949,0,2147483647,0.0,0.0,18,4,-77,GSM,460,0,6153,28021,0,2147483647,0.0,0.0,18,4,-77,GSM,460,0,6153,27912,0,2147483647,0.0,0.0,27,4,-59,GSM
1522031188123,121.50053772,31.28494664,33.0,7.0,0.0,-51,true,-1,-1,5,52.0,4000.0,6.768798828125,0.87890625,22.52960205078125,-2.5469107627868652,-0.07647097110748291,-0.26540011167526245,-2,-2,6153,28032,0,2147483647,0.0,0.0,0,0,0,,5,460,0,6153,28032,0,2147483647,0.0,0.0,31,4,-51,GSM,460,0,6153,27903,0,2147483647,0.0,0.0,20,4,-73,GSM,460,0,6362,29949,0,2147483647,0.0,0.0,18,4,-77,GSM,460,0,6153,28021,0,2147483647,0.0,0.0,19,4,-75,GSM,460,0,6153,27912,0,2147483647,0.0,0.0,26,4,-61,GSM
1522031190196,121.50052226,31.28493628,33.0,6.0,0.0,-51,true,-1,-1,5,52.0,4000.0,15.4296875,-15.32135009765625,27.9296875,-2.5731987953186035,-0.5735755562782288,0.07478049397468567,-2,-2,6153,28032,0,2147483647,0.0,0.0,0,0,0,,6,460,0,6153,28032,0,2147483647,0.0,0.0,31,4,-51,GSM,460,0,6153,27903,0,2147483647,0.0,0.0,20,4,-73,GSM,460,0,6362,29949,0,2147483647,0.0,0.0,17,4,-79,GSM,460,0,6153,28021,0,2147483647,0.0,0.0,19,4,-75,GSM,460,0,6153,27912,0,2147483647,0.0,0.0,26,4,-61,GSM,460,0,6153,28033,0,2147483647,0.0,0.0,16,4,-81,GSM
1522031192270,121.50052829,31.28494336,30.0,5.0,0.0,-51,true,-1,-1,5,52.0,4000.0,8.84857177734375,-8.12225341796875,23.1292724609375,-2.576159954071045,-0.2780500054359436,0.005508786533027887,-2,-2,6153,28032,0,2147483647,0.0,0.0,0,0,0,,6,460,0,6153,28032,0,2147483647,0.0,0.0,31,4,-51,GSM,460,0,6153,27903,0,2147483647,0.0,0.0,20,4,-73,GSM,460,0,6362,29949,0,2147483647,0.0,0.0,17,4,-79,GSM,460,0,6153,28021,0,2147483647,0.0,0.0,19,4,-75,GSM,460,0,6153,27912,0,2147483647,0.0,0.0,25,4,-63,GSM,460,0,6153,28033,0,2147483647,0.0,0.0,17,4,-79,GSM
1522031194381,121.50052867,31.28494858,28.0,5.0,0.0,-51,true,-1,-1,5,52.0,4000.0,15.2587890625,-11.42120361328125,25.830078125,-2.3127012252807617,-0.36102163791656494,0.20528866350650787,-2,-2,6153,28032,0,2147483647,0.0,0.0,0,0,0,,6,460,0,6153,28032,0,2147483647,0.0,0.0,31,4,-51,GSM,460,0,6153,27903,0,2147483647,0.0,0.0,20,4,-73,GSM,460,0,6362,29949,0,2147483647,0.0,0.0,17,4,-79,GSM,460,0,6153,28021,0,2147483647,0.0,0.0,19,4,-75,GSM,460,0,6153,27912,0,2147483647,0.0,0.0,25,4,-63,GSM,460,0,6153,28033,0,2147483647,0.0,0.0,17,4,-79,GSM
1522031196453,121.50052714,31.28495113,27.0,6.0,0.0,-51,true,-1,-1,5,52.0,4000.0,7.1197509765625,-2.42156982421875,23.1292724609375,-2.4283292293548584,-0.21412838995456696,-0.03349320963025093,-2,-2,6153,28032,0,2147483647,0.0,0.0,0,0,0,,6,460,0,6153,28032,0,2147483647,0.0,0.0,31,4,-51,GSM,460,0,6153,27903,0,2147483647,0.0,0.0,20,4,-73,GSM,460,0,6362,29949,0,2147483647,0.0,0.0,17,4,-79,GSM,460,0,6153,28021,0,2147483647,0.0,0.0,18,4,-77,GSM,460,0,6153,27912,0,2147483647,0.0,0.0,25,4,-63,GSM,460,0,6153,28033,0,2147483647,0.0,0.0,17,4,-79,GSM
1522031198551,121.50051912,31.28495869,25.0,6.0,0.0,-51,true,-1,-1,5,52.0,4000.0,-5.35125732421875,4.1778564453125,20.12939453125,1.5428392887115479,-0.2164045125246048,-0.309713751077652,-2,-2,6153,28032,0,2147483647,0.0,0.0,0,0,0,,6,460,0,6153,28032,0,2147483647,0.0,0.0,31,4,-51,GSM,460,0,6153,27903,0,2147483647,0.0,0.0,20,4,-73,GSM,460,0,6362,29949,0,2147483647,0.0,0.0,17,4,-79,GSM,460,0,6153,28021,0,2147483647,0.0,0.0,18,4,-77,GSM,460,0,6153,27912,0,2147483647,0.0,0.0,26,4,-61,GSM,460,0,6153,28033,0,2147483647,0.0,0.0,17,4,-79,GSM
1522031200620,121.50051905,31.28495452,27.0,7.0,0.0,-51,true,-1,-1,5,52.0,4000.0,7.28912353515625,10.77880859375,28.8299560546875,-0.58164381980896,-0.10909219831228256,-0.08054203540086746,-2,-2,6153,28032,0,2147483647,0.0,0.0,0,0,0,,5,460,0,6153,28032,0,2147483647,0.0,0.0,30,4,-53,GSM,460,0,6153,27903,0,2147483647,0.0,0.0,20,4,-73,GSM,460,0,6362,29949,0,2147483647,0.0,0.0,17,4,-79,GSM,460,0,6153,28021,0,2147483647,0.0,0.0,18,4,-77,GSM,460,0,6153,27912,0,2147483647,0.0,0.0,26,4,-61,GSM
1522031202694,121.50051084,31.28495753,25.0,7.0,0.0,-51,true,-1,-1,5,51.0,4000.0,13.86871337890625,-14.7216796875,27.62908935546875,-2.6294093132019043,-0.7257611751556396,0.08068306744098663,-2,-2,6153,28032,0,2147483647,0.0,0.0,0,0,0,,5,460,0,6153,28032,0,2147483647,0.0,0.0,31,4,-51,GSM,460,0,6153,27903,0,2147483647,0.0,0.0,20,4,-73,GSM,460,0,6362,29949,0,2147483647,0.0,0.0,17,4,-79,GSM,460,0,6153,28021,0,2147483647,0.0,0.0,17,4,-79,GSM,460,0,6153,27912,0,2147483647,0.0,0.0,25,4,-63,GSM
1522031204791,121.50051689,31.28495625,25.0,7.0,0.0,-51,true,-1,-1,5,51.0,4000.0,16.2994384765625,-9.02099609375,28.23028564453125,-2.6386594772338867,-0.5274304151535034,-0.1263808310031891,-2,-2,6153,28032,0,2147483647,0.0,0.0,0,0,0,,6,460,0,6153,28032,0,2147483647,0.0,0.0,31,4,-51,GSM,460,0,6153,27903,0,2147483647,0.0,0.0,20,4,-73,GSM,460,0,6362,29949,0,2147483647,0.0,0.0,17,4,-79,GSM,460,0,6153,28021,0,2147483647,0.0,0.0,17,4,-79,GSM,460,0,6153,27912,0,2147483647,0.0,0.0,25,4,-63,GSM,460,0,6153,28033,0,2147483647,0.0,0.0,19,4,-75,GSM
1522031206862,121.50051491,31.28495781,25.0,8.0,0.0,-51,true,-1,-1,5,51.0,4000.0,14.90936279296875,-11.12213134765625,26.42974853515625,-2.7379066944122314,-0.3579178750514984,-0.21954132616519928,-2,-2,6153,28032,0,2147483647,0.0,0.0,0,0,0,,6,460,0,6153,28032,0,2147483647,0.0,0.0,30,4,-53,GSM,460,0,6153,27903,0,2147483647,0.0,0.0,20,4,-73,GSM,460,0,6362,29949,0,2147483647,0.0,0.0,17,4,-79,GSM,460,0,6153,28021,0,2147483647,0.0,0.0,17,4,-79,GSM,460,0,6153,27912,0,2147483647,0.0,0.0,25,4,-63,GSM,460,0,6153,28033,0,2147483647,0.0,0.0,18,4,-77,GSM
1522031208936,121.50050114,31.2849614,24.0,7.0,0.0,-51,true,-1,-1,5,51.0,4000.0,11.79962158203125,-6.32171630859375,25.2288818359375,-2.747953176498413,-0.20075000822544098,-0.26266157627105713,-2,-2,6153,28032,0,2147483647,0.0,0.0,0,0,0,,5,460,0,6153,28032,0,2147483647,0.0,0.0,30,4,-53,GSM,460,0,6153,27903,0,2147483647,0.0,0.0,20,4,-73,GSM,460,0,6153,28021,0,2147483647,0.0,0.0,17,4,-79,GSM,460,0,6153,27912,0,2147483647,0.0,0.0,25,4,-63,GSM,460,0,6153,28033,0,2147483647,0.0,0.0,18,4,-77,GSM
1522031211011,121.50050005,31.28496113,24.0,7.0,0.0,-51,true,-1,-1,5,51.0,4000.0,9.71832275390625,-13.8214111328125,23.42987060546875,-2.9223036766052246,-0.42520755529403687,-0.19111883640289307,-2,-2,6153,28032,0,2147483647,0.0,0.0,0,0,0,,5,460,0,6153,28032,0,2147483647,0.0,0.0,30,4,-53,GSM,460,0,6153,27903,0,2147483647,0.0,0.0,20,4,-73,GSM,460,0,6153,28021,0,2147483647,0.0,0.0,17,4,-79,GSM,460,0,6153,27912,0,2147483647,0.0,0.0,25,4,-63,GSM,460,0,6153,28033,0,2147483647,0.0,0.0,19,4,-75,GSM
1522031213105,121.50048946,31.28497004,25.0,8.0,0.0,-51,true,-1,-1,5,51.0,4000.0,7.28912353515625,-5.120849609375,23.42987060546875,-2.992689371109009,-0.26316913962364197,-0.2323966920375824,-2,-2,6153,28032,0,2147483647,0.0,0.0,0,0,0,,6,460,0,6153,28032,0,2147483647,0.0,0.0,29,4,-55,GSM,460,0,6153,27903,0,2147483647,0.0,0.0,20,4,-73,GSM,460,0,6153,28021,0,2147483647,0.0,0.0,16,4,-81,GSM,460,0,6153,27912,0,2147483647,0.0,0.0,26,4,-61,GSM,460,0,6153,28033,0,2147483647,0.0,0.0,19,4,-75,GSM,460,0,6362,29949,0,2147483647,0.0,0.0,17,4,-79,GSM
1522031215178,121.50048835,31.2849716,25.0,7.0,0.0,-51,true,-1,-1,5,51.0,4000.0,6.24847412109375,-6.0211181640625,22.8302001953125,2.90078067779541,-0.1490943282842636,-0.3653886616230011,-2,-2,6153,28032,0,2147483647,0.0,0.0,0,0,0,,6,460,0,6153,28032,0,2147483647,0.0,0.0,31,4,-51,GSM,460,0,6153,27903,0,2147483647,0.0,0.0,20,4,-73,GSM,460,0,6153,28021,0,2147483647,0.0,0.0,16,4,-81,GSM,460,0,6153,27912,0,2147483647,0.0,0.0,26,4,-61,GSM,460,0,6153,28033,0,2147483647,0.0,0.0,19,4,-75,GSM,460,0,6362,29949,0,2147483647,0.0,0.0,17,4,-79,GSM
1522031217272,121.50048835,31.2849716,25.0,7.0,0.0,-51,true,-1,-1,5,51.0,4000.0,5.55877685546875,-0.921630859375,22.8302001953125,2.2052149772644043,-0.09230038523674011,-0.41611891984939575,-2,-2,6153,28032,0,2147483647,0.0,0.0,0,0,0,,6,460,0,6153,28032,0,2147483647,0.0,0.0,31,4,-51,GSM,460,0,6153,27903,0,2147483647,0.0,0.0,20,4,-73,GSM,460,0,6153,28021,0,2147483647,0.0,0.0,16,4,-81,GSM,460,0,6153,27912,0,2147483647,0.0,0.0,25,4,-63,GSM,460,0,6153,28033,0,2147483647,0.0,0.0,19,4,-75,GSM,460,0,6362,29949,0,2147483647,0.0,0.0,17,4,-79,GSM
1522031219348,121.50047854,31.28497185,26.0,9.0,0.0,-51,true,-1,-1,5,51.0,4000.0,5.90972900390625,0.57830810546875,24.029541015625,1.868030071258545,-0.025288445875048637,-0.24742671847343445,-2,-2,6153,28032,0,2147483647,0.0,0.0,0,0,0,,6,460,0,6153,28032,0,2147483647,0.0,0.0,31,4,-51,GSM,460,0,6153,27903,0,2147483647,0.0,0.0,19,4,-75,GSM,460,0,6153,28021,0,2147483647,0.0,0.0,16,4,-81,GSM,460,0,6153,27912,0,2147483647,0.0,0.0,25,4,-63,GSM,460,0,6153,28033,0,2147483647,0.0,0.0,19,4,-75,GSM,460,0,6362,29949,0,2147483647,0.0,0.0,18,4,-77,GSM
1522031221420,121.50046805,31.28497495,25.0,8.0,0.0,-51,true,-1,-1,5,51.0,4000.0,5.0384521484375,7.177734375,26.129150390625,-0.5939216613769531,0.036719340831041336,0.017271513119339943,-2,-2,6153,28032,0,2147483647,0.0,0.0,0,0,0,,6,460,0,6153,28032,0,2147483647,0.0,0.0,31,4,-51,GSM,460,0,6153,27903,0,2147483647,0.0,0.0,19,4,-75,GSM,460,0,6153,28021,0,2147483647,0.0,0.0,15,4,-83,GSM,460,0,6153,27912,0,2147483647,0.0,0.0,25,4,-63,GSM,460,0,6153,28033,0,2147483647,0.0,0.0,20,4,-73,GSM,460,0,6362,29949,0,2147483647,0.0,0.0,18,4,-77,GSM
1522031223491,121.50039851,31.28497736,21.0,8.0,1.0507616,-51,true,-1,-1,5,51.0,4000.0,11.279296875,-14.7216796875,25.52947998046875,-2.6414730548858643,-0.4707948565483093,0.0789407342672348,-2,-2,6153,28032,0,2147483647,0.0,0.0,0,0,0,,6,460,0,6153,28032,0,2147483647,0.0,0.0,31,4,-51,GSM,460,0,6153,27903,0,2147483647,0.0,0.0,19,4,-75,GSM,460,0,6153,28021,0,2147483647,0.0,0.0,15,4,-83,GSM,460,0,6153,27912,0,2147483647,0.0,0.0,24,4,-65,GSM,460,0,6153,28033,0,2147483647,0.0,0.0,20,4,-73,GSM,460,0,6362,29949,0,2147483647,0.0,0.0,18,4,-77,GSM
1522031225585,121.50039074,31.28498052,21.0,9.0,1.0438869,-51,true,-1,-1,5,51.0,4000.0,9.539794921875,-15.02227783203125,23.72894287109375,-2.752965211868286,-0.5363693833351135,0.027761271223425865,-2,-2,6153,28032,0,2147483647,0.0,0.0,0,0,0,,6,460,0,6153,28032,0,2147483647,0.0,0.0,31,4,-51,GSM,460,0,6153,27903,0,2147483647,0.0,0.0,19,4,-75,GSM,460,0,6153,27912,0,2147483647,0.0,0.0,24,4,-65,GSM,460,0,6153,28033,0,2147483647,0.0,0.0,19,4,-75,GSM,460,0,6362,29949,0,2147483647,0.0,0.0,18,4,-77,GSM,0,0,0,-1,0,2147483647,0.0,0.0,16,4,-81,GSM
1522031227671,121.50031545,31.28499629,23.0,11.0,1.9215099,-51,true,-1,-1,5,51.0,4000.0,7.8094482421875,-14.42108154296875,23.72894287109375,-2.8924343585968018,-0.698526918888092,-0.0445137657225132,-2,-2,6153,28032,0,2147483647,0.0,0.0,0,0,0,,6,460,0,6153,28032,0,2147483647,0.0,0.0,31,4,-51,GSM,460,0,6153,27903,0,2147483647,0.0,0.0,19,4,-75,GSM,460,0,6153,27912,0,2147483647,0.0,0.0,24,4,-65,GSM,460,0,6153,28033,0,2147483647,0.0,0.0,19,4,-75,GSM,460,0,6362,29949,0,2147483647,0.0,0.0,18,4,-77,GSM,0,0,0,-1,0,2147483647,0.0,0.0,16,4,-81,GSM
1522031229738,121.50030213,31.2850247,20.0,10.0,1.242578,-51,true,-1,-1,5,51.0,4000.0,-9.3414306640625,33.27789306640625,65.4296875,1.1357731819152832,0.31845608353614807,-1.4734864234924316,-2,-2,6153,28032,0,2147483647,0.0,0.0,0,0,0,,6,460,0,6153,28032,0,2147483647,0.0,0.0,31,4,-51,GSM,460,0,6153,27903,0,2147483647,0.0,0.0,18,4,-77,GSM,460,0,6153,27912,0,2147483647,0.0,0.0,25,4,-63,GSM,460,0,6153,28033,0,2147483647,0.0,0.0,19,4,-75,GSM,460,0,6362,29949,0,2147483647,0.0,0.0,18,4,-77,GSM,0,0,0,-1,0,2147483647,0.0,0.0,16,4,-81,GSM
1522031231838,121.50027853,31.28503361,19.0,9.0,1.0816654,-51,true,-1,-1,5,51.0,4000.0,-13.67034912109375,34.17816162109375,53.729248046875,1.1985965967178345,0.5133578181266785,-1.677444338798523,-2,-2,6153,28032,0,2147483647,0.0,0.0,0,0,0,,6,460,0,6153,28032,0,2147483647,0.0,0.0,31,4,-51,GSM,460,0,6153,27903,0,2147483647,0.0,0.0,18,4,-77,GSM,460,0,6153,27912,0,2147483647,0.0,0.0,25,4,-63,GSM,460,0,6153,28033,0,2147483647,0.0,0.0,20,4,-73,GSM,460,0,6362,29949,0,2147483647,0.0,0.0,18,4,-77,GSM,0,0,0,-1,0,2147483647,0.0,0.0,18,4,-77,GSM
1522031233925,121.50022868,31.28504362,16.0,8.0,1.2100414,-51,true,-1,-1,5,51.0,4000.0,-28.73077392578125,25.7781982421875,38.42926025390625,1.6336976289749146,0.6868921518325806,-1.7378660440444946,-2,-2,6153,28032,0,2147483647,0.0,0.0,0,0,0,,6,460,0,6153,28032,0,2147483647,0.0,0.0,30,4,-53,GSM,460,0,6153,27903,0,2147483647,0.0,0.0,18,4,-77,GSM,460,0,6153,27912,0,2147483647,0.0,0.0,26,4,-61,GSM,460,0,6153,28033,0,2147483647,0.0,0.0,20,4,-73,GSM,460,0,6362,29949,0,2147483647,0.0,0.0,19,4,-75,GSM,0,0,0,-1,0,2147483647,0.0,0.0,18,4,-77,GSM
1522031235974,121.50016081,31.28504538,18.0,8.0,1.6807736,-51,true,-1,-1,5,51.0,4000.0,-70.6512451171875,-13.52081298828125,61.83013916015625,2.3385026454925537,0.7993834614753723,-1.5672622919082642,-2,-2,6153,28032,0,2147483647,0.0,0.0,0,0,0,,6,460,0,6153,28032,0,2147483647,0.0,0.0,29,4,-55,GSM,460,0,6153,27903,0,2147483647,0.0,0.0,18,4,-77,GSM,460,0,6153,27912,0,2147483647,0.0,0.0,26,4,-61,GSM,460,0,6153,28033,0,2147483647,0.0,0.0,20,4,-73,GSM,460,0,6362,29949,0,2147483647,0.0,0.0,19,4,-75,GSM,0,0,0,-1,0,2147483647,0.0,0.0,18,4,-77,GSM
1522031238053,121.50009252,31.28503204,19.0,9.0,1.2831601,-51,true,-1,-1,5,51.0,4000.0,-74.8016357421875,-13.22174072265625,137.4298095703125,-1.9287949800491333,1.4560855627059937,2.4203014373779297,-2,-2,6153,28032,0,2147483647,0.0,0.0,0,0,0,,6,460,0,6153,28032,0,2147483647,0.0,0.0,29,4,-55,GSM,460,0,6153,27903,0,2147483647,0.0,0.0,20,4,-73,GSM,460,0,6153,27912,0,2147483647,0.0,0.0,27,4,-59,GSM,460,0,6153,28033,0,2147483647,0.0,0.0,20,4,-73,GSM,460,0,6362,29949,0,2147483647,0.0,0.0,19,4,-75,GSM,0,0,0,-1,0,2147483647,0.0,0.0,18,4,-77,GSM
1522031240131,121.50001126,31.28501064,19.0,10.0,1.130177,-51,true,-1,-1,5,51.0,4000.0,-78.790283203125,-26.12152099609375,174.9298095703125,-1.0816051959991455,1.4472994804382324,1.4867292642593384,-2,-2,6153,28032,0,2147483647,0.0,0.0,0,0,0,,7,460,0,6153,28032,0,2147483647,0.0,0.0,29,4,-55,GSM,460,0,6153,27903,0,2147483647,0.0,0.0,20,4,-73,GSM,460,0,6153,27912,0,2147483647,0.0,0.0,27,4,-59,GSM,460,0,6153,28033,0,2147483647,0.0,0.0,20,4,-73,GSM,460,0,6362,29949,0,2147483647,0.0,0.0,19,4,-75,GSM,460,0,6153,28031,0,2147483647,0.0,0.0,18,4,-77,GSM,460,0,6153,28021,0,2147483647,0.0,0.0,16,4,-81,GSM
1522031242311,121.50001126,31.28501064,19.0,10.0,1.130177,-51,true,-1,-1,5,51.0,4000.0,-58.35113525390625,-22.22137451171875,141.3299560546875,-1.3427879810333252,1.068460464477539,1.6262829303741455,-2,-2,6153,28032,0,2147483647,0.0,0.0,0,0,0,,7,460,0,6153,28032,0,2147483647,0.0,0.0,30,4,-53,GSM,460,0,6153,27903,0,2147483647,0.0,0.0,20,4,-73,GSM,460,0,6153,27912,0,2147483647,0.0,0.0,29,4,-55,GSM,460,0,6153,28033,0,2147483647,0.0,0.0,19,4,-75,GSM,460,0,6362,29949,0,2147483647,0.0,0.0,19,4,-75,GSM,460,0,6153,28031,0,2147483647,0.0,0.0,18,4,-77,GSM,460,0,6153,28021,0,2147483647,0.0,0.0,15,4,-83,GSM
1522031244305,121.49994666,31.2849931,21.0,10.0,0.43046486,-51,true,-1,-1,5,51.0,4000.0,-68.9208984375,-18.32122802734375,180.029296875,-1.8903427124023438,1.0953006744384766,2.2468254566192627,-2,-2,6153,28032,0,2147483647,0.0,0.0,0,0,0,,6,460,0,6153,28032,0,2147483647,0.0,0.0,31,4,-51,GSM,460,0,6153,27903,0,2147483647,0.0,0.0,21,4,-71,GSM,460,0,6153,27912,0,2147483647,0.0,0.0,29,4,-55,GSM,460,0,6153,28033,0,2147483647,0.0,0.0,19,4,-75,GSM,460,0,6362,29949,0,2147483647,0.0,0.0,19,4,-75,GSM,460,0,6153,28031,0,2147483647,0.0,0.0,18,4,-77,GSM
1522031246376,121.49991355,31.28498427,21.0,8.0,0.81055534,-51,true,-1,-1,5,51.0,4000.0,-73.42071533203125,-50.421142578125,195.6298828125,-2.8702521324157715,1.2358909845352173,-3.060835123062134,-2,-2,6153,28032,0,2147483647,0.0,0.0,0,0,0,,6,460,0,6153,28032,0,2147483647,0.0,0.0,31,4,-51,GSM,460,0,6153,27903,0,2147483647,0.0,0.0,21,4,-71,GSM,460,0,6153,27912,0,2147483647,0.0,0.0,29,4,-55,GSM,460,0,6153,28033,0,2147483647,0.0,0.0,18,4,-77,GSM,460,0,6362,29949,0,2147483647,0.0,0.0,19,4,-75,GSM,460,0,6153,28031,0,2147483647,0.0,0.0,19,4,-75,GSM
1522031248469,121.49990388,31.28492939,20.0,8.0,1.4816545,-51,true,-1,-1,5,51.0,4000.0,-105.29022216796875,-38.12103271484375,199.8291015625,-1.5485771894454956,0.9861377477645874,1.9171937704086304,-2,-2,6153,28032,0,2147483647,0.0,0.0,0,0,0,,7,460,0,6153,28032,0,2147483647,0.0,0.0,31,4,-51,GSM,460,0,6153,27903,0,2147483647,0.0,0.0,21,4,-71,GSM,460,0,6153,27912,0,2147483647,0.0,0.0,31,4,-51,GSM,460,0,6153,28033,0,2147483647,0.0,0.0,18,4,-77,GSM,460,0,6362,29949,0,2147483647,0.0,0.0,19,4,-75,GSM,460,0,6153,28031,0,2147483647,0.0,0.0,19,4,-75,GSM,460,0,6153,28021,0,2147483647,0.0,0.0,16,4,-81,GSM
1522031250565,121.49988353,31.28493953,18.0,7.0,1.034843,-51,true,-1,-1,5,51.0,4000.0,-112.39166259765625,-16.22161865234375,179.730224609375,-1.2962325811386108,0.9197467565536499,1.7343183755874634,-2,-2,6153,28032,0,2147483647,0.0,0.0,0,0,0,,6,460,0,6153,28032,0,2147483647,0.0,0.0,31,4,-51,GSM,460,0,6153,27903,0,2147483647,0.0,0.0,21,4,-71,GSM,460,0,6153,27912,0,2147483647,0.0,0.0,31,4,-51,GSM,460,0,6153,28033,0,2147483647,0.0,0.0,18,4,-77,GSM,460,0,6153,28031,0,2147483647,0.0,0.0,19,4,-75,GSM,460,0,6153,28021,0,2147483647,0.0,0.0,16,4,-81,GSM
1522031252660,121.49989988,31.28494988,16.0,7.0,0.73756355,-51,true,-1,-1,5,51.0,4000.0,-120.1812744140625,2.0782470703125,177.0294189453125,-1.0203983783721924,1.1896390914916992,1.5863155126571655,-2,-2,6153,28032,0,2147483647,0.0,0.0,0,0,0,,6,460,0,6153,28032,0,2147483647,0.0,0.0,31,4,-51,GSM,460,0,6153,27903,0,2147483647,0.0,0.0,22,4,-69,GSM,460,0,6153,27912,0,2147483647,0.0,0.0,31,4,-51,GSM,460,0,6153,28033,0,2147483647,0.0,0.0,18,4,-77,GSM,460,0,6153,28031,0,2147483647,0.0,0.0,21,4,-71,GSM,460,0,6153,28021,0,2147483647,0.0,0.0,15,4,-83,GSM
1522031254748,121.49985236,31.28494039,12.0,7.0,0.88459027,-51,true,-1,-1,5,51.0,4000.0,-118.80035400390625,2.978515625,196.8292236328125,-2.002887725830078,1.263545274734497,2.5681514739990234,-2,-2,6153,28032,0,2147483647,0.0,0.0,0,0,0,,6,460,0,6153,28032,0,2147483647,0.0,0.0,31,4,-51,GSM,460,0,6153,27903,0,2147483647,0.0,0.0,22,4,-69,GSM,460,0,6153,27912,0,2147483647,0.0,0.0,31,4,-51,GSM,460,0,6153,28033,0,2147483647,0.0,0.0,18,4,-77,GSM,460,0,6153,28031,0,2147483647,0.0,0.0,21,4,-71,GSM,460,0,6153,28021,0,2147483647,0.0,0.0,15,4,-83,GSM
1522031256827,121.49983706,31.28492636,13.0,7.0,1.0104455,-51,true,-1,-1,5,51.0,4000.0,-118.28155517578125,10.77880859375,195.928955078125,-1.9732999801635742,1.1973270177841187,2.5595955848693848,-2,-2,6153,28032,0,2147483647,0.0,0.0,0,0,0,,6,460,0,6153,28032,0,2147483647,0.0,0.0,31,4,-51,GSM,460,0,6153,27903,0,2147483647,0.0,0.0,22,4,-69,GSM,460,0,6153,27912,0,2147483647,0.0,0.0,31,4,-51,GSM,460,0,6153,28033,0,2147483647,0.0,0.0,18,4,-77,GSM,460,0,6153,28031,0,2147483647,0.0,0.0,21,4,-71,GSM,460,0,6153,28021,0,2147483647,0.0,0.0,15,4,-83,GSM
1522031258917,121.49981541,31.28491263,13.0,8.0,1.0100495,-51,true,-1,-1,5,51.0,4000.0,-95.5902099609375,3.8787841796875,189.630126953125,-2.1960935592651367,1.3104463815689087,2.683258533477783,-2,-2,6153,28032,0,2147483647,0.0,0.0,0,0,0,,6,460,0,6153,28032,0,2147483647,0.0,0.0,31,4,-51,GSM,460,0,6153,27903,0,2147483647,0.0,0.0,22,4,-69,GSM,460,0,6153,27912,0,2147483647,0.0,0.0,31,4,-51,GSM,460,0,6153,28033,0,2147483647,0.0,0.0,18,4,-77,GSM,460,0,6153,28031,0,2147483647,0.0,0.0,21,4,-71,GSM,460,0,6153,28021,0,2147483647,0.0,0.0,15,4,-83,GSM
1522031261018,121.49980206,31.2849047,12.0,8.0,0.38078868,-51,true,-1,-1,5,51.0,4000.0,-89.53094482421875,6.27899169921875,191.13006591796875,-1.8781720399856567,1.41176438331604,2.3244693279266357,-2,-2,6153,28032,0,2147483647,0.0,0.0,0,0,0,,6,460,0,6153,28032,0,2147483647,0.0,0.0,31,4,-51,GSM,460,0,6153,27903,0,2147483647,0.0,0.0,22,4,-69,GSM,460,0,6153,27912,0,2147483647,0.0,0.0,31,4,-51,GSM,460,0,6153,28033,0,2147483647,0.0,0.0,18,4,-77,GSM,460,0,6153,28031,0,2147483647,0.0,0.0,22,4,-69,GSM,460,0,6153,28021,0,2147483647,0.0,0.0,16,4,-81,GSM
1522031263111,121.49979882,31.28490676,18.0,11.0,0.68066144,-51,true,-1,-1,5,51.0,4000.0,-95.5902099609375,1.47857666015625,192.02880859375,-1.6059494018554688,1.3831125497817993,2.0697643756866455,-2,-2,6153,28032,0,2147483647,0.0,0.0,0,0,0,,5,460,0,6153,28032,0,2147483647,0.0,0.0,30,4,-53,GSM,460,0,6153,27903,0,2147483647,0.0,0.0,22,4,-69,GSM,460,0,6153,27912,0,2147483647,0.0,0.0,31,4,-51,GSM,460,0,6153,28033,0,2147483647,0.0,0.0,18,4,-77,GSM,460,0,6153,28031,0,2147483647,0.0,0.0,22,4,-69,GSM
1522031265319,121.49979882,31.28490676,18.0,11.0,0.68066144,-51,true,-1,-1,5,51.0,4000.0,-96.97113037109375,7.177734375,187.82958984375,-1.4084892272949219,1.1709460020065308,1.8855735063552856,-2,-2,6153,28032,0,2147483647,0.0,0.0,0,0,0,,6,460,0,6153,28032,0,2147483647,0.0,0.0,28,4,-57,GSM,460,0,6153,27903,0,2147483647,0.0,0.0,22,4,-69,GSM,460,0,6153,27912,0,2147483647,0.0,0.0,31,4,-51,GSM,460,0,6153,28033,0,2147483647,0.0,0.0,19,4,-75,GSM,460,0,6153,28031,0,2147483647,0.0,0.0,23,4,-67,GSM,0,0,0,-1,0,2147483647,0.0,0.0,16,4,-81,GSM
1522031267310,121.49977766,31.28489742,15.0,10.0,1.200375,-51,true,-1,-1,5,51.0,4000.0,-103.38134765625,1.177978515625,168.9300537109375,-1.1720281839370728,1.0809502601623535,1.677357792854309,-2,-2,6153,28032,0,2147483647,0.0,0.0,0,0,0,,6,460,0,6153,28032,0,2147483647,0.0,0.0,28,4,-57,GSM,460,0,6153,27903,0,2147483647,0.0,0.0,22,4,-69,GSM,460,0,6153,27912,0,2147483647,0.0,0.0,28,4,-57,GSM,460,0,6153,28033,0,2147483647,0.0,0.0,19,4,-75,GSM,460,0,6153,28031,0,2147483647,0.0,0.0,23,4,-67,GSM,460,0,6153,28020,0,2147483647,0.0,0.0,15,4,-83,GSM
1522031269396,121.49970722,31.28485301,13.0,11.0,0.4830114,-51,true,-1,-1,5,51.0,4000.0,-101.30157470703125,2.67791748046875,156.92901611328125,-1.8808910846710205,1.264924168586731,2.472485303878784,-2,-2,6153,28032,0,2147483647,0.0,0.0,0,0,0,,6,460,0,6153,28032,0,2147483647,0.0,0.0,27,4,-59,GSM,460,0,6153,27903,0,2147483647,0.0,0.0,21,4,-71,GSM,460,0,6153,27912,0,2147483647,0.0,0.0,28,4,-57,GSM,460,0,6153,28033,0,2147483647,0.0,0.0,19,4,-75,GSM,460,0,6153,28031,0,2147483647,0.0,0.0,23,4,-67,GSM,460,0,6153,28021,0,2147483647,0.0,0.0,16,4,-81,GSM
1522031271486,121.49972797,31.28483402,13.0,11.0,0.7125307,-51,true,-1,-1,5,51.0,4000.0,-104.42047119140625,4.779052734375,144.329833984375,-2.2377023696899414,1.1827410459518433,2.910228967666626,-2,-2,6153,28032,0,2147483647,0.0,0.0,0,0,0,,6,460,0,6153,28032,0,2147483647,0.0,0.0,28,4,-57,GSM,460,0,6153,27903,0,2147483647,0.0,0.0,21,4,-71,GSM,460,0,6153,27912,0,2147483647,0.0,0.0,28,4,-57,GSM,460,0,6153,28033,0,2147483647,0.0,0.0,20,4,-73,GSM,460,0,6153,28031,0,2147483647,0.0,0.0,22,4,-69,GSM,460,0,6153,28021,0,2147483647,0.0,0.0,15,4,-83,GSM
1522031273545,121.49971637,31.28483847,13.0,11.0,0.8130191,-51,true,-1,-1,5,51.0,4000.0,-98.1903076171875,-5.42144775390625,152.72979736328125,-2.387573480606079,1.2255489826202393,2.9821057319641113,-2,-2,6153,28032,0,2147483647,0.0,0.0,0,0,0,,6,460,0,6153,28032,0,2147483647,0.0,0.0,29,4,-55,GSM,460,0,6153,27903,0,2147483647,0.0,0.0,20,4,-73,GSM,460,0,6153,27912,0,2147483647,0.0,0.0,25,4,-63,GSM,460,0,6153,28033,0,2147483647,0.0,0.0,20,4,-73,GSM,460,0,6153,28031,0,2147483647,0.0,0.0,22,4,-69,GSM,460,0,6153,28020,0,2147483647,0.0,0.0,16,4,-81,GSM
1522031275645,121.49969433,31.28483967,11.0,9.0,0.7134423,-51,true,-1,-1,5,51.0,4000.0,-113.77105712890625,11.9781494140625,129.32891845703125,-1.9190140962600708,1.1803944110870361,2.6929900646209717,-2,-2,6153,28032,0,2147483647,0.0,0.0,0,0,0,,6,460,0,6153,28032,0,2147483647,0.0,0.0,29,4,-55,GSM,460,0,6153,27903,0,2147483647,0.0,0.0,20,4,-73,GSM,460,0,6153,27912,0,2147483647,0.0,0.0,25,4,-63,GSM,460,0,6153,28033,0,2147483647,0.0,0.0,22,4,-69,GSM,460,0,6153,28031,0,2147483647,0.0,0.0,22,4,-69,GSM,460,0,6153,28020,0,2147483647,0.0,0.0,16,4,-81,GSM
1522031277744,121.49969369,31.28485669,11.0,8.0,0.8077747,-51,true,-1,-1,5,51.0,4000.0,-102.86102294921875,-1.22222900390625,98.42987060546875,-1.0345302820205688,0.8164761066436768,1.6877660751342773,-2,-2,6153,28032,0,2147483647,0.0,0.0,0,0,0,,6,460,0,6153,28032,0,2147483647,0.0,0.0,31,4,-51,GSM,460,0,6153,27903,0,2147483647,0.0,0.0,20,4,-73,GSM,460,0,6153,27912,0,2147483647,0.0,0.0,25,4,-63,GSM,460,0,6153,28033,0,2147483647,0.0,0.0,22,4,-69,GSM,460,0,6153,28031,0,2147483647,0.0,0.0,21,4,-71,GSM,460,0,6153,28020,0,2147483647,0.0,0.0,15,4,-83,GSM
1522031279835,121.4996838,31.28486312,9.0,8.0,0.9618732,-51,true,-1,-1,5,51.0,4000.0,-116.20025634765625,-5.120849609375,87.3291015625,-1.0292073488235474,1.0897470712661743,1.8856678009033203,-2,-2,6153,28032,0,2147483647,0.0,0.0,0,0,0,,6,460,0,6153,28032,0,2147483647,0.0,0.0,31,4,-51,GSM,460,0,6153,27903,0,2147483647,0.0,0.0,20,4,-73,GSM,460,0,6153,27912,0,2147483647,0.0,0.0,23,4,-67,GSM,460,0,6153,28033,0,2147483647,0.0,0.0,22,4,-69,GSM,460,0,6153,28031,0,2147483647,0.0,0.0,21,4,-71,GSM,460,0,6153,28021,0,2147483647,0.0,0.0,16,4,-81,GSM
1522031281908,121.49966823,31.28486928,9.0,8.0,0.9702062,-51,true,-1,-1,5,51.0,4000.0,-115.850830078125,-11.42120361328125,92.1295166015625,-1.8328204154968262,1.1566941738128662,2.722184896469116,-2,-2,6153,28032,0,2147483647,0.0,0.0,0,0,0,,6,460,0,6153,28032,0,2147483647,0.0,0.0,31,4,-51,GSM,460,0,6153,27903,0,2147483647,0.0,0.0,20,4,-73,GSM,460,0,6153,27912,0,2147483647,0.0,0.0,23,4,-67,GSM,460,0,6153,28033,0,2147483647,0.0,0.0,21,4,-71,GSM,460,0,6153,28031,0,2147483647,0.0,0.0,21,4,-71,GSM,460,0,6153,28021,0,2147483647,0.0,0.0,16,4,-81,GSM
1522031283993,121.49965027,31.28487551,16.0,9.0,0.9972462,-51,true,-1,-1,5,51.0,4000.0,-125.3814697265625,-12.0208740234375,83.428955078125,-1.8501871824264526,1.219069004058838,2.823040008544922,-2,-2,6153,28032,0,2147483647,0.0,0.0,0,0,0,,6,460,0,6153,28032,0,2147483647,0.0,0.0,29,4,-55,GSM,460,0,6153,27903,0,2147483647,0.0,0.0,19,4,-75,GSM,460,0,6153,27912,0,2147483647,0.0,0.0,20,4,-73,GSM,460,0,6153,28033,0,2147483647,0.0,0.0,21,4,-71,GSM,460,0,6153,28031,0,2147483647,0.0,0.0,21,4,-71,GSM,460,0,6153,28021,0,2147483647,0.0,0.0,17,4,-79,GSM
1522031286071,121.49960755,31.28488626,15.0,10.0,1.4101418,-51,true,-1,-1,5,51.0,4000.0,-113.95111083984375,-9.6221923828125,94.2291259765625,-2.0020081996917725,1.387489676475525,2.87738299369812,-2,-2,6153,28032,0,2147483647,0.0,0.0,0,0,0,,6,460,0,6153,28032,0,2147483647,0.0,0.0,28,4,-57,GSM,460,0,6153,27903,0,2147483647,0.0,0.0,19,4,-75,GSM,460,0,6153,27912,0,2147483647,0.0,0.0,20,4,-73,GSM,460,0,6153,28033,0,2147483647,0.0,0.0,21,4,-71,GSM,460,0,6153,28031,0,2147483647,0.0,0.0,21,4,-71,GSM,460,0,6153,28021,0,2147483647,0.0,0.0,17,4,-79,GSM
1522031288308,121.49960755,31.28488626,15.0,10.0,1.4101418,-51,true,-1,-1,5,51.0,4000.0,-125.55084228515625,-14.12200927734375,88.52996826171875,-1.54486882686615,1.3969004154205322,2.4849624633789063,-2,-2,6153,28032,0,2147483647,0.0,0.0,0,0,0,,6,460,0,6153,28032,0,2147483647,0.0,0.0,27,4,-59,GSM,460,0,6153,27903,0,2147483647,0.0,0.0,19,4,-75,GSM,460,0,6153,27912,0,2147483647,0.0,0.0,20,4,-73,GSM,460,0,6153,28033,0,2147483647,0.0,0.0,21,4,-71,GSM,460,0,6153,28031,0,2147483647,0.0,0.0,20,4,-73,GSM,460,0,6153,28021,0,2147483647,0.0,0.0,17,4,-79,GSM
1522031290222,121.49955966,31.28489909,12.0,7.0,0.77620876,-51,true,-1,-1,5,51.0,4000.0,-103.04107666015625,-12.32147216796875,103.52935791015625,-1.2363969087600708,1.3534644842147827,1.994431972503662,-2,-2,6153,28032,0,2147483647,0.0,0.0,0,0,0,,6,460,0,6153,28032,0,2147483647,0.0,0.0,26,4,-61,GSM,460,0,6153,27903,0,2147483647,0.0,0.0,19,4,-75,GSM,460,0,6153,27912,0,2147483647,0.0,0.0,20,4,-73,GSM,460,0,6153,28033,0,2147483647,0.0,0.0,21,4,-71,GSM,460,0,6153,28031,0,2147483647,0.0,0.0,20,4,-73,GSM,460,0,6153,28021,0,2147483647,0.0,0.0,17,4,-79,GSM
1522031292316,121.49955966,31.28489909,12.0,7.0,0.77620876,-51,true,-1,-1,5,51.0,4000.0,-113.95111083984375,2.67791748046875,79.229736328125,1.1726195812225342,1.1296736001968384,-0.18042002618312836,-2,-2,6153,28032,0,2147483647,0.0,0.0,0,0,0,,6,460,0,6153,28032,0,2147483647,0.0,0.0,26,4,-61,GSM,460,0,6153,27903,0,2147483647,0.0,0.0,19,4,-75,GSM,460,0,6153,27912,0,2147483647,0.0,0.0,20,4,-73,GSM,460,0,6153,28033,0,2147483647,0.0,0.0,22,4,-69,GSM,460,0,6153,28031,0,2147483647,0.0,0.0,21,4,-71,GSM,460,0,6153,28021,0,2147483647,0.0,0.0,17,4,-79,GSM
1522031294407,121.49950647,31.28491686,13.0,11.0,1.6,-51,true,-1,-1,5,51.0,4000.0,-138.20037841796875,5.67779541015625,63.629150390625,-0.5623829960823059,1.2093505859375,1.679182767868042,-2,-2,6153,28032,0,2147483647,0.0,0.0,0,0,0,,6,460,0,6153,28032,0,2147483647,0.0,0.0,23,4,-67,GSM,460,0,6153,27903,0,2147483647,0.0,0.0,19,4,-75,GSM,460,0,6153,27912,0,2147483647,0.0,0.0,19,4,-75,GSM,460,0,6153,28033,0,2147483647,0.0,0.0,22,4,-69,GSM,460,0,6153,28031,0,2147483647,0.0,0.0,21,4,-71,GSM,460,0,6153,28021,0,2147483647,0.0,0.0,17,4,-79,GSM