IMEI:862534033931242
IMSI:460016291512177
OSVersion:3.10.73-perf-g94fc9a6
apiLevel:5.1.1
model:Redmi Note 3
device:kenzo
product:kenzo
42
1521796195136,121.49525332,31.28479285,13.0,26.0,0.0,-59,true,-1,-1,5,87.0,4000.0,-91.26129150390625,-72.32208251953125,40.52886962890625,2.9280362129211426,0.3914620578289032,-1.7609766721725464,-2,-2,4199,29752,0,2147483647,0.0,0.0,0,0,0,,7,460,1,4199,29752,0,2147483647,0.0,0.0,26,4,-61,GSM,460,1,4199,29742,0,2147483647,0.0,0.0,21,4,-71,GSM,460,1,4199,18539,0,2147483647,0.0,0.0,19,4,-75,GSM,460,1,4199,29753,0,2147483647,0.0,0.0,19,4,-75,GSM,460,1,4199,18537,0,2147483647,0.0,0.0,19,4,-75,GSM,460,1,4199,12499,0,2147483647,0.0,0.0,16,4,-81,GSM,460,1,4199,18467,0,2147483647,0.0,0.0,17,4,-79,GSM
1521796197212,121.49543928,31.28482791,23.0,23.0,0.0,-59,true,-1,-1,5,87.0,4000.0,-18.86138916015625,-45.92132568359375,24.9298095703125,2.769587278366089,0.46720659732818604,-1.7917125225067139,-2,-2,4199,29752,0,2147483647,0.0,0.0,0,0,0,,7,460,1,4199,29752,0,2147483647,0.0,0.0,26,4,-61,GSM,460,1,4199,29742,0,2147483647,0.0,0.0,22,4,-69,GSM,460,1,4199,18539,0,2147483647,0.0,0.0,21,4,-71,GSM,460,1,4199,29753,0,2147483647,0.0,0.0,19,4,-75,GSM,460,1,4199,18537,0,2147483647,0.0,0.0,19,4,-75,GSM,460,1,4199,12499,0,2147483647,0.0,0.0,16,4,-81,GSM,460,1,4199,18467,0,2147483647,0.0,0.0,17,4,-79,GSM
1521796199436,121.49552496,31.28483429,28.0,12.0,2.1384575,-59,true,-1,-1,5,87.0,4000.0,-17.13104248046875,6.878662109375,41.13006591796875,1.5637948513031006,0.19816522300243378,-2.0168721675872803,-2,-2,4199,29752,0,2147483647,0.0,0.0,0,0,0,,7,460,1,4199,29752,0,2147483647,0.0,0.0,26,4,-61,GSM,460,1,4199,29742,0,2147483647,0.0,0.0,22,4,-69,GSM,460,1,4199,18539,0,2147483647,0.0,0.0,21,4,-71,GSM,460,1,4199,29753,0,2147483647,0.0,0.0,20,4,-73,GSM,460,1,4199,18537,0,2147483647,0.0,0.0,19,4,-75,GSM,460,1,4199,12499,0,2147483647,0.0,0.0,18,4,-77,GSM,460,1,4199,18467,0,2147483647,0.0,0.0,17,4,-79,GSM
1521796201525,121.49547492,31.28474138,27.0,8.0,2.0112185,-59,true,-1,-1,5,87.0,4000.0,-18.341064453125,8.0780029296875,40.8294677734375,1.6714985370635986,0.37748008966445923,-1.870631456375122,-2,-2,4199,29752,0,2147483647,0.0,0.0,0,0,0,,7,460,1,4199,29752,0,2147483647,0.0,0.0,27,4,-59,GSM,460,1,4199,29742,0,2147483647,0.0,0.0,24,4,-65,GSM,460,1,4199,18539,0,2147483647,0.0,0.0,22,4,-69,GSM,460,1,4199,29753,0,2147483647,0.0,0.0,20,4,-73,GSM,460,1,4199,18537,0,2147483647,0.0,0.0,21,4,-71,GSM,460,1,4199,12499,0,2147483647,0.0,0.0,19,4,-75,GSM,460,1,4199,18467,0,2147483647,0.0,0.0,17,4,-79,GSM
1521796203613,121.49547799,31.28471181,28.0,9.0,2.29,-59,true,-1,-1,5,87.0,4000.0,-34.100341796875,47.67913818359375,28.52935791015625,0.5831883549690247,0.40611109137535095,-1.842240571975708,-2,-2,4199,29752,0,2147483647,0.0,0.0,0,0,0,,7,460,1,4199,29752,0,2147483647,0.0,0.0,27,4,-59,GSM,460,1,4199,29742,0,2147483647,0.0,0.0,24,4,-65,GSM,460,1,4199,18539,0,2147483647,0.0,0.0,22,4,-69,GSM,460,1,4199,29753,0,2147483647,0.0,0.0,20,4,-73,GSM,460,1,4199,18537,0,2147483647,0.0,0.0,21,4,-71,GSM,460,1,4199,12499,0,2147483647,0.0,0.0,19,4,-75,GSM,460,1,4199,18638,0,2147483647,0.0,0.0,18,4,-77,GSM
1521796205708,121.49547799,31.28471181,28.0,9.0,2.29,-59,true,-1,-1,5,87.0,4000.0,-33.58154296875,53.3782958984375,66.6290283203125,1.0033180713653564,0.337541788816452,-1.9320247173309326,-2,-2,4199,29752,0,2147483647,0.0,0.0,0,0,0,,7,460,1,4199,29752,0,2147483647,0.0,0.0,26,4,-61,GSM,460,1,4199,29742,0,2147483647,0.0,0.0,24,4,-65,GSM,460,1,4199,18539,0,2147483647,0.0,0.0,23,4,-67,GSM,460,1,4199,29753,0,2147483647,0.0,0.0,20,4,-73,GSM,460,1,4199,18537,0,2147483647,0.0,0.0,22,4,-69,GSM,460,1,4199,12499,0,2147483647,0.0,0.0,19,4,-75,GSM,460,1,4199,18638,0,2147483647,0.0,0.0,18,4,-77,GSM
1521796207803,121.49554075,31.28461913,23.0,14.0,3.1603956,-59,true,-1,-1,5,87.0,4000.0,-44.4915771484375,25.7781982421875,30.32989501953125,1.6218019723892212,0.45379671454429626,-2.060732841491699,-2,-2,4199,29752,0,2147483647,0.0,0.0,0,0,0,,7,460,1,4199,29752,0,2147483647,0.0,0.0,27,4,-59,GSM,460,1,4199,29742,0,2147483647,0.0,0.0,24,4,-65,GSM,460,1,4199,18539,0,2147483647,0.0,0.0,23,4,-67,GSM,460,1,4199,29753,0,2147483647,0.0,0.0,22,4,-69,GSM,460,1,4199,18537,0,2147483647,0.0,0.0,22,4,-69,GSM,460,1,4199,12499,0,2147483647,0.0,0.0,19,4,-75,GSM,460,1,4199,18638,0,2147483647,0.0,0.0,18,4,-77,GSM
1521796210074,121.49554075,31.28461913,23.0,14.0,3.1603956,-59,true,-1,-1,5,87.0,4000.0,-64.7613525390625,28.47900390625,58.83026123046875,2.354034662246704,0.5036263465881348,-2.1175031661987305,-2,-2,4199,29752,0,2147483647,0.0,0.0,0,0,0,,7,460,1,4199,29752,0,2147483647,0.0,0.0,28,4,-57,GSM,460,1,4199,29742,0,2147483647,0.0,0.0,24,4,-65,GSM,460,1,4199,18539,0,2147483647,0.0,0.0,25,4,-63,GSM,460,1,4199,29753,0,2147483647,0.0,0.0,22,4,-69,GSM,460,1,4199,18537,0,2147483647,0.0,0.0,22,4,-69,GSM,460,1,4199,12499,0,2147483647,0.0,0.0,19,4,-75,GSM,460,1,4199,18638,0,2147483647,0.0,0.0,19,4,-75,GSM
1521796211986,121.49557788,31.28455018,22.0,19.0,1.2414508,-59,true,-1,-1,5,87.0,4000.0,-38.95111083984375,12.27874755859375,96.33026123046875,2.3519537448883057,0.4070320725440979,-2.47929048538208,-2,-2,4199,29752,0,2147483647,0.0,0.0,0,0,0,,7,460,1,4199,29752,0,2147483647,0.0,0.0,28,4,-57,GSM,460,1,4199,29742,0,2147483647,0.0,0.0,24,4,-65,GSM,460,1,4199,18539,0,2147483647,0.0,0.0,25,4,-63,GSM,460,1,4199,29753,0,2147483647,0.0,0.0,23,4,-67,GSM,460,1,4199,18537,0,2147483647,0.0,0.0,22,4,-69,GSM,460,1,4199,12499,0,2147483647,0.0,0.0,20,4,-73,GSM,460,1,4199,18639,0,2147483647,0.0,0.0,21,4,-71,GSM
1521796214079,121.49557788,31.28455018,22.0,19.0,1.2414508,-59,true,-1,-1,5,87.0,4000.0,-56.79168701171875,7.177734375,91.229248046875,2.231663942337036,0.31584930419921875,-2.2805938720703125,-2,-2,4199,29752,0,2147483647,0.0,0.0,0,0,0,,7,460,1,4199,29752,0,2147483647,0.0,0.0,28,4,-57,GSM,460,1,4199,29742,0,2147483647,0.0,0.0,24,4,-65,GSM,460,1,4199,18539,0,2147483647,0.0,0.0,26,4,-61,GSM,460,1,4199,29753,0,2147483647,0.0,0.0,23,4,-67,GSM,460,1,4199,18537,0,2147483647,0.0,0.0,22,4,-69,GSM,460,1,4199,12499,0,2147483647,0.0,0.0,20,4,-73,GSM,460,1,4199,18639,0,2147483647,0.0,0.0,2,0,-109,GSM
1521796216169,121.49546042,31.28455585,26.0,17.0,2.7304578,-59,true,-1,-1,5,87.0,4000.0,-32.02056884765625,39.2791748046875,59.72900390625,1.0834354162216187,0.2946813106536865,-1.9886091947555542,-2,-2,4199,29752,0,2147483647,0.0,0.0,0,0,0,,7,460,1,4199,29752,0,2147483647,0.0,0.0,29,4,-55,GSM,460,1,4199,29742,0,2147483647,0.0,0.0,23,4,-67,GSM,460,1,4199,18539,0,2147483647,0.0,0.0,26,4,-61,GSM,460,1,4199,29753,0,2147483647,0.0,0.0,24,4,-65,GSM,460,1,4199,18537,0,2147483647,0.0,0.0,22,4,-69,GSM,460,1,4199,12499,0,2147483647,0.0,0.0,20,4,-73,GSM,460,1,4199,18638,0,2147483647,0.0,0.0,20,4,-73,GSM
1521796218251,121.49546042,31.28455585,26.0,17.0,2.7304578,-59,true,-1,-1,5,87.0,4000.0,-50.04119873046875,15.8782958984375,98.1292724609375,1.8078179359436035,0.29952535033226013,-2.1547744274139404,-2,-2,4199,29752,0,2147483647,0.0,0.0,0,0,0,,7,460,1,4199,29752,0,2147483647,0.0,0.0,31,4,-51,GSM,460,1,4199,29742,0,2147483647,0.0,0.0,23,4,-67,GSM,460,1,4199,18539,0,2147483647,0.0,0.0,24,4,-65,GSM,460,1,4199,29753,0,2147483647,0.0,0.0,24,4,-65,GSM,460,1,4199,18537,0,2147483647,0.0,0.0,20,4,-73,GSM,460,1,4199,12499,0,2147483647,0.0,0.0,20,4,-73,GSM,460,1,4199,18638,0,2147483647,0.0,0.0,21,4,-71,GSM
1521796220324,121.49542335,31.28459176,19.0,21.0,1.3480728,-59,true,-1,-1,5,87.0,4000.0,-23.71063232421875,35.97869873046875,66.3299560546875,1.1979095935821533,0.2968485355377197,-1.8589143753051758,-2,-2,4199,29752,0,2147483647,0.0,0.0,0,0,0,,7,460,1,4199,29752,0,2147483647,0.0,0.0,31,4,-51,GSM,460,1,4199,29742,0,2147483647,0.0,0.0,23,4,-67,GSM,460,1,4199,18539,0,2147483647,0.0,0.0,24,4,-65,GSM,460,1,4199,29753,0,2147483647,0.0,0.0,25,4,-63,GSM,460,1,4199,18537,0,2147483647,0.0,0.0,20,4,-73,GSM,460,1,4199,12499,0,2147483647,0.0,0.0,19,4,-75,GSM,460,1,4199,18638,0,2147483647,0.0,0.0,21,4,-71,GSM
1521796222424,121.49542335,31.28459176,19.0,21.0,1.3480728,-59,true,-1,-1,5,87.0,4000.0,-25.2716064453125,43.17779541015625,96.0296630859375,1.3205856084823608,0.3344190716743469,-2.063664436340332,-2,-2,4199,29752,0,2147483647,0.0,0.0,0,0,0,,7,460,1,4199,29752,0,2147483647,0.0,0.0,30,4,-53,GSM,460,1,4199,29742,0,2147483647,0.0,0.0,23,4,-67,GSM,460,1,4199,18539,0,2147483647,0.0,0.0,21,4,-71,GSM,460,1,4199,29753,0,2147483647,0.0,0.0,25,4,-63,GSM,460,1,4199,18537,0,2147483647,0.0,0.0,18,4,-77,GSM,460,1,4199,18638,0,2147483647,0.0,0.0,19,4,-75,GSM,460,1,4199,18639,0,2147483647,0.0,0.0,22,4,-69,GSM
1521796224514,121.4954483,31.28454274,18.0,26.0,1.9504102,-59,true,-1,-1,5,87.0,4000.0,-5.010986328125,59.67864990234375,57.330322265625,0.7339711785316467,0.2557922601699829,-2.1979711055755615,-2,-2,4199,29752,0,2147483647,0.0,0.0,0,0,0,,7,460,1,4199,29752,0,2147483647,0.0,0.0,29,4,-55,GSM,460,1,4199,29742,0,2147483647,0.0,0.0,22,4,-69,GSM,460,1,4199,18539,0,2147483647,0.0,0.0,21,4,-71,GSM,460,1,4199,29753,0,2147483647,0.0,0.0,26,4,-61,GSM,460,1,4199,18537,0,2147483647,0.0,0.0,18,4,-77,GSM,460,1,4199,18638,0,2147483647,0.0,0.0,19,4,-75,GSM,460,1,4199,18639,0,2147483647,0.0,0.0,22,4,-69,GSM
1521796226604,121.4954483,31.28454274,18.0,26.0,1.9504102,-59,true,-1,-1,5,87.0,4000.0,-4.66156005859375,64.77813720703125,53.729248046875,0.7372232675552368,0.3285636305809021,-1.9061462879180908,-2,-2,4199,29752,0,2147483647,0.0,0.0,0,0,0,,7,460,1,4199,29752,0,2147483647,0.0,0.0,28,4,-57,GSM,460,1,4199,29742,0,2147483647,0.0,0.0,22,4,-69,GSM,460,1,4199,18539,0,2147483647,0.0,0.0,19,4,-75,GSM,460,1,4199,29753,0,2147483647,0.0,0.0,26,4,-61,GSM,460,1,4199,18638,0,2147483647,0.0,0.0,19,4,-75,GSM,460,1,4199,18639,0,2147483647,0.0,0.0,2,0,-109,GSM,460,1,4199,18467,0,2147483647,0.0,0.0,21,4,-71,GSM
1521796228683,121.4954483,31.28454274,18.0,26.0,1.9504102,-59,true,-1,-1,5,87.0,4000.0,-38.95111083984375,15.8782958984375,99.9298095703125,1.9064736366271973,0.30427151918411255,-2.3725671768188477,-2,-2,4199,29752,0,2147483647,0.0,0.0,0,0,0,,7,460,1,4199,29752,0,2147483647,0.0,0.0,28,4,-57,GSM,460,1,4199,29742,0,2147483647,0.0,0.0,21,4,-71,GSM,460,1,4199,18539,0,2147483647,0.0,0.0,19,4,-75,GSM,460,1,4199,29753,0,2147483647,0.0,0.0,26,4,-61,GSM,460,1,4199,18638,0,2147483647,0.0,0.0,19,4,-75,GSM,460,1,4199,18639,0,2147483647,0.0,0.0,2,0,-109,GSM,460,1,4199,18467,0,2147483647,0.0,0.0,21,4,-71,GSM
1521796230763,121.49554436,31.28435103,27.0,41.0,3.16,-59,true,-1,-1,5,87.0,4000.0,-18.170166015625,23.6785888671875,70.5291748046875,1.4452097415924072,0.3484843075275421,-1.960559606552124,-2,-2,4199,29752,0,2147483647,0.0,0.0,0,0,0,,6,460,1,4199,29752,0,2147483647,0.0,0.0,30,4,-53,GSM,460,1,4199,29742,0,2147483647,0.0,0.0,21,4,-71,GSM,460,1,4199,18539,0,2147483647,0.0,0.0,18,4,-77,GSM,460,1,4199,29753,0,2147483647,0.0,0.0,27,4,-59,GSM,460,1,4199,18638,0,2147483647,0.0,0.0,19,4,-75,GSM,460,1,4199,18467,0,2147483647,0.0,0.0,21,4,-71,GSM
1521796233073,121.49554436,31.28435103,27.0,41.0,3.16,-59,true,-1,-1,5,87.0,4000.0,-44.4915771484375,-8.42132568359375,99.9298095703125,2.3328394889831543,0.34770047664642334,-2.308297634124756,-2,-2,4199,29752,0,2147483647,0.0,0.0,0,0,0,,6,460,1,4199,29752,0,2147483647,0.0,0.0,30,4,-53,GSM,460,1,4199,29742,0,2147483647,0.0,0.0,20,4,-73,GSM,460,1,4199,18539,0,2147483647,0.0,0.0,18,4,-77,GSM,460,1,4199,29753,0,2147483647,0.0,0.0,27,4,-59,GSM,460,1,4199,18638,0,2147483647,0.0,0.0,19,4,-75,GSM,460,1,4199,18467,0,2147483647,0.0,0.0,23,4,-67,GSM
1521796235109,121.49557893,31.28425399,23.0,19.0,2.1805735,-59,true,-1,-1,5,87.0,4000.0,-18.341064453125,16.47796630859375,55.22918701171875,1.5050595998764038,0.3348686099052429,-1.9762126207351685,-2,-2,4199,29752,0,2147483647,0.0,0.0,0,0,0,,6,460,1,4199,29752,0,2147483647,0.0,0.0,27,4,-59,GSM,460,1,4199,29742,0,2147483647,0.0,0.0,20,4,-73,GSM,460,1,4199,29753,0,2147483647,0.0,0.0,27,4,-59,GSM,460,1,4199,18638,0,2147483647,0.0,0.0,17,4,-79,GSM,460,1,4199,18467,0,2147483647,0.0,0.0,23,4,-67,GSM,460,1,4199,12499,0,2147483647,0.0,0.0,18,4,-77,GSM
1521796237212,121.49557893,31.28425399,23.0,19.0,2.1805735,-59,true,-1,-1,5,87.0,4000.0,-53.6712646484375,-10.52093505859375,99.029541015625,2.490732192993164,0.3716471493244171,-2.3111929893493652,-2,-2,4199,29752,0,2147483647,0.0,0.0,0,0,0,,6,460,1,4199,29752,0,2147483647,0.0,0.0,25,4,-63,GSM,460,1,4199,29742,0,2147483647,0.0,0.0,20,4,-73,GSM,460,1,4199,29753,0,2147483647,0.0,0.0,27,4,-59,GSM,460,1,4199,18467,0,2147483647,0.0,0.0,25,4,-63,GSM,460,1,4199,12499,0,2147483647,0.0,0.0,18,4,-77,GSM,460,1,4199,18539,0,2147483647,0.0,0.0,15,4,-83,GSM
1521796239292,121.49548644,31.28408369,25.0,18.0,2.7511635,-59,true,-1,-1,5,87.0,4000.0,-21.29058837890625,14.0777587890625,47.7294921875,1.5163036584854126,0.3151274621486664,-1.927654504776001,-2,-2,4199,29752,0,2147483647,0.0,0.0,0,0,0,,5,460,1,4199,29752,0,2147483647,0.0,0.0,23,4,-67,GSM,460,1,4199,29742,0,2147483647,0.0,0.0,20,4,-73,GSM,460,1,4199,29753,0,2147483647,0.0,0.0,28,4,-57,GSM,460,1,4199,18467,0,2147483647,0.0,0.0,25,4,-63,GSM,460,1,4199,12499,0,2147483647,0.0,0.0,18,4,-77,GSM
1521796241378,121.49548644,31.28408369,25.0,18.0,2.7511635,-59,true,-1,-1,5,87.0,4000.0,-41.55120849609375,1.7791748046875,94.830322265625,2.0925369262695313,0.31335312128067017,-2.2614998817443848,-2,-2,4199,29753,0,2147483647,0.0,0.0,0,0,0,,5,460,1,4199,29753,0,2147483647,0.0,0.0,23,4,-67,GSM,460,1,4199,29742,0,2147483647,0.0,0.0,18,4,-77,GSM,460,1,4199,29753,0,2147483647,0.0,0.0,28,4,-57,GSM,460,1,4199,18467,0,2147483647,0.0,0.0,26,4,-61,GSM,460,1,4199,12499,0,2147483647,0.0,0.0,18,4,-77,GSM
1521796243469,121.49540249,31.28395465,26.0,22.0,2.7906451,-59,true,-1,-1,5,87.0,4000.0,-18.86138916015625,18.5791015625,56.7291259765625,1.4678428173065186,0.338733434677124,-1.9499582052230835,-2,-2,4199,29753,0,2147483647,0.0,0.0,0,0,0,,5,460,1,4199,29753,0,2147483647,0.0,0.0,27,4,-59,GSM,460,1,4199,29742,0,2147483647,0.0,0.0,18,4,-77,GSM,460,1,4199,12499,0,2147483647,0.0,0.0,18,4,-77,GSM,460,1,4199,29752,0,2147483647,0.0,0.0,23,4,-67,GSM,0,0,0,-1,0,2147483647,0.0,0.0,17,4,-79,GSM
1521796245563,121.49540249,31.28395465,26.0,22.0,2.7906451,-59,true,-1,-1,5,87.0,4000.0,-45.1904296875,9.27886962890625,98.1292724609375,1.8381868600845337,0.30496901273727417,-2.0817832946777344,-2,-2,4199,29753,0,2147483647,0.0,0.0,0,0,0,,6,460,1,4199,29753,0,2147483647,0.0,0.0,28,4,-57,GSM,460,1,4199,29742,0,2147483647,0.0,0.0,18,4,-77,GSM,460,1,4199,12499,0,2147483647,0.0,0.0,18,4,-77,GSM,460,1,4199,29752,0,2147483647,0.0,0.0,23,4,-67,GSM,460,1,4199,18619,0,2147483647,0.0,0.0,17,4,-79,GSM,460,1,4199,18467,0,2147483647,0.0,0.0,27,4,-59,GSM
1521796247645,121.49543736,31.28385708,19.0,27.0,2.210362,-59,true,-1,-1,5,87.0,4000.0,-37.0513916015625,28.17840576171875,60.02960205078125,1.2564432621002197,0.28010961413383484,-2.174708366394043,-2,-2,4199,29753,0,2147483647,0.0,0.0,0,0,0,,4,460,1,4199,29753,0,2147483647,0.0,0.0,27,4,-59,GSM,460,1,4199,29742,0,2147483647,0.0,0.0,18,4,-77,GSM,460,1,4199,29752,0,2147483647,0.0,0.0,23,4,-67,GSM,460,1,4199,18467,0,2147483647,0.0,0.0,27,4,-59,GSM