IMEI:862534033931242
IMSI:460016291512177
OSVersion:3.10.73-perf-g94fc9a6
apiLevel:5.1.1
model:Redmi Note 3
device:kenzo
product:kenzo
388
1515923527256,121.49714333,31.28775493,39.0,22.0,0.06,-69,true,-1,-1,5,54.0,4000.0,-13.3209228515625,-50.421142578125,45.32928466796875,-3.0145671367645264,-0.1857415735721588,0.44372233748435974,-2,-2,6153,27902,0,2147483647,0.0,0.0,0,0,0,,7,460,0,6153,27902,0,2147483647,0.0,0.0,22,4,-69,GSM,460,0,6153,27911,0,2147483647,0.0,0.0,17,4,-79,GSM,460,0,6153,28031,0,2147483647,0.0,0.0,23,4,-67,GSM,460,0,6153,27903,0,2147483647,0.0,0.0,18,4,-77,GSM,460,0,6153,28020,0,2147483647,0.0,0.0,17,4,-79,GSM,460,0,6153,28033,0,2147483647,0.0,0.0,17,4,-79,GSM,460,0,6153,28027,0,2147483647,0.0,0.0,15,4,-83,GSM
1515923529327,121.49714333,31.28775493,39.0,22.0,0.06,-69,true,-1,-1,5,54.0,4000.0,-65.97137451171875,-5.120849609375,74.72991943359375,1.452996850013733,0.901595950126648,-0.6576166749000549,-2,-2,6153,27902,0,2147483647,0.0,0.0,0,0,0,,7,460,0,6153,27902,0,2147483647,0.0,0.0,22,4,-69,GSM,460,0,6153,27911,0,2147483647,0.0,0.0,16,4,-81,GSM,460,0,6153,28031,0,2147483647,0.0,0.0,23,4,-67,GSM,460,0,6153,27903,0,2147483647,0.0,0.0,16,4,-81,GSM,460,0,6153,28020,0,2147483647,0.0,0.0,17,4,-79,GSM,460,0,6153,28033,0,2147483647,0.0,0.0,17,4,-79,GSM,460,0,6153,28027,0,2147483647,0.0,0.0,16,4,-81,GSM
1515923531420,121.49706577,31.28793855,31.0,8.0,0.9062008,-69,true,-1,-1,5,54.0,4000.0,-21.11053466796875,-7.8216552734375,122.42889404296875,-2.9493649005889893,1.021432876586914,3.141540288925171,-2,-2,6153,27902,0,2147483647,0.0,0.0,0,0,0,,7,460,0,6153,27902,0,2147483647,0.0,0.0,21,4,-71,GSM,460,0,6153,27911,0,2147483647,0.0,0.0,16,4,-81,GSM,460,0,6153,28031,0,2147483647,0.0,0.0,22,4,-69,GSM,460,0,6153,27903,0,2147483647,0.0,0.0,16,4,-81,GSM,460,0,6153,28020,0,2147483647,0.0,0.0,17,4,-79,GSM,460,0,6153,28033,0,2147483647,0.0,0.0,16,4,-81,GSM,460,0,6153,28027,0,2147483647,0.0,0.0,16,4,-81,GSM
1515923533493,121.49706577,31.28793855,31.0,8.0,0.9062008,-69,true,-1,-1,5,54.0,4000.0,-2.2308349609375,-7.22198486328125,121.5301513671875,2.826138734817505,0.6449652910232544,-2.9143002033233643,-2,-2,6153,27902,0,2147483647,0.0,0.0,0,0,0,,7,460,0,6153,27902,0,2147483647,0.0,0.0,21,4,-71,GSM,460,0,6153,27911,0,2147483647,0.0,0.0,18,4,-77,GSM,460,0,6153,28031,0,2147483647,0.0,0.0,22,4,-69,GSM,460,0,6153,27903,0,2147483647,0.0,0.0,16,4,-81,GSM,460,0,6153,28020,0,2147483647,0.0,0.0,17,4,-79,GSM,460,0,6153,28033,0,2147483647,0.0,0.0,16,4,-81,GSM,460,0,6153,28027,0,2147483647,0.0,0.0,16,4,-81,GSM
1515923535580,121.49727182,31.28768335,40.0,8.0,0.5147815,-69,true,-1,-1,5,54.0,4000.0,1.0589599609375,21.8780517578125,102.0294189453125,1.8590459823608398,1.2093143463134766,-1.9655060768127441,-2,-2,6153,27902,0,2147483647,0.0,0.0,0,0,0,,7,460,0,6153,27902,0,2147483647,0.0,0.0,23,4,-67,GSM,460,0,6153,27911,0,2147483647,0.0,0.0,18,4,-77,GSM,460,0,6153,28031,0,2147483647,0.0,0.0,22,4,-69,GSM,460,0,6153,27903,0,2147483647,0.0,0.0,16,4,-81,GSM,460,0,6153,28020,0,2147483647,0.0,0.0,17,4,-79,GSM,460,0,6153,28033,0,2147483647,0.0,0.0,16,4,-81,GSM,460,0,6153,28027,0,2147483647,0.0,0.0,16,4,-81,GSM
1515923537677,121.49727182,31.28768335,40.0,8.0,0.5147815,-69,true,-1,-1,5,54.0,4000.0,-6.561279296875,26.678466796875,99.62921142578125,1.8932024240493774,0.6389235854148865,-2.3348634243011475,-2,-2,6153,27902,0,2147483647,0.0,0.0,0,0,0,,7,460,0,6153,27902,0,2147483647,0.0,0.0,23,4,-67,GSM,460,0,6153,27911,0,2147483647,0.0,0.0,18,4,-77,GSM,460,0,6153,28031,0,2147483647,0.0,0.0,23,4,-67,GSM,460,0,6153,27903,0,2147483647,0.0,0.0,16,4,-81,GSM,460,0,6153,28020,0,2147483647,0.0,0.0,15,4,-83,GSM,460,0,6153,28033,0,2147483647,0.0,0.0,16,4,-81,GSM,460,0,6153,28027,0,2147483647,0.0,0.0,16,4,-81,GSM
1515923539765,121.49734259,31.28775357,50.0,14.0,1.3956002,-69,true,-1,-1,5,54.0,4000.0,-21.630859375,33.5784912109375,93.328857421875,1.4819424152374268,0.35963544249534607,-2.2234444618225098,-2,-2,6153,27902,0,2147483647,0.0,0.0,0,0,0,,7,460,0,6153,27902,0,2147483647,0.0,0.0,22,4,-69,GSM,460,0,6153,27911,0,2147483647,0.0,0.0,18,4,-77,GSM,460,0,6153,28031,0,2147483647,0.0,0.0,23,4,-67,GSM,460,0,6153,27903,0,2147483647,0.0,0.0,16,4,-81,GSM,460,0,6153,28020,0,2147483647,0.0,0.0,15,4,-83,GSM,460,0,6153,28033,0,2147483647,0.0,0.0,16,4,-81,GSM,460,0,6153,28027,0,2147483647,0.0,0.0,16,4,-81,GSM
1515923541838,121.49734259,31.28775357,50.0,14.0,1.3956002,-69,true,-1,-1,5,54.0,4000.0,-20.0714111328125,37.17803955078125,90.62957763671875,1.4173582792282104,0.4129255712032318,-2.0067527294158936,-2,-2,6153,27902,0,2147483647,0.0,0.0,0,0,0,,7,460,0,6153,27902,0,2147483647,0.0,0.0,22,4,-69,GSM,460,0,6153,27911,0,2147483647,0.0,0.0,18,4,-77,GSM,460,0,6153,28031,0,2147483647,0.0,0.0,24,4,-65,GSM,460,0,6153,27903,0,2147483647,0.0,0.0,16,4,-81,GSM,460,0,6153,28020,0,2147483647,0.0,0.0,14,4,-85,GSM,460,0,6153,28033,0,2147483647,0.0,0.0,15,4,-83,GSM,460,0,6153,28027,0,2147483647,0.0,0.0,16,4,-81,GSM
1515923543932,121.49734259,31.28775357,50.0,14.0,1.3956002,-69,true,-1,-1,5,54.0,4000.0,-19.73114013671875,36.27777099609375,88.2293701171875,1.540020227432251,0.6716786623001099,-1.8297189474105835,-2,-2,6153,27902,0,2147483647,0.0,0.0,0,0,0,,7,460,0,6153,27902,0,2147483647,0.0,0.0,22,4,-69,GSM,460,0,6153,27911,0,2147483647,0.0,0.0,18,4,-77,GSM,460,0,6153,28031,0,2147483647,0.0,0.0,24,4,-65,GSM,460,0,6153,27903,0,2147483647,0.0,0.0,17,4,-79,GSM,460,0,6153,28020,0,2147483647,0.0,0.0,14,4,-85,GSM,460,0,6153,28033,0,2147483647,0.0,0.0,15,4,-83,GSM,460,0,6153,28027,0,2147483647,0.0,0.0,16,4,-81,GSM
1515923546003,121.49733961,31.28798667,95.0,21.0,2.900431,-69,true,-1,-1,5,54.0,4000.0,-30.120849609375,32.97882080078125,91.82891845703125,1.3946789503097534,0.2912352681159973,-2.0146443843841553,-2,-2,6153,27902,0,2147483647,0.0,0.0,0,0,0,,7,460,0,6153,27902,0,2147483647,0.0,0.0,21,4,-71,GSM,460,0,6153,27911,0,2147483647,0.0,0.0,19,4,-75,GSM,460,0,6153,28031,0,2147483647,0.0,0.0,24,4,-65,GSM,460,0,6153,27903,0,2147483647,0.0,0.0,17,4,-79,GSM,460,0,6153,28027,0,2147483647,0.0,0.0,15,4,-83,GSM,460,0,6185,28209,0,2147483647,0.0,0.0,15,4,-83,GSM,460,0,6153,27909,0,2147483647,0.0,0.0,15,4,-83,GSM
1515923548094,121.49733961,31.28798667,95.0,21.0,2.900431,-69,true,-1,-1,5,54.0,4000.0,-25.44097900390625,30.27801513671875,97.52960205078125,1.5127100944519043,0.3856891691684723,-1.9822953939437866,-2,-2,6153,27902,0,2147483647,0.0,0.0,0,0,0,,7,460,0,6153,27902,0,2147483647,0.0,0.0,21,4,-71,GSM,460,0,6153,27911,0,2147483647,0.0,0.0,19,4,-75,GSM,460,0,6153,28031,0,2147483647,0.0,0.0,24,4,-65,GSM,460,0,6153,27903,0,2147483647,0.0,0.0,18,4,-77,GSM,460,0,6153,28027,0,2147483647,0.0,0.0,15,4,-83,GSM,460,0,6185,28209,0,2147483647,0.0,0.0,15,4,-83,GSM,460,0,6153,27909,0,2147483647,0.0,0.0,17,4,-79,GSM
1515923550187,121.49746784,31.28825265,81.0,25.0,2.8249247,-69,true,-1,-1,5,54.0,4000.0,-22.15118408203125,35.6781005859375,91.229248046875,1.5100595951080322,0.5978459715843201,-1.8131576776504517,-2,-2,6153,27902,0,2147483647,0.0,0.0,0,0,0,,6,460,0,6153,27902,0,2147483647,0.0,0.0,22,4,-69,GSM,460,0,6153,27911,0,2147483647,0.0,0.0,19,4,-75,GSM,460,0,6153,28031,0,2147483647,0.0,0.0,24,4,-65,GSM,460,0,6153,27903,0,2147483647,0.0,0.0,18,4,-77,GSM,460,0,6153,28027,0,2147483647,0.0,0.0,15,4,-83,GSM,460,0,6153,27909,0,2147483647,0.0,0.0,17,4,-79,GSM
1515923552282,121.49746784,31.28825265,81.0,25.0,2.8249247,-69,true,-1,-1,5,54.0,4000.0,-27.00042724609375,35.3790283203125,91.229248046875,1.4759291410446167,0.5350570678710938,-1.7631244659423828,-2,-2,6153,27902,0,2147483647,0.0,0.0,0,0,0,,7,460,0,6153,27902,0,2147483647,0.0,0.0,23,4,-67,GSM,460,0,6153,27911,0,2147483647,0.0,0.0,19,4,-75,GSM,460,0,6153,28031,0,2147483647,0.0,0.0,23,4,-67,GSM,460,0,6153,27903,0,2147483647,0.0,0.0,18,4,-77,GSM,460,0,6153,28027,0,2147483647,0.0,0.0,15,4,-83,GSM,460,0,6153,27909,0,2147483647,0.0,0.0,17,4,-79,GSM,0,0,0,-1,0,2147483647,0.0,0.0,16,4,-81,GSM
1515923554388,121.49753744,31.2883151,52.0,21.0,2.4239638,-69,true,-1,-1,5,54.0,4000.0,-36.0107421875,27.5787353515625,98.42987060546875,1.3747955560684204,0.17168019711971283,-2.0734686851501465,-2,-2,6153,27902,0,2147483647,0.0,0.0,0,0,0,,7,460,0,6153,27902,0,2147483647,0.0,0.0,24,4,-65,GSM,460,0,6153,27911,0,2147483647,0.0,0.0,19,4,-75,GSM,460,0,6153,28031,0,2147483647,0.0,0.0,23,4,-67,GSM,460,0,6153,27903,0,2147483647,0.0,0.0,19,4,-75,GSM,460,0,6153,28027,0,2147483647,0.0,0.0,15,4,-83,GSM,460,0,6153,27909,0,2147483647,0.0,0.0,17,4,-79,GSM,460,0,6153,27930,0,2147483647,0.0,0.0,17,4,-79,GSM
1515923556460,121.49753744,31.2883151,52.0,21.0,2.4239638,-69,true,-1,-1,5,54.0,4000.0,-26.8310546875,30.87921142578125,98.1292724609375,1.5496419668197632,0.5222817063331604,-1.816422462463379,-2,-2,6153,27902,0,2147483647,0.0,0.0,0,0,0,,6,460,0,6153,27902,0,2147483647,0.0,0.0,24,4,-65,GSM,460,0,6153,27911,0,2147483647,0.0,0.0,19,4,-75,GSM,460,0,6153,28031,0,2147483647,0.0,0.0,23,4,-67,GSM,460,0,6153,27903,0,2147483647,0.0,0.0,19,4,-75,GSM,460,0,6153,27909,0,2147483647,0.0,0.0,17,4,-79,GSM,460,0,6153,27930,0,2147483647,0.0,0.0,17,4,-79,GSM
1515923558549,121.49750375,31.28833528,60.0,18.0,2.0859768,-69,true,-1,-1,5,54.0,4000.0,-31.6802978515625,30.27801513671875,100.52947998046875,1.469651222229004,0.2914709448814392,-2.0523040294647217,-2,-2,6153,27902,0,2147483647,0.0,0.0,0,0,0,,6,460,0,6153,27902,0,2147483647,0.0,0.0,23,4,-67,GSM,460,0,6153,27911,0,2147483647,0.0,0.0,19,4,-75,GSM,460,0,6153,28031,0,2147483647,0.0,0.0,23,4,-67,GSM,460,0,6153,27903,0,2147483647,0.0,0.0,19,4,-75,GSM,460,0,6153,27909,0,2147483647,0.0,0.0,19,4,-75,GSM,460,0,6153,27930,0,2147483647,0.0,0.0,18,4,-77,GSM
1515923560648,121.49750375,31.28833528,60.0,18.0,2.0859768,-69,true,-1,-1,5,54.0,4000.0,-26.48162841796875,31.17828369140625,101.72882080078125,1.573747158050537,0.640608549118042,-1.7302457094192505,-2,-2,6153,27902,0,2147483647,0.0,0.0,0,0,0,,6,460,0,6153,27902,0,2147483647,0.0,0.0,21,4,-71,GSM,460,0,6153,27911,0,2147483647,0.0,0.0,19,4,-75,GSM,460,0,6153,28031,0,2147483647,0.0,0.0,23,4,-67,GSM,460,0,6153,27903,0,2147483647,0.0,0.0,19,4,-75,GSM,460,0,6153,27909,0,2147483647,0.0,0.0,19,4,-75,GSM,460,0,6153,27930,0,2147483647,0.0,0.0,18,4,-77,GSM
1515923562714,121.49765882,31.28842578,77.0,19.0,1.4746186,-69,true,-1,-1,5,54.0,4000.0,-33.06121826171875,15.27862548828125,114.32952880859375,1.6889170408248901,0.3943926990032196,-1.8880096673965454,-2,-2,6153,27902,0,2147483647,0.0,0.0,0,0,0,,6,460,0,6153,27902,0,2147483647,0.0,0.0,21,4,-71,GSM,460,0,6153,27911,0,2147483647,0.0,0.0,19,4,-75,GSM,460,0,6153,28031,0,2147483647,0.0,0.0,23,4,-67,GSM,460,0,6153,27903,0,2147483647,0.0,0.0,19,4,-75,GSM,460,0,6153,27909,0,2147483647,0.0,0.0,19,4,-75,GSM,460,0,6153,27930,0,2147483647,0.0,0.0,18,4,-77,GSM
1515923564828,121.49765882,31.28842578,77.0,19.0,1.4746186,-69,true,-1,-1,5,54.0,4000.0,-40.51055908203125,2.0782470703125,119.42901611328125,1.769513487815857,0.26424771547317505,-1.948837399482727,-2,-2,6153,27902,0,2147483647,0.0,0.0,0,0,0,,6,460,0,6153,27902,0,2147483647,0.0,0.0,20,4,-73,GSM,460,0,6153,27911,0,2147483647,0.0,0.0,19,4,-75,GSM,460,0,6153,28031,0,2147483647,0.0,0.0,23,4,-67,GSM,460,0,6153,27903,0,2147483647,0.0,0.0,17,4,-79,GSM,460,0,6153,27909,0,2147483647,0.0,0.0,19,4,-75,GSM,460,0,6153,27930,0,2147483647,0.0,0.0,17,4,-79,GSM
1515923566900,121.49766177,31.28838938,35.0,17.0,2.423324,-69,true,-1,-1,5,54.0,4000.0,-36.871337890625,1.47857666015625,116.13006591796875,1.848355770111084,0.5071234107017517,-1.8127461671829224,-2,-2,6153,27902,0,2147483647,0.0,0.0,0,0,0,,7,460,0,6153,27902,0,2147483647,0.0,0.0,19,4,-75,GSM,460,0,6153,27911,0,2147483647,0.0,0.0,19,4,-75,GSM,460,0,6153,28031,0,2147483647,0.0,0.0,23,4,-67,GSM,460,0,6153,27903,0,2147483647,0.0,0.0,17,4,-79,GSM,460,0,6153,27909,0,2147483647,0.0,0.0,19,4,-75,GSM,460,0,6153,27930,0,2147483647,0.0,0.0,17,4,-79,GSM,460,0,6153,28020,0,2147483647,0.0,0.0,15,4,-83,GSM
1515923568991,121.49766177,31.28838938,35.0,17.0,2.423324,-69,true,-1,-1,5,54.0,4000.0,-44.15130615234375,-4.52117919921875,117.32940673828125,1.8066803216934204,0.16821794211864471,-2.051579236984253,-2,-2,6153,27909,0,2147483647,0.0,0.0,0,0,0,,2,460,0,6153,27909,0,2147483647,0.0,0.0,20,4,-73,GSM,460,0,6153,28031,0,2147483647,0.0,0.0,23,4,-67,GSM
1515923571082,121.49792054,31.28823363,45.0,21.0,3.007075,-69,true,-1,-1,5,54.0,4000.0,-37.7410888671875,-6.62078857421875,115.22979736328125,1.8621398210525513,0.4066128730773926,-1.8018041849136353,-2,-2,6153,27909,0,2147483647,0.0,0.0,0,0,0,,3,460,0,6153,27909,0,2147483647,0.0,0.0,21,4,-71,GSM,460,0,6153,28031,0,2147483647,0.0,0.0,23,4,-67,GSM,0,0,0,-1,0,2147483647,0.0,0.0,14,4,-85,GSM
1515923573175,121.49792054,31.28823363,45.0,21.0,3.007075,-69,true,-1,-1,5,54.0,4000.0,-42.59033203125,-3.9215087890625,115.22979736328125,1.8568243980407715,0.3614388704299927,-1.8455419540405273,-2,-2,6153,27909,0,2147483647,0.0,0.0,0,0,0,,3,460,0,6153,27909,0,2147483647,0.0,0.0,21,4,-71,GSM,460,0,6153,28031,0,2147483647,0.0,0.0,24,4,-65,GSM,0,0,0,-1,0,2147483647,0.0,0.0,22,4,-69,GSM
1515923575264,121.49793691,31.28817527,50.0,14.0,2.7480357,-69,true,-1,-1,5,54.0,4000.0,-38.95111083984375,-10.821533203125,120.32928466796875,1.8860739469528198,0.3188026547431946,-1.8824306726455688,-2,-2,6153,27909,0,2147483647,0.0,0.0,0,0,0,,3,460,0,6153,27909,0,2147483647,0.0,0.0,20,4,-73,GSM,460,0,6153,28031,0,2147483647,0.0,0.0,25,4,-63,GSM,0,0,0,-1,0,2147483647,0.0,0.0,21,4,-71,GSM
1515923577357,121.49793691,31.28817527,50.0,14.0,2.7480357,-69,true,-1,-1,5,54.0,4000.0,-42.42095947265625,4.47845458984375,114.32952880859375,1.785150170326233,0.4712352156639099,-1.7276723384857178,-2,-2,6153,27909,0,2147483647,0.0,0.0,0,0,0,,4,460,0,6153,27909,0,2147483647,0.0,0.0,20,4,-73,GSM,460,0,6153,28031,0,2147483647,0.0,0.0,26,4,-61,GSM,0,0,0,-1,0,2147483647,0.0,0.0,18,4,-77,GSM,0,0,0,-1,0,2147483647,0.0,0.0,10,3,-93,GSM
1515923579445,121.49815039,31.28817357,43.0,11.0,4.0167274,-69,true,-1,-1,5,54.0,4000.0,-43.11065673828125,-18.32122802734375,111.32965087890625,1.9478806257247925,0.14820782840251923,-2.047942638397217,-2,-2,6153,27909,0,2147483647,0.0,0.0,0,0,0,,4,460,0,6153,27909,0,2147483647,0.0,0.0,20,4,-73,GSM,460,0,6153,28031,0,2147483647,0.0,0.0,27,4,-59,GSM,0,0,0,-1,0,2147483647,0.0,0.0,18,4,-77,GSM,0,0,0,-1,0,2147483647,0.0,0.0,11,3,-91,GSM
1515923581738,121.49815039,31.28817357,43.0,11.0,4.0167274,-69,true,-1,-1,5,54.0,4000.0,-60.60028076171875,-24.32098388671875,84.0301513671875,2.2387053966522217,0.3978179693222046,-1.811481237411499,-2,-2,6153,27909,0,2147483647,0.0,0.0,0,0,0,,5,460,0,6153,27909,0,2147483647,0.0,0.0,20,4,-73,GSM,460,0,6153,28031,0,2147483647,0.0,0.0,28,4,-57,GSM,0,0,0,-1,0,2147483647,0.0,0.0,18,4,-77,GSM,0,0,0,-1,0,2147483647,0.0,0.0,12,4,-89,GSM,0,0,0,-1,0,2147483647,0.0,0.0,10,3,-93,GSM
1515923583805,121.49807638,31.2880613,52.0,12.0,2.741423,-69,true,-1,-1,5,54.0,4000.0,-59.04083251953125,-27.92205810546875,73.529052734375,2.3224544525146484,0.3617555499076843,-1.8223294019699097,-2,-2,6153,27909,0,2147483647,0.0,0.0,0,0,0,,5,460,0,6153,27909,0,2147483647,0.0,0.0,20,4,-73,GSM,460,0,6153,28031,0,2147483647,0.0,0.0,29,4,-55,GSM,0,0,0,-1,0,2147483647,0.0,0.0,18,4,-77,GSM,0,0,0,-1,0,2147483647,0.0,0.0,12,4,-89,GSM,0,0,0,-1,0,2147483647,0.0,0.0,10,3,-93,GSM
1515923585899,121.49807638,31.2880613,52.0,12.0,2.741423,-69,true,-1,-1,5,54.0,4000.0,-61.12060546875,-18.621826171875,68.73016357421875,2.266265392303467,0.34586143493652344,-1.815826416015625,-2,-2,6153,27909,0,2147483647,0.0,0.0,0,0,0,,5,460,0,6153,27909,0,2147483647,0.0,0.0,20,4,-73,GSM,460,0,6153,28031,0,2147483647,0.0,0.0,29,4,-55,GSM,0,0,0,-1,0,2147483647,0.0,0.0,18,4,-77,GSM,0,0,0,-1,0,2147483647,0.0,0.0,12,4,-89,GSM,0,0,0,-1,0,2147483647,0.0,0.0,10,3,-93,GSM
1515923587991,121.49788554,31.28806222,46.0,15.0,1.6783922,-69,true,-1,-1,5,54.0,4000.0,-58.7005615234375,-28.82080078125,75.92926025390625,2.30255126953125,0.24252432584762573,-1.9032258987426758,-2,-2,6153,28031,0,2147483647,0.0,0.0,0,0,0,,2,460,0,6153,28031,0,2147483647,0.0,0.0,27,4,-59,GSM,0,0,0,-1,0,2147483647,0.0,0.0,12,4,-89,GSM