IMEI:862534033931242
IMSI:460016291512177
OSVersion:3.10.73-perf-g94fc9a6
apiLevel:5.1.1
model:Redmi Note 3
device:kenzo
product:kenzo
73
1521795252380,121.49571869,31.28374926,-4.0,34.0,0.0,-59,true,-1,-1,5,88.0,4000.0,-46.57135009765625,-42.02117919921875,44.12994384765625,2.577437400817871,-0.4535624086856842,0.17467130720615387,-2,-2,4199,29753,0,2147483647,0.0,0.0,0,0,0,,6,460,1,4199,29753,0,2147483647,0.0,0.0,23,4,-67,GSM,460,1,4199,18467,0,2147483647,0.0,0.0,19,4,-75,GSM,460,1,4199,29752,0,2147483647,0.0,0.0,15,4,-83,GSM,460,1,4199,12499,0,2147483647,0.0,0.0,15,4,-83,GSM,460,1,4199,29742,0,2147483647,0.0,0.0,12,4,-89,GSM,460,1,4199,18539,0,2147483647,0.0,0.0,10,3,-93,GSM
1521795254452,121.49571869,31.28374926,-4.0,34.0,0.0,-59,true,-1,-1,5,88.0,4000.0,-51.42059326171875,-38.72222900390625,45.928955078125,2.363420248031616,-0.4725988507270813,-0.04643283411860466,-2,-2,4199,29753,0,2147483647,0.0,0.0,0,0,0,,5,460,1,4199,29753,0,2147483647,0.0,0.0,23,4,-67,GSM,460,1,4199,18467,0,2147483647,0.0,0.0,19,4,-75,GSM,460,1,4199,29752,0,2147483647,0.0,0.0,16,4,-81,GSM,460,1,4199,12499,0,2147483647,0.0,0.0,14,4,-85,GSM,460,1,4199,18639,0,2147483647,0.0,0.0,13,4,-87,GSM
1521795256526,121.49571869,31.28374926,-4.0,34.0,0.0,-59,true,-1,-1,5,88.0,4000.0,-71.51031494140625,2.67791748046875,80.72967529296875,2.333679676055908,0.8830899000167847,-1.7497166395187378,-2,-2,4199,29753,0,2147483647,0.0,0.0,0,0,0,,5,460,1,4199,29753,0,2147483647,0.0,0.0,22,4,-69,GSM,460,1,4199,18467,0,2147483647,0.0,0.0,19,4,-75,GSM,460,1,4199,29752,0,2147483647,0.0,0.0,16,4,-81,GSM,460,1,4199,12499,0,2147483647,0.0,0.0,14,4,-85,GSM,460,1,4199,18639,0,2147483647,0.0,0.0,13,4,-87,GSM
1521795258624,121.49572229,31.28376168,-4.0,21.0,0.0,-59,true,-1,-1,5,88.0,4000.0,-72.55096435546875,45.5780029296875,94.52972412109375,1.628834843635559,0.657568097114563,-1.526612639427185,-2,-2,4199,29753,0,2147483647,0.0,0.0,0,0,0,,5,460,1,4199,29753,0,2147483647,0.0,0.0,23,4,-67,GSM,460,1,4199,18467,0,2147483647,0.0,0.0,19,4,-75,GSM,460,1,4199,29752,0,2147483647,0.0,0.0,18,4,-77,GSM,460,1,4199,12499,0,2147483647,0.0,0.0,14,4,-85,GSM,460,1,4199,18468,0,2147483647,0.0,0.0,10,3,-93,GSM
1521795260698,121.49572229,31.28376168,-4.0,21.0,0.0,-59,true,-1,-1,5,88.0,4000.0,-63.55133056640625,36.27777099609375,105.9295654296875,1.8119200468063354,0.8323454856872559,-1.6079095602035522,-2,-2,4199,29753,0,2147483647,0.0,0.0,0,0,0,,5,460,1,4199,29753,0,2147483647,0.0,0.0,25,4,-63,GSM,460,1,4199,18467,0,2147483647,0.0,0.0,20,4,-73,GSM,460,1,4199,29752,0,2147483647,0.0,0.0,18,4,-77,GSM,460,1,4199,12499,0,2147483647,0.0,0.0,14,4,-85,GSM,460,1,4199,18468,0,2147483647,0.0,0.0,10,3,-93,GSM
1521795262793,121.49570217,31.28375022,-3.0,15.0,0.0,-59,true,-1,-1,5,88.0,4000.0,-59.7412109375,36.87896728515625,104.1290283203125,1.7664079666137695,0.8019927740097046,-1.6094753742218018,-2,-2,4199,29753,0,2147483647,0.0,0.0,0,0,0,,5,460,1,4199,29753,0,2147483647,0.0,0.0,26,4,-61,GSM,460,1,4199,18467,0,2147483647,0.0,0.0,20,4,-73,GSM,460,1,4199,29752,0,2147483647,0.0,0.0,19,4,-75,GSM,460,1,4199,12499,0,2147483647,0.0,0.0,16,4,-81,GSM,460,1,4199,18468,0,2147483647,0.0,0.0,11,3,-91,GSM
1521795264883,121.49570217,31.28375022,-3.0,15.0,0.0,-59,true,-1,-1,5,88.0,4000.0,-39.82086181640625,-57.0220947265625,33.62884521484375,-3.105107545852661,0.6617965698242188,-2.3260185718536377,-2,-2,4199,29753,0,2147483647,0.0,0.0,0,0,0,,6,460,1,4199,29753,0,2147483647,0.0,0.0,28,4,-57,GSM,460,1,4199,18467,0,2147483647,0.0,0.0,20,4,-73,GSM,460,1,4199,29752,0,2147483647,0.0,0.0,19,4,-75,GSM,460,1,4199,12499,0,2147483647,0.0,0.0,16,4,-81,GSM,460,1,4199,18468,0,2147483647,0.0,0.0,11,3,-91,GSM,460,1,4199,18539,0,2147483647,0.0,0.0,13,4,-87,GSM
1521795267095,121.49569467,31.28374314,-2.0,15.0,0.0,-59,true,-1,-1,5,88.0,4000.0,-31.500244140625,70.77789306640625,19.2291259765625,0.28212887048721313,0.5839405059814453,-1.8016117811203003,-2,-2,4199,29753,0,2147483647,0.0,0.0,0,0,0,,6,460,1,4199,29753,0,2147483647,0.0,0.0,29,4,-55,GSM,460,1,4199,18467,0,2147483647,0.0,0.0,21,4,-71,GSM,460,1,4199,29752,0,2147483647,0.0,0.0,19,4,-75,GSM,460,1,4199,12499,0,2147483647,0.0,0.0,17,4,-79,GSM,460,1,4199,18468,0,2147483647,0.0,0.0,13,4,-87,GSM,460,1,4199,18539,0,2147483647,0.0,0.0,13,4,-87,GSM
1521795269172,121.49569467,31.28374314,-2.0,15.0,0.0,-59,true,-1,-1,5,88.0,4000.0,-17.6513671875,79.47845458984375,42.6300048828125,0.5537175536155701,0.513896644115448,-1.952572226524353,-2,-2,4199,29753,0,2147483647,0.0,0.0,0,0,0,,6,460,1,4199,29753,0,2147483647,0.0,0.0,26,4,-61,GSM,460,1,4199,18467,0,2147483647,0.0,0.0,21,4,-71,GSM,460,1,4199,29752,0,2147483647,0.0,0.0,22,4,-69,GSM,0,0,0,-1,0,2147483647,0.0,0.0,17,4,-79,GSM,460,1,4199,18468,0,2147483647,0.0,0.0,13,4,-87,GSM,460,1,4199,18539,0,2147483647,0.0,0.0,13,4,-87,GSM
1521795271268,121.49569319,31.2837415,-2.0,27.0,0.0,-59,true,-1,-1,5,88.0,4000.0,-22.15118408203125,45.87860107421875,111.6302490234375,1.3694980144500732,0.32941576838493347,-2.309752941131592,-2,-2,4199,29753,0,2147483647,0.0,0.0,0,0,0,,6,460,1,4199,29753,0,2147483647,0.0,0.0,25,4,-63,GSM,460,1,4199,18467,0,2147483647,0.0,0.0,23,4,-67,GSM,460,1,4199,29752,0,2147483647,0.0,0.0,23,4,-67,GSM,460,1,4199,12499,0,2147483647,0.0,0.0,17,4,-79,GSM,460,1,4199,18468,0,2147483647,0.0,0.0,13,4,-87,GSM,460,1,4199,18539,0,2147483647,0.0,0.0,13,4,-87,GSM
1521795273344,121.49569319,31.2837415,-2.0,27.0,0.0,-59,true,-1,-1,5,88.0,4000.0,-31.500244140625,68.07861328125,81.62994384765625,0.8145067691802979,0.3914993703365326,-2.372805595397949,-2,-2,4199,29753,0,2147483647,0.0,0.0,0,0,0,,6,460,1,4199,29753,0,2147483647,0.0,0.0,25,4,-63,GSM,460,1,4199,18467,0,2147483647,0.0,0.0,23,4,-67,GSM,460,1,4199,29752,0,2147483647,0.0,0.0,23,4,-67,GSM,460,1,4199,12499,0,2147483647,0.0,0.0,17,4,-79,GSM,460,1,4199,18468,0,2147483647,0.0,0.0,13,4,-87,GSM,460,1,4199,18539,0,2147483647,0.0,0.0,13,4,-87,GSM
1521795275437,121.49572158,31.28372446,-3.0,37.0,0.0,-59,true,-1,-1,5,88.0,4000.0,-40.1611328125,81.878662109375,63.629150390625,0.6656906008720398,0.3641427755355835,-1.9740357398986816,-2,-2,4199,29753,0,2147483647,0.0,0.0,0,0,0,,6,460,1,4199,29753,0,2147483647,0.0,0.0,25,4,-63,GSM,460,1,4199,18467,0,2147483647,0.0,0.0,25,4,-63,GSM,460,1,4199,29752,0,2147483647,0.0,0.0,23,4,-67,GSM,460,1,4199,12499,0,2147483647,0.0,0.0,18,4,-77,GSM,460,1,4199,18468,0,2147483647,0.0,0.0,14,4,-85,GSM,460,1,4199,18539,0,2147483647,0.0,0.0,13,4,-87,GSM
1521795277539,121.49572158,31.28372446,-3.0,37.0,0.0,-59,true,-1,-1,5,88.0,4000.0,-32.37152099609375,83.37860107421875,55.52978515625,0.6645983457565308,0.45138058066368103,-1.8971612453460693,-2,-2,4199,29753,0,2147483647,0.0,0.0,0,0,0,,6,460,1,4199,29753,0,2147483647,0.0,0.0,25,4,-63,GSM,460,1,4199,18467,0,2147483647,0.0,0.0,25,4,-63,GSM,460,1,4199,29752,0,2147483647,0.0,0.0,24,4,-65,GSM,460,1,4199,12499,0,2147483647,0.0,0.0,18,4,-77,GSM,460,1,4199,18468,0,2147483647,0.0,0.0,14,4,-85,GSM,460,1,4199,18639,0,2147483647,0.0,0.0,19,4,-75,GSM
1521795279619,121.49572158,31.28372446,-3.0,37.0,0.0,-59,true,-1,-1,5,88.0,4000.0,-30.29022216796875,43.17779541015625,98.72894287109375,1.3224936723709106,0.3140842020511627,-2.056352376937866,-2,-2,4199,29753,0,2147483647,0.0,0.0,0,0,0,,5,460,1,4199,29753,0,2147483647,0.0,0.0,25,4,-63,GSM,460,1,4199,18467,0,2147483647,0.0,0.0,27,4,-59,GSM,460,1,4199,29752,0,2147483647,0.0,0.0,24,4,-65,GSM,460,1,4199,12499,0,2147483647,0.0,0.0,18,4,-77,GSM,460,1,4199,18638,0,2147483647,0.0,0.0,15,4,-83,GSM
1521795281720,121.49592772,31.28374305,-8.0,40.0,2.8329842,-59,true,-1,-1,5,88.0,4000.0,-39.82086181640625,72.57843017578125,70.82977294921875,0.6277894973754883,0.26211515069007874,-2.1525402069091797,-2,-2,4199,29753,0,2147483647,0.0,0.0,0,0,0,,6,460,1,4199,29753,0,2147483647,0.0,0.0,25,4,-63,GSM,460,1,4199,18467,0,2147483647,0.0,0.0,27,4,-59,GSM,460,1,4199,29752,0,2147483647,0.0,0.0,23,4,-67,GSM,460,1,4199,12499,0,2147483647,0.0,0.0,18,4,-77,GSM,460,1,4199,18638,0,2147483647,0.0,0.0,14,4,-85,GSM,460,1,4199,29742,0,2147483647,0.0,0.0,16,4,-81,GSM
1521795283815,121.49592772,31.28374305,-8.0,40.0,2.8329842,-59,true,-1,-1,5,88.0,4000.0,-21.630859375,84.27886962890625,38.13018798828125,0.4313446283340454,0.3999789357185364,-1.8719336986541748,-2,-2,4199,29753,0,2147483647,0.0,0.0,0,0,0,,6,460,1,4199,29753,0,2147483647,0.0,0.0,24,4,-65,GSM,460,1,4199,18467,0,2147483647,0.0,0.0,29,4,-55,GSM,460,1,4199,29752,0,2147483647,0.0,0.0,23,4,-67,GSM,460,1,4199,12499,0,2147483647,0.0,0.0,18,4,-77,GSM,460,1,4199,18638,0,2147483647,0.0,0.0,14,4,-85,GSM,460,1,4199,29742,0,2147483647,0.0,0.0,17,4,-79,GSM
1521795285888,121.49592772,31.28374305,-8.0,40.0,2.8329842,-59,true,-1,-1,5,88.0,4000.0,-13.49029541015625,83.37860107421875,41.42913818359375,0.504201352596283,0.45134109258651733,-1.8851090669631958,-2,-2,4199,29753,0,2147483647,0.0,0.0,0,0,0,,6,460,1,4199,29753,0,2147483647,0.0,0.0,26,4,-61,GSM,460,1,4199,18467,0,2147483647,0.0,0.0,29,4,-55,GSM,460,1,4199,29752,0,2147483647,0.0,0.0,23,4,-67,GSM,460,1,4199,12499,0,2147483647,0.0,0.0,18,4,-77,GSM,460,1,4199,29742,0,2147483647,0.0,0.0,17,4,-79,GSM,460,1,4199,18469,0,2147483647,0.0,0.0,17,4,-79,GSM
1521795287978,121.49606321,31.28351411,-4.0,30.0,2.4982593,-59,true,-1,-1,5,88.0,4000.0,-37.39166259765625,85.47821044921875,52.22930908203125,0.5412303805351257,0.34039193391799927,-1.8863329887390137,-2,-2,4199,29753,0,2147483647,0.0,0.0,0,0,0,,6,460,1,4199,29753,0,2147483647,0.0,0.0,25,4,-63,GSM,460,1,4199,18467,0,2147483647,0.0,0.0,31,4,-51,GSM,460,1,4199,29752,0,2147483647,0.0,0.0,23,4,-67,GSM,460,1,4199,12499,0,2147483647,0.0,0.0,17,4,-79,GSM,460,1,4199,29742,0,2147483647,0.0,0.0,17,4,-79,GSM,460,1,4199,18469,0,2147483647,0.0,0.0,17,4,-79,GSM
1521795290076,121.49606321,31.28351411,-4.0,30.0,2.4982593,-59,true,-1,-1,5,88.0,4000.0,-18.69049072265625,90.27862548828125,23.42987060546875,0.22984081506729126,0.4208223521709442,-1.8685672283172607,-2,-2,4199,29753,0,2147483647,0.0,0.0,0,0,0,,6,460,1,4199,29753,0,2147483647,0.0,0.0,24,4,-65,GSM,460,1,4199,18467,0,2147483647,0.0,0.0,31,4,-51,GSM,460,1,4199,29752,0,2147483647,0.0,0.0,23,4,-67,GSM,460,1,4199,12499,0,2147483647,0.0,0.0,17,4,-79,GSM,460,1,4199,29742,0,2147483647,0.0,0.0,17,4,-79,GSM,460,1,4199,18468,0,2147483647,0.0,0.0,17,4,-79,GSM
1521795292154,121.49621472,31.28353124,3.0,25.0,0.92439175,-59,true,-1,-1,5,88.0,4000.0,-7.08160400390625,89.97802734375,23.72894287109375,0.2782970666885376,0.4271388351917267,-1.7516306638717651,-2,-2,4199,29753,0,2147483647,0.0,0.0,0,0,0,,6,460,1,4199,29753,0,2147483647,0.0,0.0,22,4,-69,GSM,460,1,4199,18467,0,2147483647,0.0,0.0,31,4,-51,GSM,460,1,4199,29752,0,2147483647,0.0,0.0,23,4,-67,GSM,460,1,4199,12499,0,2147483647,0.0,0.0,17,4,-79,GSM,460,1,4199,29742,0,2147483647,0.0,0.0,2,0,-109,GSM,460,1,4199,18468,0,2147483647,0.0,0.0,19,4,-75,GSM
1521795294238,121.49629954,31.28360999,2.0,17.0,0.71112585,-59,true,-1,-1,5,88.0,4000.0,-11.590576171875,83.0780029296875,26.129150390625,0.3579618036746979,0.5698473453521729,-1.8095451593399048,-2,-2,4199,29753,0,2147483647,0.0,0.0,0,0,0,,5,460,1,4199,29753,0,2147483647,0.0,0.0,22,4,-69,GSM,460,1,4199,18467,0,2147483647,0.0,0.0,31,4,-51,GSM,460,1,4199,29752,0,2147483647,0.0,0.0,22,4,-69,GSM,460,1,4199,18468,0,2147483647,0.0,0.0,19,4,-75,GSM,460,1,4199,18469,0,2147483647,0.0,0.0,19,4,-75,GSM
1521795296332,121.49630959,31.28361779,4.0,16.0,0.6453681,-59,true,-1,-1,5,88.0,4000.0,-45.361328125,76.177978515625,40.22979736328125,0.4741528034210205,0.3939065933227539,-1.8669021129608154,-2,-2,4199,29753,0,2147483647,0.0,0.0,0,0,0,,5,460,1,4199,29753,0,2147483647,0.0,0.0,23,4,-67,GSM,460,1,4199,18467,0,2147483647,0.0,0.0,31,4,-51,GSM,460,1,4199,29752,0,2147483647,0.0,0.0,22,4,-69,GSM,460,1,4199,18468,0,2147483647,0.0,0.0,19,4,-75,GSM,460,1,4199,18469,0,2147483647,0.0,0.0,21,4,-71,GSM
1521795298431,121.49632542,31.28359446,3.0,14.0,1.6052725,-59,true,-1,-1,5,88.0,4000.0,-40.86151123046875,76.47857666015625,36.6302490234375,0.3398117125034332,0.38710516691207886,-1.9650641679763794,-2,-2,4199,18467,0,2147483647,0.0,0.0,0,0,0,,6,460,1,4199,18467,0,2147483647,0.0,0.0,31,4,-51,GSM,460,1,4199,29752,0,2147483647,0.0,0.0,22,4,-69,GSM,460,1,4199,18468,0,2147483647,0.0,0.0,22,4,-69,GSM,460,1,4199,18469,0,2147483647,0.0,0.0,22,4,-69,GSM,460,1,4199,29753,0,2147483647,0.0,0.0,24,4,-65,GSM,0,0,0,-1,0,2147483647,0.0,0.0,18,4,-77,GSM
1521795300530,121.49638133,31.28361395,3.0,13.0,2.4400206,-59,true,-1,-1,5,88.0,4000.0,-38.61083984375,47.67913818359375,66.3299560546875,1.2916765213012695,0.48812389373779297,-2.0076637268066406,-2,-2,4199,18467,0,2147483647,0.0,0.0,0,0,0,,6,460,1,4199,18467,0,2147483647,0.0,0.0,31,4,-51,GSM,460,1,4199,29752,0,2147483647,0.0,0.0,22,4,-69,GSM,460,1,4199,18468,0,2147483647,0.0,0.0,22,4,-69,GSM,460,1,4199,18469,0,2147483647,0.0,0.0,23,4,-67,GSM,460,1,4199,29753,0,2147483647,0.0,0.0,24,4,-65,GSM,460,1,4199,12499,0,2147483647,0.0,0.0,18,4,-77,GSM
1521795302613,121.49638133,31.28361395,3.0,13.0,2.4400206,-59,true,-1,-1,5,88.0,4000.0,-43.6309814453125,71.0784912109375,42.6300048828125,0.26486244797706604,0.3456781506538391,-2.1356241703033447,-2,-2,4199,18467,0,2147483647,0.0,0.0,0,0,0,,6,460,1,4199,18467,0,2147483647,0.0,0.0,31,4,-51,GSM,460,1,4199,29752,0,2147483647,0.0,0.0,22,4,-69,GSM,460,1,4199,18468,0,2147483647,0.0,0.0,23,4,-67,GSM,460,1,4199,18469,0,2147483647,0.0,0.0,23,4,-67,GSM,460,1,4199,29753,0,2147483647,0.0,0.0,24,4,-65,GSM,460,1,4199,12499,0,2147483647,0.0,0.0,19,4,-75,GSM
1521795304710,121.49642912,31.28368037,3.0,16.0,0.0,-59,true,-1,-1,5,88.0,4000.0,-28.91082763671875,82.47833251953125,21.33026123046875,0.16026630997657776,0.4149129092693329,-1.9257713556289673,-2,-2,4199,18467,0,2147483647,0.0,0.0,0,0,0,,6,460,1,4199,18467,0,2147483647,0.0,0.0,31,4,-51,GSM,460,1,4199,29752,0,2147483647,0.0,0.0,22,4,-69,GSM,460,1,4199,18468,0,2147483647,0.0,0.0,23,4,-67,GSM,460,1,4199,18469,0,2147483647,0.0,0.0,24,4,-65,GSM,460,1,4199,29753,0,2147483647,0.0,0.0,24,4,-65,GSM,460,1,4199,12499,0,2147483647,0.0,0.0,19,4,-75,GSM
1521795306797,121.49642912,31.28368037,3.0,16.0,0.0,-59,true,-1,-1,5,88.0,4000.0,-46.2310791015625,74.37896728515625,39.32952880859375,0.3911103904247284,0.41363734006881714,-1.9659407138824463,-2,-2,4199,18467,0,2147483647,0.0,0.0,0,0,0,,6,460,1,4199,18467,0,2147483647,0.0,0.0,31,4,-51,GSM,460,1,4199,29752,0,2147483647,0.0,0.0,23,4,-67,GSM,460,1,4199,18468,0,2147483647,0.0,0.0,23,4,-67,GSM,460,1,4199,18469,0,2147483647,0.0,0.0,24,4,-65,GSM,460,1,4199,29753,0,2147483647,0.0,0.0,25,4,-63,GSM,460,1,4199,12499,0,2147483647,0.0,0.0,19,4,-75,GSM
1521795308890,121.49649882,31.28379275,6.0,23.0,0.0,-59,true,-1,-1,5,88.0,4000.0,-52.64129638671875,65.0787353515625,46.8292236328125,0.1863199919462204,0.3106645345687866,-2.189117431640625,-2,-2,4199,18467,0,2147483647,0.0,0.0,0,0,0,,6,460,1,4199,18467,0,2147483647,0.0,0.0,31,4,-51,GSM,460,1,4199,29752,0,2147483647,0.0,0.0,23,4,-67,GSM,460,1,4199,18468,0,2147483647,0.0,0.0,23,4,-67,GSM,460,1,4199,18469,0,2147483647,0.0,0.0,25,4,-63,GSM,460,1,4199,29753,0,2147483647,0.0,0.0,25,4,-63,GSM,460,1,4199,12499,0,2147483647,0.0,0.0,19,4,-75,GSM
1521795310993,121.49649882,31.28379275,6.0,23.0,0.0,-59,true,-1,-1,5,88.0,4000.0,-29.77142333984375,78.8787841796875,22.22900390625,0.1742001622915268,0.38722237944602966,-1.9260711669921875,-2,-2,4199,18467,0,2147483647,0.0,0.0,0,0,0,,6,460,1,4199,18467,0,2147483647,0.0,0.0,31,4,-51,GSM,460,1,4199,29752,0,2147483647,0.0,0.0,23,4,-67,GSM,460,1,4199,18468,0,2147483647,0.0,0.0,24,4,-65,GSM,460,1,4199,18469,0,2147483647,0.0,0.0,25,4,-63,GSM,460,1,4199,29753,0,2147483647,0.0,0.0,25,4,-63,GSM,460,1,4199,12499,0,2147483647,0.0,0.0,19,4,-75,GSM
1521795313173,121.49658164,31.28387773,9.0,23.0,0.0,-59,true,-1,-1,5,88.0,4000.0,-55.5816650390625,59.67864990234375,59.72900390625,0.38116255402565,0.3912370204925537,-2.2726073265075684,-2,-2,4199,18467,0,2147483647,0.0,0.0,0,0,0,,6,460,1,4199,18467,0,2147483647,0.0,0.0,31,4,-51,GSM,460,1,4199,29752,0,2147483647,0.0,0.0,22,4,-69,GSM,460,1,4199,18468,0,2147483647,0.0,0.0,24,4,-65,GSM,460,1,4199,18469,0,2147483647,0.0,0.0,26,4,-61,GSM,460,1,4199,29753,0,2147483647,0.0,0.0,25,4,-63,GSM,0,0,0,-1,0,2147483647,0.0,0.0,19,4,-75,GSM
1521795315268,121.49658164,31.28387773,9.0,23.0,0.0,-59,true,-1,-1,5,88.0,4000.0,-32.720947265625,79.47845458984375,33.32977294921875,0.31072959303855896,0.3972238600254059,-1.9653429985046387,-2,-2,4199,29753,0,2147483647,0.0,0.0,0,0,0,,5,460,1,4199,29753,0,2147483647,0.0,0.0,27,4,-59,GSM,460,1,4199,29752,0,2147483647,0.0,0.0,22,4,-69,GSM,460,1,4199,18468,0,2147483647,0.0,0.0,24,4,-65,GSM,0,0,0,-1,0,2147483647,0.0,0.0,19,4,-75,GSM,460,1,4199,18467,0,2147483647,0.0,0.0,31,4,-51,GSM
1521795317353,121.49669484,31.28398005,10.0,16.0,2.84,-59,true,-1,-1,5,88.0,4000.0,-49.86114501953125,62.078857421875,59.429931640625,0.6850893497467041,0.4009632468223572,-2.141411781311035,-2,-2,4199,29753,0,2147483647,0.0,0.0,0,0,0,,5,460,1,4199,29753,0,2147483647,0.0,0.0,26,4,-61,GSM,460,1,4199,29752,0,2147483647,0.0,0.0,22,4,-69,GSM,460,1,4199,18468,0,2147483647,0.0,0.0,24,4,-65,GSM,0,0,0,-1,0,2147483647,0.0,0.0,19,4,-75,GSM,460,1,4199,18467,0,2147483647,0.0,0.0,31,4,-51,GSM
1521795319426,121.49669484,31.28398005,10.0,16.0,2.84,-59,true,-1,-1,5,88.0,4000.0,-32.02056884765625,82.47833251953125,21.929931640625,0.16870920360088348,0.42982375621795654,-1.9077309370040894,-2,-2,4199,29753,0,2147483647,0.0,0.0,0,0,0,,5,460,1,4199,29753,0,2147483647,0.0,0.0,26,4,-61,GSM,460,1,4199,29752,0,2147483647,0.0,0.0,22,4,-69,GSM,460,1,4199,18468,0,2147483647,0.0,0.0,25,4,-63,GSM,0,0,0,-1,0,2147483647,0.0,0.0,19,4,-75,GSM,460,1,4199,18467,0,2147483647,0.0,0.0,31,4,-51,GSM
1521795321519,121.49669484,31.28398005,10.0,16.0,2.84,-59,true,-1,-1,5,88.0,4000.0,-56.451416015625,52.47802734375,67.230224609375,1.0648189783096313,0.44869348406791687,-2.2356724739074707,-2,-2,4199,29753,0,2147483647,0.0,0.0,0,0,0,,6,460,1,4199,29753,0,2147483647,0.0,0.0,26,4,-61,GSM,460,1,4199,29752,0,2147483647,0.0,0.0,24,4,-65,GSM,460,1,4199,18468,0,2147483647,0.0,0.0,25,4,-63,GSM,460,1,4199,18467,0,2147483647,0.0,0.0,31,4,-51,GSM,460,1,4199,18469,0,2147483647,0.0,0.0,24,4,-65,GSM,0,0,0,-1,0,2147483647,0.0,0.0,19,4,-75,GSM