IMEI:862534033931242
IMSI:460016291512177
OSVersion:3.10.73-perf-g94fc9a6
apiLevel:5.1.1
model:Redmi Note 3
device:kenzo
product:kenzo
101
1521795452156,121.4986036,31.28334291,21.0,21.0,0.0,-75,true,-1,-1,5,88.0,4000.0,-51.42059326171875,-18.32122802734375,39.32952880859375,2.0659372806549072,-0.301664799451828,-0.038998279720544815,-2,-2,4199,29753,0,2147483647,0.0,0.0,0,0,0,,5,460,1,4199,29753,0,2147483647,0.0,0.0,19,4,-75,GSM,460,1,4199,18468,0,2147483647,0.0,0.0,27,4,-59,GSM,460,1,4199,29752,0,2147483647,0.0,0.0,18,4,-77,GSM,460,1,4199,18467,0,2147483647,0.0,0.0,26,4,-61,GSM,460,1,4199,18619,0,2147483647,0.0,0.0,15,4,-83,GSM
1521795454230,121.4986036,31.28334291,21.0,21.0,0.0,-75,true,-1,-1,5,88.0,4000.0,-68.9208984375,15.5792236328125,71.429443359375,1.9740968942642212,0.6528018116950989,-1.5844182968139648,-2,-2,4199,29753,0,2147483647,0.0,0.0,0,0,0,,5,460,1,4199,29753,0,2147483647,0.0,0.0,18,4,-77,GSM,460,1,4199,18468,0,2147483647,0.0,0.0,26,4,-61,GSM,460,1,4199,29752,0,2147483647,0.0,0.0,17,4,-79,GSM,460,1,4199,18467,0,2147483647,0.0,0.0,26,4,-61,GSM,460,1,4199,18619,0,2147483647,0.0,0.0,15,4,-83,GSM
1521795456327,121.498619,31.28334998,17.0,18.0,0.0,-75,true,-1,-1,5,88.0,4000.0,-61.64093017578125,6.878662109375,27.62908935546875,2.3405797481536865,0.7790749669075012,-1.4254870414733887,-2,-2,4199,29753,0,2147483647,0.0,0.0,0,0,0,,4,460,1,4199,29753,0,2147483647,0.0,0.0,21,4,-71,GSM,460,1,4199,18468,0,2147483647,0.0,0.0,26,4,-61,GSM,460,1,4199,29752,0,2147483647,0.0,0.0,17,4,-79,GSM,460,1,4199,18467,0,2147483647,0.0,0.0,28,4,-57,GSM
1521795458424,121.498619,31.28334998,17.0,18.0,0.0,-75,true,-1,-1,5,88.0,4000.0,-68.40057373046875,1.7791748046875,21.929931640625,2.5501303672790527,0.647925853729248,-1.5082117319107056,-2,-2,4199,29753,0,2147483647,0.0,0.0,0,0,0,,4,460,1,4199,29753,0,2147483647,0.0,0.0,22,4,-69,GSM,460,1,4199,18468,0,2147483647,0.0,0.0,27,4,-59,GSM,460,1,4199,29752,0,2147483647,0.0,0.0,18,4,-77,GSM,460,1,4199,18467,0,2147483647,0.0,0.0,28,4,-57,GSM
1521795460497,121.4985911,31.28338047,14.0,14.0,0.0,-75,true,-1,-1,5,88.0,4000.0,-83.8104248046875,-5.42144775390625,37.22991943359375,2.924575090408325,0.9924846887588501,-1.7992441654205322,-2,-2,4199,29753,0,2147483647,0.0,0.0,0,0,0,,4,460,1,4199,29753,0,2147483647,0.0,0.0,23,4,-67,GSM,460,1,4199,18468,0,2147483647,0.0,0.0,27,4,-59,GSM,460,1,4199,29752,0,2147483647,0.0,0.0,18,4,-77,GSM,460,1,4199,18467,0,2147483647,0.0,0.0,28,4,-57,GSM
1521795462594,121.4985911,31.28338047,14.0,14.0,0.0,-75,true,-1,-1,5,88.0,4000.0,-82.77130126953125,-2.72216796875,22.8302001953125,2.9710872173309326,0.6769971251487732,-1.7282509803771973,-2,-2,4199,29753,0,2147483647,0.0,0.0,0,0,0,,4,460,1,4199,29753,0,2147483647,0.0,0.0,25,4,-63,GSM,460,1,4199,18468,0,2147483647,0.0,0.0,27,4,-59,GSM,460,1,4199,29752,0,2147483647,0.0,0.0,18,4,-77,GSM,460,1,4199,18467,0,2147483647,0.0,0.0,29,4,-55,GSM
1521795464684,121.49856832,31.28340363,11.0,14.0,0.0,-75,true,-1,-1,5,88.0,4000.0,-91.4306640625,-19.8211669921875,17.43011474609375,2.9972598552703857,0.42998552322387695,-1.6705737113952637,-2,-2,4199,29753,0,2147483647,0.0,0.0,0,0,0,,4,460,1,4199,29753,0,2147483647,0.0,0.0,25,4,-63,GSM,460,1,4199,18468,0,2147483647,0.0,0.0,27,4,-59,GSM,460,1,4199,29752,0,2147483647,0.0,0.0,19,4,-75,GSM,460,1,4199,18467,0,2147483647,0.0,0.0,29,4,-55,GSM
1521795466759,121.49856734,31.28340719,11.0,12.0,0.0,-75,true,-1,-1,5,88.0,4000.0,-72.900390625,11.6790771484375,20.72906494140625,2.8781230449676514,0.8362880945205688,-1.677573561668396,-2,-2,4199,29753,0,2147483647,0.0,0.0,0,0,0,,5,460,1,4199,29753,0,2147483647,0.0,0.0,25,4,-63,GSM,460,1,4199,18468,0,2147483647,0.0,0.0,28,4,-57,GSM,460,1,4199,29752,0,2147483647,0.0,0.0,20,4,-73,GSM,460,1,4199,18467,0,2147483647,0.0,0.0,29,4,-55,GSM,460,1,4199,18619,0,2147483647,0.0,0.0,19,4,-75,GSM
1521795469047,121.49856288,31.28341545,11.0,9.0,0.0,-75,true,-1,-1,5,88.0,4000.0,-80.17120361328125,-7.22198486328125,34.52911376953125,2.661280870437622,0.8414767980575562,-1.5801668167114258,-2,-2,4199,29753,0,2147483647,0.0,0.0,0,0,0,,6,460,1,4199,29753,0,2147483647,0.0,0.0,26,4,-61,GSM,460,1,4199,18468,0,2147483647,0.0,0.0,28,4,-57,GSM,460,1,4199,29752,0,2147483647,0.0,0.0,20,4,-73,GSM,460,1,4199,18467,0,2147483647,0.0,0.0,29,4,-55,GSM,460,1,4199,18619,0,2147483647,0.0,0.0,19,4,-75,GSM,460,1,4199,18469,0,2147483647,0.0,0.0,20,4,-73,GSM
1521795471222,121.4985578,31.28341983,11.0,9.0,0.0,-75,true,-1,-1,5,88.0,4000.0,-101.6510009765625,-18.9208984375,19.52972412109375,2.8830246925354004,0.7345002889633179,-1.5498286485671997,-2,-2,4199,29753,0,2147483647,0.0,0.0,0,0,0,,6,460,1,4199,29753,0,2147483647,0.0,0.0,24,4,-65,GSM,460,1,4199,18468,0,2147483647,0.0,0.0,29,4,-55,GSM,460,1,4199,29752,0,2147483647,0.0,0.0,20,4,-73,GSM,460,1,4199,18467,0,2147483647,0.0,0.0,30,4,-53,GSM,460,1,4199,18619,0,2147483647,0.0,0.0,19,4,-75,GSM,460,1,4199,18469,0,2147483647,0.0,0.0,20,4,-73,GSM
1521795473297,121.49855321,31.28342679,13.0,9.0,0.0,-75,true,-1,-1,5,88.0,4000.0,-101.48162841796875,-60.62164306640625,5.4290771484375,-2.73234224319458,0.47338902950286865,-2.047340154647827,-2,-2,4199,29753,0,2147483647,0.0,0.0,0,0,0,,6,460,1,4199,29753,0,2147483647,0.0,0.0,23,4,-67,GSM,460,1,4199,18468,0,2147483647,0.0,0.0,29,4,-55,GSM,460,1,4199,29752,0,2147483647,0.0,0.0,21,4,-71,GSM,460,1,4199,18467,0,2147483647,0.0,0.0,30,4,-53,GSM,460,1,4199,18619,0,2147483647,0.0,0.0,20,4,-73,GSM,460,1,4199,18469,0,2147483647,0.0,0.0,21,4,-71,GSM
1521795475392,121.49855016,31.28342896,12.0,11.0,0.0,-75,true,-1,-1,5,88.0,4000.0,-64.24102783203125,13.7786865234375,-5.670166015625,-1.6043727397918701,0.32407239079475403,-2.263652801513672,-2,-2,4199,29753,0,2147483647,0.0,0.0,0,0,0,,6,460,1,4199,29753,0,2147483647,0.0,0.0,22,4,-69,GSM,460,1,4199,18468,0,2147483647,0.0,0.0,31,4,-51,GSM,460,1,4199,29752,0,2147483647,0.0,0.0,24,4,-65,GSM,460,1,4199,18467,0,2147483647,0.0,0.0,30,4,-53,GSM,460,1,4199,18619,0,2147483647,0.0,0.0,20,4,-73,GSM,460,1,4199,18469,0,2147483647,0.0,0.0,21,4,-71,GSM
1521795477484,121.49854971,31.28342861,12.0,12.0,0.0,-75,true,-1,-1,5,88.0,4000.0,-29.2510986328125,26.678466796875,-37.47100830078125,-1.2166732549667358,0.5375173091888428,-1.990523338317871,-2,-2,4199,29753,0,2147483647,0.0,0.0,0,0,0,,7,460,1,4199,29753,0,2147483647,0.0,0.0,21,4,-71,GSM,460,1,4199,18468,0,2147483647,0.0,0.0,31,4,-51,GSM,460,1,4199,29752,0,2147483647,0.0,0.0,24,4,-65,GSM,460,1,4199,18467,0,2147483647,0.0,0.0,30,4,-53,GSM,460,1,4199,18619,0,2147483647,0.0,0.0,20,4,-73,GSM,460,1,4199,18469,0,2147483647,0.0,0.0,21,4,-71,GSM,460,1,4199,18638,0,2147483647,0.0,0.0,20,4,-73,GSM
1521795479576,121.49854913,31.28342885,12.0,12.0,0.0,-75,true,-1,-1,5,88.0,4000.0,-10.0311279296875,57.87811279296875,-19.171142578125,-0.4052436053752899,0.5078974962234497,-2.0396153926849365,-2,-2,4199,29753,0,2147483647,0.0,0.0,0,0,0,,7,460,1,4199,29753,0,2147483647,0.0,0.0,21,4,-71,GSM,460,1,4199,18468,0,2147483647,0.0,0.0,30,4,-53,GSM,460,1,4199,29752,0,2147483647,0.0,0.0,24,4,-65,GSM,460,1,4199,18467,0,2147483647,0.0,0.0,30,4,-53,GSM,460,1,4199,18619,0,2147483647,0.0,0.0,20,4,-73,GSM,460,1,4199,18469,0,2147483647,0.0,0.0,21,4,-71,GSM,460,1,4199,18638,0,2147483647,0.0,0.0,20,4,-73,GSM
1521795481670,121.49854913,31.28342885,12.0,12.0,0.0,-75,true,-1,-1,5,88.0,4000.0,-36.35101318359375,73.1781005859375,-6.5704345703125,-0.36908334493637085,0.4051469564437866,-2.0107548236846924,-2,-2,4199,29752,0,2147483647,0.0,0.0,0,0,0,,6,460,1,4199,29752,0,2147483647,0.0,0.0,22,4,-69,GSM,460,1,4199,18468,0,2147483647,0.0,0.0,30,4,-53,GSM,460,1,4199,29752,0,2147483647,0.0,0.0,23,4,-67,GSM,460,1,4199,18467,0,2147483647,0.0,0.0,30,4,-53,GSM,460,1,4199,18469,0,2147483647,0.0,0.0,22,4,-69,GSM,460,1,4199,18638,0,2147483647,0.0,0.0,20,4,-73,GSM
1521795483763,121.49856201,31.28344017,12.0,14.0,2.5993268,-75,true,-1,-1,5,88.0,4000.0,-59.3902587890625,48.27880859375,47.12982177734375,-0.3132391571998596,0.3122744560241699,-2.3389902114868164,-2,-2,4199,29752,0,2147483647,0.0,0.0,0,0,0,,5,460,1,4199,29752,0,2147483647,0.0,0.0,22,4,-69,GSM,460,1,4199,18468,0,2147483647,0.0,0.0,30,4,-53,GSM,460,1,4199,18467,0,2147483647,0.0,0.0,30,4,-53,GSM,460,1,4199,18469,0,2147483647,0.0,0.0,22,4,-69,GSM,460,1,4199,29753,0,2147483647,0.0,0.0,22,4,-69,GSM
1521795485845,121.49856201,31.28344017,12.0,14.0,2.5993268,-75,true,-1,-1,5,88.0,4000.0,-6.91070556640625,58.477783203125,-17.37060546875,-0.3243504464626312,0.3059633672237396,-1.9153064489364624,-2,-2,4199,29752,0,2147483647,0.0,0.0,0,0,0,,5,460,1,4199,29752,0,2147483647,0.0,0.0,23,4,-67,GSM,460,1,4199,18468,0,2147483647,0.0,0.0,30,4,-53,GSM,460,1,4199,18467,0,2147483647,0.0,0.0,30,4,-53,GSM,460,1,4199,18469,0,2147483647,0.0,0.0,22,4,-69,GSM,460,1,4199,29753,0,2147483647,0.0,0.0,22,4,-69,GSM
1521795487935,121.49862961,31.28351072,13.0,20.0,0.0,-75,true,-1,-1,5,88.0,4000.0,-55.93109130859375,46.17919921875,54.32891845703125,0.3578971028327942,0.3977546989917755,-2.282033920288086,-2,-2,4199,29752,0,2147483647,0.0,0.0,0,0,0,,5,460,1,4199,29752,0,2147483647,0.0,0.0,23,4,-67,GSM,460,1,4199,18468,0,2147483647,0.0,0.0,30,4,-53,GSM,460,1,4199,18467,0,2147483647,0.0,0.0,30,4,-53,GSM,460,1,4199,18469,0,2147483647,0.0,0.0,22,4,-69,GSM,460,1,4199,29753,0,2147483647,0.0,0.0,22,4,-69,GSM
1521795490073,121.49862961,31.28351072,13.0,20.0,0.0,-75,true,-1,-1,5,88.0,4000.0,-18.00079345703125,56.0791015625,1.2298583984375,-0.09489262104034424,0.33369216322898865,-1.8909894227981567,-2,-2,4199,29752,0,2147483647,0.0,0.0,0,0,0,,5,460,1,4199,29752,0,2147483647,0.0,0.0,23,4,-67,GSM,460,1,4199,18468,0,2147483647,0.0,0.0,30,4,-53,GSM,460,1,4199,18467,0,2147483647,0.0,0.0,30,4,-53,GSM,460,1,4199,18469,0,2147483647,0.0,0.0,22,4,-69,GSM,460,1,4199,29753,0,2147483647,0.0,0.0,22,4,-69,GSM
1521795492129,121.49862495,31.28360396,13.0,19.0,2.85,-75,true,-1,-1,5,88.0,4000.0,-50.3814697265625,47.3785400390625,53.729248046875,0.8290167450904846,0.4689105153083801,-2.2501742839813232,-2,-2,4199,29752,0,2147483647,0.0,0.0,0,0,0,,5,460,1,4199,29752,0,2147483647,0.0,0.0,21,4,-71,GSM,460,1,4199,18468,0,2147483647,0.0,0.0,30,4,-53,GSM,460,1,4199,18467,0,2147483647,0.0,0.0,30,4,-53,GSM,460,1,4199,18469,0,2147483647,0.0,0.0,22,4,-69,GSM,460,1,4199,29753,0,2147483647,0.0,0.0,22,4,-69,GSM
1521795494219,121.49862495,31.28360396,13.0,19.0,2.85,-75,true,-1,-1,5,88.0,4000.0,-53.6712646484375,46.77886962890625,50.4302978515625,0.2916983366012573,0.3914760947227478,-2.2630858421325684,-2,-2,4199,29752,0,2147483647,0.0,0.0,0,0,0,,7,460,1,4199,29752,0,2147483647,0.0,0.0,20,4,-73,GSM,460,1,4199,18468,0,2147483647,0.0,0.0,30,4,-53,GSM,460,1,4199,18467,0,2147483647,0.0,0.0,30,4,-53,GSM,460,1,4199,18469,0,2147483647,0.0,0.0,21,4,-71,GSM,460,1,4199,29753,0,2147483647,0.0,0.0,22,4,-69,GSM,460,1,4199,18638,0,2147483647,0.0,0.0,20,4,-73,GSM,0,0,0,-1,0,2147483647,0.0,0.0,19,4,-75,GSM
1521795496303,121.4985897,31.28374575,14.0,16.0,2.700463,-75,true,-1,-1,5,88.0,4000.0,-15.22064208984375,50.67901611328125,-1.77001953125,-0.1423812359571457,0.3288145959377289,-1.8735524415969849,-2,-2,4199,29752,0,2147483647,0.0,0.0,0,0,0,,7,460,1,4199,29752,0,2147483647,0.0,0.0,19,4,-75,GSM,460,1,4199,18468,0,2147483647,0.0,0.0,30,4,-53,GSM,460,1,4199,18467,0,2147483647,0.0,0.0,30,4,-53,GSM,460,1,4199,18469,0,2147483647,0.0,0.0,21,4,-71,GSM,460,1,4199,29753,0,2147483647,0.0,0.0,22,4,-69,GSM,460,1,4199,18638,0,2147483647,0.0,0.0,19,4,-75,GSM,460,1,4199,18619,0,2147483647,0.0,0.0,19,4,-75,GSM
1521795498456,121.4985897,31.28374575,14.0,16.0,2.700463,-75,true,-1,-1,5,88.0,4000.0,-53.6712646484375,47.07794189453125,52.8289794921875,0.01624215580523014,0.4276660978794098,-2.345783233642578,-2,-2,4199,18467,0,2147483647,0.0,0.0,0,0,0,,6,460,1,4199,18467,0,2147483647,0.0,0.0,19,4,-75,GSM,460,1,4199,18468,0,2147483647,0.0,0.0,28,4,-57,GSM,460,1,4199,18467,0,2147483647,0.0,0.0,30,4,-53,GSM,460,1,4199,18469,0,2147483647,0.0,0.0,21,4,-71,GSM,460,1,4199,29753,0,2147483647,0.0,0.0,21,4,-71,GSM,460,1,4199,18638,0,2147483647,0.0,0.0,19,4,-75,GSM
1521795500523,121.49865814,31.28391295,14.0,18.0,4.03005,-75,true,-1,-1,5,88.0,4000.0,-18.00079345703125,49.77874755859375,3.02886962890625,-0.07676625996828079,0.3228890895843506,-1.913287878036499,-2,-2,4199,18467,0,2147483647,0.0,0.0,0,0,0,,4,460,1,4199,18467,0,2147483647,0.0,0.0,25,4,-63,GSM,460,1,4199,18469,0,2147483647,0.0,0.0,19,4,-75,GSM,460,1,4199,29753,0,2147483647,0.0,0.0,21,4,-71,GSM,460,1,4199,29752,0,2147483647,0.0,0.0,19,4,-75,GSM
1521795502620,121.49865814,31.28391295,14.0,18.0,4.03005,-75,true,-1,-1,5,88.0,4000.0,-60.60028076171875,40.77911376953125,52.8289794921875,0.2341172993183136,0.4321941137313843,-2.2778313159942627,-2,-2,4199,18467,0,2147483647,0.0,0.0,0,0,0,,5,460,1,4199,18467,0,2147483647,0.0,0.0,26,4,-61,GSM,460,1,4199,18469,0,2147483647,0.0,0.0,19,4,-75,GSM,460,1,4199,29753,0,2147483647,0.0,0.0,21,4,-71,GSM,460,1,4199,29752,0,2147483647,0.0,0.0,19,4,-75,GSM,0,0,0,-1,0,2147483647,0.0,0.0,20,4,-73,GSM
1521795504681,121.49874729,31.28408119,14.0,21.0,0.0,-75,true,-1,-1,5,88.0,4000.0,-20.941162109375,45.87860107421875,7.53021240234375,-0.016133815050125122,0.37072810530662537,-1.9411513805389404,-2,-2,4199,18467,0,2147483647,0.0,0.0,0,0,0,,6,460,1,4199,18467,0,2147483647,0.0,0.0,26,4,-61,GSM,460,1,4199,18469,0,2147483647,0.0,0.0,17,4,-79,GSM,460,1,4199,29753,0,2147483647,0.0,0.0,21,4,-71,GSM,460,1,4199,29752,0,2147483647,0.0,0.0,20,4,-73,GSM,0,0,0,-1,0,2147483647,0.0,0.0,20,4,-73,GSM,460,1,4199,18468,0,2147483647,0.0,0.0,28,4,-57,GSM
1521795506776,121.49874729,31.28408119,14.0,21.0,0.0,-75,true,-1,-1,5,88.0,4000.0,-52.1209716796875,41.6778564453125,51.93023681640625,1.2493106126785278,0.4823647141456604,-2.22916579246521,-2,-2,4199,29753,0,2147483647,0.0,0.0,0,0,0,,6,460,1,4199,29753,0,2147483647,0.0,0.0,20,4,-73,GSM,460,1,4199,29752,0,2147483647,0.0,0.0,20,4,-73,GSM,0,0,0,-1,0,2147483647,0.0,0.0,20,4,-73,GSM,460,1,4199,18468,0,2147483647,0.0,0.0,28,4,-57,GSM,460,1,4199,18467,0,2147483647,0.0,0.0,26,4,-61,GSM,0,0,0,-1,0,2147483647,0.0,0.0,18,4,-77,GSM
1521795508876,121.49880825,31.28418666,9.0,22.0,0.0,-75,true,-1,-1,5,88.0,4000.0,-18.69049072265625,59.67864990234375,11.4288330078125,0.09670495241880417,0.3243676722049713,-1.8974722623825073,-2,-2,4199,29753,0,2147483647,0.0,0.0,0,0,0,,6,460,1,4199,29753,0,2147483647,0.0,0.0,21,4,-71,GSM,460,1,4199,29752,0,2147483647,0.0,0.0,20,4,-73,GSM,0,0,0,-1,0,2147483647,0.0,0.0,20,4,-73,GSM,460,1,4199,18468,0,2147483647,0.0,0.0,28,4,-57,GSM,460,1,4199,18467,0,2147483647,0.0,0.0,25,4,-63,GSM,0,0,0,-1,0,2147483647,0.0,0.0,18,4,-77,GSM
1521795510972,121.49880825,31.28418666,9.0,22.0,0.0,-75,true,-1,-1,5,88.0,4000.0,-43.80035400390625,50.67901611328125,47.7294921875,0.7257955074310303,0.4600048065185547,-2.1571810245513916,-2,-2,4199,29753,0,2147483647,0.0,0.0,0,0,0,,5,460,1,4199,29753,0,2147483647,0.0,0.0,21,4,-71,GSM,460,1,4199,29752,0,2147483647,0.0,0.0,20,4,-73,GSM,0,0,0,-1,0,2147483647,0.0,0.0,19,4,-75,GSM,460,1,4199,18468,0,2147483647,0.0,0.0,26,4,-61,GSM,460,1,4199,18467,0,2147483647,0.0,0.0,25,4,-63,GSM
1521795513065,121.49869507,31.28422967,6.0,22.0,2.5638251,-75,true,-1,-1,5,88.0,4000.0,-15.57159423828125,46.77886962890625,4.229736328125,-0.024508515372872353,0.3123697340488434,-1.8961718082427979,-2,-2,4199,29753,0,2147483647,0.0,0.0,0,0,0,,7,460,1,4199,29753,0,2147483647,0.0,0.0,20,4,-73,GSM,460,1,4199,29752,0,2147483647,0.0,0.0,20,4,-73,GSM,0,0,0,-1,0,2147483647,0.0,0.0,19,4,-75,GSM,460,1,4199,18468,0,2147483647,0.0,0.0,26,4,-61,GSM,460,1,4199,18467,0,2147483647,0.0,0.0,25,4,-63,GSM,0,0,0,-1,0,2147483647,0.0,0.0,20,4,-73,GSM,0,0,0,-1,0,2147483647,0.0,0.0,18,4,-77,GSM
1521795515142,121.49869507,31.28422967,6.0,22.0,2.5638251,-75,true,-1,-1,5,88.0,4000.0,-16.26129150390625,46.478271484375,6.62994384765625,0.04651279374957085,0.34599804878234863,-1.8575791120529175,-2,-2,4199,29753,0,2147483647,0.0,0.0,0,0,0,,5,460,1,4199,29753,0,2147483647,0.0,0.0,19,4,-75,GSM,460,1,4199,29752,0,2147483647,0.0,0.0,19,4,-75,GSM,460,1,4199,18468,0,2147483647,0.0,0.0,24,4,-65,GSM,460,1,4199,18467,0,2147483647,0.0,0.0,25,4,-63,GSM,460,1,4199,18317,0,2147483647,0.0,0.0,19,4,-75,GSM
1521795517237,121.49869507,31.28422967,6.0,22.0,2.5638251,-75,true,-1,-1,5,88.0,4000.0,-17.13104248046875,52.77862548828125,7.53021240234375,0.034082621335983276,0.3600296974182129,-1.9068357944488525,-2,-2,4199,29753,0,2147483647,0.0,0.0,0,0,0,,7,460,1,4199,29753,0,2147483647,0.0,0.0,19,4,-75,GSM,460,1,4199,29752,0,2147483647,0.0,0.0,19,4,-75,GSM,460,1,4199,18468,0,2147483647,0.0,0.0,24,4,-65,GSM,460,1,4199,18467,0,2147483647,0.0,0.0,24,4,-65,GSM,460,1,4199,18317,0,2147483647,0.0,0.0,18,4,-77,GSM,0,0,0,-1,0,2147483647,0.0,0.0,19,4,-75,GSM,0,0,0,-1,0,2147483647,0.0,0.0,18,4,-77,GSM
1521795519328,121.49869507,31.28422967,6.0,22.0,2.5638251,-75,true,-1,-1,5,88.0,4000.0,-16.6107177734375,53.67889404296875,1.82952880859375,-0.0873241275548935,0.34342655539512634,-1.9188957214355469,-2,-2,4199,29753,0,2147483647,0.0,0.0,0,0,0,,7,460,1,4199,29753,0,2147483647,0.0,0.0,18,4,-77,GSM,460,1,4199,29752,0,2147483647,0.0,0.0,18,4,-77,GSM,460,1,4199,18468,0,2147483647,0.0,0.0,23,4,-67,GSM,460,1,4199,18467,0,2147483647,0.0,0.0,24,4,-65,GSM,460,1,4199,18317,0,2147483647,0.0,0.0,18,4,-77,GSM,0,0,0,-1,0,2147483647,0.0,0.0,19,4,-75,GSM,460,1,4199,18538,0,2147483647,0.0,0.0,18,4,-77,GSM
1521795521424,121.49869507,31.28422967,6.0,22.0,2.5638251,-75,true,-1,-1,5,88.0,4000.0,-29.60052490234375,43.17779541015625,1.5289306640625,-0.22844702005386353,0.2527165710926056,-1.8978732824325562,-2,-2,4199,29753,0,2147483647,0.0,0.0,0,0,0,,7,460,1,4199,29753,0,2147483647,0.0,0.0,18,4,-77,GSM,460,1,4199,29752,0,2147483647,0.0,0.0,18,4,-77,GSM,460,1,4199,18468,0,2147483647,0.0,0.0,23,4,-67,GSM,460,1,4199,18467,0,2147483647,0.0,0.0,24,4,-65,GSM,460,1,4199,18317,0,2147483647,0.0,0.0,18,4,-77,GSM,0,0,0,-1,0,2147483647,0.0,0.0,19,4,-75,GSM,460,1,4199,18538,0,2147483647,0.0,0.0,19,4,-75,GSM
1521795523513,121.49869507,31.28422967,6.0,22.0,2.5638251,-75,true,-1,-1,5,88.0,4000.0,-33.58154296875,30.57861328125,6.62994384765625,-0.07091106474399567,0.29983338713645935,-1.8053878545761108,-2,-2,4199,29753,0,2147483647,0.0,0.0,0,0,0,,7,460,1,4199,29753,0,2147483647,0.0,0.0,19,4,-75,GSM,460,1,4199,29752,0,2147483647,0.0,0.0,18,4,-77,GSM,460,1,4199,18468,0,2147483647,0.0,0.0,21,4,-71,GSM,460,1,4199,18467,0,2147483647,0.0,0.0,24,4,-65,GSM,460,1,4199,18317,0,2147483647,0.0,0.0,17,4,-79,GSM,0,0,0,-1,0,2147483647,0.0,0.0,19,4,-75,GSM,460,1,4199,18538,0,2147483647,0.0,0.0,19,4,-75,GSM
1521795525648,121.49869507,31.28422967,6.0,22.0,2.5638251,-75,true,-1,-1,5,88.0,4000.0,-38.61083984375,15.8782958984375,17.1295166015625,1.6015610694885254,0.36217764019966125,-1.9225428104400635,-2,-2,4199,29753,0,2147483647,0.0,0.0,0,0,0,,7,460,1,4199,29753,0,2147483647,0.0,0.0,19,4,-75,GSM,460,1,4199,29752,0,2147483647,0.0,0.0,19,4,-75,GSM,460,1,4199,18468,0,2147483647,0.0,0.0,21,4,-71,GSM,460,1,4199,18467,0,2147483647,0.0,0.0,23,4,-67,GSM,0,0,0,-1,0,2147483647,0.0,0.0,19,4,-75,GSM,460,1,4199,18538,0,2147483647,0.0,0.0,20,4,-73,GSM,460,1,4199,18619,0,2147483647,0.0,0.0,18,4,-77,GSM
1521795527723,121.49869507,31.28422967,6.0,22.0,2.5638251,-75,true,-1,-1,5,88.0,4000.0,-41.38031005859375,13.7786865234375,23.72894287109375,1.939503788948059,0.3514998257160187,-1.9151315689086914,-2,-2,4199,18538,0,2147483647,0.0,0.0,0,0,0,,6,460,1,4199,18538,0,2147483647,0.0,0.0,19,4,-75,GSM,460,1,4199,29752,0,2147483647,0.0,0.0,19,4,-75,GSM,460,1,4199,18468,0,2147483647,0.0,0.0,21,4,-71,GSM,460,1,4199,18467,0,2147483647,0.0,0.0,23,4,-67,GSM,460,1,4199,29753,0,2147483647,0.0,0.0,19,4,-75,GSM,460,1,4199,18539,0,2147483647,0.0,0.0,18,4,-77,GSM
1521795529835,121.49869507,31.28422967,6.0,22.0,2.5638251,-75,true,-1,-1,5,88.0,4000.0,-59.7412109375,4.47845458984375,44.12994384765625,2.586275100708008,0.3857778310775757,-2.0114235877990723,-2,-2,4199,18538,0,2147483647,0.0,0.0,0,0,0,,6,460,1,4199,18538,0,2147483647,0.0,0.0,18,4,-77,GSM,460,1,4199,29752,0,2147483647,0.0,0.0,19,4,-75,GSM,460,1,4199,18468,0,2147483647,0.0,0.0,21,4,-71,GSM,460,1,4199,18467,0,2147483647,0.0,0.0,23,4,-67,GSM,460,1,4199,29753,0,2147483647,0.0,0.0,19,4,-75,GSM,460,1,4199,18539,0,2147483647,0.0,0.0,17,4,-79,GSM
1521795531929,121.49869507,31.28422967,6.0,22.0,2.5638251,-75,true,-1,-1,5,88.0,4000.0,-39.471435546875,7.7789306640625,30.029296875,1.9317184686660767,0.28914016485214233,-1.897632360458374,-2,-2,4199,18538,0,2147483647,0.0,0.0,0,0,0,,7,460,1,4199,18538,0,2147483647,0.0,0.0,16,4,-81,GSM,460,1,4199,29752,0,2147483647,0.0,0.0,19,4,-75,GSM,460,1,4199,18468,0,2147483647,0.0,0.0,20,4,-73,GSM,460,1,4199,18467,0,2147483647,0.0,0.0,23,4,-67,GSM,460,1,4199,29753,0,2147483647,0.0,0.0,19,4,-75,GSM,0,0,0,-1,0,2147483647,0.0,0.0,19,4,-75,GSM,0,0,0,-1,0,2147483647,0.0,0.0,18,4,-77,GSM
1521795534004,121.49869507,31.28422967,6.0,22.0,2.5638251,-75,true,-1,-1,5,88.0,4000.0,-73.59161376953125,-7.22198486328125,69.92950439453125,2.655424118041992,0.30499643087387085,-2.1378753185272217,-2,-2,4199,29752,0,2147483647,0.0,0.0,0,0,0,,5,460,1,4199,29752,0,2147483647,0.0,0.0,20,4,-73,GSM,460,1,4199,18468,0,2147483647,0.0,0.0,20,4,-73,GSM,460,1,4199,18467,0,2147483647,0.0,0.0,23,4,-67,GSM,460,1,4199,29753,0,2147483647,0.0,0.0,19,4,-75,GSM,0,0,0,-1,0,2147483647,0.0,0.0,18,4,-77,GSM
1521795536098,121.49869507,31.28422967,6.0,22.0,2.5638251,-75,true,-1,-1,5,88.0,4000.0,-74.6307373046875,-10.22186279296875,75.32958984375,2.6171462535858154,0.40763553977012634,-2.0855000019073486,-2,-2,4199,29752,0,2147483647,0.0,0.0,0,0,0,,6,460,1,4199,29752,0,2147483647,0.0,0.0,19,4,-75,GSM,460,1,4199,18468,0,2147483647,0.0,0.0,20,4,-73,GSM,460,1,4199,18467,0,2147483647,0.0,0.0,22,4,-69,GSM,460,1,4199,29753,0,2147483647,0.0,0.0,19,4,-75,GSM,0,0,0,-1,0,2147483647,0.0,0.0,18,4,-77,GSM,0,0,0,-1,0,2147483647,0.0,0.0,17,4,-79,GSM
1521795538212,121.49869507,31.28422967,6.0,22.0,2.5638251,-75,true,-1,-1,5,88.0,4000.0,-66.1407470703125,-17.42095947265625,76.82952880859375,2.67171311378479,0.3088564872741699,-2.1954119205474854,-2,-2,4199,29752,0,2147483647,0.0,0.0,0,0,0,,6,460,1,4199,29752,0,2147483647,0.0,0.0,19,4,-75,GSM,460,1,4199,18468,0,2147483647,0.0,0.0,18,4,-77,GSM,460,1,4199,18467,0,2147483647,0.0,0.0,22,4,-69,GSM,460,1,4199,29753,0,2147483647,0.0,0.0,19,4,-75,GSM,460,1,4199,18638,0,2147483647,0.0,0.0,18,4,-77,GSM,0,0,0,-1,0,2147483647,0.0,0.0,18,4,-77,GSM
1521795540303,121.49869507,31.28422967,6.0,22.0,2.5638251,-75,true,-1,-1,5,88.0,4000.0,-42.9412841796875,7.177734375,26.42974853515625,2.338805675506592,0.34252747893333435,-1.9193521738052368,-2,-2,4199,29752,0,2147483647,0.0,0.0,0,0,0,,6,460,1,4199,29752,0,2147483647,0.0,0.0,20,4,-73,GSM,460,1,4199,18468,0,2147483647,0.0,0.0,18,4,-77,GSM,460,1,4199,18467,0,2147483647,0.0,0.0,21,4,-71,GSM,460,1,4199,29753,0,2147483647,0.0,0.0,19,4,-75,GSM,460,1,4199,18638,0,2147483647,0.0,0.0,18,4,-77,GSM,460,1,4199,18539,0,2147483647,0.0,0.0,20,4,-73,GSM
1521795542377,121.49869507,31.28422967,6.0,22.0,2.5638251,-75,true,-1,-1,5,88.0,4000.0,-70.30029296875,7.177734375,40.22979736328125,2.42547607421875,0.31820225715637207,-1.8954837322235107,-2,-2,4199,29752,0,2147483647,0.0,0.0,0,0,0,,6,460,1,4199,29752,0,2147483647,0.0,0.0,20,4,-73,GSM,460,1,4199,18468,0,2147483647,0.0,0.0,17,4,-79,GSM,460,1,4199,18467,0,2147483647,0.0,0.0,21,4,-71,GSM,460,1,4199,29753,0,2147483647,0.0,0.0,19,4,-75,GSM,460,1,4199,18638,0,2147483647,0.0,0.0,18,4,-77,GSM,460,1,4199,18539,0,2147483647,0.0,0.0,20,4,-73,GSM
1521795544470,121.49869507,31.28422967,6.0,22.0,2.5638251,-75,true,-1,-1,5,88.0,4000.0,-45.53070068359375,9.57794189453125,24.9298095703125,2.3793890476226807,0.37656480073928833,-1.8893150091171265,-2,-2,4199,29752,0,2147483647,0.0,0.0,0,0,0,,6,460,1,4199,29752,0,2147483647,0.0,0.0,21,4,-71,GSM,460,1,4199,18467,0,2147483647,0.0,0.0,21,4,-71,GSM,460,1,4199,29753,0,2147483647,0.0,0.0,19,4,-75,GSM,460,1,4199,18638,0,2147483647,0.0,0.0,20,4,-73,GSM,460,1,4199,18539,0,2147483647,0.0,0.0,22,4,-69,GSM,460,1,4199,12499,0,2147483647,0.0,0.0,18,4,-77,GSM
1521795546564,121.49869507,31.28422967,6.0,22.0,2.5638251,-75,true,-1,-1,5,88.0,4000.0,-62.8509521484375,14.678955078125,35.13031005859375,2.1199231147766113,0.315731018781662,-1.897205114364624,-2,-2,4199,29752,0,2147483647,0.0,0.0,0,0,0,,6,460,1,4199,29752,0,2147483647,0.0,0.0,22,4,-69,GSM,460,1,4199,18467,0,2147483647,0.0,0.0,21,4,-71,GSM,460,1,4199,29753,0,2147483647,0.0,0.0,19,4,-75,GSM,460,1,4199,18638,0,2147483647,0.0,0.0,20,4,-73,GSM,460,1,4199,18539,0,2147483647,0.0,0.0,22,4,-69,GSM,0,0,0,-1,0,2147483647,0.0,0.0,19,4,-75,GSM
1521795548658,121.49869507,31.28422967,6.0,22.0,2.5638251,-75,true,-1,-1,5,88.0,4000.0,-65.28167724609375,13.7786865234375,38.7298583984375,-2.490365982055664,0.29241782426834106,-2.1927685737609863,-2,-2,4199,29752,0,2147483647,0.0,0.0,0,0,0,,6,460,1,4199,29752,0,2147483647,0.0,0.0,23,4,-67,GSM,460,1,4199,18467,0,2147483647,0.0,0.0,21,4,-71,GSM,460,1,4199,29753,0,2147483647,0.0,0.0,19,4,-75,GSM,460,1,4199,18638,0,2147483647,0.0,0.0,21,4,-71,GSM,460,1,4199,18539,0,2147483647,0.0,0.0,25,4,-63,GSM,460,1,4199,18619,0,2147483647,0.0,0.0,19,4,-75,GSM
1521795550730,121.49869507,31.28422967,6.0,22.0,2.5638251,-75,true,-1,-1,5,88.0,4000.0,-37.5701904296875,25.4791259765625,9.3292236328125,0.6916700601577759,0.4213663339614868,-1.6502331495285034,-2,-2,4199,29752,0,2147483647,0.0,0.0,0,0,0,,6,460,1,4199,29752,0,2147483647,0.0,0.0,23,4,-67,GSM,460,1,4199,18467,0,2147483647,0.0,0.0,18,4,-77,GSM,460,1,4199,29753,0,2147483647,0.0,0.0,19,4,-75,GSM,460,1,4199,18638,0,2147483647,0.0,0.0,21,4,-71,GSM,460,1,4199,18539,0,2147483647,0.0,0.0,25,4,-63,GSM,460,1,4199,18619,0,2147483647,0.0,0.0,19,4,-75,GSM
1521795552822,121.49869507,31.28422967,6.0,22.0,2.5638251,-75,true,-1,-1,5,88.0,4000.0,-36.181640625,22.47772216796875,16.52984619140625,0.983704686164856,0.35337579250335693,-1.693852424621582,-2,-2,4199,29752,0,2147483647,0.0,0.0,0,0,0,,6,460,1,4199,29752,0,2147483647,0.0,0.0,23,4,-67,GSM,460,1,4199,29753,0,2147483647,0.0,0.0,19,4,-75,GSM,460,1,4199,18638,0,2147483647,0.0,0.0,22,4,-69,GSM,460,1,4199,18539,0,2147483647,0.0,0.0,27,4,-59,GSM,460,1,4199,18619,0,2147483647,0.0,0.0,20,4,-73,GSM,460,1,4199,12499,0,2147483647,0.0,0.0,19,4,-75,GSM
1521795554914,121.49869507,31.28422967,6.0,22.0,2.5638251,-75,true,-1,-1,5,88.0,4000.0,-33.58154296875,28.47900390625,9.0301513671875,0.26310068368911743,0.37518972158432007,-1.7261731624603271,-2,-2,4199,18539,0,2147483647,0.0,0.0,0,0,0,,6,460,1,4199,18539,0,2147483647,0.0,0.0,30,4,-53,GSM,460,1,4199,29753,0,2147483647,0.0,0.0,19,4,-75,GSM,460,1,4199,18638,0,2147483647,0.0,0.0,22,4,-69,GSM,460,1,4199,18619,0,2147483647,0.0,0.0,20,4,-73,GSM,460,1,4199,12499,0,2147483647,0.0,0.0,20,4,-73,GSM,460,1,4199,29752,0,2147483647,0.0,0.0,22,4,-69,GSM
1521795557012,121.49869507,31.28422967,6.0,22.0,2.5638251,-75,true,-1,-1,5,88.0,4000.0,-43.80035400390625,21.27838134765625,20.12939453125,-0.2021530419588089,0.2689266800880432,-2.034379482269287,-2,-2,4199,18539,0,2147483647,0.0,0.0,0,0,0,,6,460,1,4199,18539,0,2147483647,0.0,0.0,30,4,-53,GSM,460,1,4199,29753,0,2147483647,0.0,0.0,19,4,-75,GSM,460,1,4199,18638,0,2147483647,0.0,0.0,23,4,-67,GSM,460,1,4199,18619,0,2147483647,0.0,0.0,20,4,-73,GSM,460,1,4199,12499,0,2147483647,0.0,0.0,20,4,-73,GSM,460,1,4199,29752,0,2147483647,0.0,0.0,22,4,-69,GSM
1521795559083,121.49869507,31.28422967,6.0,22.0,2.5638251,-75,true,-1,-1,5,88.0,4000.0,-48.480224609375,27.5787353515625,12.030029296875,-0.23450230062007904,0.3802461624145508,-1.8478963375091553,-2,-2,4199,18539,0,2147483647,0.0,0.0,0,0,0,,6,460,1,4199,18539,0,2147483647,0.0,0.0,30,4,-53,GSM,460,1,4199,29753,0,2147483647,0.0,0.0,19,4,-75,GSM,460,1,4199,18638,0,2147483647,0.0,0.0,23,4,-67,GSM,460,1,4199,18619,0,2147483647,0.0,0.0,20,4,-73,GSM,460,1,4199,12499,0,2147483647,0.0,0.0,21,4,-71,GSM,460,1,4199,29752,0,2147483647,0.0,0.0,22,4,-69,GSM
1521795561176,121.49869507,31.28422967,6.0,22.0,2.5638251,-75,true,-1,-1,5,88.0,4000.0,-73.2513427734375,2.978515625,69.329833984375,2.7111282348632813,0.35566002130508423,-2.1827006340026855,-2,-2,4199,18539,0,2147483647,0.0,0.0,0,0,0,,6,460,1,4199,18539,0,2147483647,0.0,0.0,29,4,-55,GSM,460,1,4199,29753,0,2147483647,0.0,0.0,20,4,-73,GSM,460,1,4199,18638,0,2147483647,0.0,0.0,23,4,-67,GSM,460,1,4199,18619,0,2147483647,0.0,0.0,19,4,-75,GSM,460,1,4199,12499,0,2147483647,0.0,0.0,21,4,-71,GSM,460,1,4199,29752,0,2147483647,0.0,0.0,22,4,-69,GSM
1521795563270,121.49869507,31.28422967,6.0,22.0,2.5638251,-75,true,-1,-1,5,88.0,4000.0,-45.53070068359375,21.8780517578125,22.52960205078125,1.3884992599487305,0.37782227993011475,-1.8096778392791748,-2,-2,4199,18539,0,2147483647,0.0,0.0,0,0,0,,6,460,1,4199,18539,0,2147483647,0.0,0.0,28,4,-57,GSM,460,1,4199,29753,0,2147483647,0.0,0.0,20,4,-73,GSM,460,1,4199,18638,0,2147483647,0.0,0.0,24,4,-65,GSM,460,1,4199,18619,0,2147483647,0.0,0.0,19,4,-75,GSM,460,1,4199,12499,0,2147483647,0.0,0.0,21,4,-71,GSM,460,1,4199,29752,0,2147483647,0.0,0.0,22,4,-69,GSM
1521795565363,121.49869507,31.28422967,6.0,22.0,2.5638251,-75,true,-1,-1,5,88.0,4000.0,-78.790283203125,-25.5218505859375,75.32958984375,2.878523111343384,0.4370880424976349,-2.1634445190429688,-2,-2,4199,18539,0,2147483647,0.0,0.0,0,0,0,,6,460,1,4199,18539,0,2147483647,0.0,0.0,27,4,-59,GSM,460,1,4199,29753,0,2147483647,0.0,0.0,20,4,-73,GSM,460,1,4199,18638,0,2147483647,0.0,0.0,24,4,-65,GSM,460,1,4199,18619,0,2147483647,0.0,0.0,18,4,-77,GSM,460,1,4199,12499,0,2147483647,0.0,0.0,21,4,-71,GSM,460,1,4199,29752,0,2147483647,0.0,0.0,22,4,-69,GSM
1521795567457,121.49869507,31.28422967,6.0,22.0,2.5638251,-75,true,-1,-1,5,88.0,4000.0,-48.13079833984375,11.9781494140625,38.42926025390625,1.9294887781143188,0.34505391120910645,-1.8814436197280884,-2,-2,4199,18539,0,2147483647,0.0,0.0,0,0,0,,6,460,1,4199,18539,0,2147483647,0.0,0.0,25,4,-63,GSM,460,1,4199,29753,0,2147483647,0.0,0.0,20,4,-73,GSM,460,1,4199,18638,0,2147483647,0.0,0.0,24,4,-65,GSM,460,1,4199,18619,0,2147483647,0.0,0.0,18,4,-77,GSM,460,1,4199,12499,0,2147483647,0.0,0.0,21,4,-71,GSM,460,1,4199,29752,0,2147483647,0.0,0.0,22,4,-69,GSM
1521795569549,121.49869507,31.28422967,6.0,22.0,2.5638251,-75,true,-1,-1,5,88.0,4000.0,-52.8106689453125,22.17864990234375,23.72894287109375,0.7267183661460876,0.2919323146343231,-1.9220937490463257,-2,-2,4199,18539,0,2147483647,0.0,0.0,0,0,0,,6,460,1,4199,18539,0,2147483647,0.0,0.0,24,4,-65,GSM,460,1,4199,29753,0,2147483647,0.0,0.0,21,4,-71,GSM,460,1,4199,18638,0,2147483647,0.0,0.0,24,4,-65,GSM,460,1,4199,18619,0,2147483647,0.0,0.0,18,4,-77,GSM,460,1,4199,12499,0,2147483647,0.0,0.0,22,4,-69,GSM,460,1,4199,29752,0,2147483647,0.0,0.0,23,4,-67,GSM
1521795571620,121.49869507,31.28422967,6.0,22.0,2.5638251,-75,true,-1,-1,5,88.0,4000.0,-55.5816650390625,24.578857421875,18.328857421875,0.8780502676963806,0.3530415892601013,-1.8303638696670532,-2,-2,4199,18539,0,2147483647,0.0,0.0,0,0,0,,5,460,1,4199,18539,0,2147483647,0.0,0.0,24,4,-65,GSM,460,1,4199,29753,0,2147483647,0.0,0.0,21,4,-71,GSM,460,1,4199,18638,0,2147483647,0.0,0.0,25,4,-63,GSM,460,1,4199,12499,0,2147483647,0.0,0.0,22,4,-69,GSM,460,1,4199,29752,0,2147483647,0.0,0.0,23,4,-67,GSM
1521795573695,121.49869507,31.28422967,6.0,22.0,2.5638251,-75,true,-1,-1,5,88.0,4000.0,-81.73065185546875,-17.7215576171875,72.02911376953125,2.6890907287597656,0.4099843502044678,-2.0305159091949463,-2,-2,4199,18539,0,2147483647,0.0,0.0,0,0,0,,5,460,1,4199,18539,0,2147483647,0.0,0.0,23,4,-67,GSM,460,1,4199,29753,0,2147483647,0.0,0.0,22,4,-69,GSM,460,1,4199,18638,0,2147483647,0.0,0.0,25,4,-63,GSM,460,1,4199,12499,0,2147483647,0.0,0.0,22,4,-69,GSM,460,1,4199,29752,0,2147483647,0.0,0.0,23,4,-67,GSM
1521795575787,121.49869507,31.28422967,6.0,22.0,2.5638251,-75,true,-1,-1,5,88.0,4000.0,-48.651123046875,14.678955078125,31.52923583984375,1.2378283739089966,0.22021998465061188,-2.0606110095977783,-2,-2,4199,18539,0,2147483647,0.0,0.0,0,0,0,,7,460,1,4199,18539,0,2147483647,0.0,0.0,23,4,-67,GSM,460,1,4199,29753,0,2147483647,0.0,0.0,22,4,-69,GSM,460,1,4199,18638,0,2147483647,0.0,0.0,26,4,-61,GSM,460,1,4199,12499,0,2147483647,0.0,0.0,22,4,-69,GSM,460,1,4199,29752,0,2147483647,0.0,0.0,25,4,-63,GSM,0,0,0,-1,0,2147483647,0.0,0.0,19,4,-75,GSM,0,0,0,-1,0,2147483647,0.0,0.0,18,4,-77,GSM
1521795577885,121.49869507,31.28422967,6.0,22.0,2.5638251,-75,true,-1,-1,5,88.0,4000.0,-44.84100341796875,15.27862548828125,29.730224609375,1.7493746280670166,0.33797356486320496,-1.8730114698410034,-2,-2,4199,18638,0,2147483647,0.0,0.0,0,0,0,,7,460,1,4199,18638,0,2147483647,0.0,0.0,28,4,-57,GSM,460,1,4199,29753,0,2147483647,0.0,0.0,22,4,-69,GSM,460,1,4199,12499,0,2147483647,0.0,0.0,22,4,-69,GSM,460,1,4199,29752,0,2147483647,0.0,0.0,25,4,-63,GSM,460,1,4199,18537,0,2147483647,0.0,0.0,18,4,-77,GSM,460,1,4199,18539,0,2147483647,0.0,0.0,23,4,-67,GSM,0,0,0,-1,0,2147483647,0.0,0.0,2,0,-109,GSM
1521795579974,121.49869507,31.28422967,6.0,22.0,2.5638251,-75,true,-1,-1,5,88.0,4000.0,-73.9410400390625,-15.32135009765625,67.529296875,2.8550000190734863,0.4544634222984314,-2.1420578956604004,-2,-2,4199,18638,0,2147483647,0.0,0.0,0,0,0,,6,460,1,4199,18638,0,2147483647,0.0,0.0,28,4,-57,GSM,460,1,4199,29753,0,2147483647,0.0,0.0,22,4,-69,GSM,460,1,4199,12499,0,2147483647,0.0,0.0,22,4,-69,GSM,460,1,4199,29752,0,2147483647,0.0,0.0,25,4,-63,GSM,460,1,4199,18537,0,2147483647,0.0,0.0,18,4,-77,GSM,460,1,4199,18539,0,2147483647,0.0,0.0,22,4,-69,GSM
1521795582051,121.49869507,31.28422967,6.0,22.0,2.5638251,-75,true,-1,-1,5,88.0,4000.0,-45.71075439453125,15.27862548828125,28.23028564453125,1.6991653442382813,0.31717923283576965,-1.873753309249878,-2,-2,4199,18638,0,2147483647,0.0,0.0,0,0,0,,6,460,1,4199,18638,0,2147483647,0.0,0.0,27,4,-59,GSM,460,1,4199,29753,0,2147483647,0.0,0.0,23,4,-67,GSM,460,1,4199,12499,0,2147483647,0.0,0.0,22,4,-69,GSM,460,1,4199,29752,0,2147483647,0.0,0.0,25,4,-63,GSM,460,1,4199,18537,0,2147483647,0.0,0.0,18,4,-77,GSM,460,1,4199,18539,0,2147483647,0.0,0.0,22,4,-69,GSM
1521795584222,121.49869507,31.28422967,6.0,22.0,2.5638251,-75,true,-1,-1,5,88.0,4000.0,-74.46136474609375,-11.12213134765625,67.82989501953125,2.7799980640411377,0.4611537456512451,-2.105991840362549,-2,-2,4199,18638,0,2147483647,0.0,0.0,0,0,0,,7,460,1,4199,18638,0,2147483647,0.0,0.0,25,4,-63,GSM,460,1,4199,29753,0,2147483647,0.0,0.0,23,4,-67,GSM,460,1,4199,12499,0,2147483647,0.0,0.0,22,4,-69,GSM,460,1,4199,29752,0,2147483647,0.0,0.0,26,4,-61,GSM,460,1,4199,18539,0,2147483647,0.0,0.0,22,4,-69,GSM,0,0,0,-1,0,2147483647,0.0,0.0,19,4,-75,GSM,0,0,0,-1,0,2147483647,0.0,0.0,26,4,-61,GSM
1521795586313,121.49869507,31.28422967,6.0,22.0,2.5638251,-75,true,-1,-1,5,88.0,4000.0,-45.1904296875,15.8782958984375,29.730224609375,1.5322444438934326,0.28540539741516113,-1.8834344148635864,-2,-2,4199,18638,0,2147483647,0.0,0.0,0,0,0,,7,460,1,4199,18638,0,2147483647,0.0,0.0,26,4,-61,GSM,460,1,4199,29753,0,2147483647,0.0,0.0,25,4,-63,GSM,460,1,4199,12499,0,2147483647,0.0,0.0,22,4,-69,GSM,460,1,4199,29752,0,2147483647,0.0,0.0,28,4,-57,GSM,460,1,4199,18539,0,2147483647,0.0,0.0,22,4,-69,GSM,460,1,4199,18639,0,2147483647,0.0,0.0,26,4,-61,GSM,0,0,0,-1,0,2147483647,0.0,0.0,21,4,-71,GSM
1521795588407,121.49869507,31.28422967,6.0,22.0,2.5638251,-75,true,-1,-1,5,88.0,4000.0,-47.79052734375,21.5789794921875,31.829833984375,1.602266550064087,0.3781328499317169,-1.9029765129089355,-2,-2,4199,18638,0,2147483647,0.0,0.0,0,0,0,,7,460,1,4199,18638,0,2147483647,0.0,0.0,24,4,-65,GSM,460,1,4199,29753,0,2147483647,0.0,0.0,25,4,-63,GSM,460,1,4199,12499,0,2147483647,0.0,0.0,22,4,-69,GSM,460,1,4199,29752,0,2147483647,0.0,0.0,28,4,-57,GSM,460,1,4199,18539,0,2147483647,0.0,0.0,22,4,-69,GSM,460,1,4199,18639,0,2147483647,0.0,0.0,26,4,-61,GSM,0,0,0,-1,0,2147483647,0.0,0.0,22,4,-69,GSM
1521795590502,121.49869507,31.28422967,6.0,22.0,2.5638251,-75,true,-1,-1,5,88.0,4000.0,-47.27020263671875,56.378173828125,10.53009033203125,-0.24873541295528412,0.36609315872192383,-1.977854609489441,-2,-2,4199,18638,0,2147483647,0.0,0.0,0,0,0,,7,460,1,4199,18638,0,2147483647,0.0,0.0,25,4,-63,GSM,460,1,4199,29753,0,2147483647,0.0,0.0,25,4,-63,GSM,460,1,4199,12499,0,2147483647,0.0,0.0,22,4,-69,GSM,460,1,4199,29752,0,2147483647,0.0,0.0,29,4,-55,GSM,460,1,4199,18539,0,2147483647,0.0,0.0,22,4,-69,GSM,460,1,4199,18639,0,2147483647,0.0,0.0,25,4,-63,GSM,0,0,0,-1,0,2147483647,0.0,0.0,22,4,-69,GSM
1521795592614,121.49869507,31.28422967,6.0,22.0,2.5638251,-75,true,-1,-1,5,88.0,4000.0,-22.84088134765625,74.9786376953125,27.62908935546875,0.28129228949546814,0.34345367550849915,-1.945652961730957,-2,-2,4199,29752,0,2147483647,0.0,0.0,0,0,0,,7,460,1,4199,29752,0,2147483647,0.0,0.0,24,4,-65,GSM,460,1,4199,29753,0,2147483647,0.0,0.0,25,4,-63,GSM,460,1,4199,12499,0,2147483647,0.0,0.0,22,4,-69,GSM,460,1,4199,29752,0,2147483647,0.0,0.0,29,4,-55,GSM,460,1,4199,18539,0,2147483647,0.0,0.0,22,4,-69,GSM,460,1,4199,18639,0,2147483647,0.0,0.0,25,4,-63,GSM,0,0,0,-1,0,2147483647,0.0,0.0,22,4,-69,GSM
1521795594688,121.49869507,31.28422967,6.0,22.0,2.5638251,-75,true,-1,-1,5,88.0,4000.0,-23.02093505859375,62.078857421875,6.92901611328125,0.07156514376401901,0.4071398377418518,-1.7207987308502197,-2,-2,4199,29752,0,2147483647,0.0,0.0,0,0,0,,6,460,1,4199,29752,0,2147483647,0.0,0.0,31,4,-51,GSM,460,1,4199,29753,0,2147483647,0.0,0.0,25,4,-63,GSM,460,1,4199,12499,0,2147483647,0.0,0.0,22,4,-69,GSM,460,1,4199,18539,0,2147483647,0.0,0.0,22,4,-69,GSM,0,0,0,-1,0,2147483647,0.0,0.0,22,4,-69,GSM,460,1,4199,18638,0,2147483647,0.0,0.0,24,4,-65,GSM
1521795596799,121.49869507,31.28422967,6.0,22.0,2.5638251,-75,true,-1,-1,5,88.0,4000.0,-44.671630859375,71.978759765625,24.029541015625,-0.052821263670921326,0.3702719211578369,-2.1151678562164307,-2,-2,4199,29752,0,2147483647,0.0,0.0,0,0,0,,6,460,1,4199,29752,0,2147483647,0.0,0.0,28,4,-57,GSM,460,1,4199,29753,0,2147483647,0.0,0.0,25,4,-63,GSM,460,1,4199,12499,0,2147483647,0.0,0.0,22,4,-69,GSM,460,1,4199,18539,0,2147483647,0.0,0.0,22,4,-69,GSM,460,1,4199,29751,0,2147483647,0.0,0.0,21,4,-71,GSM,460,1,4199,18638,0,2147483647,0.0,0.0,23,4,-67,GSM
1521795598873,121.49869507,31.28422967,6.0,22.0,2.5638251,-75,true,-1,-1,5,88.0,4000.0,-28.04107666015625,56.97784423828125,9.62982177734375,0.035128094255924225,0.39577987790107727,-1.8527934551239014,-2,-2,4199,29752,0,2147483647,0.0,0.0,0,0,0,,6,460,1,4199,29752,0,2147483647,0.0,0.0,26,4,-61,GSM,460,1,4199,29753,0,2147483647,0.0,0.0,25,4,-63,GSM,460,1,4199,18539,0,2147483647,0.0,0.0,22,4,-69,GSM,460,1,4199,29751,0,2147483647,0.0,0.0,21,4,-71,GSM,460,1,4199,18638,0,2147483647,0.0,0.0,23,4,-67,GSM,0,0,0,-1,0,2147483647,0.0,0.0,22,4,-69,GSM
1521795600984,121.49869507,31.28422967,6.0,22.0,2.5638251,-75,true,-1,-1,5,88.0,4000.0,-56.451416015625,44.07806396484375,66.6290283203125,1.4230185747146606,0.44540366530418396,-2.1434056758880615,-2,-2,4199,29752,0,2147483647,0.0,0.0,0,0,0,,6,460,1,4199,29752,0,2147483647,0.0,0.0,26,4,-61,GSM,460,1,4199,29753,0,2147483647,0.0,0.0,25,4,-63,GSM,460,1,4199,18539,0,2147483647,0.0,0.0,21,4,-71,GSM,460,1,4199,29751,0,2147483647,0.0,0.0,20,4,-73,GSM,460,1,4199,18638,0,2147483647,0.0,0.0,20,4,-73,GSM,460,1,4199,18537,0,2147483647,0.0,0.0,22,4,-69,GSM
1521795603080,121.49869507,31.28422967,6.0,22.0,2.5638251,-75,true,-1,-1,5,88.0,4000.0,-25.7904052734375,64.77813720703125,33.929443359375,0.4617183804512024,0.3444156050682068,-1.87982177734375,-2,-2,4199,29752,0,2147483647,0.0,0.0,0,0,0,,5,460,1,4199,29752,0,2147483647,0.0,0.0,27,4,-59,GSM,460,1,4199,29753,0,2147483647,0.0,0.0,25,4,-63,GSM,460,1,4199,18539,0,2147483647,0.0,0.0,21,4,-71,GSM,460,1,4199,18638,0,2147483647,0.0,0.0,20,4,-73,GSM,460,1,4199,18537,0,2147483647,0.0,0.0,22,4,-69,GSM
1521795605192,121.49869507,31.28422967,6.0,22.0,2.5638251,-75,true,-1,-1,5,88.0,4000.0,-47.96142578125,42.578125,66.3299560546875,1.6103706359863281,0.5423412322998047,-2.057893753051758,-2,-2,4199,29752,0,2147483647,0.0,0.0,0,0,0,,6,460,1,4199,29752,0,2147483647,0.0,0.0,26,4,-61,GSM,460,1,4199,29753,0,2147483647,0.0,0.0,25,4,-63,GSM,460,1,4199,18539,0,2147483647,0.0,0.0,22,4,-69,GSM,460,1,4199,18638,0,2147483647,0.0,0.0,19,4,-75,GSM,460,1,4199,18537,0,2147483647,0.0,0.0,22,4,-69,GSM,460,1,4199,18639,0,2147483647,0.0,0.0,23,4,-67,GSM
1521795607267,121.49869507,31.28422967,6.0,22.0,2.5638251,-75,true,-1,-1,5,88.0,4000.0,-36.700439453125,63.57879638671875,49.22943115234375,0.665659487247467,0.3452851474285126,-1.928605318069458,-2,-2,4199,29752,0,2147483647,0.0,0.0,0,0,0,,6,460,1,4199,29752,0,2147483647,0.0,0.0,23,4,-67,GSM,460,1,4199,29753,0,2147483647,0.0,0.0,24,4,-65,GSM,460,1,4199,18539,0,2147483647,0.0,0.0,22,4,-69,GSM,460,1,4199,18537,0,2147483647,0.0,0.0,22,4,-69,GSM,460,1,4199,18639,0,2147483647,0.0,0.0,22,4,-69,GSM,460,1,4199,12499,0,2147483647,0.0,0.0,20,4,-73,GSM
1521795609381,121.49869507,31.28422967,6.0,22.0,2.5638251,-75,true,-1,-1,5,88.0,4000.0,-18.86138916015625,73.1781005859375,36.32965087890625,0.47581779956817627,0.3900323808193207,-1.8660062551498413,-2,-2,4199,29752,0,2147483647,0.0,0.0,0,0,0,,7,460,1,4199,29752,0,2147483647,0.0,0.0,22,4,-69,GSM,460,1,4199,29753,0,2147483647,0.0,0.0,24,4,-65,GSM,460,1,4199,18539,0,2147483647,0.0,0.0,22,4,-69,GSM,460,1,4199,18537,0,2147483647,0.0,0.0,22,4,-69,GSM,460,1,4199,18639,0,2147483647,0.0,0.0,22,4,-69,GSM,460,1,4199,12499,0,2147483647,0.0,0.0,20,4,-73,GSM,460,1,4199,18619,0,2147483647,0.0,0.0,21,4,-71,GSM
1521795611456,121.49869507,31.28422967,6.0,22.0,2.5638251,-75,true,-1,-1,5,88.0,4000.0,-23.541259765625,68.37921142578125,21.62933349609375,0.30660662055015564,0.3302629888057709,-1.7253221273422241,-2,-2,4199,29752,0,2147483647,0.0,0.0,0,0,0,,7,460,1,4199,29752,0,2147483647,0.0,0.0,22,4,-69,GSM,460,1,4199,29753,0,2147483647,0.0,0.0,25,4,-63,GSM,460,1,4199,18539,0,2147483647,0.0,0.0,22,4,-69,GSM,460,1,4199,18537,0,2147483647,0.0,0.0,22,4,-69,GSM,460,1,4199,18639,0,2147483647,0.0,0.0,21,4,-71,GSM,460,1,4199,18619,0,2147483647,0.0,0.0,20,4,-73,GSM,0,0,0,-1,0,2147483647,0.0,0.0,19,4,-75,GSM
1521795613565,121.49869507,31.28422967,6.0,22.0,2.5638251,-75,true,-1,-1,5,88.0,4000.0,-24.920654296875,56.67877197265625,4.229736328125,0.08325609564781189,0.28070905804634094,-1.5813086032867432,-2,-2,4199,29752,0,2147483647,0.0,0.0,0,0,0,,7,460,1,4199,29752,0,2147483647,0.0,0.0,24,4,-65,GSM,460,1,4199,29753,0,2147483647,0.0,0.0,25,4,-63,GSM,460,1,4199,18539,0,2147483647,0.0,0.0,22,4,-69,GSM,460,1,4199,18537,0,2147483647,0.0,0.0,22,4,-69,GSM,460,1,4199,18639,0,2147483647,0.0,0.0,21,4,-71,GSM,460,1,4199,18619,0,2147483647,0.0,0.0,20,4,-73,GSM,460,1,4199,18467,0,2147483647,0.0,0.0,18,4,-77,GSM
1521795615637,121.49869507,31.28422967,6.0,22.0,2.5638251,-75,true,-1,-1,5,88.0,4000.0,2.789306640625,79.1778564453125,22.8302001953125,0.35010093450546265,0.6846888065338135,-1.5977264642715454,-2,-2,4199,29753,0,2147483647,0.0,0.0,0,0,0,,6,460,1,4199,29753,0,2147483647,0.0,0.0,25,4,-63,GSM,460,1,4199,18539,0,2147483647,0.0,0.0,22,4,-69,GSM,460,1,4199,18537,0,2147483647,0.0,0.0,22,4,-69,GSM,460,1,4199,18639,0,2147483647,0.0,0.0,21,4,-71,GSM,460,1,4199,18619,0,2147483647,0.0,0.0,20,4,-73,GSM,460,1,4199,29742,0,2147483647,0.0,0.0,18,4,-77,GSM
1521795617731,121.49869507,31.28422967,6.0,22.0,2.5638251,-75,true,-1,-1,5,88.0,4000.0,-26.141357421875,74.078369140625,5.72967529296875,-0.09593767672777176,0.44394469261169434,-1.9879837036132813,-2,-2,4199,29753,0,2147483647,0.0,0.0,0,0,0,,7,460,1,4199,29753,0,2147483647,0.0,0.0,24,4,-65,GSM,460,1,4199,18539,0,2147483647,0.0,0.0,23,4,-67,GSM,460,1,4199,18537,0,2147483647,0.0,0.0,23,4,-67,GSM,460,1,4199,18639,0,2147483647,0.0,0.0,21,4,-71,GSM,460,1,4199,18619,0,2147483647,0.0,0.0,20,4,-73,GSM,460,1,4199,29752,0,2147483647,0.0,0.0,23,4,-67,GSM,0,0,0,-1,0,2147483647,0.0,0.0,19,4,-75,GSM
1521795619826,121.49869507,31.28422967,6.0,22.0,2.5638251,-75,true,-1,-1,5,88.0,4000.0,-35.321044921875,78.57818603515625,10.2294921875,0.04205470159649849,0.3229880928993225,-1.7806885242462158,-2,-2,4199,29753,0,2147483647,0.0,0.0,0,0,0,,7,460,1,4199,29753,0,2147483647,0.0,0.0,23,4,-67,GSM,460,1,4199,18539,0,2147483647,0.0,0.0,23,4,-67,GSM,460,1,4199,18537,0,2147483647,0.0,0.0,23,4,-67,GSM,460,1,4199,18639,0,2147483647,0.0,0.0,20,4,-73,GSM,460,1,4199,18619,0,2147483647,0.0,0.0,21,4,-71,GSM,460,1,4199,29752,0,2147483647,0.0,0.0,23,4,-67,GSM,460,1,4199,29742,0,2147483647,0.0,0.0,19,4,-75,GSM
1521795621897,121.49869507,31.28422967,6.0,22.0,2.5638251,-75,true,-1,-1,5,88.0,4000.0,-36.700439453125,76.177978515625,15.0299072265625,0.11318913102149963,0.409163236618042,-1.803201675415039,-2,-2,4199,29753,0,2147483647,0.0,0.0,0,0,0,,7,460,1,4199,29753,0,2147483647,0.0,0.0,22,4,-69,GSM,460,1,4199,18539,0,2147483647,0.0,0.0,24,4,-65,GSM,460,1,4199,18537,0,2147483647,0.0,0.0,23,4,-67,GSM,460,1,4199,18639,0,2147483647,0.0,0.0,20,4,-73,GSM,460,1,4199,18619,0,2147483647,0.0,0.0,21,4,-71,GSM,460,1,4199,29752,0,2147483647,0.0,0.0,23,4,-67,GSM,460,1,4199,29742,0,2147483647,0.0,0.0,19,4,-75,GSM
1521795623989,121.49869507,31.28422967,6.0,22.0,2.5638251,-75,true,-1,-1,5,88.0,4000.0,-34.100341796875,73.1781005859375,11.72943115234375,0.047210872173309326,0.488569974899292,-1.8395206928253174,-2,-2,4199,29753,0,2147483647,0.0,0.0,0,0,0,,7,460,1,4199,29753,0,2147483647,0.0,0.0,20,4,-73,GSM,460,1,4199,18539,0,2147483647,0.0,0.0,24,4,-65,GSM,460,1,4199,18537,0,2147483647,0.0,0.0,23,4,-67,GSM,460,1,4199,18639,0,2147483647,0.0,0.0,19,4,-75,GSM,460,1,4199,18619,0,2147483647,0.0,0.0,22,4,-69,GSM,460,1,4199,29752,0,2147483647,0.0,0.0,23,4,-67,GSM,0,0,0,-1,0,2147483647,0.0,0.0,19,4,-75,GSM
1521795626082,121.49869507,31.28422967,6.0,22.0,2.5638251,-75,true,-1,-1,5,88.0,4000.0,-53.33099365234375,57.57904052734375,53.43017578125,0.9801148176193237,0.4429904818534851,-1.879006266593933,-2,-2,4199,29753,0,2147483647,0.0,0.0,0,0,0,,7,460,1,4199,29753,0,2147483647,0.0,0.0,20,4,-73,GSM,460,1,4199,18539,0,2147483647,0.0,0.0,23,4,-67,GSM,460,1,4199,18537,0,2147483647,0.0,0.0,24,4,-65,GSM,460,1,4199,18639,0,2147483647,0.0,0.0,19,4,-75,GSM,460,1,4199,18619,0,2147483647,0.0,0.0,22,4,-69,GSM,460,1,4199,29752,0,2147483647,0.0,0.0,23,4,-67,GSM,0,0,0,-1,0,2147483647,0.0,0.0,20,4,-73,GSM
1521795628175,121.49869507,31.28422967,6.0,22.0,2.5638251,-75,true,-1,-1,5,88.0,4000.0,-49.69024658203125,56.378173828125,50.7293701171875,0.8821700811386108,0.41602739691734314,-1.9088528156280518,-2,-2,4199,29753,0,2147483647,0.0,0.0,0,0,0,,7,460,1,4199,29753,0,2147483647,0.0,0.0,21,4,-71,GSM,460,1,4199,18539,0,2147483647,0.0,0.0,23,4,-67,GSM,460,1,4199,18537,0,2147483647,0.0,0.0,24,4,-65,GSM,460,1,4199,18619,0,2147483647,0.0,0.0,23,4,-67,GSM,460,1,4199,29752,0,2147483647,0.0,0.0,22,4,-69,GSM,460,1,4199,18638,0,2147483647,0.0,0.0,20,4,-73,GSM,460,1,4199,29742,0,2147483647,0.0,0.0,19,4,-75,GSM
1521795630248,121.49869507,31.28422967,6.0,22.0,2.5638251,-75,true,-1,-1,5,88.0,4000.0,-49.3408203125,56.67877197265625,60.92987060546875,0.9760681390762329,0.46818551421165466,-2.132897138595581,-2,-2,4199,18537,0,2147483647,0.0,0.0,0,0,0,,7,460,1,4199,18537,0,2147483647,0.0,0.0,27,4,-59,GSM,460,1,4199,18539,0,2147483647,0.0,0.0,23,4,-67,GSM,460,1,4199,18619,0,2147483647,0.0,0.0,23,4,-67,GSM,460,1,4199,29752,0,2147483647,0.0,0.0,22,4,-69,GSM,460,1,4199,18638,0,2147483647,0.0,0.0,20,4,-73,GSM,460,1,4199,29742,0,2147483647,0.0,0.0,19,4,-75,GSM,460,1,4199,29753,0,2147483647,0.0,0.0,21,4,-71,GSM
1521795632344,121.49869507,31.28422967,6.0,22.0,2.5638251,-75,true,-1,-1,5,88.0,4000.0,-65.4510498046875,39.2791748046875,60.02960205078125,1.154366135597229,0.351559042930603,-2.1403629779815674,-2,-2,4199,18537,0,2147483647,0.0,0.0,0,0,0,,7,460,1,4199,18537,0,2147483647,0.0,0.0,27,4,-59,GSM,460,1,4199,18539,0,2147483647,0.0,0.0,23,4,-67,GSM,460,1,4199,18619,0,2147483647,0.0,0.0,23,4,-67,GSM,460,1,4199,29752,0,2147483647,0.0,0.0,22,4,-69,GSM,460,1,4199,18638,0,2147483647,0.0,0.0,20,4,-73,GSM,460,1,4199,29742,0,2147483647,0.0,0.0,20,4,-73,GSM,460,1,4199,29753,0,2147483647,0.0,0.0,21,4,-71,GSM
1521795634453,121.49869507,31.28422967,6.0,22.0,2.5638251,-75,true,-1,-1,5,88.0,4000.0,-58.00018310546875,47.97821044921875,64.5294189453125,1.1693438291549683,0.3942100703716278,-2.043452501296997,-2,-2,4199,18537,0,2147483647,0.0,0.0,0,0,0,,7,460,1,4199,18537,0,2147483647,0.0,0.0,27,4,-59,GSM,460,1,4199,18539,0,2147483647,0.0,0.0,23,4,-67,GSM,460,1,4199,18619,0,2147483647,0.0,0.0,23,4,-67,GSM,460,1,4199,29752,0,2147483647,0.0,0.0,22,4,-69,GSM,460,1,4199,18638,0,2147483647,0.0,0.0,20,4,-73,GSM,460,1,4199,29742,0,2147483647,0.0,0.0,20,4,-73,GSM,460,1,4199,29753,0,2147483647,0.0,0.0,21,4,-71,GSM
1521795636526,121.49869507,31.28422967,6.0,22.0,2.5638251,-75,true,-1,-1,5,88.0,4000.0,-31.1614990234375,71.978759765625,20.42999267578125,0.17702235281467438,0.35329630970954895,-1.8833833932876587,-2,-2,4199,18537,0,2147483647,0.0,0.0,0,0,0,,7,460,1,4199,18537,0,2147483647,0.0,0.0,29,4,-55,GSM,460,1,4199,18539,0,2147483647,0.0,0.0,24,4,-65,GSM,460,1,4199,18619,0,2147483647,0.0,0.0,23,4,-67,GSM,460,1,4199,29752,0,2147483647,0.0,0.0,22,4,-69,GSM,460,1,4199,18638,0,2147483647,0.0,0.0,20,4,-73,GSM,460,1,4199,29742,0,2147483647,0.0,0.0,20,4,-73,GSM,460,1,4199,29753,0,2147483647,0.0,0.0,21,4,-71,GSM
1521795638620,121.49869507,31.28422967,6.0,22.0,2.5638251,-75,true,-1,-1,5,88.0,4000.0,-32.720947265625,67.77801513671875,14.129638671875,0.04486778751015663,0.3440316617488861,-1.9131183624267578,-2,-2,4199,18537,0,2147483647,0.0,0.0,0,0,0,,7,460,1,4199,18537,0,2147483647,0.0,0.0,31,4,-51,GSM,460,1,4199,18539,0,2147483647,0.0,0.0,24,4,-65,GSM,460,1,4199,18619,0,2147483647,0.0,0.0,23,4,-67,GSM,460,1,4199,29752,0,2147483647,0.0,0.0,22,4,-69,GSM,460,1,4199,18638,0,2147483647,0.0,0.0,20,4,-73,GSM,460,1,4199,29742,0,2147483647,0.0,0.0,21,4,-71,GSM,460,1,4199,29753,0,2147483647,0.0,0.0,21,4,-71,GSM
1521795640694,121.49869507,31.28422967,6.0,22.0,2.5638251,-75,true,-1,-1,5,88.0,4000.0,-56.1004638671875,45.87860107421875,50.4302978515625,1.0038866996765137,0.38408806920051575,-1.9665755033493042,-2,-2,4199,18537,0,2147483647,0.0,0.0,0,0,0,,7,460,1,4199,18537,0,2147483647,0.0,0.0,31,4,-51,GSM,460,1,4199,18539,0,2147483647,0.0,0.0,26,4,-61,GSM,460,1,4199,18619,0,2147483647,0.0,0.0,24,4,-65,GSM,460,1,4199,29752,0,2147483647,0.0,0.0,21,4,-71,GSM,460,1,4199,29742,0,2147483647,0.0,0.0,21,4,-71,GSM,460,1,4199,29753,0,2147483647,0.0,0.0,21,4,-71,GSM,460,1,4199,29741,0,2147483647,0.0,0.0,21,4,-71,GSM
1521795642788,121.49869507,31.28422967,6.0,22.0,2.5638251,-75,true,-1,-1,5,88.0,4000.0,-35.66131591796875,68.9788818359375,9.62982177734375,-0.04190101847052574,0.3830781579017639,-1.8915435075759888,-2,-2,4199,18537,0,2147483647,0.0,0.0,0,0,0,,7,460,1,4199,18537,0,2147483647,0.0,0.0,30,4,-53,GSM,460,1,4199,18539,0,2147483647,0.0,0.0,26,4,-61,GSM,460,1,4199,18619,0,2147483647,0.0,0.0,24,4,-65,GSM,460,1,4199,29752,0,2147483647,0.0,0.0,21,4,-71,GSM,460,1,4199,29742,0,2147483647,0.0,0.0,22,4,-69,GSM,460,1,4199,29753,0,2147483647,0.0,0.0,21,4,-71,GSM,460,1,4199,29741,0,2147483647,0.0,0.0,21,4,-71,GSM
1521795644878,121.49869507,31.28422967,6.0,22.0,2.5638251,-75,true,-1,-1,5,88.0,4000.0,-64.7613525390625,45.5780029296875,55.828857421875,0.7241554260253906,0.2869783937931061,-2.0734784603118896,-2,-2,4199,18537,0,2147483647,0.0,0.0,0,0,0,,7,460,1,4199,18537,0,2147483647,0.0,0.0,28,4,-57,GSM,460,1,4199,18539,0,2147483647,0.0,0.0,26,4,-61,GSM,460,1,4199,18619,0,2147483647,0.0,0.0,25,4,-63,GSM,460,1,4199,29752,0,2147483647,0.0,0.0,21,4,-71,GSM,460,1,4199,29742,0,2147483647,0.0,0.0,22,4,-69,GSM,460,1,4199,29753,0,2147483647,0.0,0.0,22,4,-69,GSM,460,1,4199,29741,0,2147483647,0.0,0.0,21,4,-71,GSM
1521795646950,121.49869507,31.28422967,6.0,22.0,2.5638251,-75,true,-1,-1,5,88.0,4000.0,-66.84112548828125,27.5787353515625,43.829345703125,2.1238977909088135,0.4494283199310303,-1.9622594118118286,-2,-2,4199,18537,0,2147483647,0.0,0.0,0,0,0,,7,460,1,4199,18537,0,2147483647,0.0,0.0,27,4,-59,GSM,460,1,4199,18539,0,2147483647,0.0,0.0,27,4,-59,GSM,460,1,4199,18619,0,2147483647,0.0,0.0,25,4,-63,GSM,460,1,4199,29752,0,2147483647,0.0,0.0,21,4,-71,GSM,460,1,4199,29742,0,2147483647,0.0,0.0,24,4,-65,GSM,460,1,4199,29753,0,2147483647,0.0,0.0,22,4,-69,GSM,460,1,4199,29741,0,2147483647,0.0,0.0,21,4,-71,GSM
1521795649044,121.49869507,31.28422967,6.0,22.0,2.5638251,-75,true,-1,-1,5,88.0,4000.0,-48.31085205078125,47.3785400390625,11.72943115234375,-0.20047307014465332,0.3621097505092621,-1.9187448024749756,-2,-2,4199,18537,0,2147483647,0.0,0.0,0,0,0,,7,460,1,4199,18537,0,2147483647,0.0,0.0,26,4,-61,GSM,460,1,4199,18539,0,2147483647,0.0,0.0,27,4,-59,GSM,460,1,4199,18619,0,2147483647,0.0,0.0,25,4,-63,GSM,460,1,4199,29752,0,2147483647,0.0,0.0,21,4,-71,GSM,460,1,4199,29742,0,2147483647,0.0,0.0,24,4,-65,GSM,460,1,4199,29753,0,2147483647,0.0,0.0,22,4,-69,GSM,460,1,4199,29741,0,2147483647,0.0,0.0,22,4,-69,GSM
1521795651138,121.49869507,31.28422967,6.0,22.0,2.5638251,-75,true,-1,-1,5,88.0,4000.0,-50.2105712890625,36.27777099609375,21.0296630859375,0.22029298543930054,0.3818976581096649,-1.912248134613037,-2,-2,4199,18537,0,2147483647,0.0,0.0,0,0,0,,7,460,1,4199,18537,0,2147483647,0.0,0.0,26,4,-61,GSM,460,1,4199,18539,0,2147483647,0.0,0.0,28,4,-57,GSM,460,1,4199,18619,0,2147483647,0.0,0.0,25,4,-63,GSM,460,1,4199,29752,0,2147483647,0.0,0.0,21,4,-71,GSM,460,1,4199,29742,0,2147483647,0.0,0.0,24,4,-65,GSM,460,1,4199,29753,0,2147483647,0.0,0.0,22,4,-69,GSM,460,1,4199,29741,0,2147483647,0.0,0.0,22,4,-69,GSM
1521795653233,121.49869507,31.28422967,6.0,22.0,2.5638251,-75,true,-1,-1,5,88.0,4000.0,-49.69024658203125,31.4788818359375,20.12939453125,0.7081514596939087,0.30265089869499207,-1.721910834312439,-2,-2,4199,18537,0,2147483647,0.0,0.0,0,0,0,,7,460,1,4199,18537,0,2147483647,0.0,0.0,26,4,-61,GSM,460,1,4199,18539,0,2147483647,0.0,0.0,28,4,-57,GSM,460,1,4199,18619,0,2147483647,0.0,0.0,26,4,-61,GSM,460,1,4199,29742,0,2147483647,0.0,0.0,25,4,-63,GSM,460,1,4199,29753,0,2147483647,0.0,0.0,22,4,-69,GSM,460,1,4199,29741,0,2147483647,0.0,0.0,22,4,-69,GSM,460,1,4199,18638,0,2147483647,0.0,0.0,21,4,-71,GSM
1521795655305,121.49869507,31.28422967,6.0,22.0,2.5638251,-75,true,-1,-1,5,88.0,4000.0,-89.53094482421875,-21.9207763671875,45.928955078125,-2.6229991912841797,0.5632385015487671,-2.441284418106079,-2,-2,4199,18537,0,2147483647,0.0,0.0,0,0,0,,7,460,1,4199,18537,0,2147483647,0.0,0.0,25,4,-63,GSM,460,1,4199,18539,0,2147483647,0.0,0.0,29,4,-55,GSM,460,1,4199,18619,0,2147483647,0.0,0.0,26,4,-61,GSM,460,1,4199,29742,0,2147483647,0.0,0.0,25,4,-63,GSM,460,1,4199,29753,0,2147483647,0.0,0.0,22,4,-69,GSM,460,1,4199,29741,0,2147483647,0.0,0.0,21,4,-71,GSM,460,1,4199,18638,0,2147483647,0.0,0.0,22,4,-69,GSM
1521795657374,121.49869507,31.28422967,6.0,22.0,2.5638251,-59,true,-1,-1,5,88.0,4000.0,14.3890380859375,-25.5218505859375,28.52935791015625,-2.8698689937591553,-0.4315163791179657,-0.14896491169929504,-2,-2,4199,18539,0,2147483647,0.0,0.0,0,0,0,,7,460,1,4199,18539,0,2147483647,0.0,0.0,22,4,-69,GSM,460,1,4199,18619,0,2147483647,0.0,0.0,26,4,-61,GSM,460,1,4199,29742,0,2147483647,0.0,0.0,25,4,-63,GSM,460,1,4199,29753,0,2147483647,0.0,0.0,22,4,-69,GSM,460,1,4199,29741,0,2147483647,0.0,0.0,20,4,-73,GSM,460,1,4199,18638,0,2147483647,0.0,0.0,22,4,-69,GSM,460,1,4199,18537,0,2147483647,0.0,0.0,25,4,-63,GSM
1521795659434,121.49869507,31.28422967,6.0,22.0,2.5638251,-59,true,-1,-1,5,88.0,4000.0,24.4384765625,-19.5220947265625,33.929443359375,-2.439265012741089,-0.3520575165748596,0.02373984269797802,-2,-2,4199,18539,0,2147483647,0.0,0.0,0,0,0,,7,460,1,4199,18539,0,2147483647,0.0,0.0,23,4,-67,GSM,460,1,4199,18619,0,2147483647,0.0,0.0,26,4,-61,GSM,460,1,4199,29742,0,2147483647,0.0,0.0,22,4,-69,GSM,460,1,4199,29753,0,2147483647,0.0,0.0,22,4,-69,GSM,460,1,4199,29741,0,2147483647,0.0,0.0,18,4,-77,GSM,460,1,4199,18638,0,2147483647,0.0,0.0,19,4,-75,GSM,460,1,4199,18537,0,2147483647,0.0,0.0,24,4,-65,GSM
1521795661497,121.49795756,31.2864585,32.0,15.0,0.0,-59,true,-1,-1,5,88.0,4000.0,22.70965576171875,-7.8216552734375,30.32989501953125,-2.134687662124634,-0.283431738615036,0.06437267363071442,-2,-2,4199,18539,0,2147483647,0.0,0.0,0,0,0,,7,460,1,4199,18539,0,2147483647,0.0,0.0,24,4,-65,GSM,460,1,4199,18619,0,2147483647,0.0,0.0,25,4,-63,GSM,460,1,4199,29742,0,2147483647,0.0,0.0,22,4,-69,GSM,460,1,4199,29753,0,2147483647,0.0,0.0,22,4,-69,GSM,460,1,4199,18537,0,2147483647,0.0,0.0,24,4,-65,GSM,0,0,0,-1,0,2147483647,0.0,0.0,21,4,-71,GSM,0,0,0,-1,0,2147483647,0.0,0.0,20,4,-73,GSM
