IMEI:862534033931242
IMSI:460016291512177
OSVersion:3.10.73-perf-g94fc9a6
apiLevel:5.1.1
model:Redmi Note 3
device:kenzo
product:kenzo
98
1521794300373,121.50096797,31.28628068,45.0,58.0,0.0,-53,true,-1,-1,5,89.0,4000.0,-13.84124755859375,14.37835693359375,20.42999267578125,0.9653028249740601,-0.2415601909160614,0.045504678040742874,-2,-2,4199,18538,0,2147483647,0.0,0.0,0,0,0,,6,460,1,4199,18538,0,2147483647,0.0,0.0,23,4,-67,GSM,460,1,4199,18618,0,2147483647,0.0,0.0,20,4,-73,GSM,460,1,4199,18319,0,2147483647,0.0,0.0,18,4,-77,GSM,460,1,4199,18318,0,2147483647,0.0,0.0,16,4,-81,GSM,460,1,4199,18317,0,2147483647,0.0,0.0,21,4,-71,GSM,0,0,0,-1,0,2147483647,0.0,0.0,15,4,-83,GSM
1521794302428,121.50096797,31.28628068,45.0,58.0,0.0,-53,true,-1,-1,5,89.0,4000.0,-24.58038330078125,14.37835693359375,21.62933349609375,1.280044436454773,-0.3287757337093353,-0.23409190773963928,-2,-2,4199,18538,0,2147483647,0.0,0.0,0,0,0,,6,460,1,4199,18538,0,2147483647,0.0,0.0,23,4,-67,GSM,460,1,4199,18618,0,2147483647,0.0,0.0,20,4,-73,GSM,460,1,4199,18319,0,2147483647,0.0,0.0,18,4,-77,GSM,460,1,4199,18318,0,2147483647,0.0,0.0,16,4,-81,GSM,460,1,4199,18317,0,2147483647,0.0,0.0,21,4,-71,GSM,460,1,4199,18468,0,2147483647,0.0,0.0,15,4,-83,GSM
1521794304520,121.50096797,31.28628068,45.0,58.0,0.0,-53,true,-1,-1,5,89.0,4000.0,-19.03076171875,19.7784423828125,23.42987060546875,0.9048827886581421,-0.14641062915325165,-0.08051716536283493,-2,-2,4199,18538,0,2147483647,0.0,0.0,0,0,0,,6,460,1,4199,18538,0,2147483647,0.0,0.0,22,4,-69,GSM,460,1,4199,18618,0,2147483647,0.0,0.0,20,4,-73,GSM,460,1,4199,18319,0,2147483647,0.0,0.0,18,4,-77,GSM,460,1,4199,18318,0,2147483647,0.0,0.0,16,4,-81,GSM,460,1,4199,18317,0,2147483647,0.0,0.0,21,4,-71,GSM,460,1,4199,18537,0,2147483647,0.0,0.0,15,4,-83,GSM
1521794306615,121.50096797,31.28628068,45.0,58.0,0.0,-53,true,-1,-1,5,89.0,4000.0,-18.00079345703125,20.6787109375,22.8302001953125,0.861095666885376,-0.13837258517742157,-0.11679854989051819,-2,-2,4199,18538,0,2147483647,0.0,0.0,0,0,0,,6,460,1,4199,18538,0,2147483647,0.0,0.0,23,4,-67,GSM,460,1,4199,18319,0,2147483647,0.0,0.0,18,4,-77,GSM,460,1,4199,18318,0,2147483647,0.0,0.0,15,4,-83,GSM,460,1,4199,18317,0,2147483647,0.0,0.0,21,4,-71,GSM,460,1,4199,18537,0,2147483647,0.0,0.0,16,4,-81,GSM,0,0,0,-1,0,2147483647,0.0,0.0,15,4,-83,GSM
1521794308668,121.50118771,31.28612371,47.0,47.0,0.0,-53,true,-1,-1,5,89.0,4000.0,-17.6513671875,19.7784423828125,22.22900390625,0.8959760069847107,-0.1712493598461151,-0.11501526087522507,-2,-2,4199,18538,0,2147483647,0.0,0.0,0,0,0,,6,460,1,4199,18538,0,2147483647,0.0,0.0,24,4,-65,GSM,460,1,4199,18319,0,2147483647,0.0,0.0,18,4,-77,GSM,460,1,4199,18318,0,2147483647,0.0,0.0,15,4,-83,GSM,460,1,4199,18317,0,2147483647,0.0,0.0,22,4,-69,GSM,460,1,4199,18537,0,2147483647,0.0,0.0,16,4,-81,GSM,0,0,0,-1,0,2147483647,0.0,0.0,15,4,-83,GSM
1521794310862,121.50118771,31.28612371,47.0,47.0,0.0,-53,true,-1,-1,5,89.0,4000.0,-19.38018798828125,16.778564453125,21.62933349609375,0.9713934659957886,-0.14090004563331604,-0.02816430665552616,-2,-2,4199,18538,0,2147483647,0.0,0.0,0,0,0,,4,460,1,4199,18538,0,2147483647,0.0,0.0,25,4,-63,GSM,460,1,4199,18319,0,2147483647,0.0,0.0,18,4,-77,GSM,460,1,4199,18317,0,2147483647,0.0,0.0,22,4,-69,GSM,460,1,4199,18537,0,2147483647,0.0,0.0,17,4,-79,GSM
1521794312938,121.50118771,31.28612371,47.0,47.0,0.0,-53,true,-1,-1,5,89.0,4000.0,-9.3414306640625,12.87841796875,20.42999267578125,1.0284757614135742,-0.2688319683074951,-0.1519482433795929,-2,-2,4199,18538,0,2147483647,0.0,0.0,0,0,0,,6,460,1,4199,18538,0,2147483647,0.0,0.0,23,4,-67,GSM,460,1,4199,18319,0,2147483647,0.0,0.0,18,4,-77,GSM,460,1,4199,18317,0,2147483647,0.0,0.0,23,4,-67,GSM,460,1,4199,18537,0,2147483647,0.0,0.0,17,4,-79,GSM,0,0,0,-1,0,2147483647,0.0,0.0,15,4,-83,GSM,0,0,0,-1,0,2147483647,0.0,0.0,15,4,-83,GSM
1521794315007,121.5012465,31.28607724,39.0,45.0,1.4401389,-53,true,-1,-1,5,89.0,4000.0,-25.44097900390625,14.97802734375,21.929931640625,1.2453819513320923,-0.27915406227111816,-0.20554637908935547,-2,-2,4199,18538,0,2147483647,0.0,0.0,0,0,0,,6,460,1,4199,18538,0,2147483647,0.0,0.0,20,4,-73,GSM,460,1,4199,18319,0,2147483647,0.0,0.0,19,4,-75,GSM,460,1,4199,18317,0,2147483647,0.0,0.0,23,4,-67,GSM,460,1,4199,18537,0,2147483647,0.0,0.0,17,4,-79,GSM,460,1,4199,12498,0,2147483647,0.0,0.0,15,4,-83,GSM,460,1,4199,18318,0,2147483647,0.0,0.0,16,4,-81,GSM
1521794317120,121.5012465,31.28607724,39.0,45.0,1.4401389,-53,true,-1,-1,5,89.0,4000.0,-42.76123046875,8.978271484375,40.52886962890625,2.189133405685425,0.9345698356628418,-1.5671814680099487,-2,-2,4199,18538,0,2147483647,0.0,0.0,0,0,0,,7,460,1,4199,18538,0,2147483647,0.0,0.0,21,4,-71,GSM,460,1,4199,18319,0,2147483647,0.0,0.0,19,4,-75,GSM,460,1,4199,18317,0,2147483647,0.0,0.0,22,4,-69,GSM,460,1,4199,18537,0,2147483647,0.0,0.0,17,4,-79,GSM,460,1,4199,12498,0,2147483647,0.0,0.0,15,4,-83,GSM,460,1,4199,18318,0,2147483647,0.0,0.0,16,4,-81,GSM,0,0,0,-1,0,2147483647,0.0,0.0,14,4,-85,GSM
1521794319215,121.5012465,31.28607724,39.0,45.0,1.4401389,-53,true,-1,-1,5,89.0,4000.0,-42.76123046875,-53.72161865234375,-26.0711669921875,-2.6943016052246094,0.684640645980835,-1.709191918373108,-2,-2,4199,18538,0,2147483647,0.0,0.0,0,0,0,,7,460,1,4199,18538,0,2147483647,0.0,0.0,24,4,-65,GSM,460,1,4199,18319,0,2147483647,0.0,0.0,19,4,-75,GSM,460,1,4199,18317,0,2147483647,0.0,0.0,22,4,-69,GSM,460,1,4199,18537,0,2147483647,0.0,0.0,17,4,-79,GSM,460,1,4199,12498,0,2147483647,0.0,0.0,15,4,-83,GSM,460,1,4199,18318,0,2147483647,0.0,0.0,17,4,-79,GSM,0,0,0,-1,0,2147483647,0.0,0.0,14,4,-85,GSM
1521794321291,121.5013013,31.28604937,39.0,38.0,0.0,-53,true,-1,-1,5,89.0,4000.0,-43.80035400390625,-51.62200927734375,-20.67108154296875,-2.707425594329834,0.6438772082328796,-1.7919563055038452,-2,-2,4199,18538,0,2147483647,0.0,0.0,0,0,0,,7,460,1,4199,18538,0,2147483647,0.0,0.0,26,4,-61,GSM,460,1,4199,18319,0,2147483647,0.0,0.0,19,4,-75,GSM,460,1,4199,18317,0,2147483647,0.0,0.0,25,4,-63,GSM,460,1,4199,18537,0,2147483647,0.0,0.0,17,4,-79,GSM,460,1,4199,12498,0,2147483647,0.0,0.0,15,4,-83,GSM,460,1,4199,18318,0,2147483647,0.0,0.0,17,4,-79,GSM,0,0,0,-1,0,2147483647,0.0,0.0,15,4,-83,GSM
1521794323390,121.5013013,31.28604937,39.0,38.0,0.0,-53,true,-1,-1,5,89.0,4000.0,-30.9906005859375,-45.3216552734375,-24.2706298828125,-2.6511638164520264,0.5905420184135437,-1.7068686485290527,-2,-2,4199,18538,0,2147483647,0.0,0.0,0,0,0,,7,460,1,4199,18538,0,2147483647,0.0,0.0,27,4,-59,GSM,460,1,4199,18319,0,2147483647,0.0,0.0,21,4,-71,GSM,460,1,4199,18317,0,2147483647,0.0,0.0,25,4,-63,GSM,460,1,4199,18537,0,2147483647,0.0,0.0,19,4,-75,GSM,460,1,4199,12498,0,2147483647,0.0,0.0,15,4,-83,GSM,460,1,4199,18318,0,2147483647,0.0,0.0,19,4,-75,GSM,0,0,0,-1,0,2147483647,0.0,0.0,15,4,-83,GSM
1521794325484,121.5013013,31.28604937,39.0,38.0,0.0,-53,true,-1,-1,5,89.0,4000.0,-37.0513916015625,-51.92108154296875,-22.77069091796875,-2.670382499694824,0.6016378998756409,-1.8032267093658447,-2,-2,4199,18538,0,2147483647,0.0,0.0,0,0,0,,7,460,1,4199,18538,0,2147483647,0.0,0.0,26,4,-61,GSM,460,1,4199,18319,0,2147483647,0.0,0.0,21,4,-71,GSM,460,1,4199,18317,0,2147483647,0.0,0.0,26,4,-61,GSM,460,1,4199,18537,0,2147483647,0.0,0.0,19,4,-75,GSM,460,1,4199,12498,0,2147483647,0.0,0.0,16,4,-81,GSM,460,1,4199,18318,0,2147483647,0.0,0.0,19,4,-75,GSM,0,0,0,-1,0,2147483647,0.0,0.0,17,4,-79,GSM
1521794327553,121.50135501,31.28602667,39.0,42.0,0.0,-53,true,-1,-1,5,89.0,4000.0,-51.77154541015625,-86.42120361328125,-20.67108154296875,-2.831634044647217,0.4876176416873932,-1.7885677814483643,-2,-2,4199,18538,0,2147483647,0.0,0.0,0,0,0,,7,460,1,4199,18538,0,2147483647,0.0,0.0,27,4,-59,GSM,460,1,4199,18319,0,2147483647,0.0,0.0,23,4,-67,GSM,460,1,4199,18317,0,2147483647,0.0,0.0,26,4,-61,GSM,460,1,4199,18537,0,2147483647,0.0,0.0,19,4,-75,GSM,460,1,4199,12498,0,2147483647,0.0,0.0,16,4,-81,GSM,460,1,4199,18318,0,2147483647,0.0,0.0,19,4,-75,GSM,0,0,0,-1,0,2147483647,0.0,0.0,17,4,-79,GSM
1521794329648,121.50135501,31.28602667,39.0,42.0,0.0,-53,true,-1,-1,5,89.0,4000.0,-36.871337890625,-84.32159423828125,24.9298095703125,2.9301087856292725,0.6988388299942017,-1.7144885063171387,-2,-2,4199,18538,0,2147483647,0.0,0.0,0,0,0,,7,460,1,4199,18538,0,2147483647,0.0,0.0,29,4,-55,GSM,460,1,4199,18319,0,2147483647,0.0,0.0,23,4,-67,GSM,460,1,4199,18317,0,2147483647,0.0,0.0,26,4,-61,GSM,460,1,4199,18537,0,2147483647,0.0,0.0,19,4,-75,GSM,460,1,4199,12498,0,2147483647,0.0,0.0,16,4,-81,GSM,460,1,4199,18318,0,2147483647,0.0,0.0,20,4,-73,GSM,0,0,0,-1,0,2147483647,0.0,0.0,17,4,-79,GSM
1521794331743,121.50135501,31.28602667,39.0,42.0,0.0,-53,true,-1,-1,5,89.0,4000.0,-42.071533203125,-88.52081298828125,32.7301025390625,2.889611005783081,0.48505884408950806,-1.7275105714797974,-2,-2,4199,18538,0,2147483647,0.0,0.0,0,0,0,,6,460,1,4199,18538,0,2147483647,0.0,0.0,29,4,-55,GSM,460,1,4199,18319,0,2147483647,0.0,0.0,24,4,-65,GSM,460,1,4199,18317,0,2147483647,0.0,0.0,26,4,-61,GSM,460,1,4199,18537,0,2147483647,0.0,0.0,19,4,-75,GSM,460,1,4199,18318,0,2147483647,0.0,0.0,20,4,-73,GSM,0,0,0,-1,0,2147483647,0.0,0.0,17,4,-79,GSM
1521794333835,121.50134336,31.28603916,42.0,49.0,0.0,-53,true,-1,-1,5,89.0,4000.0,-59.04083251953125,-97.821044921875,15.93017578125,3.0252797603607178,0.36643746495246887,-1.6172627210617065,-2,-2,4199,18538,0,2147483647,0.0,0.0,0,0,0,,6,460,1,4199,18538,0,2147483647,0.0,0.0,28,4,-57,GSM,460,1,4199,18319,0,2147483647,0.0,0.0,24,4,-65,GSM,460,1,4199,18317,0,2147483647,0.0,0.0,27,4,-59,GSM,460,1,4199,18537,0,2147483647,0.0,0.0,21,4,-71,GSM,460,1,4199,18318,0,2147483647,0.0,0.0,21,4,-71,GSM,0,0,0,-1,0,2147483647,0.0,0.0,19,4,-75,GSM
1521794335912,121.50134336,31.28603916,42.0,49.0,0.0,-53,true,-1,-1,5,89.0,4000.0,-50.3814697265625,-87.0208740234375,24.33013916015625,2.961737871170044,0.6835070252418518,-1.6867647171020508,-2,-2,4199,18538,0,2147483647,0.0,0.0,0,0,0,,6,460,1,4199,18538,0,2147483647,0.0,0.0,26,4,-61,GSM,460,1,4199,18319,0,2147483647,0.0,0.0,24,4,-65,GSM,460,1,4199,18317,0,2147483647,0.0,0.0,27,4,-59,GSM,460,1,4199,18537,0,2147483647,0.0,0.0,20,4,-73,GSM,460,1,4199,18318,0,2147483647,0.0,0.0,21,4,-71,GSM,0,0,0,-1,0,2147483647,0.0,0.0,19,4,-75,GSM
1521794338007,121.50134336,31.28603916,42.0,49.0,0.0,-53,true,-1,-1,5,89.0,4000.0,-50.04119873046875,-88.52081298828125,28.52935791015625,2.9398725032806396,0.5585615038871765,-1.7128398418426514,-2,-2,4199,18538,0,2147483647,0.0,0.0,0,0,0,,7,460,1,4199,18538,0,2147483647,0.0,0.0,25,4,-63,GSM,460,1,4199,18319,0,2147483647,0.0,0.0,24,4,-65,GSM,460,1,4199,18317,0,2147483647,0.0,0.0,28,4,-57,GSM,460,1,4199,18537,0,2147483647,0.0,0.0,20,4,-73,GSM,460,1,4199,18318,0,2147483647,0.0,0.0,22,4,-69,GSM,0,0,0,-1,0,2147483647,0.0,0.0,19,4,-75,GSM,0,0,0,-1,0,2147483647,0.0,0.0,22,4,-69,GSM
1521794340098,121.50134824,31.28603503,43.0,46.0,0.0,-53,true,-1,-1,5,89.0,4000.0,-26.8310546875,-2.42156982421875,27.9296875,2.6230812072753906,0.30912265181541443,-2.1708905696868896,-2,-2,4199,18538,0,2147483647,0.0,0.0,0,0,0,,7,460,1,4199,18538,0,2147483647,0.0,0.0,26,4,-61,GSM,460,1,4199,18319,0,2147483647,0.0,0.0,25,4,-63,GSM,460,1,4199,18317,0,2147483647,0.0,0.0,28,4,-57,GSM,460,1,4199,18537,0,2147483647,0.0,0.0,20,4,-73,GSM,460,1,4199,18318,0,2147483647,0.0,0.0,22,4,-69,GSM,0,0,0,-1,0,2147483647,0.0,0.0,20,4,-73,GSM,0,0,0,-1,0,2147483647,0.0,0.0,22,4,-69,GSM
1521794342235,121.50134824,31.28603503,43.0,46.0,0.0,-53,true,-1,-1,5,89.0,4000.0,-38.09051513671875,21.27838134765625,79.82940673828125,1.6470674276351929,0.3037842810153961,-2.2140166759490967,-2,-2,4199,18538,0,2147483647,0.0,0.0,0,0,0,,7,460,1,4199,18538,0,2147483647,0.0,0.0,27,4,-59,GSM,460,1,4199,18319,0,2147483647,0.0,0.0,25,4,-63,GSM,460,1,4199,18317,0,2147483647,0.0,0.0,26,4,-61,GSM,460,1,4199,18537,0,2147483647,0.0,0.0,21,4,-71,GSM,460,1,4199,18318,0,2147483647,0.0,0.0,22,4,-69,GSM,0,0,0,-1,0,2147483647,0.0,0.0,19,4,-75,GSM,460,1,4199,18467,0,2147483647,0.0,0.0,21,4,-71,GSM
1521794344324,121.50134824,31.28603503,43.0,46.0,0.0,-53,true,-1,-1,5,89.0,4000.0,-38.26141357421875,44.378662109375,65.12908935546875,1.1339277029037476,0.3415178954601288,-1.9334419965744019,-2,-2,4199,18538,0,2147483647,0.0,0.0,0,0,0,,7,460,1,4199,18538,0,2147483647,0.0,0.0,28,4,-57,GSM,460,1,4199,18319,0,2147483647,0.0,0.0,23,4,-67,GSM,460,1,4199,18317,0,2147483647,0.0,0.0,26,4,-61,GSM,460,1,4199,18537,0,2147483647,0.0,0.0,20,4,-73,GSM,460,1,4199,18318,0,2147483647,0.0,0.0,22,4,-69,GSM,460,1,4199,18467,0,2147483647,0.0,0.0,21,4,-71,GSM,460,1,4199,12498,0,2147483647,0.0,0.0,20,4,-73,GSM
1521794346423,121.50134807,31.28603412,43.0,46.0,0.0,-53,true,-1,-1,5,89.0,4000.0,-42.59033203125,44.677734375,67.230224609375,1.2741451263427734,0.4246889352798462,-1.861448049545288,-2,-2,4199,18538,0,2147483647,0.0,0.0,0,0,0,,7,460,1,4199,18538,0,2147483647,0.0,0.0,28,4,-57,GSM,460,1,4199,18319,0,2147483647,0.0,0.0,23,4,-67,GSM,460,1,4199,18317,0,2147483647,0.0,0.0,25,4,-63,GSM,460,1,4199,18537,0,2147483647,0.0,0.0,20,4,-73,GSM,460,1,4199,18318,0,2147483647,0.0,0.0,21,4,-71,GSM,460,1,4199,18467,0,2147483647,0.0,0.0,20,4,-73,GSM,460,1,4199,12498,0,2147483647,0.0,0.0,20,4,-73,GSM
1521794348515,121.50134807,31.28603412,43.0,46.0,0.0,-53,true,-1,-1,5,89.0,4000.0,-49.00054931640625,47.97821044921875,72.3297119140625,1.3803354501724243,0.4928838014602661,-1.8318554162979126,-2,-2,4199,18538,0,2147483647,0.0,0.0,0,0,0,,7,460,1,4199,18538,0,2147483647,0.0,0.0,30,4,-53,GSM,460,1,4199,18319,0,2147483647,0.0,0.0,21,4,-71,GSM,460,1,4199,18317,0,2147483647,0.0,0.0,25,4,-63,GSM,460,1,4199,18537,0,2147483647,0.0,0.0,20,4,-73,GSM,460,1,4199,18318,0,2147483647,0.0,0.0,21,4,-71,GSM,460,1,4199,18467,0,2147483647,0.0,0.0,20,4,-73,GSM,460,1,4199,12498,0,2147483647,0.0,0.0,19,4,-75,GSM
1521794350587,121.50134807,31.28603412,43.0,46.0,0.0,-53,true,-1,-1,5,89.0,4000.0,-56.2713623046875,37.4786376953125,82.53021240234375,1.5821062326431274,0.440757691860199,-1.9181163311004639,-2,-2,4199,18538,0,2147483647,0.0,0.0,0,0,0,,7,460,1,4199,18538,0,2147483647,0.0,0.0,31,4,-51,GSM,460,1,4199,18319,0,2147483647,0.0,0.0,21,4,-71,GSM,460,1,4199,18317,0,2147483647,0.0,0.0,25,4,-63,GSM,460,1,4199,18537,0,2147483647,0.0,0.0,20,4,-73,GSM,460,1,4199,18318,0,2147483647,0.0,0.0,20,4,-73,GSM,460,1,4199,18467,0,2147483647,0.0,0.0,19,4,-75,GSM,460,1,4199,12498,0,2147483647,0.0,0.0,19,4,-75,GSM
1521794352682,121.5013477,31.28603396,43.0,47.0,0.0,-53,true,-1,-1,5,89.0,4000.0,-55.06134033203125,-0.0213623046875,112.82958984375,2.2167809009552,0.40983474254608154,-2.201188564300537,-2,-2,4199,18538,0,2147483647,0.0,0.0,0,0,0,,7,460,1,4199,18538,0,2147483647,0.0,0.0,31,4,-51,GSM,460,1,4199,18319,0,2147483647,0.0,0.0,21,4,-71,GSM,460,1,4199,18317,0,2147483647,0.0,0.0,26,4,-61,GSM,460,1,4199,18537,0,2147483647,0.0,0.0,20,4,-73,GSM,460,1,4199,18318,0,2147483647,0.0,0.0,20,4,-73,GSM,460,1,4199,18467,0,2147483647,0.0,0.0,19,4,-75,GSM,460,1,4199,12498,0,2147483647,0.0,0.0,18,4,-77,GSM
1521794354776,121.5013477,31.28603396,43.0,47.0,0.0,-53,true,-1,-1,5,89.0,4000.0,-55.4107666015625,37.4786376953125,70.82977294921875,1.3525018692016602,0.3364318013191223,-2.0338382720947266,-2,-2,4199,18538,0,2147483647,0.0,0.0,0,0,0,,7,460,1,4199,18538,0,2147483647,0.0,0.0,31,4,-51,GSM,460,1,4199,18319,0,2147483647,0.0,0.0,20,4,-73,GSM,460,1,4199,18317,0,2147483647,0.0,0.0,26,4,-61,GSM,460,1,4199,18537,0,2147483647,0.0,0.0,20,4,-73,GSM,460,1,4199,18318,0,2147483647,0.0,0.0,20,4,-73,GSM,460,1,4199,18467,0,2147483647,0.0,0.0,19,4,-75,GSM,460,1,4199,12498,0,2147483647,0.0,0.0,18,4,-77,GSM
1521794356850,121.5013477,31.28603396,43.0,47.0,0.0,-53,true,-1,-1,5,89.0,4000.0,-48.31085205078125,42.578125,74.72991943359375,1.4001049995422363,0.42680713534355164,-1.9330757856369019,-2,-2,4199,18538,0,2147483647,0.0,0.0,0,0,0,,7,460,1,4199,18538,0,2147483647,0.0,0.0,31,4,-51,GSM,460,1,4199,18319,0,2147483647,0.0,0.0,20,4,-73,GSM,460,1,4199,18317,0,2147483647,0.0,0.0,26,4,-61,GSM,460,1,4199,18537,0,2147483647,0.0,0.0,20,4,-73,GSM,460,1,4199,18318,0,2147483647,0.0,0.0,20,4,-73,GSM,460,1,4199,18467,0,2147483647,0.0,0.0,19,4,-75,GSM,460,1,4199,12498,0,2147483647,0.0,0.0,18,4,-77,GSM
1521794358998,121.5013477,31.28603396,43.0,47.0,0.0,-53,true,-1,-1,5,89.0,4000.0,-63.55133056640625,38.37890625,80.1300048828125,1.5658680200576782,0.4278405010700226,-1.8548381328582764,-2,-2,4199,18538,0,2147483647,0.0,0.0,0,0,0,,7,460,1,4199,18538,0,2147483647,0.0,0.0,31,4,-51,GSM,460,1,4199,18319,0,2147483647,0.0,0.0,20,4,-73,GSM,460,1,4199,18317,0,2147483647,0.0,0.0,26,4,-61,GSM,460,1,4199,18537,0,2147483647,0.0,0.0,22,4,-69,GSM,460,1,4199,18318,0,2147483647,0.0,0.0,19,4,-75,GSM,460,1,4199,18467,0,2147483647,0.0,0.0,19,4,-75,GSM,460,1,4199,12498,0,2147483647,0.0,0.0,18,4,-77,GSM
1521794361033,121.5013477,31.28603396,43.0,47.0,0.0,-53,true,-1,-1,5,89.0,4000.0,-58.8714599609375,-10.52093505859375,115.8294677734375,2.265432834625244,0.4165859818458557,-2.1392104625701904,-2,-2,4199,18538,0,2147483647,0.0,0.0,0,0,0,,7,460,1,4199,18538,0,2147483647,0.0,0.0,31,4,-51,GSM,460,1,4199,18319,0,2147483647,0.0,0.0,20,4,-73,GSM,460,1,4199,18317,0,2147483647,0.0,0.0,26,4,-61,GSM,460,1,4199,18537,0,2147483647,0.0,0.0,22,4,-69,GSM,460,1,4199,18318,0,2147483647,0.0,0.0,19,4,-75,GSM,460,1,4199,18467,0,2147483647,0.0,0.0,19,4,-75,GSM,460,1,4199,12498,0,2147483647,0.0,0.0,17,4,-79,GSM
1521794363124,121.5013477,31.28603396,43.0,47.0,0.0,-53,true,-1,-1,5,89.0,4000.0,-52.29034423828125,42.578125,64.22882080078125,1.1187026500701904,0.2750494182109833,-1.8726636171340942,-2,-2,4199,18538,0,2147483647,0.0,0.0,0,0,0,,7,460,1,4199,18538,0,2147483647,0.0,0.0,31,4,-51,GSM,460,1,4199,18319,0,2147483647,0.0,0.0,20,4,-73,GSM,460,1,4199,18317,0,2147483647,0.0,0.0,26,4,-61,GSM,460,1,4199,18537,0,2147483647,0.0,0.0,22,4,-69,GSM,460,1,4199,18318,0,2147483647,0.0,0.0,19,4,-75,GSM,460,1,4199,18467,0,2147483647,0.0,0.0,19,4,-75,GSM,460,1,4199,18619,0,2147483647,0.0,0.0,18,4,-77,GSM
1521794365219,121.50135236,31.28579518,33.0,53.0,2.7513814,-53,true,-1,-1,5,89.0,4000.0,-45.53070068359375,46.478271484375,59.72900390625,1.285634160041809,0.48256224393844604,-1.8761624097824097,-2,-2,4199,18538,0,2147483647,0.0,0.0,0,0,0,,7,460,1,4199,18538,0,2147483647,0.0,0.0,31,4,-51,GSM,460,1,4199,18319,0,2147483647,0.0,0.0,20,4,-73,GSM,460,1,4199,18317,0,2147483647,0.0,0.0,26,4,-61,GSM,460,1,4199,18537,0,2147483647,0.0,0.0,22,4,-69,GSM,460,1,4199,18318,0,2147483647,0.0,0.0,19,4,-75,GSM,460,1,4199,18467,0,2147483647,0.0,0.0,19,4,-75,GSM,460,1,4199,18619,0,2147483647,0.0,0.0,18,4,-77,GSM
1521794367306,121.50135236,31.28579518,33.0,53.0,2.7513814,-53,true,-1,-1,5,89.0,4000.0,-55.5816650390625,-4.82177734375,111.32965087890625,2.049720287322998,0.3554985523223877,-2.029871702194214,-2,-2,4199,18538,0,2147483647,0.0,0.0,0,0,0,,7,460,1,4199,18538,0,2147483647,0.0,0.0,31,4,-51,GSM,460,1,4199,18319,0,2147483647,0.0,0.0,20,4,-73,GSM,460,1,4199,18317,0,2147483647,0.0,0.0,26,4,-61,GSM,460,1,4199,18537,0,2147483647,0.0,0.0,22,4,-69,GSM,460,1,4199,18318,0,2147483647,0.0,0.0,17,4,-79,GSM,460,1,4199,18467,0,2147483647,0.0,0.0,19,4,-75,GSM,460,1,4199,18619,0,2147483647,0.0,0.0,18,4,-77,GSM
1521794369403,121.50135236,31.28579518,33.0,53.0,2.7513814,-53,true,-1,-1,5,89.0,4000.0,-56.1004638671875,28.17840576171875,76.2298583984375,1.4795160293579102,0.2759541869163513,-2.1006202697753906,-2,-2,4199,18538,0,2147483647,0.0,0.0,0,0,0,,7,460,1,4199,18538,0,2147483647,0.0,0.0,31,4,-51,GSM,460,1,4199,18319,0,2147483647,0.0,0.0,20,4,-73,GSM,460,1,4199,18317,0,2147483647,0.0,0.0,26,4,-61,GSM,460,1,4199,18537,0,2147483647,0.0,0.0,22,4,-69,GSM,460,1,4199,18318,0,2147483647,0.0,0.0,17,4,-79,GSM,460,1,4199,18467,0,2147483647,0.0,0.0,19,4,-75,GSM,460,1,4199,18619,0,2147483647,0.0,0.0,18,4,-77,GSM
1521794371490,121.50111306,31.28544108,23.0,47.0,0.0,-53,true,-1,-1,5,89.0,4000.0,-35.321044921875,39.87884521484375,62.4298095703125,1.2741249799728394,0.42116791009902954,-1.8744624853134155,-2,-2,4199,18538,0,2147483647,0.0,0.0,0,0,0,,6,460,1,4199,18538,0,2147483647,0.0,0.0,31,4,-51,GSM,460,1,4199,18319,0,2147483647,0.0,0.0,20,4,-73,GSM,460,1,4199,18317,0,2147483647,0.0,0.0,26,4,-61,GSM,460,1,4199,18537,0,2147483647,0.0,0.0,23,4,-67,GSM,460,1,4199,18467,0,2147483647,0.0,0.0,19,4,-75,GSM,460,1,4199,18619,0,2147483647,0.0,0.0,20,4,-73,GSM
1521794373589,121.50111306,31.28544108,23.0,47.0,0.0,-53,true,-1,-1,5,89.0,4000.0,-59.7412109375,-19.22149658203125,108.32977294921875,2.314754009246826,0.3561454117298126,-2.1269867420196533,-2,-2,4199,18538,0,2147483647,0.0,0.0,0,0,0,,6,460,1,4199,18538,0,2147483647,0.0,0.0,31,4,-51,GSM,460,1,4199,18319,0,2147483647,0.0,0.0,20,4,-73,GSM,460,1,4199,18317,0,2147483647,0.0,0.0,26,4,-61,GSM,460,1,4199,18537,0,2147483647,0.0,0.0,23,4,-67,GSM,460,1,4199,18467,0,2147483647,0.0,0.0,18,4,-77,GSM,460,1,4199,18619,0,2147483647,0.0,0.0,20,4,-73,GSM
1521794375876,121.50111306,31.28544108,23.0,47.0,0.0,-53,true,-1,-1,5,89.0,4000.0,-37.7410888671875,31.7779541015625,70.2301025390625,1.4101704359054565,0.3747231960296631,-1.846390962600708,-2,-2,4199,18538,0,2147483647,0.0,0.0,0,0,0,,5,460,1,4199,18538,0,2147483647,0.0,0.0,31,4,-51,GSM,460,1,4199,18319,0,2147483647,0.0,0.0,20,4,-73,GSM,460,1,4199,18317,0,2147483647,0.0,0.0,26,4,-61,GSM,460,1,4199,18537,0,2147483647,0.0,0.0,21,4,-71,GSM,460,1,4199,18619,0,2147483647,0.0,0.0,21,4,-71,GSM
1521794377958,121.50108809,31.28533888,27.0,44.0,1.9190884,-53,true,-1,-1,5,89.0,4000.0,-54.37164306640625,23.97918701171875,82.2296142578125,1.6408798694610596,0.34817495942115784,-1.9055588245391846,-2,-2,4199,18538,0,2147483647,0.0,0.0,0,0,0,,5,460,1,4199,18538,0,2147483647,0.0,0.0,31,4,-51,GSM,460,1,4199,18319,0,2147483647,0.0,0.0,20,4,-73,GSM,460,1,4199,18317,0,2147483647,0.0,0.0,25,4,-63,GSM,460,1,4199,18537,0,2147483647,0.0,0.0,21,4,-71,GSM,460,1,4199,18619,0,2147483647,0.0,0.0,21,4,-71,GSM
1521794380031,121.50108809,31.28533888,27.0,44.0,1.9190884,-53,true,-1,-1,5,89.0,4000.0,-48.82049560546875,31.4788818359375,65.4296875,1.6233806610107422,0.44387808442115784,-1.9871639013290405,-2,-2,4199,18538,0,2147483647,0.0,0.0,0,0,0,,7,460,1,4199,18538,0,2147483647,0.0,0.0,31,4,-51,GSM,460,1,4199,18319,0,2147483647,0.0,0.0,20,4,-73,GSM,460,1,4199,18317,0,2147483647,0.0,0.0,25,4,-63,GSM,460,1,4199,18537,0,2147483647,0.0,0.0,21,4,-71,GSM,460,1,4199,18619,0,2147483647,0.0,0.0,22,4,-69,GSM,0,0,0,-1,0,2147483647,0.0,0.0,20,4,-73,GSM,460,1,4199,18467,0,2147483647,0.0,0.0,19,4,-75,GSM