1521793571,31.2849026,121.49239713
1521793573,31.28462052,121.49276614
1521793575,31.28462052,121.49276614
1521793577,31.28462052,121.49276614
1521793579,31.28461422,121.4928255
1521793581,31.28461422,121.4928255
1521793584,31.28461422,121.4928255
1521793586,31.28454887,121.49289253
1521793588,31.28454887,121.49289253
1521793590,31.28454887,121.49289253
1521793592,31.28442811,121.49303167
1521793594,31.28442811,121.49303167
1521793596,31.28442811,121.49303167
1521793598,31.28442811,121.49303167
1521793600,31.28445791,121.49318804
1521793602,31.28445791,121.49318804
1521793605,31.28445791,121.49318804
1521793607,31.28457088,121.49334417
1521793609,31.28457088,121.49334417
1521793611,31.28457088,121.49334417
1521793613,31.28451908,121.49354096
