1510024990,31.28927546,121.21324689
1510024994,31.28927947,121.21250913
1510024997,31.28927947,121.21250913
1510025000,31.2893672,121.21258029
1510025003,31.2893672,121.21258029
1510025006,31.28919628,121.21245061
1510025009,31.28919628,121.21245061
1510025012,31.28922188,121.21259192
1510025015,31.28944714,121.21270449
1510025018,31.2892115,121.21263642
1510025021,31.2892797,121.2126816
1510025024,31.2892797,121.2126816
1510025027,31.28925101,121.21283352
1510025030,31.28925101,121.21283352
1510025033,31.28941756,121.21293427
1510025036,31.28941756,121.21293427
1510025039,31.2892499,121.21301613
1510025042,31.2892499,121.21301613
1510025045,31.28908972,121.213245
1510025049,31.28908972,121.213245
1510025052,31.28916247,121.21321821
1510025055,31.289298,121.21340773
1510025058,31.28925547,121.21344058
1510025061,31.28923673,121.21345376
1510025064,31.28924267,121.21345582
1510025067,31.28923021,121.21345266
1510025070,31.28922086,121.21348754
1510025073,31.289225,121.21347454
1510025076,31.28922394,121.2134736
1510025079,31.28919538,121.21348438
1510025082,31.28918893,121.21348784
1510025085,31.28918277,121.21348771
1510025088,31.28916794,121.21349086
1510025092,31.2891473,121.21349691
1510025095,31.28909134,121.21343909
1510025098,31.28887592,121.21358234
1510025101,31.28887681,121.21371227
1510025104,31.28882622,121.21375635
1510025107,31.28878834,121.21378605
1510025110,31.28875158,121.21381424
1510025113,31.28868452,121.21380304
1510025116,31.28865894,121.21378926
1510025119,31.2886189,121.21380433
1510025122,31.28855627,121.21383021
1510025125,31.28855627,121.21383021
1510025128,31.2884906,121.21382754
1510025131,31.28841596,121.21381535
1510025134,31.28841187,121.21387864
1510025137,31.2884107,121.21390211
1510025140,31.28837593,121.21386965
1510025144,31.28832302,121.21382715
1510025147,31.28830906,121.21382641
1510025150,31.28826439,121.21377967
1510025153,31.28821744,121.21375119
1510025156,31.28818775,121.2137656
1510025159,31.28816707,121.21372501
1510025162,31.28813852,121.21368958
1510025165,31.28809535,121.21366531
1510025168,31.28805921,121.21364625
1510025171,31.28803721,121.21365109
1510025174,31.28796119,121.21361164
1510025177,31.28785575,121.21354512
1510025180,31.28785575,121.21354512
1510025183,31.28781728,121.21349416
1510025187,31.28781728,121.21349416
1510025190,31.28787867,121.21340976
1510025193,31.28721423,121.21291425
1510025196,31.28721423,121.21291425
1510025199,31.28714178,121.21294329
1510025202,31.28714178,121.21294329
1510025205,31.28721548,121.21277711
1510025208,31.28722342,121.21275656
1510025211,31.28726172,121.21277121
1510025214,31.28730709,121.21282429
1510025217,31.28733359,121.2128942
1510025220,31.28733247,121.21288439
1510025224,31.28732241,121.21290562
1510025227,31.28732241,121.21290562
1510025230,31.28725755,121.21293296
1510025233,31.28719916,121.21294484
1510025236,31.2871499,121.21297798
1510025239,31.28711568,121.21304401
1510025242,31.28710205,121.21306903
1510025245,31.28707336,121.2131114
1510025248,31.28706286,121.2131409
1510025251,31.28707445,121.2131542
1510025254,31.28710341,121.21313638
1510025257,31.28710103,121.21308504
1510025260,31.28705897,121.21302792
1510025263,31.28702228,121.21301356
1510025266,31.28697459,121.21303702
1510025269,31.28694941,121.21301151
1510025272,31.28695805,121.21297381
1510025275,31.28699847,121.21284559
1510025279,31.28693058,121.21281574
1510025282,31.28688046,121.21283738
1510025285,31.28680365,121.21285182
1510025288,31.28677613,121.21285634
1510025291,31.28673332,121.21284607
1510025294,31.28668504,121.21280535
1510025297,31.28664084,121.2128171
1510025300,31.28661752,121.21279613
1510025303,31.28658554,121.21277954
1510025306,31.28656257,121.21276939
1510025309,31.28652628,121.21275182
1510025312,31.28652628,121.21275182
1510025315,31.28652856,121.2126984
1510025318,31.28650854,121.21262912
1510025322,31.28647848,121.21261062
1510025325,31.28643158,121.21258588
1510025328,31.28642148,121.21255592
1510025331,31.28636886,121.21256598
1510025334,31.28628596,121.21256095
1510025337,31.28623952,121.21254878
1510025340,31.28621171,121.21252979
1510025343,31.28619366,121.21247906
1510025346,31.28617416,121.2123589
1510025349,31.28614912,121.21232431
1510025352,31.28613007,121.21232717
1510025355,31.28609666,121.21233823
1510025358,31.28607831,121.21236063
1510025361,31.28604696,121.212366
1510025364,31.28601936,121.212323
1510025367,31.28600502,121.21230053
1510025370,31.28597609,121.21225986
1510025374,31.28602991,121.21222068
1510025377,31.28599706,121.21219624
1510025380,31.28593699,121.21217524
1510025383,31.28587742,121.21214188
1510025386,31.28583134,121.2121364
1510025389,31.28579187,121.21210941
1510025392,31.2857682,121.21205976
1510025395,31.28575654,121.21203893
1510025398,31.28573466,121.21200998
1510025401,31.2857122,121.21200127
1510025404,31.28569184,121.21199304
1510025407,31.28565891,121.21197715
1510025411,31.28565891,121.21197715
1510025414,31.28555619,121.21194748
1510025417,31.28547048,121.21195106
1510025420,31.28546496,121.21196736
1510025423,31.28545618,121.21202173
1510025426,31.28537617,121.21198392
1510025429,31.28533175,121.21193822
1510025432,31.28529425,121.21197722
1510025435,31.28527861,121.21197491
1510025438,31.28525615,121.21198173
1510025441,31.28519657,121.21200935
1510025444,31.28517098,121.21202056
1510025447,31.285129,121.21202491
1510025450,31.285129,121.21202491
1510025453,31.28502797,121.21203557
1510025456,31.2850051,121.21204029
1510025459,31.28496279,121.21203677
1510025462,31.28500119,121.21199344
1510025466,31.28493736,121.21195751
1510025469,31.28495421,121.21192084
1510025472,31.2848766,121.21190937
1510025475,31.2848459,121.21192297
1510025478,31.2847985,121.21189937
1510025481,31.28474989,121.21198481
1510025484,31.28476282,121.21199698
1510025487,31.28470369,121.21199885
1510025490,31.2846656,121.21199634
1510025493,31.2846076,121.21197794
1510025496,31.28455373,121.21198721
1510025499,31.28452627,121.21195674
1510025502,31.28446964,121.21188682
1510025506,31.28446964,121.21188682
1510025509,31.28440406,121.21196879
1510025512,31.28452355,121.21196484
1510025515,31.28453109,121.21190761
1510025518,31.28454234,121.21185731
1510025521,31.28452787,121.21178571
1510025524,31.28459649,121.21175158
1510025527,31.28460229,121.21172707
1510025530,31.28459808,121.21170385
1510025533,31.28457722,121.21167308
1510025536,31.28456084,121.21163859
1510025539,31.28456084,121.21163859
1510025542,31.28457723,121.21156805
1510025545,31.28457736,121.21148514
1510025548,31.28458315,121.21143247
1510025552,31.28456271,121.21139189
1510025555,31.28459107,121.21135134
1510025558,31.28459609,121.2113422
1510025561,31.2845357,121.21131776
1510025564,31.28447427,121.21128789
1510025567,31.28445494,121.21122121
1510025570,31.28443381,121.21116675
1510025573,31.28440165,121.21114406
1510025576,31.28439086,121.21111821
1510025579,31.28440302,121.21106305
1510025582,31.28441764,121.21102529
1510025585,31.28443364,121.21097891
1510025588,31.28445341,121.21093698
1510025591,31.28442906,121.21092086
1510025594,31.28440866,121.21088655
1510025598,31.28440866,121.21088655
1510025601,31.28444093,121.2107975
1510025604,31.28446667,121.21074621
1510025607,31.28445394,121.21068078
1510025610,31.28443631,121.21066134
1510025613,31.28441275,121.21061512
1510025616,31.28442867,121.21053108
1510025619,31.28447593,121.2105361
1510025622,31.28447089,121.21049957
1510025625,31.28446079,121.21047269
1510025628,31.28444117,121.21043928
1510025631,31.28443738,121.21039299
1510025634,31.28445415,121.21034897
1510025637,31.28447471,121.21032161
1510025641,31.28447471,121.21032161
1510025644,31.28456461,121.21023726
1510025647,31.2845878,121.21016286
1510025650,31.28456144,121.21014497
1510025653,31.28455857,121.21012471
1510025656,31.28451532,121.21005583
1510025659,31.28446541,121.21001534
1510025662,31.28444717,121.20996523
1510025665,31.28447242,121.20995283
1510025668,31.28444916,121.20992441
1510025671,31.28444274,121.209886
1510025674,31.28443001,121.20985723
1510025677,31.2844285,121.20981624
1510025680,31.2844617,121.2097612
1510025684,31.2844617,121.2097612
1510025687,31.28454028,121.20961322
1510025690,31.28453337,121.20954314
1510025693,31.2845631,121.20951297
1510025696,31.2845631,121.20951297
1510025699,31.28453344,121.20955246
1510025702,31.28453344,121.20955246
1510025705,31.28453344,121.20955246
1510025708,31.28453344,121.20955246
1510025711,31.28453344,121.20955246
1510025714,31.28453344,121.20955246
1510025717,31.28403394,121.20924102
