IMEI:862305032225518
IMSI:460091042103139
OSVersion:3.10.73-perf-g94fc9a6
apiLevel:5.1.1
model:Redmi Note 3
device:kenzo
product:kenzo
144
1521793615465,121.49255054,31.2842825,21.0,16.0,0.0,-109,true,-1,-1,5,56.0,4000.0,-24.9603271484375,-116.91741943359375,93.121337890625,2.7876062393188477,-0.3552391529083252,-0.29582417011260986,460,1,6266,8966687,0,-1,0.0,0.0,0,0,0,,3,460,1,6266,8966687,0,103,0.0,0.0,64,4,-76,LTE,2147483647,2147483647,2147483647,2147483647,0,104,0.0,0.0,58,4,-82,LTE,2147483647,2147483647,2147483647,2147483647,0,102,0.0,0.0,57,4,-83,LTE
1521793616601,121.49255054,31.2842825,21.0,16.0,0.0,-109,true,-1,-1,5,56.0,4000.0,-17.17071533203125,-116.3177490234375,92.22259521484375,2.9367823600769043,-0.3918696939945221,-0.1346711367368698,460,1,6266,8966687,0,-1,0.0,0.0,0,0,0,,3,460,1,6266,8966687,0,103,0.0,0.0,64,4,-76,LTE,2147483647,2147483647,2147483647,2147483647,0,104,0.0,0.0,58,4,-82,LTE,2147483647,2147483647,2147483647,2147483647,0,102,0.0,0.0,57,4,-83,LTE
1521793617664,121.49255054,31.2842825,21.0,16.0,0.0,-109,true,-1,-1,5,56.0,4000.0,-28.95050048828125,-116.3177490234375,92.822265625,2.6967697143554688,-0.36885300278663635,-0.41966456174850464,460,1,6266,8966687,0,-1,0.0,0.0,0,0,0,,3,460,1,6266,8966687,0,103,0.0,0.0,64,4,-76,LTE,2147483647,2147483647,2147483647,2147483647,0,104,0.0,0.0,60,4,-80,LTE,2147483647,2147483647,2147483647,2147483647,0,102,0.0,0.0,58,4,-82,LTE
1521793619003,121.49256266,31.28429641,28.0,19.0,0.0,-109,true,-1,-1,5,56.0,4000.0,-22.01995849609375,-107.01751708984375,81.42242431640625,2.919130325317383,0.07419111579656601,-0.009343203157186508,460,1,6266,8966687,0,-1,0.0,0.0,0,0,0,,3,460,1,6266,8966687,0,103,0.0,0.0,64,4,-76,LTE,2147483647,2147483647,2147483647,2147483647,0,104,0.0,0.0,60,4,-80,LTE,2147483647,2147483647,2147483647,2147483647,0,102,0.0,0.0,58,4,-82,LTE
1521793620082,121.49256266,31.28429641,28.0,19.0,0.0,-109,true,-1,-1,5,56.0,4000.0,-19.08111572265625,-111.517333984375,87.12158203125,2.912233591079712,-0.17117011547088623,-0.11567690223455429,460,1,6266,8966687,0,-1,0.0,0.0,0,0,0,,3,460,1,6266,8966687,0,103,0.0,0.0,60,4,-80,LTE,2147483647,2147483647,2147483647,2147483647,0,104,0.0,0.0,62,4,-78,LTE,2147483647,2147483647,2147483647,2147483647,0,416,0.0,0.0,46,4,-94,LTE
1521793621144,121.49255439,31.28431855,26.0,9.0,0.0,-109,true,-1,-1,5,56.0,4000.0,-19.25048828125,-111.21673583984375,88.0218505859375,2.901757001876831,-0.19053585827350616,-0.13154220581054688,460,1,6266,8966687,0,-1,0.0,0.0,0,0,0,,3,460,1,6266,8966687,0,103,0.0,0.0,60,4,-80,LTE,2147483647,2147483647,2147483647,2147483647,0,104,0.0,0.0,62,4,-78,LTE,2147483647,2147483647,2147483647,2147483647,0,416,0.0,0.0,46,4,-94,LTE
1521793622206,121.49255439,31.28431855,26.0,9.0,0.0,-109,true,-1,-1,5,56.0,4000.0,-20.46051025390625,-110.01739501953125,85.32257080078125,2.8758482933044434,-0.1511511355638504,-0.14944857358932495,460,1,6266,8966687,0,-1,0.0,0.0,0,0,0,,3,460,1,6266,8966687,0,103,0.0,0.0,61,4,-79,LTE,2147483647,2147483647,2147483647,2147483647,0,104,0.0,0.0,60,4,-80,LTE,2147483647,2147483647,2147483647,2147483647,0,416,0.0,0.0,55,4,-85,LTE
1521793623265,121.49255156,31.2843264,26.0,7.0,0.0,-109,true,-1,-1,5,56.0,4000.0,-2.61993408203125,-114.21661376953125,109.02252197265625,-2.781646966934204,-0.17097611725330353,0.4860154092311859,460,1,6266,8966687,0,-1,0.0,0.0,0,0,0,,3,460,1,6266,8966687,0,103,0.0,0.0,61,4,-79,LTE,2147483647,2147483647,2147483647,2147483647,0,104,0.0,0.0,60,4,-80,LTE,2147483647,2147483647,2147483647,2147483647,0,416,0.0,0.0,55,4,-85,LTE
1521793624419,121.49255156,31.2843264,26.0,7.0,0.0,-109,true,-1,-1,5,56.0,4000.0,1.190185546875,-57.5164794921875,138.421630859375,-1.7713273763656616,0.8284682035446167,1.4550817012786865,460,1,6266,8966687,0,-1,0.0,0.0,0,0,0,,3,460,1,6266,8966687,0,103,0.0,0.0,62,4,-78,LTE,2147483647,2147483647,2147483647,2147483647,0,104,0.0,0.0,60,4,-80,LTE,2147483647,2147483647,2147483647,2147483647,0,416,0.0,0.0,54,4,-86,LTE
1521793625537,121.49255125,31.28432898,26.0,7.0,0.0,-109,true,-1,-1,5,56.0,4000.0,-10.59112548828125,-47.91717529296875,142.022705078125,-3.113835334777832,1.5141007900238037,-3.0953989028930664,460,1,6266,8966687,0,-1,0.0,0.0,0,0,0,,3,460,1,6266,8966687,0,103,0.0,0.0,62,4,-78,LTE,2147483647,2147483647,2147483647,2147483647,0,104,0.0,0.0,60,4,-80,LTE,2147483647,2147483647,2147483647,2147483647,0,416,0.0,0.0,54,4,-86,LTE
1521793626618,121.49255125,31.28432898,26.0,7.0,0.0,-109,true,-1,-1,5,56.0,4000.0,-20.9808349609375,-45.81756591796875,143.2220458984375,-2.8064005374908447,1.4759083986282349,2.943385601043701,460,1,6266,8966687,0,-1,0.0,0.0,0,0,0,,3,460,1,6266,8966687,0,103,0.0,0.0,61,4,-79,LTE,2147483647,2147483647,2147483647,2147483647,0,104,0.0,0.0,62,4,-78,LTE,2147483647,2147483647,2147483647,2147483647,0,416,0.0,0.0,42,3,-98,LTE
1521793627701,121.49256341,31.28431538,29.0,8.0,0.0,-109,true,-1,-1,5,56.0,4000.0,-25.830078125,-46.11663818359375,146.221923828125,2.3356616497039795,1.3718314170837402,-2.126011610031128,460,1,6266,8966687,0,-1,0.0,0.0,0,0,0,,3,460,1,6266,8966687,0,103,0.0,0.0,61,4,-79,LTE,2147483647,2147483647,2147483647,2147483647,0,104,0.0,0.0,62,4,-78,LTE,2147483647,2147483647,2147483647,2147483647,0,416,0.0,0.0,42,3,-98,LTE
1521793628803,121.49256341,31.28431538,29.0,8.0,0.0,-109,true,-1,-1,5,56.0,4000.0,-28.43017578125,-38.01727294921875,135.1226806640625,1.3418967723846436,1.4032031297683716,-1.0860341787338257,460,1,6266,8966687,0,-1,0.0,0.0,0,0,0,,3,460,1,6266,8966687,0,103,0.0,0.0,57,4,-83,LTE,2147483647,2147483647,2147483647,2147483647,0,104,0.0,0.0,59,4,-81,LTE,2147483647,2147483647,2147483647,2147483647,0,416,0.0,0.0,49,4,-91,LTE
1521793629861,121.49256413,31.28433052,30.0,9.0,0.0,-109,true,-1,-1,5,56.0,4000.0,-14.75067138671875,-37.11700439453125,124.62158203125,0.23452803492546082,1.422607660293579,-0.10407957434654236,460,1,6266,8966687,0,-1,0.0,0.0,0,0,0,,3,460,1,6266,8966687,0,103,0.0,0.0,57,4,-83,LTE,2147483647,2147483647,2147483647,2147483647,0,104,0.0,0.0,59,4,-81,LTE,2147483647,2147483647,2147483647,2147483647,0,416,0.0,0.0,49,4,-91,LTE
1521793630940,121.49256413,31.28433052,30.0,9.0,0.0,-109,true,-1,-1,5,56.0,4000.0,-11.4501953125,-34.417724609375,112.92266845703125,1.1739801168441772,1.2487702369689941,-0.9610921144485474,460,1,6266,8966687,0,-1,0.0,0.0,0,0,0,,2,460,1,6266,8966687,0,103,0.0,0.0,61,4,-79,LTE,2147483647,2147483647,2147483647,2147483647,0,104,0.0,0.0,57,4,-83,LTE
1521793632018,121.49256709,31.28433877,31.0,10.0,0.0,-109,true,-1,-1,5,56.0,4000.0,-5.57098388671875,-39.21661376953125,106.32171630859375,0.6589823365211487,1.2981113195419312,-0.5268720388412476,460,1,6266,8966687,0,-1,0.0,0.0,0,0,0,,2,460,1,6266,8966687,0,103,0.0,0.0,61,4,-79,LTE,2147483647,2147483647,2147483647,2147483647,0,104,0.0,0.0,57,4,-83,LTE
1521793633100,121.49256709,31.28433877,31.0,10.0,0.0,-109,true,-1,-1,5,56.0,4000.0,-5.7403564453125,-38.91754150390625,107.22198486328125,0.6262593865394592,1.3425084352493286,-0.511818528175354,460,1,6266,8966687,0,-1,0.0,0.0,0,0,0,,3,460,1,6266,8966687,0,103,0.0,0.0,60,4,-80,LTE,2147483647,2147483647,2147483647,2147483647,0,104,0.0,0.0,57,4,-83,LTE,2147483647,2147483647,2147483647,2147483647,0,102,0.0,0.0,53,4,-87,LTE
1521793634178,121.49256867,31.28434161,31.0,9.0,0.0,-109,true,-1,-1,5,56.0,4000.0,-6.4300537109375,-37.4176025390625,110.821533203125,0.9061586260795593,1.3664263486862183,-0.783392071723938,460,1,6266,8966687,0,-1,0.0,0.0,0,0,0,,3,460,1,6266,8966687,0,103,0.0,0.0,60,4,-80,LTE,2147483647,2147483647,2147483647,2147483647,0,104,0.0,0.0,57,4,-83,LTE,2147483647,2147483647,2147483647,2147483647,0,102,0.0,0.0,53,4,-87,LTE
1521793635259,121.49256867,31.28434161,31.0,9.0,0.0,-109,true,-1,-1,5,56.0,4000.0,-7.99102783203125,-36.21673583984375,114.7216796875,0.8229988813400269,1.2802660465240479,-0.6643772125244141,460,1,6266,8966687,0,-1,0.0,0.0,0,0,0,,3,460,1,6266,8966687,0,103,0.0,0.0,60,4,-80,LTE,2147483647,2147483647,2147483647,2147483647,0,104,0.0,0.0,58,4,-82,LTE,2147483647,2147483647,2147483647,2147483647,0,102,0.0,0.0,58,4,-82,LTE
1521793636320,121.49256986,31.2843444,31.0,8.0,0.0,-109,true,-1,-1,5,56.0,4000.0,-8.50982666015625,-43.4173583984375,86.2213134765625,0.6949357390403748,1.2367621660232544,-0.4609368145465851,460,1,6266,8966687,0,-1,0.0,0.0,0,0,0,,3,460,1,6266,8966687,0,103,0.0,0.0,60,4,-80,LTE,2147483647,2147483647,2147483647,2147483647,0,104,0.0,0.0,58,4,-82,LTE,2147483647,2147483647,2147483647,2147483647,0,102,0.0,0.0,58,4,-82,LTE
1521793637400,121.49256986,31.2843444,31.0,8.0,0.0,-109,true,-1,-1,5,56.0,4000.0,-5.7403564453125,-36.81640625,105.42144775390625,0.4123583436012268,1.2913998365402222,-0.3048457205295563,460,1,6266,8966687,0,-1,0.0,0.0,0,0,0,,3,460,1,6266,8966687,0,103,0.0,0.0,58,4,-82,LTE,2147483647,2147483647,2147483647,2147483647,0,104,0.0,0.0,58,4,-82,LTE,2147483647,2147483647,2147483647,2147483647,0,416,0.0,0.0,51,4,-89,LTE
1521793638517,121.49256986,31.2843444,31.0,8.0,0.0,-109,true,-1,-1,5,56.0,4000.0,-7.82012939453125,-41.01715087890625,103.021240234375,0.6279923319816589,1.2286171913146973,-0.4441964328289032,460,1,6266,8966687,0,-1,0.0,0.0,0,0,0,,3,460,1,6266,8966687,0,103,0.0,0.0,58,4,-82,LTE,2147483647,2147483647,2147483647,2147483647,0,104,0.0,0.0,58,4,-82,LTE,2147483647,2147483647,2147483647,2147483647,0,416,0.0,0.0,51,4,-89,LTE
1521793639596,121.49257266,31.2843484,31.0,9.0,0.0,-109,true,-1,-1,5,56.0,4000.0,-10.24017333984375,-38.31634521484375,118.621826171875,0.4276648163795471,1.4054683446884155,-0.3143746554851532,460,1,6266,8966687,0,-1,0.0,0.0,0,0,0,,3,460,1,6266,8966687,0,103,0.0,0.0,58,4,-82,LTE,2147483647,2147483647,2147483647,2147483647,0,104,0.0,0.0,51,4,-89,LTE,2147483647,2147483647,2147483647,2147483647,0,416,0.0,0.0,51,4,-89,LTE
1521793640695,121.49257266,31.2843484,31.0,9.0,0.0,-109,true,-1,-1,5,56.0,4000.0,-2.79083251953125,-38.616943359375,116.522216796875,0.04271455481648445,1.353454828262329,-0.014713464304804802,460,1,6266,8966687,0,-1,0.0,0.0,0,0,0,,3,460,1,6266,8966687,0,103,0.0,0.0,58,4,-82,LTE,2147483647,2147483647,2147483647,2147483647,0,104,0.0,0.0,51,4,-89,LTE,2147483647,2147483647,2147483647,2147483647,0,416,0.0,0.0,51,4,-89,LTE
1521793641760,121.4925751,31.2843533,31.0,7.0,0.0,-109,true,-1,-1,5,56.0,4000.0,-7.470703125,-34.716796875,115.6219482421875,0.7312595844268799,1.221293330192566,-0.5654181241989136,460,1,6266,8966687,0,-1,0.0,0.0,0,0,0,,3,460,1,6266,8966687,0,103,0.0,0.0,55,4,-85,LTE,2147483647,2147483647,2147483647,2147483647,0,416,0.0,0.0,52,4,-88,LTE,2147483647,2147483647,2147483647,2147483647,0,104,0.0,0.0,57,4,-83,LTE
1521793642836,121.4925751,31.2843533,31.0,7.0,0.0,-109,true,-1,-1,5,56.0,4000.0,-5.7403564453125,-36.517333984375,112.02239990234375,0.60716712474823,1.2895210981369019,-0.4850771725177765,460,1,6266,8966687,0,-1,0.0,0.0,0,0,0,,3,460,1,6266,8966687,0,103,0.0,0.0,55,4,-85,LTE,2147483647,2147483647,2147483647,2147483647,0,416,0.0,0.0,52,4,-88,LTE,2147483647,2147483647,2147483647,2147483647,0,104,0.0,0.0,57,4,-83,LTE
1521793643916,121.49257937,31.28436164,31.0,6.0,0.0,-109,true,-1,-1,5,56.0,4000.0,-0.37078857421875,-38.91754150390625,114.12200927734375,0.19127056002616882,1.3426412343978882,-0.16850310564041138,460,1,6266,8966687,0,-1,0.0,0.0,0,0,0,,5,460,1,6266,8966687,0,103,0.0,0.0,59,4,-81,LTE,2147483647,2147483647,2147483647,2147483647,0,104,0.0,0.0,59,4,-81,LTE,2147483647,2147483647,2147483647,2147483647,0,416,0.0,0.0,53,4,-87,LTE,2147483647,2147483647,2147483647,2147483647,0,314,0.0,0.0,49,4,-91,LTE,2147483647,2147483647,2147483647,2147483647,0,102,0.0,0.0,49,4,-91,LTE
1521793644996,121.49257937,31.28436164,31.0,6.0,0.0,-109,true,-1,-1,5,56.0,4000.0,1.53961181640625,-41.91741943359375,113.22174072265625,0.5101185441017151,1.3107415437698364,-0.4624069035053253,460,1,6266,8966687,0,-1,0.0,0.0,0,0,0,,5,460,1,6266,8966687,0,103,0.0,0.0,59,4,-81,LTE,2147483647,2147483647,2147483647,2147483647,0,104,0.0,0.0,59,4,-81,LTE,2147483647,2147483647,2147483647,2147483647,0,416,0.0,0.0,53,4,-87,LTE,2147483647,2147483647,2147483647,2147483647,0,314,0.0,0.0,49,4,-91,LTE,2147483647,2147483647,2147483647,2147483647,0,102,0.0,0.0,49,4,-91,LTE
1521793646096,121.49258152,31.28436222,28.0,7.0,0.0,-109,true,-1,-1,5,56.0,4000.0,-7.64007568359375,-38.616943359375,102.12249755859375,0.9978426694869995,1.260806918144226,-0.8005346655845642,460,1,6266,8966687,0,-1,0.0,0.0,0,0,0,,5,460,1,6266,8966687,0,103,0.0,0.0,61,4,-79,LTE,2147483647,2147483647,2147483647,2147483647,0,104,0.0,0.0,60,4,-80,LTE,2147483647,2147483647,2147483647,2147483647,0,102,0.0,0.0,51,4,-89,LTE,2147483647,2147483647,2147483647,2147483647,0,416,0.0,0.0,50,4,-90,LTE,2147483647,2147483647,2147483647,2147483647,0,314,0.0,0.0,47,4,-93,LTE
1521793647160,121.49258152,31.28436222,28.0,7.0,0.0,-109,true,-1,-1,5,56.0,4000.0,-7.82012939453125,-34.417724609375,110.22186279296875,0.5187097787857056,1.3808287382125854,-0.41080889105796814,460,1,6266,8966687,0,-1,0.0,0.0,0,0,0,,5,460,1,6266,8966687,0,103,0.0,0.0,61,4,-79,LTE,2147483647,2147483647,2147483647,2147483647,0,104,0.0,0.0,60,4,-80,LTE,2147483647,2147483647,2147483647,2147483647,0,102,0.0,0.0,51,4,-89,LTE,2147483647,2147483647,2147483647,2147483647,0,416,0.0,0.0,50,4,-90,LTE,2147483647,2147483647,2147483647,2147483647,0,314,0.0,0.0,47,4,-93,LTE
1521793648254,121.49258594,31.28436426,29.0,9.0,0.0,-109,true,-1,-1,5,56.0,4000.0,-2.28118896484375,-38.91754150390625,115.6219482421875,0.3154519498348236,1.3876172304153442,-0.2717325687408447,460,1,6266,8966687,0,-1,0.0,0.0,0,0,0,,5,460,1,6266,8966687,0,103,0.0,0.0,63,4,-77,LTE,2147483647,2147483647,2147483647,2147483647,0,104,0.0,0.0,51,4,-89,LTE,2147483647,2147483647,2147483647,2147483647,0,102,0.0,0.0,53,4,-87,LTE,2147483647,2147483647,2147483647,2147483647,0,416,0.0,0.0,50,4,-90,LTE,2147483647,2147483647,2147483647,2147483647,0,314,0.0,0.0,49,4,-91,LTE
1521793649332,121.49258594,31.28436426,29.0,9.0,0.0,-109,true,-1,-1,5,56.0,4000.0,-0.5401611328125,-39.81781005859375,110.22186279296875,0.4061940908432007,1.2964297533035278,-0.34873318672180176,460,1,6266,8966687,0,-1,0.0,0.0,0,0,0,,5,460,1,6266,8966687,0,103,0.0,0.0,63,4,-77,LTE,2147483647,2147483647,2147483647,2147483647,0,104,0.0,0.0,51,4,-89,LTE,2147483647,2147483647,2147483647,2147483647,0,102,0.0,0.0,53,4,-87,LTE,2147483647,2147483647,2147483647,2147483647,0,416,0.0,0.0,50,4,-90,LTE,2147483647,2147483647,2147483647,2147483647,0,314,0.0,0.0,49,4,-91,LTE
1521793650411,121.49259074,31.28436561,29.0,10.0,0.0,-109,true,-1,-1,5,56.0,4000.0,-2.28118896484375,-40.11688232421875,102.42156982421875,0.8352122902870178,1.2844922542572021,-0.7082797288894653,460,1,6266,8966687,0,-1,0.0,0.0,0,0,0,,5,460,1,6266,8966687,0,103,0.0,0.0,57,4,-83,LTE,2147483647,2147483647,2147483647,2147483647,0,104,0.0,0.0,50,4,-90,LTE,2147483647,2147483647,2147483647,2147483647,0,102,0.0,0.0,54,4,-86,LTE,2147483647,2147483647,2147483647,2147483647,0,314,0.0,0.0,55,4,-85,LTE,2147483647,2147483647,2147483647,2147483647,0,416,0.0,0.0,50,4,-90,LTE
1521793651492,121.49259074,31.28436561,29.0,10.0,0.0,-109,true,-1,-1,5,56.0,4000.0,-5.0506591796875,-37.7166748046875,102.42156982421875,0.8214861750602722,1.2557133436203003,-0.661211371421814,460,1,6266,8966687,0,-1,0.0,0.0,0,0,0,,5,460,1,6266,8966687,0,103,0.0,0.0,57,4,-83,LTE,2147483647,2147483647,2147483647,2147483647,0,104,0.0,0.0,50,4,-90,LTE,2147483647,2147483647,2147483647,2147483647,0,102,0.0,0.0,54,4,-86,LTE,2147483647,2147483647,2147483647,2147483647,0,314,0.0,0.0,55,4,-85,LTE,2147483647,2147483647,2147483647,2147483647,0,416,0.0,0.0,50,4,-90,LTE
1521793652604,121.49275265,31.28434635,19.0,12.0,3.4077706,-109,true,-1,-1,5,56.0,4000.0,-2.61993408203125,-39.5172119140625,107.22198486328125,0.3450727164745331,1.3760124444961548,-0.29043295979499817,460,1,6266,8966687,0,-1,0.0,0.0,0,0,0,,5,460,1,6266,8966687,0,103,0.0,0.0,57,4,-83,LTE,2147483647,2147483647,2147483647,2147483647,0,104,0.0,0.0,48,4,-92,LTE,2147483647,2147483647,2147483647,2147483647,0,314,0.0,0.0,50,4,-90,LTE,2147483647,2147483647,2147483647,2147483647,0,416,0.0,0.0,41,3,-99,LTE,2147483647,2147483647,2147483647,2147483647,0,102,0.0,0.0,54,4,-86,LTE
1521793653725,121.49275265,31.28434635,19.0,12.0,3.4077706,-109,true,-1,-1,5,56.0,4000.0,1.8798828125,-41.6168212890625,109.02252197265625,0.27324414253234863,1.399293065071106,-0.2690719962120056,460,1,6266,8966687,0,-1,0.0,0.0,0,0,0,,5,460,1,6266,8966687,0,103,0.0,0.0,57,4,-83,LTE,2147483647,2147483647,2147483647,2147483647,0,104,0.0,0.0,48,4,-92,LTE,2147483647,2147483647,2147483647,2147483647,0,314,0.0,0.0,50,4,-90,LTE,2147483647,2147483647,2147483647,2147483647,0,416,0.0,0.0,41,3,-99,LTE,2147483647,2147483647,2147483647,2147483647,0,102,0.0,0.0,54,4,-86,LTE
1521793654751,121.49285798,31.28433586,24.0,12.0,2.0223007,-109,true,-1,-1,5,56.0,4000.0,2.7496337890625,-44.317626953125,103.32183837890625,0.34457603096961975,1.3595584630966187,-0.33364731073379517,460,1,6266,8966687,0,-1,0.0,0.0,0,0,0,,3,460,1,6266,8966687,0,103,0.0,0.0,58,4,-82,LTE,2147483647,2147483647,2147483647,2147483647,0,102,0.0,0.0,55,4,-85,LTE,2147483647,2147483647,2147483647,2147483647,0,416,0.0,0.0,42,3,-98,LTE
1521793655884,121.49285798,31.28433586,24.0,12.0,2.0223007,-109,true,-1,-1,5,56.0,4000.0,-1.24053955078125,-46.417236328125,92.22259521484375,0.8994847536087036,1.2847602367401123,-0.7514913082122803,460,1,6266,8966687,0,-1,0.0,0.0,0,0,0,,3,460,1,6266,8966687,0,103,0.0,0.0,58,4,-82,LTE,2147483647,2147483647,2147483647,2147483647,0,102,0.0,0.0,55,4,-85,LTE,2147483647,2147483647,2147483647,2147483647,0,416,0.0,0.0,42,3,-98,LTE
1521793656928,121.49298873,31.28431412,28.0,9.0,2.1228516,-109,true,-1,-1,5,56.0,4000.0,-14.57061767578125,-50.01678466796875,75.72174072265625,1.1329399347305298,1.2946943044662476,-0.7618119716644287,460,1,6266,8966687,0,-1,0.0,0.0,0,0,0,,4,460,1,6266,8966687,0,103,0.0,0.0,61,4,-79,LTE,2147483647,2147483647,2147483647,2147483647,0,102,0.0,0.0,53,4,-87,LTE,2147483647,2147483647,2147483647,2147483647,0,90,0.0,0.0,48,4,-92,LTE,2147483647,2147483647,2147483647,2147483647,0,416,0.0,0.0,38,3,-102,LTE
1521793658010,121.49298873,31.28431412,28.0,9.0,2.1228516,-109,true,-1,-1,5,56.0,4000.0,-10.24017333984375,-46.11663818359375,79.62188720703125,0.6014008522033691,1.350048303604126,-0.39030155539512634,460,1,6266,8966687,0,-1,0.0,0.0,0,0,0,,4,460,1,6266,8966687,0,103,0.0,0.0,61,4,-79,LTE,2147483647,2147483647,2147483647,2147483647,0,102,0.0,0.0,53,4,-87,LTE,2147483647,2147483647,2147483647,2147483647,0,90,0.0,0.0,48,4,-92,LTE,2147483647,2147483647,2147483647,2147483647,0,416,0.0,0.0,38,3,-102,LTE
1521793659087,121.49303176,31.28431022,30.0,8.0,1.9243959,-109,true,-1,-1,5,56.0,4000.0,-6.09130859375,-50.616455078125,81.42242431640625,0.29654279351234436,1.3729161024093628,-0.1807289719581604,460,1,6266,8966687,0,-1,0.0,0.0,0,0,0,,3,460,1,6266,8966667,0,104,0.0,0.0,68,4,-72,LTE,2147483647,2147483647,2147483647,2147483647,0,102,0.0,0.0,53,4,-87,LTE,2147483647,2147483647,2147483647,2147483647,0,103,0.0,0.0,62,4,-78,LTE
1521793660163,121.49303176,31.28431022,30.0,8.0,1.9243959,-109,true,-1,-1,5,56.0,4000.0,-10.24017333984375,-49.4171142578125,79.022216796875,0.6750157475471497,1.3061020374298096,-0.42597073316574097,460,1,6266,8966687,0,-1,0.0,0.0,0,0,0,,3,460,1,6266,8966667,0,104,0.0,0.0,68,4,-72,LTE,2147483647,2147483647,2147483647,2147483647,0,102,0.0,0.0,53,4,-87,LTE,2147483647,2147483647,2147483647,2147483647,0,103,0.0,0.0,62,4,-78,LTE
1521793661260,121.49309176,31.28431388,31.0,8.0,1.796274,-109,true,-1,-1,5,56.0,4000.0,-24.2706298828125,-49.11651611328125,74.52239990234375,1.2433993816375732,1.2370004653930664,-0.7049117684364319,460,1,6266,8966687,0,-1,0.0,0.0,0,0,0,,3,460,1,6266,8966667,0,104,0.0,0.0,70,4,-70,LTE,2147483647,2147483647,2147483647,2147483647,0,103,0.0,0.0,67,4,-73,LTE,2147483647,2147483647,2147483647,2147483647,0,102,0.0,0.0,52,4,-88,LTE
1521793662311,121.49309176,31.28431388,31.0,8.0,1.796274,-109,true,-1,-1,5,56.0,4000.0,-12.6708984375,-44.317626953125,78.42254638671875,0.5672903656959534,1.3699629306793213,-0.33775725960731506,460,1,6266,8966687,0,-1,0.0,0.0,0,0,0,,3,460,1,6266,8966667,0,104,0.0,0.0,70,4,-70,LTE,2147483647,2147483647,2147483647,2147483647,0,103,0.0,0.0,67,4,-73,LTE,2147483647,2147483647,2147483647,2147483647,0,102,0.0,0.0,52,4,-88,LTE
1521793663408,121.49314722,31.28432394,30.0,9.0,1.8102485,-109,true,-1,-1,5,56.0,4000.0,-6.26068115234375,-43.4173583984375,83.52203369140625,0.27236104011535645,1.3580846786499023,-0.16220302879810333,460,1,6266,8966687,0,-1,0.0,0.0,0,0,0,,2,460,1,6266,8966667,0,104,0.0,0.0,65,4,-75,LTE,2147483647,2147483647,2147483647,2147483647,0,103,0.0,0.0,60,4,-80,LTE
1521793664486,121.49314722,31.28432394,30.0,9.0,1.8102485,-109,true,-1,-1,5,56.0,4000.0,-12.4908447265625,-42.51708984375,77.52227783203125,0.8273025751113892,1.2582579851150513,-0.5166152119636536,460,1,6266,8966687,0,-1,0.0,0.0,0,0,0,,2,460,1,6266,8966667,0,104,0.0,0.0,65,4,-75,LTE,2147483647,2147483647,2147483647,2147483647,0,103,0.0,0.0,60,4,-80,LTE
1521793665566,121.49320964,31.28433647,31.0,9.0,1.7321951,-109,true,-1,-1,5,56.0,4000.0,-0.37078857421875,-40.11688232421875,95.52154541015625,-0.16945452988147736,1.3392436504364014,0.15262964367866516,460,1,6266,8966687,0,-1,0.0,0.0,0,0,0,,3,460,1,6266,8966687,0,103,0.0,0.0,66,4,-74,LTE,2147483647,2147483647,2147483647,2147483647,0,104,0.0,0.0,67,4,-73,LTE,2147483647,2147483647,2147483647,2147483647,0,90,0.0,0.0,52,4,-88,LTE
1521793666655,121.49320964,31.28433647,31.0,9.0,1.7321951,-109,true,-1,-1,5,56.0,4000.0,-1.7608642578125,-40.11688232421875,96.1212158203125,0.45112091302871704,1.2565964460372925,-0.35664406418800354,460,1,6266,8966687,0,-1,0.0,0.0,0,0,0,,3,460,1,6266,8966687,0,103,0.0,0.0,66,4,-74,LTE,2147483647,2147483647,2147483647,2147483647,0,104,0.0,0.0,67,4,-73,LTE,2147483647,2147483647,2147483647,2147483647,0,90,0.0,0.0,52,4,-88,LTE
1521793667731,121.49326179,31.28435513,32.0,9.0,2.0895932,-109,true,-1,-1,5,56.0,4000.0,-5.9112548828125,-34.11712646484375,99.12261962890625,0.8492783904075623,1.255865216255188,-0.6823828816413879,460,1,6266,8966687,0,-1,0.0,0.0,0,0,0,,3,460,1,6266,8966687,0,103,0.0,0.0,54,4,-86,LTE,2147483647,2147483647,2147483647,2147483647,0,104,0.0,0.0,60,4,-80,LTE,2147483647,2147483647,2147483647,2147483647,0,90,0.0,0.0,52,4,-88,LTE
1521793668809,121.49326179,31.28435513,32.0,9.0,2.0895932,-109,true,-1,-1,5,56.0,4000.0,-0.37078857421875,-37.4176025390625,109.9212646484375,0.5010151267051697,1.4066864252090454,-0.46516650915145874,460,1,6266,8966687,0,-1,0.0,0.0,0,0,0,,3,460,1,6266,8966687,0,103,0.0,0.0,54,4,-86,LTE,2147483647,2147483647,2147483647,2147483647,0,104,0.0,0.0,60,4,-80,LTE,2147483647,2147483647,2147483647,2147483647,0,90,0.0,0.0,52,4,-88,LTE
1521793669886,121.49325913,31.28439468,31.0,8.0,1.8964441,-109,true,-1,-1,5,56.0,4000.0,0.8392333984375,-39.81781005859375,110.821533203125,0.22908560931682587,1.37234628200531,-0.216211199760437,460,1,6266,8966687,0,-1,0.0,0.0,0,0,0,,3,460,1,6266,8966687,0,103,0.0,0.0,63,4,-77,LTE,2147483647,2147483647,2147483647,2147483647,0,90,0.0,0.0,45,4,-95,LTE,2147483647,2147483647,2147483647,2147483647,0,102,0.0,0.0,53,4,-87,LTE
1521793670972,121.49325913,31.28439468,31.0,8.0,1.8964441,-109,true,-1,-1,5,56.0,4000.0,0.1495361328125,-38.616943359375,110.821533203125,0.33766424655914307,1.3245810270309448,-0.3013232946395874,460,1,6266,8966687,0,-1,0.0,0.0,0,0,0,,3,460,1,6266,8966687,0,103,0.0,0.0,63,4,-77,LTE,2147483647,2147483647,2147483647,2147483647,0,90,0.0,0.0,45,4,-95,LTE,2147483647,2147483647,2147483647,2147483647,0,102,0.0,0.0,53,4,-87,LTE
1521793672051,121.49329273,31.28439685,31.0,9.0,1.0500476,-109,true,-1,-1,5,56.0,4000.0,1.53961181640625,-41.01715087890625,112.6220703125,0.4034941792488098,1.3325763940811157,-0.3730291724205017,460,1,6266,8966687,0,-1,0.0,0.0,0,0,0,,3,460,1,6266,8966687,0,103,0.0,0.0,60,4,-80,LTE,2147483647,2147483647,2147483647,2147483647,0,90,0.0,0.0,51,4,-89,LTE,2147483647,2147483647,2147483647,2147483647,0,102,0.0,0.0,56,4,-84,LTE
1521793673179,121.49329273,31.28439685,31.0,9.0,1.0500476,-109,true,-1,-1,5,56.0,4000.0,-0.89111328125,-37.4176025390625,115.6219482421875,0.5188436508178711,1.3389005661010742,-0.4624040126800537,460,1,6266,8966687,0,-1,0.0,0.0,0,0,0,,3,460,1,6266,8966687,0,103,0.0,0.0,60,4,-80,LTE,2147483647,2147483647,2147483647,2147483647,0,90,0.0,0.0,51,4,-89,LTE,2147483647,2147483647,2147483647,2147483647,0,102,0.0,0.0,56,4,-84,LTE
1521793674227,121.49329273,31.28439685,31.0,9.0,1.0500476,-109,true,-1,-1,5,56.0,4000.0,-0.89111328125,-38.31634521484375,106.622314453125,0.5345793962478638,1.3316709995269775,-0.4699585735797882,460,1,6266,8966687,0,-1,0.0,0.0,0,0,0,,3,460,1,6266,8966687,0,103,0.0,0.0,58,4,-82,LTE,2147483647,2147483647,2147483647,2147483647,0,102,0.0,0.0,55,4,-85,LTE,2147483647,2147483647,2147483647,2147483647,0,90,0.0,0.0,50,4,-90,LTE
1521793675293,121.49332499,31.28439018,27.0,12.0,1.20204,-109,true,-1,-1,5,56.0,4000.0,-3.4912109375,-35.31646728515625,111.7218017578125,0.7767078876495361,1.2520971298217773,-0.6484729647636414,460,1,6266,8966687,0,-1,0.0,0.0,0,0,0,,3,460,1,6266,8966687,0,103,0.0,0.0,58,4,-82,LTE,2147483647,2147483647,2147483647,2147483647,0,102,0.0,0.0,55,4,-85,LTE,2147483647,2147483647,2147483647,2147483647,0,90,0.0,0.0,50,4,-90,LTE
1521793676423,121.49332499,31.28439018,27.0,12.0,1.20204,-109,true,-1,-1,5,56.0,4000.0,-3.3111572265625,-38.616943359375,109.02252197265625,0.8371662497520447,1.3216499090194702,-0.7251783609390259,460,1,6266,8966687,0,-1,0.0,0.0,0,0,0,,4,460,1,6266,8966687,0,103,0.0,0.0,56,4,-84,LTE,2147483647,2147483647,2147483647,2147483647,0,102,0.0,0.0,54,4,-86,LTE,2147483647,2147483647,2147483647,2147483647,0,90,0.0,0.0,46,4,-94,LTE,2147483647,2147483647,2147483647,2147483647,0,104,0.0,0.0,53,4,-87,LTE
1521793677472,121.49332499,31.28439018,27.0,12.0,1.20204,-109,true,-1,-1,5,56.0,4000.0,-6.781005859375,-35.31646728515625,103.021240234375,1.0046298503875732,1.3187741041183472,-0.8505690097808838,460,1,6266,8966687,0,-1,0.0,0.0,0,0,0,,4,460,1,6266,8966687,0,103,0.0,0.0,56,4,-84,LTE,2147483647,2147483647,2147483647,2147483647,0,102,0.0,0.0,54,4,-86,LTE,2147483647,2147483647,2147483647,2147483647,0,90,0.0,0.0,46,4,-94,LTE,2147483647,2147483647,2147483647,2147483647,0,104,0.0,0.0,53,4,-87,LTE
1521793678530,121.49339143,31.28437069,27.0,13.0,1.51,-109,true,-1,-1,5,56.0,4000.0,-4.70123291015625,-37.11700439453125,106.02264404296875,0.8808917999267578,1.2832274436950684,-0.7374296188354492,460,1,6266,8966687,0,-1,0.0,0.0,0,0,0,,4,460,1,6266,8966687,0,103,0.0,0.0,55,4,-85,LTE,2147483647,2147483647,2147483647,2147483647,0,102,0.0,0.0,56,4,-84,LTE,2147483647,2147483647,2147483647,2147483647,0,104,0.0,0.0,45,4,-95,LTE,2147483647,2147483647,2147483647,2147483647,0,90,0.0,0.0,50,4,-90,LTE
1521793679605,121.49339143,31.28437069,27.0,13.0,1.51,-109,true,-1,-1,5,56.0,4000.0,-3.1402587890625,-36.81640625,111.12213134765625,0.4886538088321686,1.39033043384552,-0.4256382882595062,460,1,6266,8966687,0,-1,0.0,0.0,0,0,0,,4,460,1,6266,8966687,0,103,0.0,0.0,55,4,-85,LTE,2147483647,2147483647,2147483647,2147483647,0,102,0.0,0.0,56,4,-84,LTE,2147483647,2147483647,2147483647,2147483647,0,104,0.0,0.0,45,4,-95,LTE,2147483647,2147483647,2147483647,2147483647,0,90,0.0,0.0,50,4,-90,LTE
1521793680692,121.49350729,31.28431877,27.0,13.0,1.4805405,-109,true,-1,-1,5,56.0,4000.0,-1.24053955078125,-39.21661376953125,115.02227783203125,0.1216261088848114,1.3661760091781616,-0.0999206006526947,460,1,6266,8966687,0,-1,0.0,0.0,0,0,0,,4,460,1,6266,8966687,0,103,0.0,0.0,56,4,-84,LTE,2147483647,2147483647,2147483647,2147483647,0,102,0.0,0.0,55,4,-85,LTE,2147483647,2147483647,2147483647,2147483647,0,90,0.0,0.0,47,4,-93,LTE,2147483647,2147483647,2147483647,2147483647,0,104,0.0,0.0,48,4,-92,LTE
1521793681813,121.49350729,31.28431877,27.0,13.0,1.4805405,-109,true,-1,-1,5,56.0,4000.0,1.708984375,-40.11688232421875,109.9212646484375,0.37143439054489136,1.3466039896011353,-0.34894266724586487,460,1,6266,8966687,0,-1,0.0,0.0,0,0,0,,4,460,1,6266,8966687,0,103,0.0,0.0,56,4,-84,LTE,2147483647,2147483647,2147483647,2147483647,0,102,0.0,0.0,55,4,-85,LTE,2147483647,2147483647,2147483647,2147483647,0,90,0.0,0.0,47,4,-93,LTE,2147483647,2147483647,2147483647,2147483647,0,104,0.0,0.0,48,4,-92,LTE
1521793682850,121.49355047,31.28427968,29.0,10.0,0.6477654,-109,true,-1,-1,5,56.0,4000.0,2.04925537109375,-39.81781005859375,114.12200927734375,0.3219738304615021,1.3167543411254883,-0.3024287521839142,460,1,6266,8966687,0,-1,0.0,0.0,0,0,0,,4,460,1,6266,8966687,0,103,0.0,0.0,61,4,-79,LTE,2147483647,2147483647,2147483647,2147483647,0,102,0.0,0.0,49,4,-91,LTE,2147483647,2147483647,2147483647,2147483647,0,90,0.0,0.0,48,4,-92,LTE,2147483647,2147483647,2147483647,2147483647,0,104,0.0,0.0,50,4,-90,LTE
1521793683929,121.49355047,31.28427968,29.0,10.0,0.6477654,-109,true,-1,-1,5,56.0,4000.0,-1.93023681640625,-39.21661376953125,101.8218994140625,0.7249272465705872,1.30906343460083,-0.6216979622840881,460,1,6266,8966687,0,-1,0.0,0.0,0,0,0,,4,460,1,6266,8966687,0,103,0.0,0.0,61,4,-79,LTE,2147483647,2147483647,2147483647,2147483647,0,102,0.0,0.0,49,4,-91,LTE,2147483647,2147483647,2147483647,2147483647,0,90,0.0,0.0,48,4,-92,LTE,2147483647,2147483647,2147483647,2147483647,0,104,0.0,0.0,50,4,-90,LTE
1521793685008,121.49355047,31.28427968,29.0,10.0,0.6477654,-109,true,-1,-1,5,56.0,4000.0,-4.70123291015625,-36.81640625,98.822021484375,1.0223679542541504,1.2707935571670532,-0.8571630120277405,460,1,6266,8966687,0,-1,0.0,0.0,0,0,0,,4,460,1,6266,8966687,0,103,0.0,0.0,60,4,-80,LTE,2147483647,2147483647,2147483647,2147483647,0,102,0.0,0.0,58,4,-82,LTE,2147483647,2147483647,2147483647,2147483647,0,90,0.0,0.0,50,4,-90,LTE,2147483647,2147483647,2147483647,2147483647,0,104,0.0,0.0,47,4,-93,LTE
1521793686085,121.49355047,31.28427968,29.0,10.0,0.6477654,-109,true,-1,-1,5,56.0,4000.0,-2.97088623046875,-37.7166748046875,107.22198486328125,0.47945913672447205,1.3321627378463745,-0.40150925517082214,460,1,6266,8966687,0,-1,0.0,0.0,0,0,0,,4,460,1,6266,8966687,0,103,0.0,0.0,60,4,-80,LTE,2147483647,2147483647,2147483647,2147483647,0,102,0.0,0.0,58,4,-82,LTE,2147483647,2147483647,2147483647,2147483647,0,90,0.0,0.0,50,4,-90,LTE,2147483647,2147483647,2147483647,2147483647,0,104,0.0,0.0,47,4,-93,LTE
1521793687185,121.49355047,31.28427968,29.0,10.0,0.6477654,-109,true,-1,-1,5,56.0,4000.0,5.69000244140625,-42.51708984375,110.22186279296875,0.08908402174711227,1.400381326675415,-0.13356468081474304,460,1,6266,8966687,0,-1,0.0,0.0,0,0,0,,3,460,1,6266,8966687,0,103,0.0,0.0,63,4,-77,LTE,2147483647,2147483647,2147483647,2147483647,0,102,0.0,0.0,53,4,-87,LTE,2147483647,2147483647,2147483647,2147483647,0,90,0.0,0.0,52,4,-88,LTE
1521793688265,121.49355047,31.28427968,29.0,10.0,0.6477654,-109,true,-1,-1,5,56.0,4000.0,6.20880126953125,-45.81756591796875,106.32171630859375,0.015485955402255058,1.335296869277954,-0.07183429598808289,460,1,6266,8966687,0,-1,0.0,0.0,0,0,0,,3,460,1,6266,8966687,0,103,0.0,0.0,63,4,-77,LTE,2147483647,2147483647,2147483647,2147483647,0,102,0.0,0.0,53,4,-87,LTE,2147483647,2147483647,2147483647,2147483647,0,90,0.0,0.0,52,4,-88,LTE
1521793689343,121.49355047,31.28427968,29.0,10.0,0.6477654,-109,true,-1,-1,5,56.0,4000.0,-1.7608642578125,-39.81781005859375,108.12225341796875,0.5122472047805786,1.320555567741394,-0.43751537799835205,460,1,6266,8966687,0,-1,0.0,0.0,0,0,0,,3,460,1,6266,8966677,0,102,0.0,0.0,64,4,-76,LTE,2147483647,2147483647,2147483647,2147483647,0,103,0.0,0.0,61,4,-79,LTE,2147483647,2147483647,2147483647,2147483647,0,90,0.0,0.0,49,4,-91,LTE
1521793690423,121.49355047,31.28427968,29.0,10.0,0.6477654,-109,true,-1,-1,5,56.0,4000.0,-5.39093017578125,-35.91766357421875,103.6224365234375,0.9527389407157898,1.2701486349105835,-0.7927334904670715,460,1,6266,8966687,0,-1,0.0,0.0,0,0,0,,3,460,1,6266,8966677,0,102,0.0,0.0,64,4,-76,LTE,2147483647,2147483647,2147483647,2147483647,0,103,0.0,0.0,61,4,-79,LTE,2147483647,2147483647,2147483647,2147483647,0,90,0.0,0.0,49,4,-91,LTE
1521793691521,121.49355047,31.28427968,29.0,10.0,0.6477654,-109,true,-1,-1,5,56.0,4000.0,-5.0506591796875,-34.716796875,104.82177734375,0.8153204917907715,1.260762095451355,-0.6673429012298584,460,1,6266,8966687,0,-1,0.0,0.0,0,0,0,,3,460,1,6266,8966677,0,102,0.0,0.0,65,4,-75,LTE,2147483647,2147483647,2147483647,2147483647,0,103,0.0,0.0,64,4,-76,LTE,2147483647,2147483647,2147483647,2147483647,0,90,0.0,0.0,44,3,-96,LTE
1521793692582,121.49355047,31.28427968,29.0,10.0,0.6477654,-109,true,-1,-1,5,56.0,4000.0,-3.1402587890625,-35.31646728515625,113.5223388671875,0.36509793996810913,1.3867453336715698,-0.31143274903297424,460,1,6266,8966687,0,-1,0.0,0.0,0,0,0,,3,460,1,6266,8966677,0,102,0.0,0.0,65,4,-75,LTE,2147483647,2147483647,2147483647,2147483647,0,103,0.0,0.0,64,4,-76,LTE,2147483647,2147483647,2147483647,2147483647,0,90,0.0,0.0,44,3,-96,LTE
1521793693666,121.49355047,31.28427968,29.0,10.0,0.6477654,-109,true,-1,-1,5,56.0,4000.0,2.91900634765625,-40.716552734375,113.22174072265625,0.06808365881443024,1.3927265405654907,-0.08845353126525879,460,1,6266,8966687,0,-1,0.0,0.0,0,0,0,,2,460,1,6266,8966687,0,103,0.0,0.0,62,4,-78,LTE,2147483647,2147483647,2147483647,2147483647,0,102,0.0,0.0,56,4,-84,LTE
1521793694744,121.49355047,31.28427968,29.0,10.0,0.6477654,-109,true,-1,-1,5,56.0,4000.0,2.7496337890625,-41.01715087890625,113.5223388671875,-0.046081069856882095,1.3868013620376587,0.018043627962470055,460,1,6266,8966687,0,-1,0.0,0.0,0,0,0,,2,460,1,6266,8966687,0,103,0.0,0.0,62,4,-78,LTE,2147483647,2147483647,2147483647,2147483647,0,102,0.0,0.0,56,4,-84,LTE
1521793695822,121.49355047,31.28427968,29.0,10.0,0.6477654,-109,true,-1,-1,5,56.0,4000.0,2.398681640625,-41.6168212890625,114.12200927734375,0.4716573655605316,1.3224668502807617,-0.43919479846954346,460,1,6266,8966687,0,-1,0.0,0.0,0,0,0,,2,460,1,6266,8966687,0,103,0.0,0.0,61,4,-79,LTE,2147483647,2147483647,2147483647,2147483647,0,102,0.0,0.0,62,4,-78,LTE
1521793696902,121.49355047,31.28427968,29.0,10.0,0.6477654,-109,true,-1,-1,5,56.0,4000.0,3.95965576171875,-38.91754150390625,108.42132568359375,0.7268229126930237,1.3192487955093384,-0.6872870326042175,460,1,6266,8966687,0,-1,0.0,0.0,0,0,0,,2,460,1,6266,8966687,0,103,0.0,0.0,61,4,-79,LTE,2147483647,2147483647,2147483647,2147483647,0,102,0.0,0.0,62,4,-78,LTE
1521793697977,121.49355047,31.28427968,29.0,10.0,0.6477654,-109,true,-1,-1,5,56.0,4000.0,1.019287109375,-41.3177490234375,96.1212158203125,0.7950380444526672,1.34576416015625,-0.7234634160995483,460,1,6266,8966687,0,-1,0.0,0.0,0,0,0,,2,460,1,6266,8966687,0,103,0.0,0.0,62,4,-78,LTE,2147483647,2147483647,2147483647,2147483647,0,102,0.0,0.0,63,4,-77,LTE
1521793699058,121.49355047,31.28427968,29.0,10.0,0.6477654,-109,true,-1,-1,5,56.0,4000.0,-0.01983642578125,-39.21661376953125,107.5225830078125,0.36584529280662537,1.3685704469680786,-0.3325580656528473,460,1,6266,8966687,0,-1,0.0,0.0,0,0,0,,2,460,1,6266,8966687,0,103,0.0,0.0,62,4,-78,LTE,2147483647,2147483647,2147483647,2147483647,0,102,0.0,0.0,63,4,-77,LTE
1521793700159,121.49355047,31.28427968,29.0,10.0,0.6477654,-109,true,-1,-1,5,56.0,4000.0,4.64935302734375,-41.01715087890625,112.6220703125,-0.07834570854902267,1.4195067882537842,0.03190239146351814,460,1,6266,8966687,0,-1,0.0,0.0,0,0,0,,3,460,1,6266,8966687,0,103,0.0,0.0,59,4,-81,LTE,2147483647,2147483647,2147483647,2147483647,0,102,0.0,0.0,60,4,-80,LTE,2147483647,2147483647,2147483647,2147483647,0,416,0.0,0.0,57,4,-83,LTE
1521793701238,121.49355047,31.28427968,29.0,10.0,0.6477654,-109,true,-1,-1,5,56.0,4000.0,3.60870361328125,-38.91754150390625,113.22174072265625,0.17113782465457916,1.3791370391845703,-0.18877418339252472,460,1,6266,8966687,0,-1,0.0,0.0,0,0,0,,3,460,1,6266,8966687,0,103,0.0,0.0,59,4,-81,LTE,2147483647,2147483647,2147483647,2147483647,0,102,0.0,0.0,60,4,-80,LTE,2147483647,2147483647,2147483647,2147483647,0,416,0.0,0.0,57,4,-83,LTE
1521793702317,121.49355047,31.28427968,29.0,10.0,0.6477654,-109,true,-1,-1,5,56.0,4000.0,1.8798828125,-41.01715087890625,110.821533203125,0.5347375273704529,1.3414232730865479,-0.49695324897766113,460,1,6266,8966687,0,-1,0.0,0.0,0,0,0,,3,460,1,6266,8966687,0,103,0.0,0.0,61,4,-79,LTE,2147483647,2147483647,2147483647,2147483647,0,102,0.0,0.0,61,4,-79,LTE,2147483647,2147483647,2147483647,2147483647,0,416,0.0,0.0,58,4,-82,LTE
1521793703397,121.49355047,31.28427968,29.0,10.0,0.6477654,-109,true,-1,-1,5,56.0,4000.0,0.49896240234375,-41.01715087890625,100.0213623046875,0.9151036739349365,1.2670296430587769,-0.7970694303512573,460,1,6266,8966687,0,-1,0.0,0.0,0,0,0,,3,460,1,6266,8966687,0,103,0.0,0.0,61,4,-79,LTE,2147483647,2147483647,2147483647,2147483647,0,102,0.0,0.0,61,4,-79,LTE,2147483647,2147483647,2147483647,2147483647,0,416,0.0,0.0,58,4,-82,LTE
1521793704497,121.49355047,31.28427968,29.0,10.0,0.6477654,-109,true,-1,-1,5,56.0,4000.0,-3.8299560546875,-38.31634521484375,99.12261962890625,0.777189314365387,1.2735226154327393,-0.6349996328353882,460,1,6266,8966687,0,-1,0.0,0.0,0,0,0,,3,460,1,6266,8966687,0,103,0.0,0.0,60,4,-80,LTE,2147483647,2147483647,2147483647,2147483647,0,416,0.0,0.0,57,4,-83,LTE,2147483647,2147483647,2147483647,2147483647,0,102,0.0,0.0,56,4,-84,LTE
1521793705555,121.49355047,31.28427968,29.0,10.0,0.6477654,-109,true,-1,-1,5,56.0,4000.0,-0.19989013671875,-38.616943359375,110.821533203125,0.10782178491353989,1.4093748331069946,-0.09859918802976608,460,1,6266,8966687,0,-1,0.0,0.0,0,0,0,,3,460,1,6266,8966687,0,103,0.0,0.0,60,4,-80,LTE,2147483647,2147483647,2147483647,2147483647,0,416,0.0,0.0,57,4,-83,LTE,2147483647,2147483647,2147483647,2147483647,0,102,0.0,0.0,56,4,-84,LTE
1521793706654,121.49355047,31.28427968,29.0,10.0,0.6477654,-109,true,-1,-1,5,56.0,4000.0,1.8798828125,-39.5172119140625,113.22174072265625,0.11885891109704971,1.3633148670196533,-0.12440788000822067,460,1,6266,8966687,0,-1,0.0,0.0,0,0,0,,3,460,1,6266,8914443,0,416,0.0,0.0,59,4,-81,LTE,2147483647,2147483647,2147483647,2147483647,0,103,0.0,0.0,58,4,-82,LTE,2147483647,2147483647,2147483647,2147483647,0,102,0.0,0.0,55,4,-85,LTE
1521793707735,121.49355047,31.28427968,29.0,10.0,0.6477654,-109,true,-1,-1,5,56.0,4000.0,0.8392333984375,-38.01727294921875,110.821533203125,0.4936063289642334,1.3076096773147583,-0.44407814741134644,460,1,6266,8966687,0,-1,0.0,0.0,0,0,0,,3,460,1,6266,8914443,0,416,0.0,0.0,59,4,-81,LTE,2147483647,2147483647,2147483647,2147483647,0,103,0.0,0.0,58,4,-82,LTE,2147483647,2147483647,2147483647,2147483647,0,102,0.0,0.0,55,4,-85,LTE
1521793708811,121.49355047,31.28427968,29.0,10.0,0.6477654,-109,true,-1,-1,5,56.0,4000.0,3.60870361328125,-39.81781005859375,104.22210693359375,0.7513798475265503,1.298250436782837,-0.695819616317749,460,1,6266,8966687,0,-1,0.0,0.0,0,0,0,,3,460,1,6266,8914443,0,416,0.0,0.0,64,4,-76,LTE,2147483647,2147483647,2147483647,2147483647,0,103,0.0,0.0,57,4,-83,LTE,2147483647,2147483647,2147483647,2147483647,0,102,0.0,0.0,56,4,-84,LTE
1521793709896,121.49355047,31.28427968,29.0,10.0,0.6477654,-109,true,-1,-1,5,56.0,4000.0,-5.9112548828125,-35.31646728515625,96.722412109375,1.0340831279754639,1.2793747186660767,-0.8609241247177124,460,1,6266,8966687,0,-1,0.0,0.0,0,0,0,,3,460,1,6266,8914443,0,416,0.0,0.0,64,4,-76,LTE,2147483647,2147483647,2147483647,2147483647,0,103,0.0,0.0,57,4,-83,LTE,2147483647,2147483647,2147483647,2147483647,0,102,0.0,0.0,56,4,-84,LTE
1521793710972,121.49355047,31.28427968,29.0,10.0,0.6477654,-109,true,-1,-1,5,56.0,4000.0,-4.53033447265625,-37.4176025390625,102.12249755859375,0.4902705252170563,1.3150322437286377,-0.388397753238678,460,1,6266,8966687,0,-1,0.0,0.0,0,0,0,,3,460,1,6266,8966687,0,103,0.0,0.0,65,4,-75,LTE,2147483647,2147483647,2147483647,2147483647,0,416,0.0,0.0,61,4,-79,LTE,2147483647,2147483647,2147483647,2147483647,0,102,0.0,0.0,61,4,-79,LTE
1521793712051,121.49355047,31.28427968,29.0,10.0,0.6477654,-109,true,-1,-1,5,56.0,4000.0,-1.06048583984375,-38.31634521484375,114.7216796875,0.22733616828918457,1.4240350723266602,-0.2047167867422104,460,1,6266,8966687,0,-1,0.0,0.0,0,0,0,,3,460,1,6266,8966687,0,103,0.0,0.0,65,4,-75,LTE,2147483647,2147483647,2147483647,2147483647,0,416,0.0,0.0,61,4,-79,LTE,2147483647,2147483647,2147483647,2147483647,0,102,0.0,0.0,61,4,-79,LTE
1521793713128,121.49355047,31.28427968,29.0,10.0,0.6477654,-109,true,-1,-1,5,56.0,4000.0,3.95965576171875,-40.41748046875,110.821533203125,0.023929797112941742,1.4069108963012695,-0.057901229709386826,460,1,6266,8966687,0,-1,0.0,0.0,0,0,0,,2,460,1,6266,8914443,0,416,0.0,0.0,71,4,-69,LTE,2147483647,2147483647,2147483647,2147483647,0,103,0.0,0.0,64,4,-76,LTE
1521793714211,121.49355047,31.28427968,29.0,10.0,0.6477654,-109,true,-1,-1,5,56.0,4000.0,2.91900634765625,-39.81781005859375,111.42120361328125,0.23433294892311096,1.3408634662628174,-0.23563984036445618,460,1,6266,8966687,0,-1,0.0,0.0,0,0,0,,2,460,1,6266,8914443,0,416,0.0,0.0,71,4,-69,LTE,2147483647,2147483647,2147483647,2147483647,0,103,0.0,0.0,64,4,-76,LTE
1521793715306,121.49355047,31.28427968,29.0,10.0,0.6477654,-109,true,-1,-1,5,56.0,4000.0,-0.5401611328125,-39.21661376953125,110.22186279296875,0.4199630916118622,1.3197691440582275,-0.36710476875305176,460,1,6266,8966687,0,-1,0.0,0.0,0,0,0,,2,460,1,6266,8914443,0,416,0.0,0.0,69,4,-71,LTE,2147483647,2147483647,2147483647,2147483647,0,103,0.0,0.0,63,4,-77,LTE
1521793716387,121.49355047,31.28427968,29.0,10.0,0.6477654,-109,true,-1,-1,5,56.0,4000.0,-0.72021484375,-37.11700439453125,105.7220458984375,0.7072402834892273,1.3275429010391235,-0.6300493478775024,460,1,6266,8966687,0,-1,0.0,0.0,0,0,0,,2,460,1,6266,8914443,0,416,0.0,0.0,69,4,-71,LTE,2147483647,2147483647,2147483647,2147483647,0,103,0.0,0.0,63,4,-77,LTE
1521793717467,121.49355047,31.28427968,29.0,10.0,0.6477654,-109,true,-1,-1,5,56.0,4000.0,-5.0506591796875,-35.91766357421875,101.22222900390625,1.0090309381484985,1.2731209993362427,-0.847769558429718,460,1,6266,8966687,0,-1,0.0,0.0,0,0,0,,3,460,1,6266,8914443,0,416,0.0,0.0,64,4,-76,LTE,2147483647,2147483647,2147483647,2147483647,0,103,0.0,0.0,63,4,-77,LTE,2147483647,2147483647,2147483647,2147483647,0,102,0.0,0.0,60,4,-80,LTE
1521793718545,121.49355047,31.28427968,29.0,10.0,0.6477654,-109,true,-1,-1,5,56.0,4000.0,-3.4912109375,-35.31646728515625,102.72216796875,0.6399765610694885,1.335213541984558,-0.544255793094635,460,1,6266,8966687,0,-1,0.0,0.0,0,0,0,,3,460,1,6266,8914443,0,416,0.0,0.0,64,4,-76,LTE,2147483647,2147483647,2147483647,2147483647,0,103,0.0,0.0,63,4,-77,LTE,2147483647,2147483647,2147483647,2147483647,0,102,0.0,0.0,60,4,-80,LTE
1521793719645,121.49355047,31.28427968,29.0,10.0,0.6477654,-109,true,-1,-1,5,56.0,4000.0,-1.06048583984375,-38.616943359375,114.7216796875,0.4561086893081665,1.4059579372406006,-0.41709649562835693,460,1,6266,8966687,0,-1,0.0,0.0,0,0,0,,3,460,1,6266,8914443,0,416,0.0,0.0,66,4,-74,LTE,2147483647,2147483647,2147483647,2147483647,0,103,0.0,0.0,59,4,-81,LTE,2147483647,2147483647,2147483647,2147483647,0,102,0.0,0.0,52,4,-88,LTE
1521793720725,121.49355047,31.28427968,29.0,10.0,0.6477654,-109,true,-1,-1,5,56.0,4000.0,1.019287109375,-39.21661376953125,109.9212646484375,0.012301497161388397,1.4196250438690186,-0.020772941410541534,460,1,6266,8966687,0,-1,0.0,0.0,0,0,0,,3,460,1,6266,8914443,0,416,0.0,0.0,66,4,-74,LTE,2147483647,2147483647,2147483647,2147483647,0,103,0.0,0.0,59,4,-81,LTE,2147483647,2147483647,2147483647,2147483647,0,102,0.0,0.0,52,4,-88,LTE
1521793721802,121.49355047,31.28427968,29.0,10.0,0.6477654,-109,true,-1,-1,5,56.0,4000.0,2.398681640625,-40.41748046875,108.721923828125,0.10255590081214905,1.3671058416366577,-0.11481056362390518,460,1,6266,8966687,0,-1,0.0,0.0,0,0,0,,3,460,1,6266,8914443,0,416,0.0,0.0,61,4,-79,LTE,2147483647,2147483647,2147483647,2147483647,0,103,0.0,0.0,58,4,-82,LTE,2147483647,2147483647,2147483647,2147483647,0,102,0.0,0.0,49,4,-91,LTE
1521793722885,121.49355047,31.28427968,29.0,10.0,0.6477654,-109,true,-1,-1,5,56.0,4000.0,-1.580810546875,-39.5172119140625,107.8216552734375,0.41375118494033813,1.3334516286849976,-0.3539193272590637,460,1,6266,8966687,0,-1,0.0,0.0,0,0,0,,3,460,1,6266,8914443,0,416,0.0,0.0,61,4,-79,LTE,2147483647,2147483647,2147483647,2147483647,0,103,0.0,0.0,58,4,-82,LTE,2147483647,2147483647,2147483647,2147483647,0,102,0.0,0.0,49,4,-91,LTE
1521793723979,121.49355047,31.28427968,29.0,10.0,0.6477654,-109,true,-1,-1,5,56.0,4000.0,-2.61993408203125,-38.616943359375,104.82177734375,0.6684203743934631,1.336256742477417,-0.5763461589813232,460,1,6266,8966687,0,-1,0.0,0.0,0,0,0,,3,460,1,6266,8914443,0,416,0.0,0.0,67,4,-73,LTE,2147483647,2147483647,2147483647,2147483647,0,103,0.0,0.0,58,4,-82,LTE,2147483647,2147483647,2147483647,2147483647,0,102,0.0,0.0,50,4,-90,LTE
1521793725038,121.49355047,31.28427968,29.0,10.0,0.6477654,-109,true,-1,-1,5,56.0,4000.0,-5.0506591796875,-37.11700439453125,100.62255859375,0.9947617053985596,1.3208199739456177,-0.8518849611282349,460,1,6266,8966687,0,-1,0.0,0.0,0,0,0,,3,460,1,6266,8914443,0,416,0.0,0.0,67,4,-73,LTE,2147483647,2147483647,2147483647,2147483647,0,103,0.0,0.0,58,4,-82,LTE,2147483647,2147483647,2147483647,2147483647,0,102,0.0,0.0,50,4,-90,LTE
1521793726139,121.49355047,31.28427968,29.0,10.0,0.6477654,-109,true,-1,-1,5,56.0,4000.0,-4.53033447265625,-36.81640625,106.32171630859375,0.7234123349189758,1.334822416305542,-0.612691342830658,460,1,6266,8966687,0,-1,0.0,0.0,0,0,0,,3,460,1,6266,8914443,0,416,0.0,0.0,63,4,-77,LTE,2147483647,2147483647,2147483647,2147483647,0,103,0.0,0.0,59,4,-81,LTE,2147483647,2147483647,2147483647,2147483647,0,102,0.0,0.0,50,4,-90,LTE
1521793727219,121.49355047,31.28427968,29.0,10.0,0.6477654,-109,true,-1,-1,5,56.0,4000.0,-1.7608642578125,-37.7166748046875,113.5223388671875,0.27175697684288025,1.432731032371521,-0.24150384962558746,460,1,6266,8966687,0,-1,0.0,0.0,0,0,0,,3,460,1,6266,8914443,0,416,0.0,0.0,63,4,-77,LTE,2147483647,2147483647,2147483647,2147483647,0,103,0.0,0.0,59,4,-81,LTE,2147483647,2147483647,2147483647,2147483647,0,102,0.0,0.0,50,4,-90,LTE
1521793728299,121.49355047,31.28427968,29.0,10.0,0.6477654,-109,true,-1,-1,5,56.0,4000.0,0.1495361328125,-39.81781005859375,113.8214111328125,0.2454506903886795,1.394046425819397,-0.22812792658805847,460,1,6266,8966687,0,-1,0.0,0.0,0,0,0,,3,460,1,6266,8914443,0,416,0.0,0.0,69,4,-71,LTE,2147483647,2147483647,2147483647,2147483647,0,103,0.0,0.0,60,4,-80,LTE,2147483647,2147483647,2147483647,2147483647,0,102,0.0,0.0,54,4,-86,LTE
1521793729377,121.49355047,31.28427968,29.0,10.0,0.6477654,-109,true,-1,-1,5,56.0,4000.0,4.64935302734375,-40.716552734375,109.6221923828125,0.061576806008815765,1.3978078365325928,-0.09911616891622543,460,1,6266,8966687,0,-1,0.0,0.0,0,0,0,,3,460,1,6266,8914443,0,416,0.0,0.0,69,4,-71,LTE,2147483647,2147483647,2147483647,2147483647,0,103,0.0,0.0,60,4,-80,LTE,2147483647,2147483647,2147483647,2147483647,0,102,0.0,0.0,54,4,-86,LTE
1521793730454,121.49355047,31.28427968,29.0,10.0,0.6477654,-109,true,-1,-1,5,56.0,4000.0,-1.93023681640625,-38.616943359375,103.021240234375,0.7333382368087769,1.263192892074585,-0.6131237149238586,460,1,6266,8966687,0,-1,0.0,0.0,0,0,0,,3,460,1,6266,8914443,0,416,0.0,0.0,66,4,-74,LTE,2147483647,2147483647,2147483647,2147483647,0,103,0.0,0.0,58,4,-82,LTE,2147483647,2147483647,2147483647,2147483647,0,102,0.0,0.0,46,4,-94,LTE
1521793731592,121.49355047,31.28427968,29.0,10.0,0.6477654,-109,true,-1,-1,5,56.0,4000.0,-1.409912109375,-35.91766357421875,109.9212646484375,0.5658953785896301,1.3193587064743042,-0.49471694231033325,460,1,6266,8966687,0,-1,0.0,0.0,0,0,0,,3,460,1,6266,8914443,0,416,0.0,0.0,66,4,-74,LTE,2147483647,2147483647,2147483647,2147483647,0,103,0.0,0.0,58,4,-82,LTE,2147483647,2147483647,2147483647,2147483647,0,102,0.0,0.0,46,4,-94,LTE
1521793732692,121.49355047,31.28427968,29.0,10.0,0.6477654,-109,true,-1,-1,5,56.0,4000.0,0.8392333984375,-39.81781005859375,115.6219482421875,-0.07421563565731049,1.4180281162261963,0.062210191041231155,460,1,6266,8966687,0,-1,0.0,0.0,0,0,0,,3,460,1,6266,8914443,0,416,0.0,0.0,74,4,-66,LTE,2147483647,2147483647,2147483647,2147483647,0,103,0.0,0.0,54,4,-86,LTE,2147483647,2147483647,2147483647,2147483647,0,102,0.0,0.0,50,4,-90,LTE
1521793733747,121.49355047,31.28427968,29.0,10.0,0.6477654,-109,true,-1,-1,5,56.0,4000.0,-2.28118896484375,-38.616943359375,99.42169189453125,0.5036497116088867,1.2530311346054077,-0.4000336825847626,460,1,6266,8966687,0,-1,0.0,0.0,0,0,0,,3,460,1,6266,8914443,0,416,0.0,0.0,74,4,-66,LTE,2147483647,2147483647,2147483647,2147483647,0,103,0.0,0.0,54,4,-86,LTE,2147483647,2147483647,2147483647,2147483647,0,102,0.0,0.0,50,4,-90,LTE
1521793734846,121.49355047,31.28427968,29.0,10.0,0.6477654,-109,true,-1,-1,5,56.0,4000.0,-4.53033447265625,-36.81640625,108.12225341796875,0.5934100151062012,1.2800261974334717,-0.4765349328517914,460,1,6266,8966687,0,-1,0.0,0.0,0,0,0,,3,460,1,6266,8914443,0,416,0.0,0.0,72,4,-68,LTE,2147483647,2147483647,2147483647,2147483647,0,103,0.0,0.0,54,4,-86,LTE,2147483647,2147483647,2147483647,2147483647,0,102,0.0,0.0,50,4,-90,LTE
1521793735925,121.49355047,31.28427968,29.0,10.0,0.6477654,-109,true,-1,-1,5,56.0,4000.0,-4.70123291015625,-35.91766357421875,122.82257080078125,0.04809700325131416,1.3589903116226196,-0.005812095943838358,460,1,6266,8966687,0,-1,0.0,0.0,0,0,0,,3,460,1,6266,8914443,0,416,0.0,0.0,72,4,-68,LTE,2147483647,2147483647,2147483647,2147483647,0,103,0.0,0.0,54,4,-86,LTE,2147483647,2147483647,2147483647,2147483647,0,102,0.0,0.0,50,4,-90,LTE
1521793737006,121.49355047,31.28427968,29.0,10.0,0.6477654,-109,true,-1,-1,5,56.0,4000.0,1.190185546875,-39.81781005859375,124.02191162109375,0.4721727669239044,1.3380045890808105,-0.4369036555290222,460,1,6266,8966687,0,-1,0.0,0.0,0,0,0,,3,460,1,6266,8914443,0,416,0.0,0.0,63,4,-77,LTE,2147483647,2147483647,2147483647,2147483647,0,103,0.0,0.0,52,4,-88,LTE,2147483647,2147483647,2147483647,2147483647,0,102,0.0,0.0,42,3,-98,LTE
1521793738066,121.49355047,31.28427968,29.0,10.0,0.6477654,-109,true,-1,-1,5,56.0,4000.0,3.26995849609375,-41.3177490234375,103.6224365234375,0.86387699842453,1.2684979438781738,-0.7796754240989685,460,1,6266,8966687,0,-1,0.0,0.0,0,0,0,,3,460,1,6266,8914443,0,416,0.0,0.0,63,4,-77,LTE,2147483647,2147483647,2147483647,2147483647,0,103,0.0,0.0,52,4,-88,LTE,2147483647,2147483647,2147483647,2147483647,0,102,0.0,0.0,42,3,-98,LTE
1521793739169,121.49355047,31.28427968,29.0,10.0,0.6477654,-109,true,-1,-1,5,56.0,4000.0,-0.5401611328125,-41.3177490234375,104.82177734375,0.4477522373199463,1.3724547624588013,-0.4011647701263428,460,1,6266,8966687,0,-1,0.0,0.0,0,0,0,,3,460,1,6266,8914443,0,416,0.0,0.0,59,4,-81,LTE,2147483647,2147483647,2147483647,2147483647,0,103,0.0,0.0,59,4,-81,LTE,2147483647,2147483647,2147483647,2147483647,0,102,0.0,0.0,58,4,-82,LTE
1521793740246,121.49355047,31.28427968,29.0,10.0,0.6477654,-109,true,-1,-1,5,56.0,4000.0,1.708984375,-39.81781005859375,107.5225830078125,0.07100513577461243,1.3524030447006226,-0.07952462136745453,460,1,6266,8966687,0,-1,0.0,0.0,0,0,0,,3,460,1,6266,8914443,0,416,0.0,0.0,59,4,-81,LTE,2147483647,2147483647,2147483647,2147483647,0,103,0.0,0.0,59,4,-81,LTE,2147483647,2147483647,2147483647,2147483647,0,102,0.0,0.0,58,4,-82,LTE
1521793741321,121.49355047,31.28427968,29.0,10.0,0.6477654,-109,true,-1,-1,5,56.0,4000.0,-1.93023681640625,-38.01727294921875,98.822021484375,0.7749491333961487,1.2746843099594116,-0.6528871655464172,460,1,6266,8966687,0,-1,0.0,0.0,0,0,0,,3,460,1,6266,8914443,0,416,0.0,0.0,59,4,-81,LTE,2147483647,2147483647,2147483647,2147483647,0,103,0.0,0.0,60,4,-80,LTE,2147483647,2147483647,2147483647,2147483647,0,102,0.0,0.0,48,4,-92,LTE
1521793742422,121.49355047,31.28427968,29.0,10.0,0.6477654,-109,true,-1,-1,5,56.0,4000.0,-0.5401611328125,-38.01727294921875,106.02264404296875,0.31450024247169495,1.3821934461593628,-0.2833474278450012,460,1,6266,8966687,0,-1,0.0,0.0,0,0,0,,3,460,1,6266,8914443,0,416,0.0,0.0,59,4,-81,LTE,2147483647,2147483647,2147483647,2147483647,0,103,0.0,0.0,60,4,-80,LTE,2147483647,2147483647,2147483647,2147483647,0,102,0.0,0.0,48,4,-92,LTE
1521793743502,121.49355047,31.28427968,29.0,10.0,0.6477654,-109,true,-1,-1,5,56.0,4000.0,2.91900634765625,-43.11676025390625,100.0213623046875,0.039775289595127106,1.3556355237960815,-0.06437622755765915,460,1,6266,8966687,0,-1,0.0,0.0,0,0,0,,3,460,1,6266,8966687,0,103,0.0,0.0,57,4,-83,LTE,2147483647,2147483647,2147483647,2147483647,0,416,0.0,0.0,55,4,-85,LTE,2147483647,2147483647,2147483647,2147483647,0,102,0.0,0.0,48,4,-92,LTE
1521793744583,121.49355047,31.28427968,29.0,10.0,0.6477654,-109,true,-1,-1,5,56.0,4000.0,-0.89111328125,-37.4176025390625,110.821533203125,0.028416486456990242,1.3859435319900513,-0.018128598108887672,460,1,6266,8966687,0,-1,0.0,0.0,0,0,0,,3,460,1,6266,8966687,0,103,0.0,0.0,57,4,-83,LTE,2147483647,2147483647,2147483647,2147483647,0,416,0.0,0.0,55,4,-85,LTE,2147483647,2147483647,2147483647,2147483647,0,102,0.0,0.0,48,4,-92,LTE
1521793745679,121.49355047,31.28427968,29.0,10.0,0.6477654,-109,true,-1,-1,5,56.0,4000.0,0.8392333984375,-35.31646728515625,116.22161865234375,0.13207973539829254,1.3212281465530396,-0.1253647357225418,460,1,6266,8966687,0,-1,0.0,0.0,0,0,0,,3,460,1,6266,8966687,0,103,0.0,0.0,54,4,-86,LTE,2147483647,2147483647,2147483647,2147483647,0,416,0.0,0.0,49,4,-91,LTE,2147483647,2147483647,2147483647,2147483647,0,102,0.0,0.0,50,4,-90,LTE
1521793746814,121.49355047,31.28427968,29.0,10.0,0.6477654,-109,true,-1,-1,5,56.0,4000.0,-1.7608642578125,-37.11700439453125,129.72259521484375,0.10265092551708221,1.3459330797195435,-0.07997221499681473,460,1,6266,8966687,0,-1,0.0,0.0,0,0,0,,3,460,1,6266,8966687,0,103,0.0,0.0,54,4,-86,LTE,2147483647,2147483647,2147483647,2147483647,0,416,0.0,0.0,49,4,-91,LTE,2147483647,2147483647,2147483647,2147483647,0,102,0.0,0.0,50,4,-90,LTE
1521793747890,121.49355047,31.28427968,29.0,10.0,0.6477654,-109,true,-1,-1,5,56.0,4000.0,1.53961181640625,-39.21661376953125,126.422119140625,0.019285880029201508,1.3813674449920654,-0.02999236062169075,460,1,6266,8966687,0,-1,0.0,0.0,0,0,0,,3,460,1,6266,8966687,0,103,0.0,0.0,51,4,-89,LTE,2147483647,2147483647,2147483647,2147483647,0,416,0.0,0.0,52,4,-88,LTE,2147483647,2147483647,2147483647,2147483647,0,102,0.0,0.0,45,4,-95,LTE
1521793748970,121.49355047,31.28427968,29.0,10.0,0.6477654,-109,true,-1,-1,5,56.0,4000.0,4.82940673828125,-40.11688232421875,121.3226318359375,-0.13341182470321655,1.3677294254302979,0.08205007016658783,460,1,6266,8966687,0,-1,0.0,0.0,0,0,0,,3,460,1,6266,8966687,0,103,0.0,0.0,51,4,-89,LTE,2147483647,2147483647,2147483647,2147483647,0,416,0.0,0.0,52,4,-88,LTE,2147483647,2147483647,2147483647,2147483647,0,102,0.0,0.0,45,4,-95,LTE
1521793750070,121.49355047,31.28427968,29.0,10.0,0.6477654,-109,true,-1,-1,5,56.0,4000.0,5.87005615234375,-41.01715087890625,123.12164306640625,-0.04405006021261215,1.2011778354644775,-0.011856640689074993,460,1,6266,8966687,0,-1,0.0,0.0,0,0,0,,3,460,1,6266,8966687,0,103,0.0,0.0,55,4,-85,LTE,2147483647,2147483647,2147483647,2147483647,0,102,0.0,0.0,46,4,-94,LTE,2147483647,2147483647,2147483647,2147483647,0,416,0.0,0.0,55,4,-85,LTE
1521793751148,121.49355047,31.28427968,29.0,10.0,0.6477654,-109,true,-1,-1,5,56.0,4000.0,3.4393310546875,-38.01727294921875,122.52197265625,-0.18266385793685913,1.1427245140075684,0.11497803032398224,460,1,6266,8966687,0,-1,0.0,0.0,0,0,0,,3,460,1,6266,8966687,0,103,0.0,0.0,55,4,-85,LTE,2147483647,2147483647,2147483647,2147483647,0,102,0.0,0.0,46,4,-94,LTE,2147483647,2147483647,2147483647,2147483647,0,416,0.0,0.0,55,4,-85,LTE
1521793752225,121.49355047,31.28427968,29.0,10.0,0.6477654,-109,true,-1,-1,5,56.0,4000.0,2.91900634765625,-39.5172119140625,125.22125244140625,0.7466682195663452,1.503394603729248,-0.7543938755989075,460,1,6266,8966687,0,-1,0.0,0.0,0,0,0,,3,460,1,6266,8966687,0,103,0.0,0.0,54,4,-86,LTE,2147483647,2147483647,2147483647,2147483647,0,416,0.0,0.0,51,4,-89,LTE,2147483647,2147483647,2147483647,2147483647,0,102,0.0,0.0,42,3,-98,LTE
1521793753304,121.49355047,31.28427968,29.0,10.0,0.6477654,-109,true,-1,-1,5,56.0,4000.0,0.49896240234375,-37.4176025390625,126.422119140625,1.4455294609069824,1.4605863094329834,-1.416222095489502,460,1,6266,8966687,0,-1,0.0,0.0,0,0,0,,3,460,1,6266,8966687,0,103,0.0,0.0,54,4,-86,LTE,2147483647,2147483647,2147483647,2147483647,0,416,0.0,0.0,51,4,-89,LTE,2147483647,2147483647,2147483647,2147483647,0,102,0.0,0.0,42,3,-98,LTE
1521793754405,121.49355047,31.28427968,29.0,10.0,0.6477654,-109,true,-1,-1,5,56.0,4000.0,-0.89111328125,-35.31646728515625,124.02191162109375,1.3571968078613281,1.3851077556610107,-1.2941328287124634,460,1,6266,8966687,0,-1,0.0,0.0,0,0,0,,3,460,1,6266,8966687,0,103,0.0,0.0,53,4,-87,LTE,2147483647,2147483647,2147483647,2147483647,0,416,0.0,0.0,53,4,-87,LTE,2147483647,2147483647,2147483647,2147483647,0,102,0.0,0.0,48,4,-92,LTE
1521793755503,121.49355047,31.28427968,29.0,10.0,0.6477654,-109,true,-1,-1,5,56.0,4000.0,14.5294189453125,-70.1171875,137.5213623046875,-1.9144715070724487,1.0067291259765625,1.5662678480148315,460,1,6266,8966687,0,-1,0.0,0.0,0,0,0,,3,460,1,6266,8966687,0,103,0.0,0.0,53,4,-87,LTE,2147483647,2147483647,2147483647,2147483647,0,416,0.0,0.0,53,4,-87,LTE,2147483647,2147483647,2147483647,2147483647,0,102,0.0,0.0,48,4,-92,LTE
1521793756578,121.49355047,31.28427968,29.0,10.0,0.6477654,-109,true,-1,-1,5,56.0,4000.0,-61.51123046875,-117.81768798828125,108.42132568359375,2.7393600940704346,-0.23099125921726227,0.018797563388943672,460,1,6266,8966687,0,-1,0.0,0.0,0,0,0,,3,460,1,6266,8966687,0,103,0.0,0.0,54,4,-86,LTE,2147483647,2147483647,2147483647,2147483647,0,416,0.0,0.0,51,4,-89,LTE,2147483647,2147483647,2147483647,2147483647,0,102,0.0,0.0,38,3,-102,LTE
1521793757660,121.49355047,31.28427968,29.0,10.0,0.6477654,-109,true,-1,-1,5,56.0,4000.0,-44.5404052734375,-120.21636962890625,92.822265625,3.1019039154052734,-0.5369179248809814,0.3872417211532593,460,1,6266,8966687,0,-1,0.0,0.0,0,0,0,,3,460,1,6266,8966687,0,103,0.0,0.0,54,4,-86,LTE,2147483647,2147483647,2147483647,2147483647,0,416,0.0,0.0,51,4,-89,LTE,2147483647,2147483647,2147483647,2147483647,0,102,0.0,0.0,38,3,-102,LTE
1521793758719,121.49355047,31.28427968,29.0,10.0,0.6477654,-109,true,-1,-1,5,56.0,4000.0,-50.421142578125,-114.81781005859375,88.62152099609375,2.7310006618499756,-0.1269599199295044,-0.044778481125831604,460,1,6266,8966687,0,-1,0.0,0.0,0,0,0,,3,460,1,6266,8966687,0,103,0.0,0.0,57,4,-83,LTE,2147483647,2147483647,2147483647,2147483647,0,416,0.0,0.0,54,4,-86,LTE,2147483647,2147483647,2147483647,2147483647,0,102,0.0,0.0,52,4,-88,LTE
1521793759781,121.49355047,31.28427968,29.0,10.0,0.6477654,-109,true,-1,-1,5,56.0,4000.0,-51.1199951171875,-105.816650390625,79.022216796875,2.7264957427978516,0.006408075802028179,0.05863072723150253,460,1,6266,8966687,0,-1,0.0,0.0,0,0,0,,3,460,1,6266,8966687,0,103,0.0,0.0,57,4,-83,LTE,2147483647,2147483647,2147483647,2147483647,0,416,0.0,0.0,54,4,-86,LTE,2147483647,2147483647,2147483647,2147483647,0,102,0.0,0.0,52,4,-88,LTE
1521793760839,121.49355047,31.28427968,29.0,10.0,0.6477654,-109,true,-1,-1,5,56.0,4000.0,-50.421142578125,-114.81781005859375,88.0218505859375,2.7575669288635254,-0.1548355668783188,-0.009958796203136444,460,1,6266,8966687,0,-1,0.0,0.0,0,0,0,,3,460,1,6266,8966687,0,103,0.0,0.0,56,4,-84,LTE,2147483647,2147483647,2147483647,2147483647,0,102,0.0,0.0,50,4,-90,LTE,2147483647,2147483647,2147483647,2147483647,0,416,0.0,0.0,51,4,-89,LTE
1521793761898,121.49355047,31.28427968,29.0,10.0,0.6477654,-109,true,-1,-1,5,56.0,4000.0,-49.90997314453125,-112.4176025390625,86.52191162109375,2.770369291305542,-0.12212866544723511,0.026505621150135994,460,1,6266,8966687,0,-1,0.0,0.0,0,0,0,,3,460,1,6266,8966687,0,103,0.0,0.0,56,4,-84,LTE,2147483647,2147483647,2147483647,2147483647,0,102,0.0,0.0,50,4,-90,LTE,2147483647,2147483647,2147483647,2147483647,0,416,0.0,0.0,51,4,-89,LTE
1521793762978,121.49355047,31.28427968,29.0,10.0,0.6477654,-112,true,-1,-1,5,56.0,4000.0,-56.4910888671875,-108.8165283203125,85.32257080078125,2.62929368019104,-0.0607130192220211,-0.08852515369653702,460,1,6266,8966687,0,-1,0.0,0.0,0,0,0,,3,460,1,6266,8966687,0,103,0.0,0.0,58,4,-82,LTE,2147483647,2147483647,2147483647,2147483647,0,416,0.0,0.0,53,4,-87,LTE,2147483647,2147483647,2147483647,2147483647,0,102,0.0,0.0,53,4,-87,LTE
1521793764040,121.49355047,31.28427968,29.0,10.0,0.6477654,-112,true,-1,-1,5,56.0,4000.0,-54.93011474609375,-110.31646728515625,88.0218505859375,2.706049680709839,-0.14501050114631653,-0.019570911303162575,460,1,6266,8966687,0,-1,0.0,0.0,0,0,0,,3,460,1,6266,8966687,0,103,0.0,0.0,58,4,-82,LTE,2147483647,2147483647,2147483647,2147483647,0,416,0.0,0.0,53,4,-87,LTE,2147483647,2147483647,2147483647,2147483647,0,102,0.0,0.0,53,4,-87,LTE
1521793765097,121.49355047,31.28427968,29.0,10.0,0.6477654,-109,true,-1,-1,5,56.0,4000.0,-57.1807861328125,-109.716796875,87.72125244140625,2.669252395629883,-0.12873423099517822,-0.04614640772342682,460,1,6266,8966687,0,-1,0.0,0.0,0,0,0,,3,460,1,6266,8966687,0,103,0.0,0.0,58,4,-82,LTE,2147483647,2147483647,2147483647,2147483647,0,416,0.0,0.0,53,4,-87,LTE,2147483647,2147483647,2147483647,2147483647,0,102,0.0,0.0,56,4,-84,LTE
1521793766184,121.49355047,31.28427968,29.0,10.0,0.6477654,-109,true,-1,-1,5,56.0,4000.0,-59.08050537109375,-107.91778564453125,89.22271728515625,2.591161012649536,-0.08033610880374908,-0.12818631529808044,460,1,6266,8966687,0,-1,0.0,0.0,0,0,0,,3,460,1,6266,8966687,0,103,0.0,0.0,58,4,-82,LTE,2147483647,2147483647,2147483647,2147483647,0,416,0.0,0.0,53,4,-87,LTE,2147483647,2147483647,2147483647,2147483647,0,102,0.0,0.0,56,4,-84,LTE
1521793767245,121.49522477,31.28379475,40.0,23.0,0.0,-109,true,-1,-1,5,56.0,4000.0,-58.39080810546875,-106.4178466796875,88.0218505859375,2.5554230213165283,0.0845666229724884,-0.08648602664470673,460,1,6266,8966687,0,-1,0.0,0.0,0,0,0,,3,460,1,6266,8966687,0,103,0.0,0.0,58,4,-82,LTE,2147483647,2147483647,2147483647,2147483647,0,102,0.0,0.0,55,4,-85,LTE,2147483647,2147483647,2147483647,2147483647,0,416,0.0,0.0,56,4,-84,LTE
1521793768308,121.49522477,31.28379475,40.0,23.0,0.0,-109,true,-1,-1,5,56.0,4000.0,-54.41131591796875,-119.317626953125,98.52142333984375,2.633838653564453,-0.18693551421165466,-0.21292679011821747,460,1,6266,8966687,0,-1,0.0,0.0,0,0,0,,3,460,1,6266,8966687,0,103,0.0,0.0,58,4,-82,LTE,2147483647,2147483647,2147483647,2147483647,0,102,0.0,0.0,55,4,-85,LTE,2147483647,2147483647,2147483647,2147483647,0,416,0.0,0.0,56,4,-84,LTE
1521793769367,121.49522477,31.28379475,40.0,23.0,0.0,-109,true,-1,-1,5,56.0,4000.0,-55.2703857421875,-116.3177490234375,96.42181396484375,2.6118462085723877,-0.2243940532207489,-0.24322064220905304,460,1,6266,8966687,0,-1,0.0,0.0,0,0,0,,3,460,1,6266,8966687,0,103,0.0,0.0,56,4,-84,LTE,2147483647,2147483647,2147483647,2147483647,0,102,0.0,0.0,52,4,-88,LTE,2147483647,2147483647,2147483647,2147483647,0,416,0.0,0.0,52,4,-88,LTE
1521793770428,121.49526408,31.28379212,35.0,19.0,0.0,-109,true,-1,-1,5,56.0,4000.0,-56.14013671875,-119.61669921875,102.72216796875,2.547696352005005,-0.28248488903045654,-0.3949880301952362,460,1,6266,8966687,0,-1,0.0,0.0,0,0,0,,3,460,1,6266,8966687,0,103,0.0,0.0,56,4,-84,LTE,2147483647,2147483647,2147483647,2147483647,0,102,0.0,0.0,52,4,-88,LTE,2147483647,2147483647,2147483647,2147483647,0,416,0.0,0.0,52,4,-88,LTE
