IMEI:862305032225518
IMSI:460091042103139
OSVersion:3.10.73-perf-g94fc9a6
apiLevel:5.1.1
model:Redmi Note 3
device:kenzo
product:kenzo
150
1521796191300,121.49533811,31.28508333,3.0,29.0,0.0,-109,true,-1,-1,5,53.0,4000.0,13.50250244140625,-41.03546142578125,-21.27838134765625,-2.8470687866210938,-0.2943114638328552,0.16291743516921997,460,1,6266,8966677,0,-1,0.0,0.0,0,0,0,,3,460,1,6266,8966677,0,102,0.0,0.0,61,4,-79,LTE,2147483647,2147483647,2147483647,2147483647,0,314,0.0,0.0,51,4,-89,LTE,2147483647,2147483647,2147483647,2147483647,0,319,0.0,0.0,48,4,-92,LTE
1521796192361,121.49533811,31.28508333,3.0,29.0,0.0,-109,true,-1,-1,5,53.0,4000.0,12.46185302734375,-40.435791015625,-22.47772216796875,-2.82952880859375,-0.2777424156665802,0.08670084178447723,460,1,6266,8966677,0,-1,0.0,0.0,0,0,0,,3,460,1,6266,8966677,0,102,0.0,0.0,61,4,-79,LTE,2147483647,2147483647,2147483647,2147483647,0,314,0.0,0.0,51,4,-89,LTE,2147483647,2147483647,2147483647,2147483647,0,319,0.0,0.0,48,4,-92,LTE
1521796193440,121.49533811,31.28508333,3.0,29.0,0.0,-109,true,-1,-1,5,53.0,4000.0,15.582275390625,-40.435791015625,-21.27838134765625,-2.8016357421875,-0.28018030524253845,0.18430611491203308,460,1,6266,8966677,0,-1,0.0,0.0,0,0,0,,3,460,1,6266,8966677,0,102,0.0,0.0,63,4,-77,LTE,2147483647,2147483647,2147483647,2147483647,0,314,0.0,0.0,40,3,-100,LTE,2147483647,2147483647,2147483647,2147483647,0,319,0.0,0.0,51,4,-89,LTE
1521796194500,121.49533811,31.28508333,3.0,29.0,0.0,-109,true,-1,-1,5,53.0,4000.0,13.33160400390625,-39.83612060546875,-23.37799072265625,-2.807573080062866,-0.25508537888526917,0.08759276568889618,460,1,6266,8966677,0,-1,0.0,0.0,0,0,0,,3,460,1,6266,8966677,0,102,0.0,0.0,63,4,-77,LTE,2147483647,2147483647,2147483647,2147483647,0,314,0.0,0.0,40,3,-100,LTE,2147483647,2147483647,2147483647,2147483647,0,319,0.0,0.0,51,4,-89,LTE
1521796195559,121.49533811,31.28508333,3.0,29.0,0.0,-109,true,-1,-1,5,53.0,4000.0,14.7125244140625,-41.03546142578125,-22.7783203125,-2.7848124504089355,-0.2779083847999573,0.10543198138475418,460,1,6266,8966677,0,-1,0.0,0.0,0,0,0,,3,460,1,6266,8966677,0,102,0.0,0.0,64,4,-76,LTE,2147483647,2147483647,2147483647,2147483647,0,319,0.0,0.0,51,4,-89,LTE,2147483647,2147483647,2147483647,2147483647,0,314,0.0,0.0,40,3,-100,LTE
1521796196637,121.49533811,31.28508333,3.0,29.0,0.0,-109,true,-1,-1,5,53.0,4000.0,11.08245849609375,-37.7349853515625,-26.678466796875,-2.8824920654296875,-0.21045801043510437,0.10417287796735764,460,1,6266,8966677,0,-1,0.0,0.0,0,0,0,,3,460,1,6266,8966677,0,102,0.0,0.0,64,4,-76,LTE,2147483647,2147483647,2147483647,2147483647,0,319,0.0,0.0,51,4,-89,LTE,2147483647,2147483647,2147483647,2147483647,0,314,0.0,0.0,40,3,-100,LTE
1521796197716,121.49519946,31.28496969,12.0,46.0,0.0,-109,true,-1,-1,5,53.0,4000.0,9.17205810546875,-41.93572998046875,-23.37799072265625,-2.8568778038024902,-0.2558090090751648,-0.04321828484535217,460,1,6266,8966677,0,-1,0.0,0.0,0,0,0,,2,460,1,6266,8966677,0,102,0.0,0.0,64,4,-76,LTE,2147483647,2147483647,2147483647,2147483647,0,319,0.0,0.0,48,4,-92,LTE
1521796198776,121.49519946,31.28496969,12.0,46.0,0.0,-109,true,-1,-1,5,53.0,4000.0,9.00115966796875,-40.435791015625,-24.8779296875,-2.8622143268585205,-0.22874698042869568,-0.028109800070524216,460,1,6266,8966677,0,-1,0.0,0.0,0,0,0,,2,460,1,6266,8966677,0,102,0.0,0.0,64,4,-76,LTE,2147483647,2147483647,2147483647,2147483647,0,319,0.0,0.0,48,4,-92,LTE
1521796199855,121.49519946,31.28496969,12.0,46.0,0.0,-109,true,-1,-1,5,53.0,4000.0,7.44171142578125,-43.13507080078125,-22.1771240234375,-2.872828245162964,-0.31871846318244934,-0.0914035513997078,460,1,6266,8966677,0,-1,0.0,0.0,0,0,0,,2,460,1,6266,8966677,0,102,0.0,0.0,58,4,-82,LTE,2147483647,2147483647,2147483647,2147483647,0,319,0.0,0.0,47,4,-93,LTE
1521796200917,121.49519946,31.28496969,12.0,46.0,0.0,-109,true,-1,-1,5,53.0,4000.0,21.2921142578125,-44.03533935546875,-13.77716064453125,-2.8336431980133057,-0.3017376959323883,0.5380344986915588,460,1,6266,8966677,0,-1,0.0,0.0,0,0,0,,2,460,1,6266,8966677,0,102,0.0,0.0,58,4,-82,LTE,2147483647,2147483647,2147483647,2147483647,0,319,0.0,0.0,47,4,-93,LTE
1521796202104,121.49519489,31.28499217,14.0,28.0,0.0,-109,true,-1,-1,5,53.0,4000.0,42.77191162109375,7.8643798828125,21.02203369140625,-2.0911691188812256,0.76254802942276,1.2826822996139526,460,1,6266,8966677,0,-1,0.0,0.0,0,0,0,,1,460,1,6266,8966677,0,102,0.0,0.0,59,4,-81,LTE
1521796203036,121.49519489,31.28499217,14.0,28.0,0.0,-109,true,-1,-1,5,53.0,4000.0,22.8515625,29.7637939453125,27.3223876953125,2.279987335205078,1.2669998407363892,3.087392807006836,460,1,6266,8966677,0,-1,0.0,0.0,0,0,0,,1,460,1,6266,8966677,0,102,0.0,0.0,59,4,-81,LTE
1521796204115,121.49519489,31.28499217,14.0,28.0,0.0,-109,true,-1,-1,5,53.0,4000.0,9.3414306640625,36.36474609375,27.92205810546875,1.3769187927246094,1.2796152830123901,-2.062544345855713,460,1,6266,8966677,0,-1,0.0,0.0,0,0,0,,4,460,1,6266,8966677,0,102,0.0,0.0,55,4,-85,LTE,2147483647,2147483647,2147483647,2147483647,0,446,0.0,0.0,44,3,-96,LTE,2147483647,2147483647,2147483647,2147483647,0,314,0.0,0.0,43,3,-97,LTE,2147483647,2147483647,2147483647,2147483647,0,103,0.0,0.0,43,3,-97,LTE
1521796205195,121.49520422,31.28499461,21.0,19.0,0.0,-109,true,-1,-1,5,53.0,4000.0,7.44171142578125,35.16387939453125,28.22265625,1.3467692136764526,1.1745531558990479,-2.097792148590088,460,1,6266,8966677,0,-1,0.0,0.0,0,0,0,,4,460,1,6266,8966677,0,102,0.0,0.0,55,4,-85,LTE,2147483647,2147483647,2147483647,2147483647,0,446,0.0,0.0,44,3,-96,LTE,2147483647,2147483647,2147483647,2147483647,0,314,0.0,0.0,43,3,-97,LTE,2147483647,2147483647,2147483647,2147483647,0,103,0.0,0.0,43,3,-97,LTE
1521796206269,121.49520422,31.28499461,21.0,19.0,0.0,-109,true,-1,-1,5,53.0,4000.0,-2.25830078125,42.96417236328125,19.22149658203125,0.74315345287323,1.2201924324035645,-1.154132604598999,460,1,6266,8966677,0,-1,0.0,0.0,0,0,0,,4,460,1,6266,8966677,0,102,0.0,0.0,61,4,-79,LTE,2147483647,2147483647,2147483647,2147483647,0,314,0.0,0.0,50,4,-90,LTE,2147483647,2147483647,2147483647,2147483647,0,103,0.0,0.0,38,3,-102,LTE,2147483647,2147483647,2147483647,2147483647,0,446,0.0,0.0,39,3,-101,LTE
1521796207355,121.49520422,31.28499461,21.0,19.0,0.0,-109,true,-1,-1,5,53.0,4000.0,1.55181884765625,42.66357421875,21.02203369140625,0.536445140838623,1.2831593751907349,-0.8930027484893799,460,1,6266,8966677,0,-1,0.0,0.0,0,0,0,,4,460,1,6266,8966677,0,102,0.0,0.0,61,4,-79,LTE,2147483647,2147483647,2147483647,2147483647,0,314,0.0,0.0,50,4,-90,LTE,2147483647,2147483647,2147483647,2147483647,0,103,0.0,0.0,38,3,-102,LTE,2147483647,2147483647,2147483647,2147483647,0,446,0.0,0.0,39,3,-101,LTE
1521796208429,121.49519789,31.28496048,18.0,15.0,0.0,-109,true,-1,-1,5,53.0,4000.0,-0.5279541015625,44.76470947265625,16.82281494140625,0.3830897808074951,1.1997032165527344,-0.7003134489059448,460,1,6266,8966677,0,-1,0.0,0.0,0,0,0,,4,460,1,6266,8966677,0,102,0.0,0.0,61,4,-79,LTE,2147483647,2147483647,2147483647,2147483647,0,314,0.0,0.0,46,4,-94,LTE,2147483647,2147483647,2147483647,2147483647,0,446,0.0,0.0,42,3,-98,LTE,2147483647,2147483647,2147483647,2147483647,0,103,0.0,0.0,43,3,-97,LTE
1521796209489,121.49519789,31.28496048,18.0,15.0,0.0,-109,true,-1,-1,5,53.0,4000.0,3.11126708984375,42.364501953125,21.3226318359375,0.627456784248352,1.2957741022109985,-1.0773590803146362,460,1,6266,8966677,0,-1,0.0,0.0,0,0,0,,4,460,1,6266,8966677,0,102,0.0,0.0,61,4,-79,LTE,2147483647,2147483647,2147483647,2147483647,0,314,0.0,0.0,46,4,-94,LTE,2147483647,2147483647,2147483647,2147483647,0,446,0.0,0.0,42,3,-98,LTE,2147483647,2147483647,2147483647,2147483647,0,103,0.0,0.0,43,3,-97,LTE
1521796210587,121.49519789,31.28496048,18.0,15.0,0.0,-109,true,-1,-1,5,53.0,4000.0,2.59246826171875,43.5638427734375,19.82269287109375,0.5115282535552979,1.2640689611434937,-0.9531341195106506,460,1,6266,8966677,0,-1,0.0,0.0,0,0,0,,4,460,1,6266,8966677,0,102,0.0,0.0,63,4,-77,LTE,2147483647,2147483647,2147483647,2147483647,0,103,0.0,0.0,50,4,-90,LTE,2147483647,2147483647,2147483647,2147483647,0,446,0.0,0.0,39,3,-101,LTE,2147483647,2147483647,2147483647,2147483647,0,314,0.0,0.0,49,4,-91,LTE
1521796211861,121.49520183,31.28495298,18.0,12.0,0.0,-109,true,-1,-1,5,53.0,4000.0,1.9012451171875,43.2647705078125,18.621826171875,0.5302988290786743,1.2755329608917236,-0.9640507102012634,460,1,6266,8966677,0,-1,0.0,0.0,0,0,0,,4,460,1,6266,8966677,0,102,0.0,0.0,63,4,-77,LTE,2147483647,2147483647,2147483647,2147483647,0,103,0.0,0.0,50,4,-90,LTE,2147483647,2147483647,2147483647,2147483647,0,446,0.0,0.0,39,3,-101,LTE,2147483647,2147483647,2147483647,2147483647,0,314,0.0,0.0,49,4,-91,LTE
1521796213235,121.49520183,31.28495298,18.0,12.0,0.0,-109,true,-1,-1,5,53.0,4000.0,1.202392578125,44.16351318359375,19.82269287109375,0.5499923229217529,1.2381876707077026,-0.9811814427375793,460,1,6266,8966677,0,-1,0.0,0.0,0,0,0,,4,460,1,6266,8966677,0,102,0.0,0.0,61,4,-79,LTE,2147483647,2147483647,2147483647,2147483647,0,314,0.0,0.0,46,4,-94,LTE,2147483647,2147483647,2147483647,2147483647,0,446,0.0,0.0,39,3,-101,LTE,2147483647,2147483647,2147483647,2147483647,0,103,0.0,0.0,50,4,-90,LTE
1521796213812,121.49520742,31.28494826,17.0,9.0,0.0,-109,true,-1,-1,5,53.0,4000.0,2.0721435546875,43.5638427734375,18.32275390625,0.4684309959411621,1.2623059749603271,-0.8949105739593506,460,1,6266,8966677,0,-1,0.0,0.0,0,0,0,,4,460,1,6266,8966677,0,102,0.0,0.0,61,4,-79,LTE,2147483647,2147483647,2147483647,2147483647,0,314,0.0,0.0,46,4,-94,LTE,2147483647,2147483647,2147483647,2147483647,0,446,0.0,0.0,39,3,-101,LTE,2147483647,2147483647,2147483647,2147483647,0,103,0.0,0.0,50,4,-90,LTE
1521796214909,121.49520742,31.28494826,17.0,9.0,0.0,-109,true,-1,-1,5,53.0,4000.0,4.84161376953125,41.4642333984375,23.12164306640625,0.6535177826881409,1.3357125520706177,-1.1003339290618896,460,1,6266,8966677,0,-1,0.0,0.0,0,0,0,,3,460,1,6266,8966677,0,102,0.0,0.0,57,4,-83,LTE,2147483647,2147483647,2147483647,2147483647,0,314,0.0,0.0,47,4,-93,LTE,2147483647,2147483647,2147483647,2147483647,0,319,0.0,0.0,57,4,-83,LTE
1521796215969,121.49521081,31.28495005,17.0,8.0,0.0,-109,true,-1,-1,5,53.0,4000.0,0.341796875,39.3646240234375,26.12152099609375,0.9841025471687317,1.2500135898590088,-1.3953328132629395,460,1,6266,8966677,0,-1,0.0,0.0,0,0,0,,3,460,1,6266,8966677,0,102,0.0,0.0,57,4,-83,LTE,2147483647,2147483647,2147483647,2147483647,0,314,0.0,0.0,47,4,-93,LTE,2147483647,2147483647,2147483647,2147483647,0,319,0.0,0.0,57,4,-83,LTE
1521796217051,121.49521081,31.28495005,17.0,8.0,0.0,-109,true,-1,-1,5,53.0,4000.0,2.59246826171875,44.464111328125,18.02215576171875,0.5388834476470947,1.2380834817886353,-1.0853912830352783,460,1,6266,8966677,0,-1,0.0,0.0,0,0,0,,3,460,1,6266,8966677,0,102,0.0,0.0,57,4,-83,LTE,2147483647,2147483647,2147483647,2147483647,0,319,0.0,0.0,58,4,-82,LTE,2147483647,2147483647,2147483647,2147483647,0,314,0.0,0.0,34,2,-106,LTE
1521796218128,121.49521172,31.28495181,17.0,8.0,0.0,-109,true,-1,-1,5,53.0,4000.0,1.55181884765625,44.16351318359375,19.82269287109375,0.52776700258255,1.268778920173645,-0.9291856288909912,460,1,6266,8966677,0,-1,0.0,0.0,0,0,0,,3,460,1,6266,8966677,0,102,0.0,0.0,57,4,-83,LTE,2147483647,2147483647,2147483647,2147483647,0,319,0.0,0.0,58,4,-82,LTE,2147483647,2147483647,2147483647,2147483647,0,314,0.0,0.0,34,2,-106,LTE
1521796219207,121.49521172,31.28495181,17.0,8.0,0.0,-109,true,-1,-1,5,53.0,4000.0,4.6722412109375,43.2647705078125,17.4224853515625,0.43317142128944397,1.27895987033844,-0.9750580191612244,460,1,6266,8966677,0,-1,0.0,0.0,0,0,0,,5,460,1,6266,8966677,0,102,0.0,0.0,63,4,-77,LTE,2147483647,2147483647,2147483647,2147483647,0,319,0.0,0.0,54,4,-86,LTE,2147483647,2147483647,2147483647,2147483647,0,314,0.0,0.0,45,4,-95,LTE,2147483647,2147483647,2147483647,2147483647,0,246,0.0,0.0,46,4,-94,LTE,2147483647,2147483647,2147483647,2147483647,0,104,0.0,0.0,37,3,-103,LTE
1521796220281,121.49521172,31.28495181,17.0,9.0,0.0,-109,true,-1,-1,5,53.0,4000.0,10.382080078125,43.5638427734375,13.5223388671875,0.1380591243505478,1.2306921482086182,-0.902728259563446,460,1,6266,8966677,0,-1,0.0,0.0,0,0,0,,5,460,1,6266,8966677,0,102,0.0,0.0,63,4,-77,LTE,2147483647,2147483647,2147483647,2147483647,0,319,0.0,0.0,54,4,-86,LTE,2147483647,2147483647,2147483647,2147483647,0,314,0.0,0.0,45,4,-95,LTE,2147483647,2147483647,2147483647,2147483647,0,246,0.0,0.0,46,4,-94,LTE,2147483647,2147483647,2147483647,2147483647,0,104,0.0,0.0,37,3,-103,LTE
1521796221384,121.49521172,31.28495181,17.0,9.0,0.0,-109,true,-1,-1,5,53.0,4000.0,9.17205810546875,44.16351318359375,13.82293701171875,0.2269778549671173,1.2683842182159424,-0.9826300144195557,460,1,6266,8966677,0,-1,0.0,0.0,0,0,0,,5,460,1,6266,8966677,0,102,0.0,0.0,62,4,-78,LTE,2147483647,2147483647,2147483647,2147483647,0,319,0.0,0.0,50,4,-90,LTE,2147483647,2147483647,2147483647,2147483647,0,246,0.0,0.0,44,3,-96,LTE,2147483647,2147483647,2147483647,2147483647,0,314,0.0,0.0,48,4,-92,LTE,2147483647,2147483647,2147483647,2147483647,0,104,0.0,0.0,44,3,-96,LTE
1521796222458,121.4952138,31.28495639,18.0,11.0,0.0,-109,true,-1,-1,5,53.0,4000.0,5.71136474609375,44.464111328125,17.4224853515625,0.46676772832870483,1.2764296531677246,-1.091163158416748,460,1,6266,8966677,0,-1,0.0,0.0,0,0,0,,5,460,1,6266,8966677,0,102,0.0,0.0,62,4,-78,LTE,2147483647,2147483647,2147483647,2147483647,0,319,0.0,0.0,50,4,-90,LTE,2147483647,2147483647,2147483647,2147483647,0,246,0.0,0.0,44,3,-96,LTE,2147483647,2147483647,2147483647,2147483647,0,314,0.0,0.0,48,4,-92,LTE,2147483647,2147483647,2147483647,2147483647,0,104,0.0,0.0,44,3,-96,LTE
1521796223537,121.4952138,31.28495639,18.0,11.0,0.0,-109,true,-1,-1,5,53.0,4000.0,6.40106201171875,43.5638427734375,18.621826171875,0.3898538053035736,1.2581125497817993,-0.9672440886497498,460,1,6266,8966677,0,-1,0.0,0.0,0,0,0,,5,460,1,6266,8966677,0,102,0.0,0.0,60,4,-80,LTE,2147483647,2147483647,2147483647,2147483647,0,319,0.0,0.0,50,4,-90,LTE,2147483647,2147483647,2147483647,2147483647,0,104,0.0,0.0,39,3,-101,LTE,2147483647,2147483647,2147483647,2147483647,0,314,0.0,0.0,46,4,-94,LTE,2147483647,2147483647,2147483647,2147483647,0,246,0.0,0.0,44,3,-96,LTE
1521796224614,121.4952138,31.28495639,18.0,11.0,0.0,-109,true,-1,-1,5,53.0,4000.0,6.75201416015625,43.86444091796875,17.4224853515625,0.36700043082237244,1.255757451057434,-0.9858867526054382,460,1,6266,8966677,0,-1,0.0,0.0,0,0,0,,5,460,1,6266,8966677,0,102,0.0,0.0,60,4,-80,LTE,2147483647,2147483647,2147483647,2147483647,0,319,0.0,0.0,50,4,-90,LTE,2147483647,2147483647,2147483647,2147483647,0,104,0.0,0.0,39,3,-101,LTE,2147483647,2147483647,2147483647,2147483647,0,314,0.0,0.0,46,4,-94,LTE,2147483647,2147483647,2147483647,2147483647,0,246,0.0,0.0,44,3,-96,LTE
1521796225734,121.49521591,31.28496096,18.0,10.0,0.0,-109,true,-1,-1,5,53.0,4000.0,6.92138671875,43.86444091796875,17.12188720703125,0.3345961570739746,1.256060004234314,-0.9485973715782166,460,1,6266,8966677,0,-1,0.0,0.0,0,0,0,,4,460,1,6266,8966677,0,102,0.0,0.0,53,4,-87,LTE,2147483647,2147483647,2147483647,2147483647,0,246,0.0,0.0,47,4,-93,LTE,2147483647,2147483647,2147483647,2147483647,0,104,0.0,0.0,45,4,-95,LTE,2147483647,2147483647,2147483647,2147483647,0,314,0.0,0.0,47,4,-93,LTE
1521796226809,121.49521591,31.28496096,18.0,10.0,0.0,-109,true,-1,-1,5,53.0,4000.0,6.75201416015625,43.86444091796875,18.621826171875,0.4305100739002228,1.2422983646392822,-1.0635199546813965,460,1,6266,8966677,0,-1,0.0,0.0,0,0,0,,4,460,1,6266,8966677,0,102,0.0,0.0,53,4,-87,LTE,2147483647,2147483647,2147483647,2147483647,0,246,0.0,0.0,47,4,-93,LTE,2147483647,2147483647,2147483647,2147483647,0,104,0.0,0.0,45,4,-95,LTE,2147483647,2147483647,2147483647,2147483647,0,314,0.0,0.0,47,4,-93,LTE
1521796227888,121.495216,31.28496121,18.0,8.0,0.0,-109,true,-1,-1,5,53.0,4000.0,11.08245849609375,43.86444091796875,15.3228759765625,0.21718181669712067,1.2750027179718018,-0.980701744556427,460,1,6266,8966677,0,-1,0.0,0.0,0,0,0,,4,460,1,6266,8966677,0,102,0.0,0.0,64,4,-76,LTE,2147483647,2147483647,2147483647,2147483647,0,246,0.0,0.0,48,4,-92,LTE,2147483647,2147483647,2147483647,2147483647,0,314,0.0,0.0,51,4,-89,LTE,2147483647,2147483647,2147483647,2147483647,0,104,0.0,0.0,49,4,-91,LTE
1521796228988,121.495216,31.28496121,18.0,8.0,0.0,-109,true,-1,-1,5,53.0,4000.0,11.42120361328125,43.2647705078125,15.3228759765625,0.2524093687534332,1.2838882207870483,-1.04412043094635,460,1,6266,8966677,0,-1,0.0,0.0,0,0,0,,4,460,1,6266,8966677,0,102,0.0,0.0,64,4,-76,LTE,2147483647,2147483647,2147483647,2147483647,0,246,0.0,0.0,48,4,-92,LTE,2147483647,2147483647,2147483647,2147483647,0,314,0.0,0.0,51,4,-89,LTE,2147483647,2147483647,2147483647,2147483647,0,104,0.0,0.0,49,4,-91,LTE
1521796230083,121.495216,31.28496121,18.0,8.0,0.0,-109,true,-1,-1,5,53.0,4000.0,8.82110595703125,43.86444091796875,18.621826171875,0.35403674840927124,1.2901101112365723,-0.9905005097389221,460,1,6266,8966677,0,-1,0.0,0.0,0,0,0,,4,460,1,6266,8966677,0,102,0.0,0.0,56,4,-84,LTE,2147483647,2147483647,2147483647,2147483647,0,314,0.0,0.0,45,4,-95,LTE,2147483647,2147483647,2147483647,2147483647,0,104,0.0,0.0,48,4,-92,LTE,2147483647,2147483647,2147483647,2147483647,0,246,0.0,0.0,44,3,-96,LTE
1521796231141,121.495216,31.28496121,18.0,8.0,0.0,-109,true,-1,-1,5,53.0,4000.0,7.781982421875,44.464111328125,16.82281494140625,0.2997077703475952,1.26273775100708,-0.9369623064994812,460,1,6266,8966677,0,-1,0.0,0.0,0,0,0,,4,460,1,6266,8966677,0,102,0.0,0.0,56,4,-84,LTE,2147483647,2147483647,2147483647,2147483647,0,314,0.0,0.0,45,4,-95,LTE,2147483647,2147483647,2147483647,2147483647,0,104,0.0,0.0,48,4,-92,LTE,2147483647,2147483647,2147483647,2147483647,0,246,0.0,0.0,44,3,-96,LTE
1521796232220,121.49521589,31.28496104,18.0,10.0,0.0,-109,true,-1,-1,5,53.0,4000.0,7.44171142578125,44.464111328125,16.82281494140625,0.2829146683216095,1.2494926452636719,-0.9012144804000854,460,1,6266,8966677,0,-1,0.0,0.0,0,0,0,,2,460,1,6266,8966677,0,102,0.0,0.0,63,4,-77,LTE,2147483647,2147483647,2147483647,2147483647,0,319,0.0,0.0,52,4,-88,LTE
1521796233300,121.49521589,31.28496104,18.0,10.0,0.0,-109,true,-1,-1,5,53.0,4000.0,9.521484375,44.76470947265625,16.22161865234375,0.21644370257854462,1.2730671167373657,-0.8887759447097778,460,1,6266,8966677,0,-1,0.0,0.0,0,0,0,,2,460,1,6266,8966677,0,102,0.0,0.0,63,4,-77,LTE,2147483647,2147483647,2147483647,2147483647,0,319,0.0,0.0,52,4,-88,LTE
1521796234376,121.49521584,31.28496097,18.0,9.0,0.0,-109,true,-1,-1,5,53.0,4000.0,9.00115966796875,44.76470947265625,16.522216796875,0.25251898169517517,1.2929402589797974,-0.9062230587005615,460,1,6266,8966677,0,-1,0.0,0.0,0,0,0,,2,460,1,6266,8966677,0,102,0.0,0.0,63,4,-77,LTE,2147483647,2147483647,2147483647,2147483647,0,319,0.0,0.0,53,4,-87,LTE
1521796235457,121.49521584,31.28496097,18.0,9.0,0.0,-109,true,-1,-1,5,53.0,4000.0,8.48236083984375,43.5638427734375,17.4224853515625,0.325940877199173,1.3108998537063599,-0.9555029273033142,460,1,6266,8966677,0,-1,0.0,0.0,0,0,0,,2,460,1,6266,8966677,0,102,0.0,0.0,63,4,-77,LTE,2147483647,2147483647,2147483647,2147483647,0,319,0.0,0.0,53,4,-87,LTE
1521796236552,121.49521581,31.28496091,18.0,9.0,0.0,-109,true,-1,-1,5,53.0,4000.0,6.57196044921875,44.16351318359375,18.92242431640625,0.4205089807510376,1.2680758237838745,-1.0114426612854004,460,1,6266,8966677,0,-1,0.0,0.0,0,0,0,,2,460,1,6266,8966677,0,102,0.0,0.0,67,4,-73,LTE,2147483647,2147483647,2147483647,2147483647,0,319,0.0,0.0,51,4,-89,LTE
1521796237636,121.49521581,31.28496091,18.0,9.0,0.0,-109,true,-1,-1,5,53.0,4000.0,6.75201416015625,43.5638427734375,18.621826171875,0.3792854845523834,1.2659165859222412,-0.9596773982048035,460,1,6266,8966677,0,-1,0.0,0.0,0,0,0,,2,460,1,6266,8966677,0,102,0.0,0.0,67,4,-73,LTE,2147483647,2147483647,2147483647,2147483647,0,319,0.0,0.0,51,4,-89,LTE
1521796238748,121.49521584,31.28496072,18.0,14.0,0.0,-109,true,-1,-1,5,53.0,4000.0,8.6517333984375,43.2647705078125,17.7215576171875,0.34886014461517334,1.2945712804794312,-0.9976869225502014,460,1,6266,8966677,0,-1,0.0,0.0,0,0,0,,5,460,1,6266,8966677,0,102,0.0,0.0,60,4,-80,LTE,2147483647,2147483647,2147483647,2147483647,0,319,0.0,0.0,53,4,-87,LTE,2147483647,2147483647,2147483647,2147483647,0,247,0.0,0.0,47,4,-93,LTE,2147483647,2147483647,2147483647,2147483647,0,314,0.0,0.0,44,3,-96,LTE,2147483647,2147483647,2147483647,2147483647,0,246,0.0,0.0,48,4,-92,LTE
1521796239808,121.49521584,31.28496072,18.0,14.0,0.0,-109,true,-1,-1,5,53.0,4000.0,8.30230712890625,42.96417236328125,17.7215576171875,0.3611198961734772,1.2976635694503784,-0.9987095594406128,460,1,6266,8966677,0,-1,0.0,0.0,0,0,0,,5,460,1,6266,8966677,0,102,0.0,0.0,60,4,-80,LTE,2147483647,2147483647,2147483647,2147483647,0,319,0.0,0.0,53,4,-87,LTE,2147483647,2147483647,2147483647,2147483647,0,247,0.0,0.0,47,4,-93,LTE,2147483647,2147483647,2147483647,2147483647,0,314,0.0,0.0,44,3,-96,LTE,2147483647,2147483647,2147483647,2147483647,0,246,0.0,0.0,48,4,-92,LTE
1521796240884,121.49521594,31.28496042,18.0,13.0,0.0,-109,true,-1,-1,5,53.0,4000.0,9.00115966796875,43.86444091796875,16.522216796875,0.30826956033706665,1.297937273979187,-0.9888217449188232,460,1,6266,8966677,0,-1,0.0,0.0,0,0,0,,5,460,1,6266,8966677,0,102,0.0,0.0,56,4,-84,LTE,2147483647,2147483647,2147483647,2147483647,0,319,0.0,0.0,52,4,-88,LTE,2147483647,2147483647,2147483647,2147483647,0,314,0.0,0.0,45,4,-95,LTE,2147483647,2147483647,2147483647,2147483647,0,247,0.0,0.0,43,3,-97,LTE,2147483647,2147483647,2147483647,2147483647,0,246,0.0,0.0,42,3,-98,LTE
1521796241966,121.49521594,31.28496042,18.0,13.0,0.0,-109,true,-1,-1,5,53.0,4000.0,8.82110595703125,43.86444091796875,18.621826171875,0.3813832700252533,1.2909789085388184,-1.0320686101913452,460,1,6266,8966677,0,-1,0.0,0.0,0,0,0,,5,460,1,6266,8966677,0,102,0.0,0.0,56,4,-84,LTE,2147483647,2147483647,2147483647,2147483647,0,319,0.0,0.0,52,4,-88,LTE,2147483647,2147483647,2147483647,2147483647,0,314,0.0,0.0,45,4,-95,LTE,2147483647,2147483647,2147483647,2147483647,0,247,0.0,0.0,43,3,-97,LTE,2147483647,2147483647,2147483647,2147483647,0,246,0.0,0.0,42,3,-98,LTE
1521796243063,121.49521605,31.28496033,18.0,10.0,0.0,-109,true,-1,-1,5,53.0,4000.0,7.9620361328125,43.2647705078125,18.92242431640625,0.35480278730392456,1.2928602695465088,-0.9437217116355896,460,1,6266,8966677,0,-1,0.0,0.0,0,0,0,,5,460,1,6266,8966677,0,102,0.0,0.0,56,4,-84,LTE,2147483647,2147483647,2147483647,2147483647,0,319,0.0,0.0,54,4,-86,LTE,2147483647,2147483647,2147483647,2147483647,0,314,0.0,0.0,46,4,-94,LTE,2147483647,2147483647,2147483647,2147483647,0,247,0.0,0.0,34,2,-106,LTE,2147483647,2147483647,2147483647,2147483647,0,246,0.0,0.0,45,4,-95,LTE
1521796244142,121.49521605,31.28496033,18.0,10.0,0.0,-109,true,-1,-1,5,53.0,4000.0,8.48236083984375,42.96417236328125,17.4224853515625,0.3097599446773529,1.2918332815170288,-0.9394482374191284,460,1,6266,8966677,0,-1,0.0,0.0,0,0,0,,5,460,1,6266,8966677,0,102,0.0,0.0,56,4,-84,LTE,2147483647,2147483647,2147483647,2147483647,0,319,0.0,0.0,54,4,-86,LTE,2147483647,2147483647,2147483647,2147483647,0,314,0.0,0.0,46,4,-94,LTE,2147483647,2147483647,2147483647,2147483647,0,247,0.0,0.0,34,2,-106,LTE,2147483647,2147483647,2147483647,2147483647,0,246,0.0,0.0,45,4,-95,LTE
1521796245217,121.49521605,31.28496029,18.0,9.0,0.0,-109,true,-1,-1,5,53.0,4000.0,9.17205810546875,43.86444091796875,19.22149658203125,0.43367668986320496,1.3091646432876587,-1.0929845571517944,460,1,6266,8966677,0,-1,0.0,0.0,0,0,0,,5,460,1,6266,8966677,0,102,0.0,0.0,60,4,-80,LTE,2147483647,2147483647,2147483647,2147483647,0,319,0.0,0.0,56,4,-84,LTE,2147483647,2147483647,2147483647,2147483647,0,246,0.0,0.0,39,3,-101,LTE,2147483647,2147483647,2147483647,2147483647,0,247,0.0,0.0,47,4,-93,LTE,2147483647,2147483647,2147483647,2147483647,0,314,0.0,0.0,49,4,-91,LTE
1521796246297,121.49521605,31.28496029,18.0,9.0,0.0,-109,true,-1,-1,5,53.0,4000.0,10.211181640625,42.96417236328125,16.22161865234375,0.20469051599502563,1.292493224143982,-0.8845283389091492,460,1,6266,8966677,0,-1,0.0,0.0,0,0,0,,5,460,1,6266,8966677,0,102,0.0,0.0,60,4,-80,LTE,2147483647,2147483647,2147483647,2147483647,0,319,0.0,0.0,56,4,-84,LTE,2147483647,2147483647,2147483647,2147483647,0,246,0.0,0.0,39,3,-101,LTE,2147483647,2147483647,2147483647,2147483647,0,247,0.0,0.0,47,4,-93,LTE,2147483647,2147483647,2147483647,2147483647,0,314,0.0,0.0,49,4,-91,LTE
1521796247393,121.495216,31.28496016,18.0,9.0,0.0,-109,true,-1,-1,5,53.0,4000.0,10.382080078125,43.5638427734375,18.32275390625,0.33666330575942993,1.2842501401901245,-1.0346335172653198,460,1,6266,8966677,0,-1,0.0,0.0,0,0,0,,5,460,1,6266,8966677,0,102,0.0,0.0,54,4,-86,LTE,2147483647,2147483647,2147483647,2147483647,0,319,0.0,0.0,50,4,-90,LTE,2147483647,2147483647,2147483647,2147483647,0,314,0.0,0.0,46,4,-94,LTE,2147483647,2147483647,2147483647,2147483647,0,247,0.0,0.0,44,3,-96,LTE,2147483647,2147483647,2147483647,2147483647,0,246,0.0,0.0,45,4,-95,LTE
1521796248494,121.495216,31.28496016,18.0,9.0,0.0,-109,true,-1,-1,5,53.0,4000.0,9.6923828125,43.86444091796875,18.92242431640625,0.412588506937027,1.3249714374542236,-1.0785678625106812,460,1,6266,8966677,0,-1,0.0,0.0,0,0,0,,5,460,1,6266,8966677,0,102,0.0,0.0,54,4,-86,LTE,2147483647,2147483647,2147483647,2147483647,0,319,0.0,0.0,50,4,-90,LTE,2147483647,2147483647,2147483647,2147483647,0,314,0.0,0.0,46,4,-94,LTE,2147483647,2147483647,2147483647,2147483647,0,247,0.0,0.0,44,3,-96,LTE,2147483647,2147483647,2147483647,2147483647,0,246,0.0,0.0,45,4,-95,LTE
1521796249569,121.49521594,31.28496005,18.0,8.0,0.0,-109,true,-1,-1,5,53.0,4000.0,9.17205810546875,44.16351318359375,13.82293701171875,0.3847598135471344,1.2253146171569824,-1.2980104684829712,460,1,6266,8966677,0,-1,0.0,0.0,0,0,0,,3,460,1,6266,8966677,0,102,0.0,0.0,57,4,-83,LTE,2147483647,2147483647,2147483647,2147483647,0,319,0.0,0.0,54,4,-86,LTE,2147483647,2147483647,2147483647,2147483647,0,247,0.0,0.0,45,4,-95,LTE
1521796250649,121.49521594,31.28496005,18.0,8.0,0.0,-109,true,-1,-1,5,53.0,4000.0,17.8314208984375,45.3643798828125,10.22186279296875,0.1003027930855751,1.2641061544418335,-1.212734341621399,460,1,6266,8966677,0,-1,0.0,0.0,0,0,0,,3,460,1,6266,8966677,0,102,0.0,0.0,57,4,-83,LTE,2147483647,2147483647,2147483647,2147483647,0,319,0.0,0.0,54,4,-86,LTE,2147483647,2147483647,2147483647,2147483647,0,247,0.0,0.0,45,4,-95,LTE
1521796251726,121.49521589,31.28496015,18.0,11.0,0.0,-109,true,-1,-1,5,53.0,4000.0,23.55194091796875,43.86444091796875,0.921630859375,-0.5223421454429626,1.2585129737854004,-0.7376652359962463,460,1,6266,8966677,0,-1,0.0,0.0,0,0,0,,3,460,1,6266,8966677,0,102,0.0,0.0,53,4,-87,LTE,2147483647,2147483647,2147483647,2147483647,0,319,0.0,0.0,51,4,-89,LTE,2147483647,2147483647,2147483647,2147483647,0,247,0.0,0.0,42,3,-98,LTE
1521796252803,121.49521589,31.28496015,18.0,11.0,0.0,-109,true,-1,-1,5,53.0,4000.0,18.701171875,43.2647705078125,-21.8780517578125,-0.9937233924865723,1.1384515762329102,-0.8866289854049683,460,1,6266,8966677,0,-1,0.0,0.0,0,0,0,,3,460,1,6266,8966677,0,102,0.0,0.0,53,4,-87,LTE,2147483647,2147483647,2147483647,2147483647,0,319,0.0,0.0,51,4,-89,LTE,2147483647,2147483647,2147483647,2147483647,0,247,0.0,0.0,42,3,-98,LTE
1521796253898,121.49521604,31.28496076,18.0,9.0,0.0,-109,true,-1,-1,5,53.0,4000.0,28.22113037109375,45.3643798828125,-5.377197265625,-0.7394237518310547,1.2058382034301758,-0.6514431238174438,460,1,6266,8966677,0,-1,0.0,0.0,0,0,0,,4,460,1,6266,8966677,0,102,0.0,0.0,55,4,-85,LTE,2147483647,2147483647,2147483647,2147483647,0,319,0.0,0.0,49,4,-91,LTE,2147483647,2147483647,2147483647,2147483647,0,247,0.0,0.0,49,4,-91,LTE,2147483647,2147483647,2147483647,2147483647,0,314,0.0,0.0,47,4,-93,LTE
1521796254981,121.49521604,31.28496076,18.0,9.0,0.0,-109,true,-1,-1,5,53.0,4000.0,22.8515625,43.86444091796875,-14.0777587890625,-0.7915847897529602,1.1421623229980469,-0.8482921719551086,460,1,6266,8966677,0,-1,0.0,0.0,0,0,0,,4,460,1,6266,8966677,0,102,0.0,0.0,55,4,-85,LTE,2147483647,2147483647,2147483647,2147483647,0,319,0.0,0.0,49,4,-91,LTE,2147483647,2147483647,2147483647,2147483647,0,247,0.0,0.0,49,4,-91,LTE,2147483647,2147483647,2147483647,2147483647,0,314,0.0,0.0,47,4,-93,LTE
1521796256057,121.4952166,31.28496149,18.0,11.0,0.0,-109,true,-1,-1,5,53.0,4000.0,24.591064453125,42.364501953125,-4.47845458984375,-0.7621985077857971,1.3438457250595093,-0.7318715453147888,460,1,6266,8966677,0,-1,0.0,0.0,0,0,0,,4,460,1,6266,8966677,0,102,0.0,0.0,53,4,-87,LTE,2147483647,2147483647,2147483647,2147483647,0,247,0.0,0.0,43,3,-97,LTE,2147483647,2147483647,2147483647,2147483647,0,319,0.0,0.0,50,4,-90,LTE,2147483647,2147483647,2147483647,2147483647,0,314,0.0,0.0,51,4,-89,LTE
1521796257118,121.4952166,31.28496149,18.0,11.0,0.0,-109,true,-1,-1,5,53.0,4000.0,31.512451171875,37.86468505859375,-4.47845458984375,-0.9247338771820068,1.3197996616363525,-0.5595167875289917,460,1,6266,8966677,0,-1,0.0,0.0,0,0,0,,4,460,1,6266,8966677,0,102,0.0,0.0,53,4,-87,LTE,2147483647,2147483647,2147483647,2147483647,0,247,0.0,0.0,43,3,-97,LTE,2147483647,2147483647,2147483647,2147483647,0,319,0.0,0.0,50,4,-90,LTE,2147483647,2147483647,2147483647,2147483647,0,314,0.0,0.0,51,4,-89,LTE
1521796258212,121.49522926,31.284947,23.0,11.0,2.1602085,-109,true,-1,-1,5,53.0,4000.0,28.57208251953125,40.86456298828125,-5.377197265625,-0.8340478539466858,1.2595027685165405,-0.6137860417366028,460,1,6266,8966677,0,-1,0.0,0.0,0,0,0,,11,460,1,6266,13525535,0,314,0.0,0.0,53,4,-87,LTE,2147483647,2147483647,2147483647,2147483647,0,102,0.0,0.0,47,4,-93,LTE,2147483647,2147483647,2147483647,2147483647,0,247,0.0,0.0,45,4,-95,LTE,2147483647,2147483647,2147483647,2147483647,0,319,0.0,0.0,47,4,-93,LTE,2147483647,2147483647,2147483647,2147483647,0,313,0.0,0.0,47,4,-93,LTE,2147483647,2147483647,2147483647,2147483647,0,0,0.0,0.0,97,4,0,LTE,2147483647,2147483647,2147483647,2147483647,0,0,0.0,0.0,97,4,0,LTE,2147483647,2147483647,2147483647,2147483647,0,2147483647,0.0,0.0,0,0,-113,GSM,2147483647,2147483647,2147483647,2147483647,0,2147483647,0.0,0.0,0,0,-113,GSM,2147483647,2147483647,2147483647,2147483647,0,2147483647,0.0,0.0,0,0,-113,GSM,2147483647,2147483647,2147483647,2147483647,0,2147483647,0.0,0.0,0,0,-113,GSM
1521796259277,121.49522926,31.284947,23.0,11.0,2.1602085,-109,true,-1,-1,5,53.0,4000.0,25.10223388671875,42.66357421875,-7.177734375,-0.5910632014274597,1.2344813346862793,-0.9739225506782532,460,1,6266,8966677,0,-1,0.0,0.0,0,0,0,,11,460,1,6266,13525535,0,314,0.0,0.0,53,4,-87,LTE,2147483647,2147483647,2147483647,2147483647,0,102,0.0,0.0,47,4,-93,LTE,2147483647,2147483647,2147483647,2147483647,0,247,0.0,0.0,45,4,-95,LTE,2147483647,2147483647,2147483647,2147483647,0,319,0.0,0.0,47,4,-93,LTE,2147483647,2147483647,2147483647,2147483647,0,313,0.0,0.0,47,4,-93,LTE,2147483647,2147483647,2147483647,2147483647,0,0,0.0,0.0,97,4,0,LTE,2147483647,2147483647,2147483647,2147483647,0,0,0.0,0.0,97,4,0,LTE,2147483647,2147483647,2147483647,2147483647,0,2147483647,0.0,0.0,0,0,-113,GSM,2147483647,2147483647,2147483647,2147483647,0,2147483647,0.0,0.0,0,0,-113,GSM,2147483647,2147483647,2147483647,2147483647,0,2147483647,0.0,0.0,0,0,-113,GSM,2147483647,2147483647,2147483647,2147483647,0,2147483647,0.0,0.0,0,0,-113,GSM
1521796260378,121.49525965,31.28490205,21.0,13.0,2.080096,-109,true,-1,-1,5,53.0,4000.0,24.591064453125,42.66357421875,-7.47833251953125,-0.7138428092002869,1.2051656246185303,-0.7746686935424805,460,1,6266,8966677,0,-1,0.0,0.0,0,0,0,,12,460,1,6266,13525535,0,314,0.0,0.0,53,4,-87,LTE,2147483647,2147483647,2147483647,2147483647,0,102,0.0,0.0,48,4,-92,LTE,2147483647,2147483647,2147483647,2147483647,0,246,0.0,0.0,49,4,-91,LTE,2147483647,2147483647,2147483647,2147483647,0,247,0.0,0.0,49,4,-91,LTE,2147483647,2147483647,2147483647,2147483647,0,319,0.0,0.0,50,4,-90,LTE,2147483647,2147483647,2147483647,2147483647,0,313,0.0,0.0,42,3,-98,LTE,2147483647,2147483647,2147483647,2147483647,0,90,0.0,0.0,37,3,-103,LTE,2147483647,2147483647,2147483647,2147483647,0,92,0.0,0.0,34,2,-106,LTE,2147483647,2147483647,2147483647,2147483647,0,2147483647,0.0,0.0,0,0,-113,GSM,2147483647,2147483647,2147483647,2147483647,0,2147483647,0.0,0.0,0,0,-113,GSM,2147483647,2147483647,2147483647,2147483647,0,2147483647,0.0,0.0,0,0,-113,GSM,2147483647,2147483647,2147483647,2147483647,0,2147483647,0.0,0.0,0,0,-113,GSM
1521796261499,121.49525965,31.28490205,21.0,13.0,2.080096,-109,true,-1,-1,5,53.0,4000.0,21.2921142578125,43.86444091796875,2.42156982421875,-0.5151986479759216,1.287455439567566,-0.6709570288658142,460,1,6266,8966677,0,-1,0.0,0.0,0,0,0,,12,460,1,6266,13525535,0,314,0.0,0.0,53,4,-87,LTE,2147483647,2147483647,2147483647,2147483647,0,102,0.0,0.0,48,4,-92,LTE,2147483647,2147483647,2147483647,2147483647,0,246,0.0,0.0,49,4,-91,LTE,2147483647,2147483647,2147483647,2147483647,0,247,0.0,0.0,49,4,-91,LTE,2147483647,2147483647,2147483647,2147483647,0,319,0.0,0.0,50,4,-90,LTE,2147483647,2147483647,2147483647,2147483647,0,313,0.0,0.0,42,3,-98,LTE,2147483647,2147483647,2147483647,2147483647,0,90,0.0,0.0,37,3,-103,LTE,2147483647,2147483647,2147483647,2147483647,0,92,0.0,0.0,34,2,-106,LTE,2147483647,2147483647,2147483647,2147483647,0,2147483647,0.0,0.0,0,0,-113,GSM,2147483647,2147483647,2147483647,2147483647,0,2147483647,0.0,0.0,0,0,-113,GSM,2147483647,2147483647,2147483647,2147483647,0,2147483647,0.0,0.0,0,0,-113,GSM,2147483647,2147483647,2147483647,2147483647,0,2147483647,0.0,0.0,0,0,-113,GSM
1521796262571,121.49525965,31.28490205,21.0,13.0,2.080096,-109,true,-1,-1,5,53.0,4000.0,22.33123779296875,46.2646484375,10.821533203125,-0.7078544497489929,1.3660149574279785,-0.17077909409999847,460,1,6266,8966677,0,-1,0.0,0.0,0,0,0,,11,460,1,6266,13525535,0,314,0.0,0.0,51,4,-89,LTE,2147483647,2147483647,2147483647,2147483647,0,102,0.0,0.0,55,4,-85,LTE,2147483647,2147483647,2147483647,2147483647,0,247,0.0,0.0,54,4,-86,LTE,2147483647,2147483647,2147483647,2147483647,0,319,0.0,0.0,50,4,-90,LTE,2147483647,2147483647,2147483647,2147483647,0,313,0.0,0.0,44,3,-96,LTE,2147483647,2147483647,2147483647,2147483647,0,90,0.0,0.0,36,3,-104,LTE,2147483647,2147483647,2147483647,2147483647,0,92,0.0,0.0,38,3,-102,LTE,2147483647,2147483647,2147483647,2147483647,0,2147483647,0.0,0.0,0,0,-113,GSM,2147483647,2147483647,2147483647,2147483647,0,2147483647,0.0,0.0,0,0,-113,GSM,2147483647,2147483647,2147483647,2147483647,0,2147483647,0.0,0.0,0,0,-113,GSM,2147483647,2147483647,2147483647,2147483647,0,2147483647,0.0,0.0,0,0,-113,GSM
1521796263648,121.49525965,31.28490205,21.0,13.0,2.080096,-109,true,-1,-1,5,53.0,4000.0,7.781982421875,44.16351318359375,21.6217041015625,-0.1378757804632187,1.2704921960830688,-0.13542237877845764,460,1,6266,8966677,0,-1,0.0,0.0,0,0,0,,11,460,1,6266,13525535,0,314,0.0,0.0,51,4,-89,LTE,2147483647,2147483647,2147483647,2147483647,0,102,0.0,0.0,55,4,-85,LTE,2147483647,2147483647,2147483647,2147483647,0,247,0.0,0.0,54,4,-86,LTE,2147483647,2147483647,2147483647,2147483647,0,319,0.0,0.0,50,4,-90,LTE,2147483647,2147483647,2147483647,2147483647,0,313,0.0,0.0,44,3,-96,LTE,2147483647,2147483647,2147483647,2147483647,0,90,0.0,0.0,36,3,-104,LTE,2147483647,2147483647,2147483647,2147483647,0,92,0.0,0.0,38,3,-102,LTE,2147483647,2147483647,2147483647,2147483647,0,2147483647,0.0,0.0,0,0,-113,GSM,2147483647,2147483647,2147483647,2147483647,0,2147483647,0.0,0.0,0,0,-113,GSM,2147483647,2147483647,2147483647,2147483647,0,2147483647,0.0,0.0,0,0,-113,GSM,2147483647,2147483647,2147483647,2147483647,0,2147483647,0.0,0.0,0,0,-113,GSM
1521796264767,121.49525965,31.28490205,21.0,13.0,2.080096,-109,true,-1,-1,5,53.0,4000.0,-7.79876708984375,41.16363525390625,25.2227783203125,0.6226217746734619,1.2685105800628662,-0.5793845653533936,460,1,6266,8966677,0,-1,0.0,0.0,0,0,0,,13,460,1,6266,13525535,0,314,0.0,0.0,52,4,-88,LTE,2147483647,2147483647,2147483647,2147483647,0,102,0.0,0.0,54,4,-86,LTE,2147483647,2147483647,2147483647,2147483647,0,103,0.0,0.0,50,4,-90,LTE,2147483647,2147483647,2147483647,2147483647,0,319,0.0,0.0,46,4,-94,LTE,2147483647,2147483647,2147483647,2147483647,0,246,0.0,0.0,53,4,-87,LTE,2147483647,2147483647,2147483647,2147483647,0,313,0.0,0.0,42,3,-98,LTE,2147483647,2147483647,2147483647,2147483647,0,92,0.0,0.0,34,2,-106,LTE,2147483647,2147483647,2147483647,2147483647,0,90,0.0,0.0,37,3,-103,LTE,2147483647,2147483647,2147483647,2147483647,0,0,0.0,0.0,97,4,0,LTE,2147483647,2147483647,2147483647,2147483647,0,2147483647,0.0,0.0,0,0,-113,GSM,2147483647,2147483647,2147483647,2147483647,0,2147483647,0.0,0.0,0,0,-113,GSM,2147483647,2147483647,2147483647,2147483647,0,2147483647,0.0,0.0,0,0,-113,GSM,2147483647,2147483647,2147483647,2147483647,0,2147483647,0.0,0.0,0,0,-113,GSM
1521796265847,121.49525965,31.28490205,21.0,13.0,2.080096,-109,true,-1,-1,5,53.0,4000.0,-6.93817138671875,42.66357421875,20.12176513671875,0.6624240279197693,1.2109493017196655,-0.759355366230011,460,1,6266,8966677,0,-1,0.0,0.0,0,0,0,,13,460,1,6266,13525535,0,314,0.0,0.0,52,4,-88,LTE,2147483647,2147483647,2147483647,2147483647,0,102,0.0,0.0,54,4,-86,LTE,2147483647,2147483647,2147483647,2147483647,0,103,0.0,0.0,50,4,-90,LTE,2147483647,2147483647,2147483647,2147483647,0,319,0.0,0.0,46,4,-94,LTE,2147483647,2147483647,2147483647,2147483647,0,246,0.0,0.0,53,4,-87,LTE,2147483647,2147483647,2147483647,2147483647,0,313,0.0,0.0,42,3,-98,LTE,2147483647,2147483647,2147483647,2147483647,0,92,0.0,0.0,34,2,-106,LTE,2147483647,2147483647,2147483647,2147483647,0,90,0.0,0.0,37,3,-103,LTE,2147483647,2147483647,2147483647,2147483647,0,0,0.0,0.0,97,4,0,LTE,2147483647,2147483647,2147483647,2147483647,0,2147483647,0.0,0.0,0,0,-113,GSM,2147483647,2147483647,2147483647,2147483647,0,2147483647,0.0,0.0,0,0,-113,GSM,2147483647,2147483647,2147483647,2147483647,0,2147483647,0.0,0.0,0,0,-113,GSM,2147483647,2147483647,2147483647,2147483647,0,2147483647,0.0,0.0,0,0,-113,GSM
1521796266943,121.49525965,31.28490205,21.0,13.0,2.080096,-109,true,-1,-1,5,53.0,4000.0,-6.23779296875,42.06390380859375,23.12164306640625,0.30383819341659546,1.3321620225906372,-0.15707162022590637,460,1,6266,8966677,0,-1,0.0,0.0,0,0,0,,11,460,1,6266,13525535,0,314,0.0,0.0,49,4,-91,LTE,2147483647,2147483647,2147483647,2147483647,0,102,0.0,0.0,56,4,-84,LTE,2147483647,2147483647,2147483647,2147483647,0,319,0.0,0.0,53,4,-87,LTE,2147483647,2147483647,2147483647,2147483647,0,313,0.0,0.0,42,3,-98,LTE,2147483647,2147483647,2147483647,2147483647,0,90,0.0,0.0,32,2,-108,LTE,2147483647,2147483647,2147483647,2147483647,0,92,0.0,0.0,34,2,-106,LTE,2147483647,2147483647,2147483647,2147483647,0,448,0.0,0.0,38,3,-102,LTE,2147483647,2147483647,2147483647,2147483647,0,2147483647,0.0,0.0,0,0,-113,GSM,2147483647,2147483647,2147483647,2147483647,0,2147483647,0.0,0.0,0,0,-113,GSM,2147483647,2147483647,2147483647,2147483647,0,2147483647,0.0,0.0,0,0,-113,GSM,2147483647,2147483647,2147483647,2147483647,0,2147483647,0.0,0.0,0,0,-113,GSM
1521796268017,121.49525965,31.28490205,21.0,13.0,2.080096,-109,true,-1,-1,5,53.0,4000.0,-7.62786865234375,42.06390380859375,21.3226318359375,0.6163992881774902,1.2327162027359009,-0.6170034408569336,460,1,6266,8966677,0,-1,0.0,0.0,0,0,0,,11,460,1,6266,13525535,0,314,0.0,0.0,49,4,-91,LTE,2147483647,2147483647,2147483647,2147483647,0,102,0.0,0.0,56,4,-84,LTE,2147483647,2147483647,2147483647,2147483647,0,319,0.0,0.0,53,4,-87,LTE,2147483647,2147483647,2147483647,2147483647,0,313,0.0,0.0,42,3,-98,LTE,2147483647,2147483647,2147483647,2147483647,0,90,0.0,0.0,32,2,-108,LTE,2147483647,2147483647,2147483647,2147483647,0,92,0.0,0.0,34,2,-106,LTE,2147483647,2147483647,2147483647,2147483647,0,448,0.0,0.0,38,3,-102,LTE,2147483647,2147483647,2147483647,2147483647,0,2147483647,0.0,0.0,0,0,-113,GSM,2147483647,2147483647,2147483647,2147483647,0,2147483647,0.0,0.0,0,0,-113,GSM,2147483647,2147483647,2147483647,2147483647,0,2147483647,0.0,0.0,0,0,-113,GSM,2147483647,2147483647,2147483647,2147483647,0,2147483647,0.0,0.0,0,0,-113,GSM
1521796269095,121.49525965,31.28490205,21.0,13.0,2.080096,-109,true,-1,-1,5,53.0,4000.0,-8.148193359375,41.4642333984375,22.222900390625,0.5152777433395386,1.3173272609710693,-0.3699440062046051,460,1,6266,8966677,0,-1,0.0,0.0,0,0,0,,2,460,1,6266,8966677,0,102,0.0,0.0,66,4,-74,LTE,2147483647,2147483647,2147483647,2147483647,0,319,0.0,0.0,51,4,-89,LTE
1521796270175,121.49525965,31.28490205,21.0,13.0,2.080096,-109,true,-1,-1,5,53.0,4000.0,-14.55841064453125,41.76483154296875,23.12164306640625,0.6737590432167053,1.448858618736267,-0.22479963302612305,460,1,6266,8966677,0,-1,0.0,0.0,0,0,0,,2,460,1,6266,8966677,0,102,0.0,0.0,66,4,-74,LTE,2147483647,2147483647,2147483647,2147483647,0,319,0.0,0.0,51,4,-89,LTE
1521796271276,121.49525965,31.28490205,21.0,13.0,2.080096,-109,true,-1,-1,5,53.0,4000.0,-6.4178466796875,42.364501953125,25.2227783203125,0.5832883715629578,1.2841928005218506,-0.5746175646781921,460,1,6266,8966677,0,-1,0.0,0.0,0,0,0,,2,460,1,6266,8966677,0,102,0.0,0.0,66,4,-74,LTE,2147483647,2147483647,2147483647,2147483647,0,319,0.0,0.0,45,4,-95,LTE
1521796272353,121.49525965,31.28490205,21.0,13.0,2.080096,-109,true,-1,-1,5,53.0,4000.0,-0.35858154296875,40.264892578125,20.721435546875,0.4469093978404999,1.2369582653045654,-0.6895137429237366,460,1,6266,8966677,0,-1,0.0,0.0,0,0,0,,2,460,1,6266,8966677,0,102,0.0,0.0,66,4,-74,LTE,2147483647,2147483647,2147483647,2147483647,0,319,0.0,0.0,45,4,-95,LTE
1521796273428,121.49525965,31.28490205,21.0,13.0,2.080096,-109,true,-1,-1,5,53.0,4000.0,-9.53826904296875,50.164794921875,22.222900390625,0.5702213048934937,1.4127811193466187,-0.33688896894454956,460,1,6266,8966677,0,-1,0.0,0.0,0,0,0,,1,460,1,6266,8966677,0,102,0.0,0.0,64,4,-76,LTE
1521796274505,121.49525965,31.28490205,21.0,13.0,2.080096,-109,true,-1,-1,5,53.0,4000.0,-6.5887451171875,40.86456298828125,25.5218505859375,0.38697296380996704,1.352929711341858,-0.2532670199871063,460,1,6266,8966677,0,-1,0.0,0.0,0,0,0,,1,460,1,6266,8966677,0,102,0.0,0.0,64,4,-76,LTE
1521796275606,121.49525965,31.28490205,21.0,13.0,2.080096,-109,true,-1,-1,5,53.0,4000.0,-12.3077392578125,42.06390380859375,24.62158203125,0.6482439637184143,1.276210069656372,-0.4392133355140686,460,1,6266,8966677,0,-1,0.0,0.0,0,0,0,,3,460,1,6266,8966677,0,102,0.0,0.0,72,4,-68,LTE,2147483647,2147483647,2147483647,2147483647,0,246,0.0,0.0,50,4,-90,LTE,2147483647,2147483647,2147483647,2147483647,0,247,0.0,0.0,35,3,-105,LTE
1521796276683,121.49525965,31.28490205,21.0,13.0,2.080096,-109,true,-1,-1,5,53.0,4000.0,-13.86871337890625,41.16363525390625,17.7215576171875,0.9151645302772522,1.2591489553451538,-0.7032589912414551,460,1,6266,8966677,0,-1,0.0,0.0,0,0,0,,3,460,1,6266,8966677,0,102,0.0,0.0,72,4,-68,LTE,2147483647,2147483647,2147483647,2147483647,0,246,0.0,0.0,50,4,-90,LTE,2147483647,2147483647,2147483647,2147483647,0,247,0.0,0.0,35,3,-105,LTE
1521796277781,121.49525965,31.28490205,21.0,13.0,2.080096,-109,true,-1,-1,5,53.0,4000.0,-11.08856201171875,43.2647705078125,23.12164306640625,0.5059094429016113,1.427209734916687,-0.17191119492053986,460,1,6266,8966677,0,-1,0.0,0.0,0,0,0,,3,460,1,6266,8966677,0,102,0.0,0.0,64,4,-76,LTE,2147483647,2147483647,2147483647,2147483647,0,247,0.0,0.0,38,3,-102,LTE,2147483647,2147483647,2147483647,2147483647,0,246,0.0,0.0,50,4,-90,LTE
1521796278857,121.49525965,31.28490205,21.0,13.0,2.080096,-109,true,-1,-1,5,53.0,4000.0,-8.31756591796875,40.56396484375,24.322509765625,0.48929035663604736,1.3635246753692627,-0.30482199788093567,460,1,6266,8966677,0,-1,0.0,0.0,0,0,0,,3,460,1,6266,8966677,0,102,0.0,0.0,64,4,-76,LTE,2147483647,2147483647,2147483647,2147483647,0,247,0.0,0.0,38,3,-102,LTE,2147483647,2147483647,2147483647,2147483647,0,246,0.0,0.0,50,4,-90,LTE
1521796279934,121.49525965,31.28490205,21.0,13.0,2.080096,-109,true,-1,-1,5,53.0,4000.0,-6.75811767578125,40.56396484375,21.6217041015625,0.7470958828926086,1.292528748512268,-0.7717757225036621,460,1,6266,8966677,0,-1,0.0,0.0,0,0,0,,3,460,1,6266,8966677,0,102,0.0,0.0,63,4,-77,LTE,2147483647,2147483647,2147483647,2147483647,0,246,0.0,0.0,45,4,-95,LTE,2147483647,2147483647,2147483647,2147483647,0,247,0.0,0.0,34,2,-106,LTE
1521796281014,121.49525965,31.28490205,21.0,13.0,2.080096,-109,true,-1,-1,5,53.0,4000.0,-0.17852783203125,42.06390380859375,19.82269287109375,0.47675463557243347,1.2568080425262451,-0.756301999092102,460,1,6266,8966677,0,-1,0.0,0.0,0,0,0,,3,460,1,6266,8966677,0,102,0.0,0.0,63,4,-77,LTE,2147483647,2147483647,2147483647,2147483647,0,246,0.0,0.0,45,4,-95,LTE,2147483647,2147483647,2147483647,2147483647,0,247,0.0,0.0,34,2,-106,LTE
1521796282112,121.49525965,31.28490205,21.0,13.0,2.080096,-109,true,-1,-1,5,53.0,4000.0,6.40106201171875,38.76495361328125,24.02191162109375,0.15323522686958313,1.4027481079101563,-0.4513586461544037,460,1,6266,8966677,0,-1,0.0,0.0,0,0,0,,3,460,1,6266,8966677,0,102,0.0,0.0,59,4,-81,LTE,2147483647,2147483647,2147483647,2147483647,0,247,0.0,0.0,56,4,-84,LTE,2147483647,2147483647,2147483647,2147483647,0,246,0.0,0.0,45,4,-95,LTE
1521796283188,121.49525965,31.28490205,21.0,13.0,2.080096,-109,true,-1,-1,5,53.0,4000.0,20.95184326171875,39.06402587890625,19.22149658203125,-0.22238051891326904,1.3685129880905151,-0.5494783520698547,460,1,6266,8966677,0,-1,0.0,0.0,0,0,0,,3,460,1,6266,8966677,0,102,0.0,0.0,59,4,-81,LTE,2147483647,2147483647,2147483647,2147483647,0,247,0.0,0.0,56,4,-84,LTE,2147483647,2147483647,2147483647,2147483647,0,246,0.0,0.0,45,4,-95,LTE
1521796284286,121.49525965,31.28490205,21.0,13.0,2.080096,-109,true,-1,-1,5,53.0,4000.0,29.0924072265625,36.96441650390625,8.12225341796875,-0.8911978006362915,1.381361722946167,-0.2339780628681183,460,1,6266,8966677,0,-1,0.0,0.0,0,0,0,,1,460,1,6266,8966677,0,102,0.0,0.0,57,4,-83,LTE
1521796285363,121.49525965,31.28490205,21.0,13.0,2.080096,-109,true,-1,-1,5,53.0,4000.0,27.362060546875,39.96429443359375,4.522705078125,-0.7150429487228394,1.2995531558990479,-0.45026928186416626,460,1,6266,8966677,0,-1,0.0,0.0,0,0,0,,1,460,1,6266,8966677,0,102,0.0,0.0,57,4,-83,LTE
1521796286441,121.49525965,31.28490205,21.0,13.0,2.080096,-109,true,-1,-1,5,53.0,4000.0,27.0111083984375,41.4642333984375,-6.2774658203125,-0.7105340957641602,1.2560569047927856,-0.8000532984733582,460,1,6266,8966677,0,-1,0.0,0.0,0,0,0,,2,460,1,6266,8966677,0,102,0.0,0.0,59,4,-81,LTE,2147483647,2147483647,2147483647,2147483647,0,103,0.0,0.0,54,4,-86,LTE
1521796287519,121.49525965,31.28490205,21.0,13.0,2.080096,-109,true,-1,-1,5,53.0,4000.0,30.65185546875,33.96453857421875,5.42144775390625,-1.019025444984436,1.3618003129959106,-0.18943215906620026,460,1,6266,8966677,0,-1,0.0,0.0,0,0,0,,2,460,1,6266,8966677,0,102,0.0,0.0,59,4,-81,LTE,2147483647,2147483647,2147483647,2147483647,0,103,0.0,0.0,54,4,-86,LTE
1521796288598,121.49525965,31.28490205,21.0,13.0,2.080096,-109,true,-1,-1,5,53.0,4000.0,28.9215087890625,38.46435546875,3.02276611328125,-0.9681345224380493,1.2876850366592407,-0.19948376715183258,460,1,6266,8966677,0,-1,0.0,0.0,0,0,0,,2,460,1,6266,8966677,0,102,0.0,0.0,52,4,-88,LTE,2147483647,2147483647,2147483647,2147483647,0,103,0.0,0.0,57,4,-83,LTE
1521796289678,121.49525965,31.28490205,21.0,13.0,2.080096,-109,true,-1,-1,5,53.0,4000.0,15.93170166015625,45.3643798828125,8.12225341796875,-0.19524016976356506,1.256886601448059,-0.760572075843811,460,1,6266,8966677,0,-1,0.0,0.0,0,0,0,,2,460,1,6266,8966677,0,102,0.0,0.0,52,4,-88,LTE,2147483647,2147483647,2147483647,2147483647,0,103,0.0,0.0,57,4,-83,LTE
1521796290774,121.49525965,31.28490205,21.0,13.0,2.080096,-109,true,-1,-1,5,53.0,4000.0,14.5416259765625,47.1649169921875,17.12188720703125,-0.3380817472934723,1.2952054738998413,-0.1864190399646759,460,1,6266,8966677,0,-1,0.0,0.0,0,0,0,,3,460,1,6266,8966677,0,102,0.0,0.0,58,4,-82,LTE,2147483647,2147483647,2147483647,2147483647,0,103,0.0,0.0,51,4,-89,LTE,2147483647,2147483647,2147483647,2147483647,0,388,0.0,0.0,45,4,-95,LTE
1521796291853,121.49525965,31.28490205,21.0,13.0,2.080096,-109,true,-1,-1,5,53.0,4000.0,-1.568603515625,42.364501953125,27.6214599609375,-0.07406556606292725,1.370596170425415,0.15185807645320892,460,1,6266,8966677,0,-1,0.0,0.0,0,0,0,,3,460,1,6266,8966677,0,102,0.0,0.0,58,4,-82,LTE,2147483647,2147483647,2147483647,2147483647,0,103,0.0,0.0,51,4,-89,LTE,2147483647,2147483647,2147483647,2147483647,0,388,0.0,0.0,45,4,-95,LTE
1521796292949,121.49525965,31.28490205,21.0,13.0,2.080096,-109,true,-1,-1,5,53.0,4000.0,-7.2784423828125,38.46435546875,27.3223876953125,0.40292102098464966,1.3325457572937012,-0.25910940766334534,460,1,6266,8966677,0,-1,0.0,0.0,0,0,0,,4,460,1,6266,8966677,0,102,0.0,0.0,58,4,-82,LTE,2147483647,2147483647,2147483647,2147483647,0,103,0.0,0.0,55,4,-85,LTE,2147483647,2147483647,2147483647,2147483647,0,388,0.0,0.0,54,4,-86,LTE,2147483647,2147483647,2147483647,2147483647,0,416,0.0,0.0,55,4,-85,LTE
1521796294027,121.49525965,31.28490205,21.0,13.0,2.080096,-109,true,-1,-1,5,53.0,4000.0,-9.35821533203125,39.06402587890625,22.52197265625,0.7278957962989807,1.2310343980789185,-0.6777342557907104,460,1,6266,8966677,0,-1,0.0,0.0,0,0,0,,4,460,1,6266,8966677,0,102,0.0,0.0,58,4,-82,LTE,2147483647,2147483647,2147483647,2147483647,0,103,0.0,0.0,55,4,-85,LTE,2147483647,2147483647,2147483647,2147483647,0,388,0.0,0.0,54,4,-86,LTE,2147483647,2147483647,2147483647,2147483647,0,416,0.0,0.0,55,4,-85,LTE
1521796295124,121.49525965,31.28490205,21.0,13.0,2.080096,-109,true,-1,-1,5,53.0,4000.0,-11.7889404296875,40.86456298828125,23.72283935546875,0.9311475157737732,1.3002243041992188,-0.7976198792457581,460,1,6266,8966677,0,-1,0.0,0.0,0,0,0,,4,460,1,6266,8914443,0,416,0.0,0.0,51,4,-89,LTE,2147483647,2147483647,2147483647,2147483647,0,102,0.0,0.0,52,4,-88,LTE,2147483647,2147483647,2147483647,2147483647,0,103,0.0,0.0,49,4,-91,LTE,2147483647,2147483647,2147483647,2147483647,0,388,0.0,0.0,41,3,-99,LTE
1521796296205,121.49525965,31.28490205,21.0,13.0,2.080096,-109,true,-1,-1,5,53.0,4000.0,-19.22760009765625,39.06402587890625,25.82244873046875,0.8490495681762695,1.4485195875167847,-0.3170856833457947,460,1,6266,8966677,0,-1,0.0,0.0,0,0,0,,4,460,1,6266,8914443,0,416,0.0,0.0,51,4,-89,LTE,2147483647,2147483647,2147483647,2147483647,0,102,0.0,0.0,52,4,-88,LTE,2147483647,2147483647,2147483647,2147483647,0,103,0.0,0.0,49,4,-91,LTE,2147483647,2147483647,2147483647,2147483647,0,388,0.0,0.0,41,3,-99,LTE
1521796297299,121.49525965,31.28490205,21.0,13.0,2.080096,-109,true,-1,-1,5,53.0,4000.0,-17.84820556640625,40.86456298828125,24.02191162109375,0.5557524561882019,1.4083894491195679,-0.028008749708533287,460,1,6266,8966677,0,-1,0.0,0.0,0,0,0,,4,460,1,6266,8914443,0,416,0.0,0.0,54,4,-86,LTE,2147483647,2147483647,2147483647,2147483647,0,103,0.0,0.0,47,4,-93,LTE,2147483647,2147483647,2147483647,2147483647,0,102,0.0,0.0,46,4,-94,LTE,2147483647,2147483647,2147483647,2147483647,0,388,0.0,0.0,38,3,-102,LTE
1521796298377,121.49525965,31.28490205,21.0,13.0,2.080096,-109,true,-1,-1,5,53.0,4000.0,-16.28875732421875,42.66357421875,24.322509765625,0.5391302704811096,1.3470271825790405,-0.10588890314102173,460,1,6266,8966677,0,-1,0.0,0.0,0,0,0,,4,460,1,6266,8914443,0,416,0.0,0.0,54,4,-86,LTE,2147483647,2147483647,2147483647,2147483647,0,103,0.0,0.0,47,4,-93,LTE,2147483647,2147483647,2147483647,2147483647,0,102,0.0,0.0,46,4,-94,LTE,2147483647,2147483647,2147483647,2147483647,0,388,0.0,0.0,38,3,-102,LTE
1521796299474,121.49525965,31.28490205,21.0,13.0,2.080096,-109,true,-1,-1,5,53.0,4000.0,-14.727783203125,40.86456298828125,24.62158203125,0.6113888621330261,1.3323627710342407,-0.2550479471683502,460,1,6266,8966677,0,-1,0.0,0.0,0,0,0,,4,460,1,6266,8914443,0,416,0.0,0.0,57,4,-83,LTE,2147483647,2147483647,2147483647,2147483647,0,103,0.0,0.0,49,4,-91,LTE,2147483647,2147483647,2147483647,2147483647,0,102,0.0,0.0,47,4,-93,LTE,2147483647,2147483647,2147483647,2147483647,0,388,0.0,0.0,37,3,-103,LTE
1521796300552,121.49525965,31.28490205,21.0,13.0,2.080096,-109,true,-1,-1,5,53.0,4000.0,-16.80755615234375,39.96429443359375,23.4222412109375,0.895087480545044,1.3170393705368042,-0.5372878909111023,460,1,6266,8966677,0,-1,0.0,0.0,0,0,0,,4,460,1,6266,8914443,0,416,0.0,0.0,57,4,-83,LTE,2147483647,2147483647,2147483647,2147483647,0,103,0.0,0.0,49,4,-91,LTE,2147483647,2147483647,2147483647,2147483647,0,102,0.0,0.0,47,4,-93,LTE,2147483647,2147483647,2147483647,2147483647,0,388,0.0,0.0,37,3,-103,LTE
1521796301627,121.49525965,31.28490205,21.0,13.0,2.080096,-109,true,-1,-1,5,53.0,4000.0,-16.63818359375,41.16363525390625,21.3226318359375,1.04497492313385,1.249672532081604,-0.8058873414993286,460,1,6266,8966677,0,-1,0.0,0.0,0,0,0,,4,460,1,6266,8914443,0,416,0.0,0.0,56,4,-84,LTE,2147483647,2147483647,2147483647,2147483647,0,103,0.0,0.0,54,4,-86,LTE,2147483647,2147483647,2147483647,2147483647,0,102,0.0,0.0,51,4,-89,LTE,2147483647,2147483647,2147483647,2147483647,0,388,0.0,0.0,36,3,-104,LTE
1521796302706,121.49525965,31.28490205,21.0,13.0,2.080096,-109,true,-1,-1,5,53.0,4000.0,-13.86871337890625,40.86456298828125,21.3226318359375,0.8780118823051453,1.2773581743240356,-0.6553190350532532,460,1,6266,8966677,0,-1,0.0,0.0,0,0,0,,4,460,1,6266,8914443,0,416,0.0,0.0,56,4,-84,LTE,2147483647,2147483647,2147483647,2147483647,0,103,0.0,0.0,54,4,-86,LTE,2147483647,2147483647,2147483647,2147483647,0,102,0.0,0.0,51,4,-89,LTE,2147483647,2147483647,2147483647,2147483647,0,388,0.0,0.0,36,3,-104,LTE
1521796303786,121.49525965,31.28490205,21.0,13.0,2.080096,-109,true,-1,-1,5,53.0,4000.0,-9.1888427734375,36.06414794921875,25.2227783203125,0.4704352915287018,1.4004881381988525,-0.21890944242477417,460,1,6266,8966677,0,-1,0.0,0.0,0,0,0,,3,460,1,6266,8914443,0,416,0.0,0.0,56,4,-84,LTE,2147483647,2147483647,2147483647,2147483647,0,103,0.0,0.0,51,4,-89,LTE,2147483647,2147483647,2147483647,2147483647,0,102,0.0,0.0,50,4,-90,LTE
1521796304844,121.49525965,31.28490205,21.0,13.0,2.080096,-109,true,-1,-1,5,53.0,4000.0,-10.748291015625,41.76483154296875,23.12164306640625,0.34410157799720764,1.373476266860962,-0.011564056389033794,460,1,6266,8966677,0,-1,0.0,0.0,0,0,0,,3,460,1,6266,8914443,0,416,0.0,0.0,56,4,-84,LTE,2147483647,2147483647,2147483647,2147483647,0,103,0.0,0.0,51,4,-89,LTE,2147483647,2147483647,2147483647,2147483647,0,102,0.0,0.0,50,4,-90,LTE
1521796305941,121.49525965,31.28490205,21.0,13.0,2.080096,-109,true,-1,-1,5,53.0,4000.0,-6.75811767578125,41.4642333984375,23.4222412109375,0.2009108066558838,1.4043949842453003,0.026413755491375923,460,1,6266,8966677,0,-1,0.0,0.0,0,0,0,,3,460,1,6266,8914443,0,416,0.0,0.0,62,4,-78,LTE,2147483647,2147483647,2147483647,2147483647,0,102,0.0,0.0,45,4,-95,LTE,2147483647,2147483647,2147483647,2147483647,0,103,0.0,0.0,55,4,-85,LTE
1521796307004,121.49525965,31.28490205,21.0,13.0,2.080096,-109,true,-1,-1,5,53.0,4000.0,-3.2989501953125,36.663818359375,24.62158203125,0.24172839522361755,1.3920581340789795,-0.16774079203605652,460,1,6266,8966677,0,-1,0.0,0.0,0,0,0,,3,460,1,6266,8914443,0,416,0.0,0.0,62,4,-78,LTE,2147483647,2147483647,2147483647,2147483647,0,102,0.0,0.0,45,4,-95,LTE,2147483647,2147483647,2147483647,2147483647,0,103,0.0,0.0,55,4,-85,LTE
1521796308078,121.49525965,31.28490205,21.0,13.0,2.080096,-109,true,-1,-1,5,53.0,4000.0,-0.87890625,41.4642333984375,22.222900390625,0.08248062431812286,1.3626748323440552,-0.072926826775074,460,1,6266,8966677,0,-1,0.0,0.0,0,0,0,,3,460,1,6266,8914443,0,416,0.0,0.0,65,4,-75,LTE,2147483647,2147483647,2147483647,2147483647,0,102,0.0,0.0,47,4,-93,LTE,2147483647,2147483647,2147483647,2147483647,0,103,0.0,0.0,58,4,-82,LTE
1521796309158,121.49525965,31.28490205,21.0,13.0,2.080096,-109,true,-1,-1,5,53.0,4000.0,-2.42767333984375,41.16363525390625,20.721435546875,0.4736766517162323,1.2630923986434937,-0.6166266798973083,460,1,6266,8966677,0,-1,0.0,0.0,0,0,0,,3,460,1,6266,8914443,0,416,0.0,0.0,65,4,-75,LTE,2147483647,2147483647,2147483647,2147483647,0,102,0.0,0.0,47,4,-93,LTE,2147483647,2147483647,2147483647,2147483647,0,103,0.0,0.0,58,4,-82,LTE
1521796310236,121.49525965,31.28490205,21.0,13.0,2.080096,-109,true,-1,-1,5,53.0,4000.0,-10.91766357421875,39.6636962890625,19.82269287109375,-0.5940634608268738,1.4911555051803589,1.1742278337478638,460,1,6266,8966677,0,-1,0.0,0.0,0,0,0,,3,460,1,6266,8914443,0,416,0.0,0.0,63,4,-77,LTE,2147483647,2147483647,2147483647,2147483647,0,103,0.0,0.0,58,4,-82,LTE,2147483647,2147483647,2147483647,2147483647,0,102,0.0,0.0,58,4,-82,LTE
1521796311315,121.49525965,31.28490205,21.0,13.0,2.080096,-109,true,-1,-1,5,53.0,4000.0,-3.2989501953125,42.96417236328125,20.42236328125,0.6387482285499573,1.291916847229004,-0.8126580715179443,460,1,6266,8966677,0,-1,0.0,0.0,0,0,0,,3,460,1,6266,8914443,0,416,0.0,0.0,63,4,-77,LTE,2147483647,2147483647,2147483647,2147483647,0,103,0.0,0.0,58,4,-82,LTE,2147483647,2147483647,2147483647,2147483647,0,102,0.0,0.0,58,4,-82,LTE
1521796312394,121.49525965,31.28490205,21.0,13.0,2.080096,-109,true,-1,-1,5,53.0,4000.0,2.59246826171875,37.86468505859375,24.62158203125,0.0537644699215889,1.4845516681671143,-0.16555066406726837,460,1,6266,8966677,0,-1,0.0,0.0,0,0,0,,3,460,1,6266,8914443,0,416,0.0,0.0,60,4,-80,LTE,2147483647,2147483647,2147483647,2147483647,0,103,0.0,0.0,61,4,-79,LTE,2147483647,2147483647,2147483647,2147483647,0,102,0.0,0.0,54,4,-86,LTE
1521796313449,121.49525965,31.28490205,21.0,13.0,2.080096,-109,true,-1,-1,5,53.0,4000.0,18.0023193359375,47.1649169921875,15.3228759765625,-0.3435233235359192,1.3648924827575684,-0.39067065715789795,460,1,6266,8966677,0,-1,0.0,0.0,0,0,0,,3,460,1,6266,8914443,0,416,0.0,0.0,60,4,-80,LTE,2147483647,2147483647,2147483647,2147483647,0,103,0.0,0.0,61,4,-79,LTE,2147483647,2147483647,2147483647,2147483647,0,102,0.0,0.0,54,4,-86,LTE
1521796314549,121.49525965,31.28490205,21.0,13.0,2.080096,-109,true,-1,-1,5,53.0,4000.0,30.13153076171875,39.6636962890625,17.7215576171875,-0.5007585883140564,1.319800615310669,-0.4149826765060425,460,1,6266,8966677,0,-1,0.0,0.0,0,0,0,,3,460,1,6266,8914443,0,416,0.0,0.0,61,4,-79,LTE,2147483647,2147483647,2147483647,2147483647,0,102,0.0,0.0,51,4,-89,LTE,2147483647,2147483647,2147483647,2147483647,0,103,0.0,0.0,55,4,-85,LTE
1521796315607,121.49525965,31.28490205,21.0,13.0,2.080096,-109,true,-1,-1,5,53.0,4000.0,30.13153076171875,38.76495361328125,8.12225341796875,-0.7440693974494934,1.3498013019561768,-0.3880980312824249,460,1,6266,8966677,0,-1,0.0,0.0,0,0,0,,3,460,1,6266,8914443,0,416,0.0,0.0,61,4,-79,LTE,2147483647,2147483647,2147483647,2147483647,0,102,0.0,0.0,51,4,-89,LTE,2147483647,2147483647,2147483647,2147483647,0,103,0.0,0.0,55,4,-85,LTE
1521796316687,121.49525965,31.28490205,21.0,13.0,2.080096,-109,true,-1,-1,5,53.0,4000.0,30.65185546875,36.96441650390625,4.22210693359375,-0.7535609006881714,1.2901673316955566,-0.4675650894641876,460,1,6266,8966677,0,-1,0.0,0.0,0,0,0,,3,460,1,6266,8914443,0,416,0.0,0.0,57,4,-83,LTE,2147483647,2147483647,2147483647,2147483647,0,103,0.0,0.0,61,4,-79,LTE,2147483647,2147483647,2147483647,2147483647,0,102,0.0,0.0,47,4,-93,LTE
1521796317766,121.49525965,31.28490205,21.0,13.0,2.080096,-109,true,-1,-1,5,53.0,4000.0,27.88238525390625,41.16363525390625,-4.1778564453125,-0.7102576494216919,1.3042302131652832,-0.7696082592010498,460,1,6266,8966677,0,-1,0.0,0.0,0,0,0,,3,460,1,6266,8914443,0,416,0.0,0.0,57,4,-83,LTE,2147483647,2147483647,2147483647,2147483647,0,103,0.0,0.0,61,4,-79,LTE,2147483647,2147483647,2147483647,2147483647,0,102,0.0,0.0,47,4,-93,LTE
1521796318843,121.49525965,31.28490205,21.0,13.0,2.080096,-109,true,-1,-1,5,53.0,4000.0,35.321044921875,36.06414794921875,4.522705078125,-0.973476767539978,1.3154919147491455,-0.26741400361061096,460,1,6266,8966677,0,-1,0.0,0.0,0,0,0,,3,460,1,6266,8914443,0,416,0.0,0.0,54,4,-86,LTE,2147483647,2147483647,2147483647,2147483647,0,103,0.0,0.0,53,4,-87,LTE,2147483647,2147483647,2147483647,2147483647,0,102,0.0,0.0,50,4,-90,LTE
1521796319919,121.49525965,31.28490205,21.0,13.0,2.080096,-109,true,-1,-1,5,53.0,4000.0,36.541748046875,34.86480712890625,0.62255859375,-1.2623051404953003,1.405837059020996,-0.14373120665550232,460,1,6266,8966677,0,-1,0.0,0.0,0,0,0,,3,460,1,6266,8914443,0,416,0.0,0.0,54,4,-86,LTE,2147483647,2147483647,2147483647,2147483647,0,103,0.0,0.0,53,4,-87,LTE,2147483647,2147483647,2147483647,2147483647,0,102,0.0,0.0,50,4,-90,LTE
1521796321021,121.49525965,31.28490205,21.0,13.0,2.080096,-109,true,-1,-1,5,53.0,4000.0,34.46197509765625,35.7635498046875,-3.57818603515625,-1.4762978553771973,1.4025864601135254,-0.0239227544516325,460,1,6266,8966677,0,-1,0.0,0.0,0,0,0,,2,460,1,6266,8966687,0,103,0.0,0.0,55,4,-85,LTE,2147483647,2147483647,2147483647,2147483647,0,416,0.0,0.0,55,4,-85,LTE
1521796322097,121.49525965,31.28490205,21.0,13.0,2.080096,-109,true,-1,-1,5,53.0,4000.0,30.30242919921875,35.16387939453125,-8.978271484375,-1.1141821146011353,1.3160473108291626,-0.4964572787284851,460,1,6266,8966677,0,-1,0.0,0.0,0,0,0,,2,460,1,6266,8966687,0,103,0.0,0.0,55,4,-85,LTE,2147483647,2147483647,2147483647,2147483647,0,416,0.0,0.0,55,4,-85,LTE
1521796323172,121.49525965,31.28490205,21.0,13.0,2.080096,-109,true,-1,-1,5,53.0,4000.0,30.99212646484375,36.96441650390625,-2.3773193359375,-1.21906578540802,1.3601109981536865,-0.1951650083065033,460,1,6266,8966677,0,-1,0.0,0.0,0,0,0,,2,460,1,6266,8966687,0,103,0.0,0.0,54,4,-86,LTE,2147483647,2147483647,2147483647,2147483647,0,416,0.0,0.0,52,4,-88,LTE
1521796324251,121.49525965,31.28490205,21.0,13.0,2.080096,-109,true,-1,-1,5,53.0,4000.0,39.31121826171875,30.364990234375,6.02264404296875,-1.2589666843414307,1.3820635080337524,-0.02606434002518654,460,1,6266,8966677,0,-1,0.0,0.0,0,0,0,,2,460,1,6266,8966687,0,103,0.0,0.0,54,4,-86,LTE,2147483647,2147483647,2147483647,2147483647,0,416,0.0,0.0,52,4,-88,LTE
1521796325350,121.49525965,31.28490205,21.0,13.0,2.080096,-109,true,-1,-1,5,53.0,4000.0,43.81103515625,26.46484375,-10.77728271484375,-1.457550287246704,1.2978219985961914,-0.19494755566120148,460,1,6266,8966677,0,-1,0.0,0.0,0,0,0,,2,460,1,6266,8966687,0,103,0.0,0.0,53,4,-87,LTE,2147483647,2147483647,2147483647,2147483647,0,416,0.0,0.0,52,4,-88,LTE
1521796326427,121.49525965,31.28490205,21.0,13.0,2.080096,-109,true,-1,-1,5,53.0,4000.0,46.93145751953125,22.86376953125,-19.7784423828125,-1.7433795928955078,1.0675981044769287,0.04238006845116615,460,1,6266,8966677,0,-1,0.0,0.0,0,0,0,,2,460,1,6266,8966687,0,103,0.0,0.0,53,4,-87,LTE,2147483647,2147483647,2147483647,2147483647,0,416,0.0,0.0,52,4,-88,LTE
1521796327523,121.49525965,31.28490205,21.0,13.0,2.080096,-109,true,-1,-1,5,53.0,4000.0,42.6025390625,26.763916015625,4.522705078125,-1.8323498964309692,1.1626909971237183,0.6518397927284241,460,1,6266,8966677,0,-1,0.0,0.0,0,0,0,,2,460,1,6266,8966687,0,103,0.0,0.0,53,4,-87,LTE,2147483647,2147483647,2147483647,2147483647,0,416,0.0,0.0,52,4,-88,LTE
1521796328599,121.49525965,31.28490205,21.0,13.0,2.080096,-109,true,-1,-1,5,53.0,4000.0,17.31109619140625,39.96429443359375,24.322509765625,-0.19967180490493774,1.315037727355957,-0.3579094111919403,460,1,6266,8966677,0,-1,0.0,0.0,0,0,0,,2,460,1,6266,8966687,0,103,0.0,0.0,53,4,-87,LTE,2147483647,2147483647,2147483647,2147483647,0,416,0.0,0.0,52,4,-88,LTE
1521796329679,121.49525965,31.28490205,21.0,13.0,2.080096,-109,true,-1,-1,5,53.0,4000.0,30.30242919921875,39.3646240234375,8.4228515625,0.5621238946914673,1.4059463739395142,-1.965782880783081,460,1,6266,8966677,0,-1,0.0,0.0,0,0,0,,2,460,1,6266,8966687,0,103,0.0,0.0,54,4,-86,LTE,2147483647,2147483647,2147483647,2147483647,0,416,0.0,0.0,57,4,-83,LTE
1521796330777,121.49525965,31.28490205,21.0,13.0,2.080096,-109,true,-1,-1,5,53.0,4000.0,31.512451171875,33.96453857421875,17.12188720703125,-0.379789799451828,1.3939870595932007,-0.6367471218109131,460,1,6266,8966677,0,-1,0.0,0.0,0,0,0,,2,460,1,6266,8966687,0,103,0.0,0.0,54,4,-86,LTE,2147483647,2147483647,2147483647,2147483647,0,416,0.0,0.0,57,4,-83,LTE
1521796331855,121.49525965,31.28490205,21.0,13.0,2.080096,-109,true,-1,-1,5,53.0,4000.0,31.341552734375,27.96478271484375,22.82257080078125,1.1600556373596191,1.4212197065353394,-2.1969738006591797,460,1,6266,8966677,0,-1,0.0,0.0,0,0,0,,2,460,1,6266,8966687,0,103,0.0,0.0,52,4,-88,LTE,2147483647,2147483647,2147483647,2147483647,0,416,0.0,0.0,49,4,-91,LTE
1521796332929,121.49525965,31.28490205,21.0,13.0,2.080096,-109,true,-1,-1,5,53.0,4000.0,34.80224609375,29.16412353515625,18.621826171875,1.3575135469436646,1.2303807735443115,-2.68235445022583,460,1,6266,8966677,0,-1,0.0,0.0,0,0,0,,2,460,1,6266,8966687,0,103,0.0,0.0,52,4,-88,LTE,2147483647,2147483647,2147483647,2147483647,0,416,0.0,0.0,49,4,-91,LTE
1521796334027,121.49525965,31.28490205,21.0,13.0,2.080096,-109,true,-1,-1,5,53.0,4000.0,35.84136962890625,27.6641845703125,21.6217041015625,1.3107142448425293,1.2655025720596313,-2.5286765098571777,460,1,6266,8966677,0,-1,0.0,0.0,0,0,0,,3,460,1,6266,8966687,0,103,0.0,0.0,52,4,-88,LTE,2147483647,2147483647,2147483647,2147483647,0,416,0.0,0.0,48,4,-92,LTE,2147483647,2147483647,2147483647,2147483647,0,314,0.0,0.0,40,3,-100,LTE
1521796335106,121.49525965,31.28490205,21.0,13.0,2.080096,-109,true,-1,-1,5,53.0,4000.0,36.541748046875,28.26385498046875,16.82281494140625,1.1834650039672852,1.4363471269607544,-2.4076290130615234,460,1,6266,8966677,0,-1,0.0,0.0,0,0,0,,3,460,1,6266,8966687,0,103,0.0,0.0,52,4,-88,LTE,2147483647,2147483647,2147483647,2147483647,0,416,0.0,0.0,48,4,-92,LTE,2147483647,2147483647,2147483647,2147483647,0,314,0.0,0.0,40,3,-100,LTE
1521796336207,121.49525965,31.28490205,21.0,13.0,2.080096,-109,true,-1,-1,5,53.0,4000.0,34.80224609375,28.26385498046875,20.42236328125,0.09970670938491821,1.5332916975021362,-1.1423819065093994,460,1,6266,8966677,0,-1,0.0,0.0,0,0,0,,3,460,1,6266,8966687,0,103,0.0,0.0,53,4,-87,LTE,2147483647,2147483647,2147483647,2147483647,0,416,0.0,0.0,51,4,-89,LTE,2147483647,2147483647,2147483647,2147483647,0,314,0.0,0.0,44,3,-96,LTE
1521796337283,121.49525965,31.28490205,21.0,13.0,2.080096,-109,true,-1,-1,5,53.0,4000.0,18.8720703125,34.86480712890625,26.422119140625,-0.5235695242881775,1.3310577869415283,0.01960844174027443,460,1,6266,8966677,0,-1,0.0,0.0,0,0,0,,3,460,1,6266,8966687,0,103,0.0,0.0,53,4,-87,LTE,2147483647,2147483647,2147483647,2147483647,0,416,0.0,0.0,51,4,-89,LTE,2147483647,2147483647,2147483647,2147483647,0,314,0.0,0.0,44,3,-96,LTE
1521796338379,121.49525965,31.28490205,21.0,13.0,2.080096,-109,true,-1,-1,5,53.0,4000.0,15.2313232421875,33.3648681640625,32.122802734375,0.5234308838844299,1.3518447875976563,-1.0584772825241089,460,1,6266,8966677,0,-1,0.0,0.0,0,0,0,,3,460,1,6266,8966687,0,103,0.0,0.0,57,4,-83,LTE,2147483647,2147483647,2147483647,2147483647,0,416,0.0,0.0,55,4,-85,LTE,2147483647,2147483647,2147483647,2147483647,0,314,0.0,0.0,44,3,-96,LTE
1521796339439,121.49525965,31.28490205,21.0,13.0,2.080096,-109,true,-1,-1,5,53.0,4000.0,27.88238525390625,35.16387939453125,21.6217041015625,0.6974567770957947,1.3024712800979614,-1.7638542652130127,460,1,6266,8966677,0,-1,0.0,0.0,0,0,0,,3,460,1,6266,8966687,0,103,0.0,0.0,57,4,-83,LTE,2147483647,2147483647,2147483647,2147483647,0,416,0.0,0.0,55,4,-85,LTE,2147483647,2147483647,2147483647,2147483647,0,314,0.0,0.0,44,3,-96,LTE
1521796340514,121.49525965,31.28490205,21.0,13.0,2.080096,-109,true,-1,-1,5,53.0,4000.0,37.06207275390625,34.26361083984375,-8.0780029296875,0.35534676909446716,1.4607930183410645,-2.1733052730560303,460,1,6266,8966677,0,-1,0.0,0.0,0,0,0,,3,460,1,6266,8966687,0,103,0.0,0.0,53,4,-87,LTE,2147483647,2147483647,2147483647,2147483647,0,416,0.0,0.0,51,4,-89,LTE,2147483647,2147483647,2147483647,2147483647,0,314,0.0,0.0,34,2,-106,LTE
1521796341597,121.49525965,31.28490205,21.0,13.0,2.080096,-109,true,-1,-1,5,53.0,4000.0,37.06207275390625,30.364990234375,17.12188720703125,-0.3804667294025421,1.3697980642318726,-0.7091965675354004,460,1,6266,8966677,0,-1,0.0,0.0,0,0,0,,3,460,1,6266,8966687,0,103,0.0,0.0,53,4,-87,LTE,2147483647,2147483647,2147483647,2147483647,0,416,0.0,0.0,51,4,-89,LTE,2147483647,2147483647,2147483647,2147483647,0,314,0.0,0.0,34,2,-106,LTE
1521796342675,121.49525965,31.28490205,21.0,13.0,2.080096,-109,true,-1,-1,5,53.0,4000.0,36.541748046875,29.16412353515625,18.02215576171875,1.355836033821106,1.4139986038208008,-2.5765786170959473,460,1,6266,8966677,0,-1,0.0,0.0,0,0,0,,2,460,1,6266,8914443,0,416,0.0,0.0,56,4,-84,LTE,2147483647,2147483647,2147483647,2147483647,0,103,0.0,0.0,52,4,-88,LTE
1521796343750,121.49525965,31.28490205,21.0,13.0,2.080096,-109,true,-1,-1,5,53.0,4000.0,35.84136962890625,29.16412353515625,22.82257080078125,1.3486422300338745,1.4424370527267456,-2.437124729156494,460,1,6266,8966677,0,-1,0.0,0.0,0,0,0,,2,460,1,6266,8914443,0,416,0.0,0.0,56,4,-84,LTE,2147483647,2147483647,2147483647,2147483647,0,103,0.0,0.0,52,4,-88,LTE
1521796344828,121.49525965,31.28490205,21.0,13.0,2.080096,-109,true,-1,-1,5,53.0,4000.0,51.7822265625,-12.835693359375,4.82177734375,-2.5166783332824707,0.38269639015197754,1.2403619289398193,460,1,6266,8966677,0,-1,0.0,0.0,0,0,0,,3,460,1,6266,8914443,0,416,0.0,0.0,49,4,-91,LTE,2147483647,2147483647,2147483647,2147483647,0,103,0.0,0.0,49,4,-91,LTE,2147483647,2147483647,2147483647,2147483647,0,102,0.0,0.0,48,4,-92,LTE
1521796345886,121.49525965,31.28490205,21.0,13.0,2.080096,-109,true,-1,-1,5,53.0,4000.0,45.721435546875,-19.13604736328125,-18.878173828125,-2.3359692096710205,0.4472012221813202,0.41855764389038086,460,1,6266,8966677,0,-1,0.0,0.0,0,0,0,,3,460,1,6266,8914443,0,416,0.0,0.0,49,4,-91,LTE,2147483647,2147483647,2147483647,2147483647,0,103,0.0,0.0,49,4,-91,LTE,2147483647,2147483647,2147483647,2147483647,0,102,0.0,0.0,48,4,-92,LTE
1521796347058,121.49525965,31.28490205,21.0,13.0,2.080096,-110,true,-1,-1,5,53.0,4000.0,-16.63818359375,-43.13507080078125,-20.67718505859375,2.583836317062378,-0.29624947905540466,0.4087085723876953,460,1,6266,8966687,0,-1,0.0,0.0,0,0,0,,2,460,1,6266,8966687,0,103,0.0,0.0,53,4,-87,LTE,2147483647,2147483647,2147483647,2147483647,0,416,0.0,0.0,49,4,-91,LTE
1521796348081,121.49525965,31.28490205,21.0,13.0,2.080096,-110,true,-1,-1,5,53.0,4000.0,-17.15850830078125,-44.3359375,-21.57745361328125,2.7126760482788086,-0.12561026215553284,0.08704984933137894,460,1,6266,8966687,0,-1,0.0,0.0,0,0,0,,2,460,1,6266,8966687,0,103,0.0,0.0,53,4,-87,LTE,2147483647,2147483647,2147483647,2147483647,0,416,0.0,0.0,49,4,-91,LTE
1521796349410,121.49525965,31.28490205,21.0,13.0,2.080096,-110,true,-1,-1,5,53.0,4000.0,-30.8380126953125,-32.33642578125,-21.27838134765625,2.313321590423584,-0.12326174974441528,0.08115466684103012,460,1,6266,8966687,0,-1,0.0,0.0,0,0,0,,2,460,1,6266,8966687,0,103,0.0,0.0,53,4,-87,LTE,2147483647,2147483647,2147483647,2147483647,0,416,0.0,0.0,48,4,-92,LTE
1521796350373,121.49525965,31.28490205,21.0,13.0,2.080096,-110,true,-1,-1,5,53.0,4000.0,-36.8988037109375,-29.93621826171875,-14.37835693359375,2.161672830581665,-0.28732335567474365,-0.12301375716924667,460,1,6266,8966687,0,-1,0.0,0.0,0,0,0,,2,460,1,6266,8966687,0,103,0.0,0.0,53,4,-87,LTE,2147483647,2147483647,2147483647,2147483647,0,416,0.0,0.0,48,4,-92,LTE
1521796351439,121.49544035,31.28350973,41.0,18.0,0.0,-110,true,-1,-1,5,53.0,4000.0,-32.73773193359375,-30.535888671875,-21.57745361328125,2.1697680950164795,-0.3103124797344208,0.03313996270298958,460,1,6266,8966687,0,-1,0.0,0.0,0,0,0,,1,460,1,6266,8966687,0,103,0.0,0.0,54,4,-86,LTE
1521796352498,121.49544035,31.28350973,41.0,18.0,0.0,-110,true,-1,-1,5,53.0,4000.0,-29.62799072265625,-32.635498046875,-19.7784423828125,2.257014513015747,-0.3248250186443329,0.06044044718146324,460,1,6266,8966687,0,-1,0.0,0.0,0,0,0,,1,460,1,6266,8966687,0,103,0.0,0.0,54,4,-86,LTE
