IMEI:862305032225518
IMSI:460091042103139
OSVersion:3.10.73-perf-g94fc9a6
apiLevel:5.1.1
model:Redmi Note 3
device:kenzo
product:kenzo
193
1521794140405,121.49942221,31.28521149,-96.0,42.0,0.0,-109,true,-1,-1,5,55.0,4000.0,-37.60986328125,-60.516357421875,66.4215087890625,2.8822669982910156,-0.41814297437667847,0.2156130075454712,460,1,6266,8898335,0,-1,0.0,0.0,0,0,0,,2,460,1,6266,8898335,0,246,0.0,0.0,75,4,-65,LTE,2147483647,2147483647,2147483647,2147483647,0,389,0.0,0.0,36,3,-104,LTE
1521794141467,121.49942221,31.28521149,-96.0,42.0,0.0,-109,true,-1,-1,5,55.0,4000.0,-36.39984130859375,-61.4166259765625,66.72210693359375,2.9073972702026367,-0.42447206377983093,0.22574184834957123,460,1,6266,8898335,0,-1,0.0,0.0,0,0,0,,2,460,1,6266,8898335,0,246,0.0,0.0,75,4,-65,LTE,2147483647,2147483647,2147483647,2147483647,0,389,0.0,0.0,36,3,-104,LTE
1521794142700,121.49942221,31.28521149,-96.0,42.0,0.0,-109,true,-1,-1,5,55.0,4000.0,-39.5111083984375,-59.91668701171875,68.52264404296875,2.874216079711914,-0.3908317983150482,0.2270645946264267,460,1,6266,8898335,0,-1,0.0,0.0,0,0,0,,2,460,1,6266,8898335,0,246,0.0,0.0,72,4,-68,LTE,2147483647,2147483647,2147483647,2147483647,0,389,0.0,0.0,36,3,-104,LTE
1521794143587,121.49915439,31.28512463,-9.0,16.0,0.0,-109,true,-1,-1,5,55.0,4000.0,-37.60986328125,-50.3173828125,73.62213134765625,2.553938627243042,-0.22066941857337952,-0.07474026829004288,460,1,6266,8898335,0,-1,0.0,0.0,0,0,0,,2,460,1,6266,8898335,0,246,0.0,0.0,72,4,-68,LTE,2147483647,2147483647,2147483647,2147483647,0,389,0.0,0.0,36,3,-104,LTE
1521794144647,121.49915439,31.28512463,-9.0,16.0,0.0,-109,true,-1,-1,5,55.0,4000.0,-38.470458984375,-47.3175048828125,74.52239990234375,2.5244076251983643,-0.1500300168991089,-0.033774234354496,460,1,6266,8898335,0,-1,0.0,0.0,0,0,0,,2,460,1,6266,8898335,0,246,0.0,0.0,77,4,-63,LTE,2147483647,2147483647,2147483647,2147483647,0,389,0.0,0.0,36,3,-104,LTE
1521794145723,121.49910202,31.28509295,1.0,9.0,0.0,-109,true,-1,-1,5,55.0,4000.0,-40.0299072265625,-44.91729736328125,74.82147216796875,2.4567148685455322,-0.11415479332208633,-0.04343032091856003,460,1,6266,8898335,0,-1,0.0,0.0,0,0,0,,2,460,1,6266,8898335,0,246,0.0,0.0,77,4,-63,LTE,2147483647,2147483647,2147483647,2147483647,0,389,0.0,0.0,36,3,-104,LTE
1521794146787,121.49910202,31.28509295,1.0,9.0,0.0,-109,true,-1,-1,5,55.0,4000.0,-37.78076171875,-54.5166015625,70.3216552734375,2.652768850326538,-0.24602974951267242,0.007277647033333778,460,1,6266,8898335,0,-1,0.0,0.0,0,0,0,,2,460,1,6266,8898335,0,246,0.0,0.0,76,4,-64,LTE,2147483647,2147483647,2147483647,2147483647,0,389,0.0,0.0,36,3,-104,LTE
1521794147848,121.49908113,31.2850765,-3.0,8.0,0.0,-109,true,-1,-1,5,55.0,4000.0,-30.8502197265625,-60.21728515625,67.92144775390625,2.6905829906463623,0.3528278172016144,0.22194147109985352,460,1,6266,8898335,0,-1,0.0,0.0,0,0,0,,2,460,1,6266,8898335,0,246,0.0,0.0,76,4,-64,LTE,2147483647,2147483647,2147483647,2147483647,0,389,0.0,0.0,36,3,-104,LTE
1521794148945,121.49908113,31.2850765,-3.0,8.0,0.0,-109,true,-1,-1,5,55.0,4000.0,-28.95050048828125,-39.21661376953125,83.221435546875,-1.6426526308059692,0.8613793849945068,1.6099395751953125,460,1,6266,8898335,0,-1,0.0,0.0,0,0,0,,2,460,1,6266,8898335,0,246,0.0,0.0,74,4,-66,LTE,2147483647,2147483647,2147483647,2147483647,0,389,0.0,0.0,36,3,-104,LTE
1521794150027,121.49907031,31.28507079,4.0,9.0,0.0,-109,true,-1,-1,5,55.0,4000.0,-40.2099609375,-36.81640625,88.32244873046875,-2.3191020488739014,1.2470746040344238,2.6818912029266357,460,1,6266,8898335,0,-1,0.0,0.0,0,0,0,,2,460,1,6266,8898335,0,246,0.0,0.0,74,4,-66,LTE,2147483647,2147483647,2147483647,2147483647,0,389,0.0,0.0,36,3,-104,LTE
1521794151123,121.49907031,31.28507079,4.0,9.0,0.0,-109,true,-1,-1,5,55.0,4000.0,-41.41998291015625,-39.81781005859375,87.42218017578125,-1.8897695541381836,1.4184685945510864,2.2757492065429688,460,1,6266,8898335,0,-1,0.0,0.0,0,0,0,,2,460,1,6266,8898335,0,246,0.0,0.0,80,4,-60,LTE,2147483647,2147483647,2147483647,2147483647,0,389,0.0,0.0,36,3,-104,LTE
1521794152200,121.49908091,31.28507035,-5.0,10.0,0.0,-109,true,-1,-1,5,55.0,4000.0,-42.28057861328125,-38.31634521484375,85.9222412109375,-2.903621196746826,1.448815107345581,-2.93205189704895,460,1,6266,8898335,0,-1,0.0,0.0,0,0,0,,2,460,1,6266,8898335,0,246,0.0,0.0,80,4,-60,LTE,2147483647,2147483647,2147483647,2147483647,0,389,0.0,0.0,36,3,-104,LTE
1521794153284,121.49908091,31.28507035,-5.0,10.0,0.0,-109,true,-1,-1,5,55.0,4000.0,-38.13018798828125,-50.91705322265625,74.52239990234375,0.7765922546386719,1.445227026939392,-0.24608662724494934,460,1,6266,8898335,0,-1,0.0,0.0,0,0,0,,2,460,1,6266,8898335,0,246,0.0,0.0,81,4,-59,LTE,2147483647,2147483647,2147483647,2147483647,0,389,0.0,0.0,36,3,-104,LTE
1521794154362,121.49908091,31.28507035,-5.0,10.0,0.0,-109,true,-1,-1,5,55.0,4000.0,-57.53021240234375,-59.01641845703125,79.3212890625,2.0837652683258057,1.2786091566085815,-1.3182001113891602,460,1,6266,8898335,0,-1,0.0,0.0,0,0,0,,2,460,1,6266,8898335,0,246,0.0,0.0,81,4,-59,LTE,2147483647,2147483647,2147483647,2147483647,0,389,0.0,0.0,36,3,-104,LTE
1521794155442,121.49909976,31.28508531,-3.0,11.0,0.5903388,-109,true,-1,-1,5,55.0,4000.0,-50.08087158203125,-50.616455078125,76.62200927734375,1.100274682044983,1.3297593593597412,-0.3887069523334503,460,1,6266,8898335,0,-1,0.0,0.0,0,0,0,,2,460,1,6266,8898335,0,246,0.0,0.0,78,4,-62,LTE,2147483647,2147483647,2147483647,2147483647,0,389,0.0,0.0,36,3,-104,LTE
1521794156506,121.49909976,31.28508531,-3.0,11.0,0.5903388,-109,true,-1,-1,5,55.0,4000.0,-61.1602783203125,-51.81732177734375,85.02197265625,1.357650637626648,1.3439631462097168,-0.616922914981842,460,1,6266,8898335,0,-1,0.0,0.0,0,0,0,,2,460,1,6266,8898335,0,246,0.0,0.0,78,4,-62,LTE,2147483647,2147483647,2147483647,2147483647,0,389,0.0,0.0,36,3,-104,LTE
1521794157603,121.49908669,31.28511221,-4.0,9.0,1.0890363,-109,true,-1,-1,5,55.0,4000.0,-54.06036376953125,-48.2177734375,82.32269287109375,0.951214611530304,1.3585278987884521,-0.27404171228408813,460,1,6266,8898335,0,-1,0.0,0.0,0,0,0,,2,460,1,6266,8898335,0,246,0.0,0.0,74,4,-66,LTE,2147483647,2147483647,2147483647,2147483647,0,389,0.0,0.0,36,3,-104,LTE
1521794158724,121.49908669,31.28511221,-4.0,9.0,1.0890363,-109,true,-1,-1,5,55.0,4000.0,-58.740234375,-55.1177978515625,82.62176513671875,1.4958115816116333,1.2745691537857056,-0.7081737518310547,460,1,6266,8898335,0,-1,0.0,0.0,0,0,0,,2,460,1,6266,8898335,0,246,0.0,0.0,74,4,-66,LTE,2147483647,2147483647,2147483647,2147483647,0,389,0.0,0.0,36,3,-104,LTE
1521794159821,121.49905995,31.28514943,1.0,9.0,0.95126235,-109,true,-1,-1,5,55.0,4000.0,-50.421142578125,-49.71771240234375,81.42242431640625,0.7626929879188538,1.3851168155670166,-0.1327720433473587,460,1,6266,8898335,0,-1,0.0,0.0,0,0,0,,2,460,1,6266,8898335,0,246,0.0,0.0,70,4,-70,LTE,2147483647,2147483647,2147483647,2147483647,0,389,0.0,0.0,36,3,-104,LTE
1521794160924,121.49905995,31.28514943,1.0,9.0,0.95126235,-109,true,-1,-1,5,55.0,4000.0,-48.17047119140625,-50.01678466796875,82.92236328125,0.736006498336792,1.332719087600708,-0.11179958283901215,460,1,6266,8898335,0,-1,0.0,0.0,0,0,0,,2,460,1,6266,8898335,0,246,0.0,0.0,70,4,-70,LTE,2147483647,2147483647,2147483647,2147483647,0,389,0.0,0.0,36,3,-104,LTE
1521794161982,121.49903206,31.28517987,6.0,9.0,1.0748953,-109,true,-1,-1,5,55.0,4000.0,-48.5198974609375,-51.5167236328125,82.32269287109375,1.3459614515304565,1.3241783380508423,-0.6741297245025635,460,1,6266,8898335,0,-1,0.0,0.0,0,0,0,,2,460,1,6266,8898335,0,246,0.0,0.0,70,4,-70,LTE,2147483647,2147483647,2147483647,2147483647,0,103,0.0,0.0,48,4,-92,LTE
1521794163085,121.49903206,31.28517987,6.0,9.0,1.0748953,-109,true,-1,-1,5,55.0,4000.0,-56.4910888671875,-53.3172607421875,84.72137451171875,1.4590388536453247,1.3179267644882202,-0.732507586479187,460,1,6266,8898335,0,-1,0.0,0.0,0,0,0,,2,460,1,6266,8898335,0,246,0.0,0.0,70,4,-70,LTE,2147483647,2147483647,2147483647,2147483647,0,103,0.0,0.0,48,4,-92,LTE
1521794164146,121.49902115,31.28520186,10.0,8.0,1.8317479,-109,true,-1,-1,5,55.0,4000.0,-43.84002685546875,-48.516845703125,82.62176513671875,0.5302644371986389,1.4339888095855713,-0.0024700132198631763,460,1,6266,8898335,0,-1,0.0,0.0,0,0,0,,2,460,1,6266,8898335,0,246,0.0,0.0,69,4,-71,LTE,2147483647,2147483647,2147483647,2147483647,0,103,0.0,0.0,42,3,-98,LTE
1521794165390,121.49902115,31.28520186,10.0,8.0,1.8317479,-109,true,-1,-1,5,55.0,4000.0,-47.650146484375,-49.71771240234375,81.42242431640625,0.6299384832382202,1.376200795173645,-0.030950218439102173,460,1,6266,8898335,0,-1,0.0,0.0,0,0,0,,2,460,1,6266,8898335,0,246,0.0,0.0,69,4,-71,LTE,2147483647,2147483647,2147483647,2147483647,0,103,0.0,0.0,42,3,-98,LTE
1521794166298,121.49899814,31.28524019,16.0,8.0,2.1603706,-109,true,-1,-1,5,55.0,4000.0,-54.41131591796875,-52.4169921875,82.92236328125,0.9778726696968079,1.3039129972457886,-0.2616212069988251,460,1,6266,8898335,0,-1,0.0,0.0,0,0,0,,2,460,1,6266,8898335,0,246,0.0,0.0,74,4,-66,LTE,2147483647,2147483647,2147483647,2147483647,0,103,0.0,0.0,42,3,-98,LTE
1521794167419,121.49899814,31.28524019,16.0,8.0,2.1603706,-109,true,-1,-1,5,55.0,4000.0,-33.80126953125,-53.01666259765625,74.82147216796875,1.3409154415130615,1.270491600036621,-0.7107654213905334,460,1,6266,8898335,0,-1,0.0,0.0,0,0,0,,2,460,1,6266,8898335,0,246,0.0,0.0,74,4,-66,LTE,2147483647,2147483647,2147483647,2147483647,0,103,0.0,0.0,42,3,-98,LTE
1521794168462,121.49897156,31.2852871,17.0,8.0,2.3317375,-109,true,-1,-1,5,55.0,4000.0,-34.320068359375,-51.81732177734375,77.52227783203125,1.1511409282684326,1.2783399820327759,-0.5503946542739868,460,1,6266,8898335,0,-1,0.0,0.0,0,0,0,,2,460,1,6266,8898335,0,246,0.0,0.0,79,4,-61,LTE,2147483647,2147483647,2147483647,2147483647,0,103,0.0,0.0,42,3,-98,LTE
1521794169574,121.49897156,31.2852871,17.0,8.0,2.3317375,-109,true,-1,-1,5,55.0,4000.0,-32.24029541015625,-48.81744384765625,76.3214111328125,0.3545300364494324,1.403200626373291,0.0839138925075531,460,1,6266,8898335,0,-1,0.0,0.0,0,0,0,,2,460,1,6266,8898335,0,246,0.0,0.0,79,4,-61,LTE,2147483647,2147483647,2147483647,2147483647,0,103,0.0,0.0,42,3,-98,LTE
1521794170878,121.49896337,31.2853524,17.0,9.0,2.5721781,-109,true,-1,-1,5,55.0,4000.0,-31.719970703125,-48.516845703125,77.2216796875,0.7824984788894653,1.350396752357483,-0.28971752524375916,460,1,6266,8898335,0,-1,0.0,0.0,0,0,0,,2,460,1,6266,8898335,0,246,0.0,0.0,77,4,-63,LTE,2147483647,2147483647,2147483647,2147483647,0,103,0.0,0.0,42,3,-98,LTE
1521794172125,121.49896337,31.2853524,17.0,9.0,2.5721781,-109,true,-1,-1,5,55.0,4000.0,-31.0302734375,-47.91717529296875,74.82147216796875,0.31549882888793945,1.4138978719711304,0.10998308658599854,460,1,6266,8898335,0,-1,0.0,0.0,0,0,0,,2,460,1,6266,8898335,0,246,0.0,0.0,77,4,-63,LTE,2147483647,2147483647,2147483647,2147483647,0,103,0.0,0.0,42,3,-98,LTE
1521794173018,121.49899238,31.28539849,16.0,8.0,2.270022,-109,true,-1,-1,5,55.0,4000.0,-19.59991455078125,-50.01678466796875,79.022216796875,0.29141467809677124,1.3897055387496948,-0.01194800715893507,460,1,6266,8898335,0,-1,0.0,0.0,0,0,0,,2,460,1,6266,8898335,0,246,0.0,0.0,76,4,-64,LTE,2147483647,2147483647,2147483647,2147483647,0,103,0.0,0.0,42,3,-98,LTE
1521794174093,121.49899238,31.28539849,16.0,8.0,2.270022,-109,true,-1,-1,5,55.0,4000.0,-22.01995849609375,-48.2177734375,75.42266845703125,0.7025837898254395,1.3636125326156616,-0.32548654079437256,460,1,6266,8898335,0,-1,0.0,0.0,0,0,0,,2,460,1,6266,8898335,0,246,0.0,0.0,76,4,-64,LTE,2147483647,2147483647,2147483647,2147483647,0,103,0.0,0.0,42,3,-98,LTE
1521794175192,121.49901202,31.28543846,15.0,8.0,2.6103063,-109,true,-1,-1,5,55.0,4000.0,-35.01129150390625,-49.4171142578125,77.52227783203125,1.2931329011917114,1.3445851802825928,-0.7333616018295288,460,1,6266,8898335,0,-1,0.0,0.0,0,0,0,,2,460,1,6266,8898335,0,246,0.0,0.0,72,4,-68,LTE,2147483647,2147483647,2147483647,2147483647,0,103,0.0,0.0,42,3,-98,LTE
1521794176270,121.49901202,31.28543846,15.0,8.0,2.6103063,-109,true,-1,-1,5,55.0,4000.0,-37.95013427734375,-49.4171142578125,71.82159423828125,1.4842238426208496,1.3350321054458618,-0.8495838642120361,460,1,6266,8898335,0,-1,0.0,0.0,0,0,0,,2,460,1,6266,8898335,0,246,0.0,0.0,72,4,-68,LTE,2147483647,2147483647,2147483647,2147483647,0,103,0.0,0.0,42,3,-98,LTE
1521794177327,121.49902887,31.28548278,17.0,8.0,1.6315024,-109,true,-1,-1,5,55.0,4000.0,-30.50994873046875,-44.61669921875,75.1220703125,0.41910454630851746,1.3956208229064941,0.011520516127347946,460,1,6266,8898335,0,-1,0.0,0.0,0,0,0,,2,460,1,6266,8898335,0,246,0.0,0.0,74,4,-66,LTE,2147483647,2147483647,2147483647,2147483647,0,103,0.0,0.0,42,3,-98,LTE
1521794178425,121.49902887,31.28548278,17.0,8.0,1.6315024,-109,true,-1,-1,5,55.0,4000.0,-24.9603271484375,-45.5169677734375,77.52227783203125,0.6132993102073669,1.3444945812225342,-0.21685129404067993,460,1,6266,8898335,0,-1,0.0,0.0,0,0,0,,2,460,1,6266,8898335,0,246,0.0,0.0,74,4,-66,LTE,2147483647,2147483647,2147483647,2147483647,0,103,0.0,0.0,42,3,-98,LTE
1521794179482,121.49903586,31.28551681,18.0,9.0,1.9802274,-109,true,-1,-1,5,55.0,4000.0,-28.60107421875,-46.417236328125,73.62213134765625,1.1363693475723267,1.3565794229507446,-0.6411817073822021,460,1,6266,8898335,0,-1,0.0,0.0,0,0,0,,2,460,1,6266,8898335,0,246,0.0,0.0,76,4,-64,LTE,2147483647,2147483647,2147483647,2147483647,0,103,0.0,0.0,42,3,-98,LTE
1521794180563,121.49903586,31.28551681,18.0,9.0,1.9802274,-109,true,-1,-1,5,55.0,4000.0,-28.43017578125,-47.01690673828125,73.92120361328125,1.194067120552063,1.292294979095459,-0.6556457877159119,460,1,6266,8898335,0,-1,0.0,0.0,0,0,0,,2,460,1,6266,8898335,0,246,0.0,0.0,76,4,-64,LTE,2147483647,2147483647,2147483647,2147483647,0,103,0.0,0.0,42,3,-98,LTE
1521794181641,121.49901762,31.28558372,17.0,8.0,2.0224736,-109,true,-1,-1,5,55.0,4000.0,-18.3807373046875,-47.91717529296875,76.922607421875,0.27924680709838867,1.4142082929611206,-0.015379154123365879,460,1,6266,8898335,0,-1,0.0,0.0,0,0,0,,1,460,1,6266,8898335,0,246,0.0,0.0,71,4,-69,LTE
1521794182742,121.49901762,31.28558372,17.0,8.0,2.0224736,-109,true,-1,-1,5,55.0,4000.0,-18.73016357421875,-48.81744384765625,76.3214111328125,0.7129059433937073,1.313093662261963,-0.35047149658203125,460,1,6266,8898335,0,-1,0.0,0.0,0,0,0,,1,460,1,6266,8898335,0,246,0.0,0.0,71,4,-69,LTE
1521794183799,121.49905517,31.28562813,17.0,7.0,2.180023,-109,true,-1,-1,5,55.0,4000.0,-23.06060791015625,-52.11639404296875,70.62225341796875,1.2095859050750732,1.2711726427078247,-0.6757208704948425,460,1,6266,8898335,0,-1,0.0,0.0,0,0,0,,1,460,1,6266,8898335,0,246,0.0,0.0,69,4,-71,LTE
1521794184927,121.49905517,31.28562813,17.0,7.0,2.180023,-109,true,-1,-1,5,55.0,4000.0,-30.32989501953125,-50.616455078125,69.42138671875,1.3288010358810425,1.2927803993225098,-0.721859335899353,460,1,6266,8898335,0,-1,0.0,0.0,0,0,0,,1,460,1,6266,8898335,0,246,0.0,0.0,69,4,-71,LTE
1521794185949,121.49906077,31.28566123,15.0,6.0,1.3958868,-109,true,-1,-1,5,55.0,4000.0,-19.08111572265625,-46.71783447265625,72.1221923828125,0.3423870801925659,1.3989839553833008,-0.04307040199637413,460,1,6266,8898335,0,-1,0.0,0.0,0,0,0,,2,460,1,6266,8898335,0,246,0.0,0.0,70,4,-70,LTE,2147483647,2147483647,2147483647,2147483647,0,247,0.0,0.0,60,4,-80,LTE
1521794187052,121.49906077,31.28566123,15.0,6.0,1.3958868,-109,true,-1,-1,5,55.0,4000.0,-23.22998046875,-47.3175048828125,73.321533203125,0.4607716202735901,1.3673145771026611,-0.09017176181077957,460,1,6266,8898335,0,-1,0.0,0.0,0,0,0,,2,460,1,6266,8898335,0,246,0.0,0.0,70,4,-70,LTE,2147483647,2147483647,2147483647,2147483647,0,247,0.0,0.0,60,4,-80,LTE
1521794188114,121.49907789,31.2856844,15.0,6.0,1.6604818,-109,true,-1,-1,5,55.0,4000.0,-28.60107421875,-48.2177734375,71.221923828125,1.155381679534912,1.3163410425186157,-0.6120575666427612,460,1,6266,8898335,0,-1,0.0,0.0,0,0,0,,2,460,1,6266,8898335,0,246,0.0,0.0,70,4,-70,LTE,2147483647,2147483647,2147483647,2147483647,0,247,0.0,0.0,71,4,-69,LTE
1521794189167,121.49907789,31.2856844,15.0,6.0,1.6604818,-109,true,-1,-1,5,55.0,4000.0,-36.920166015625,-49.71771240234375,70.62225341796875,1.5211268663406372,1.278174877166748,-0.8483927845954895,460,1,6266,8898335,0,-1,0.0,0.0,0,0,0,,2,460,1,6266,8898335,0,246,0.0,0.0,70,4,-70,LTE,2147483647,2147483647,2147483647,2147483647,0,247,0.0,0.0,71,4,-69,LTE
1521794190267,121.49909962,31.28571296,13.0,6.0,1.990402,-109,true,-1,-1,5,55.0,4000.0,-23.06060791015625,-46.417236328125,74.2218017578125,0.24357174336910248,1.37920343875885,0.08941781520843506,460,1,6266,8898335,0,-1,0.0,0.0,0,0,0,,2,460,1,6266,8898315,0,247,0.0,0.0,70,4,-70,LTE,2147483647,2147483647,2147483647,2147483647,0,246,0.0,0.0,66,4,-74,LTE
1521794191384,121.49909962,31.28571296,13.0,6.0,1.990402,-109,true,-1,-1,5,55.0,4000.0,-35.53009033203125,-48.2177734375,69.42138671875,1.3992063999176025,1.2861157655715942,-0.7401084899902344,460,1,6266,8898335,0,-1,0.0,0.0,0,0,0,,2,460,1,6266,8898315,0,247,0.0,0.0,70,4,-70,LTE,2147483647,2147483647,2147483647,2147483647,0,246,0.0,0.0,66,4,-74,LTE
1521794192423,121.49912548,31.28575184,12.0,7.0,2.2003636,-109,true,-1,-1,5,55.0,4000.0,-24.79095458984375,-46.11663818359375,74.82147216796875,0.20677843689918518,1.4088993072509766,0.13517552614212036,460,1,6266,8898335,0,-1,0.0,0.0,0,0,0,,2,460,1,6266,8898315,0,247,0.0,0.0,72,4,-68,LTE,2147483647,2147483647,2147483647,2147483647,0,246,0.0,0.0,60,4,-80,LTE
1521794193518,121.49912548,31.28575184,12.0,7.0,2.2003636,-109,true,-1,-1,5,55.0,4000.0,-35.01129150390625,-50.616455078125,74.52239990234375,1.1205189228057861,1.3528475761413574,-0.5495485663414001,460,1,6266,8898335,0,-1,0.0,0.0,0,0,0,,2,460,1,6266,8898315,0,247,0.0,0.0,72,4,-68,LTE,2147483647,2147483647,2147483647,2147483647,0,246,0.0,0.0,60,4,-80,LTE
1521794194577,121.49921199,31.28593522,17.0,8.0,1.4716657,-109,true,-1,-1,5,55.0,4000.0,-33.80126953125,-48.81744384765625,71.221923828125,1.1186432838439941,1.321081519126892,-0.5213698148727417,460,1,6266,8898335,0,-1,0.0,0.0,0,0,0,,2,460,1,6266,8898315,0,247,0.0,0.0,73,4,-67,LTE,2147483647,2147483647,2147483647,2147483647,0,246,0.0,0.0,60,4,-80,LTE
1521794195656,121.49921199,31.28593522,17.0,8.0,1.4716657,-109,true,-1,-1,5,55.0,4000.0,-28.77044677734375,-43.4173583984375,72.1221923828125,0.37601548433303833,1.384150743484497,0.04769888147711754,460,1,6266,8898335,0,-1,0.0,0.0,0,0,0,,2,460,1,6266,8898315,0,247,0.0,0.0,73,4,-67,LTE,2147483647,2147483647,2147483647,2147483647,0,246,0.0,0.0,60,4,-80,LTE
1521794196736,121.49923409,31.28598299,22.0,7.0,1.841331,-109,true,-1,-1,5,55.0,4000.0,-31.55059814453125,-45.5169677734375,72.1221923828125,1.0697578191757202,1.288694977760315,-0.4941093623638153,460,1,6266,8898335,0,-1,0.0,0.0,0,0,0,,2,460,1,6266,8898315,0,247,0.0,0.0,72,4,-68,LTE,2147483647,2147483647,2147483647,2147483647,0,246,0.0,0.0,60,4,-80,LTE
1521794197824,121.49923409,31.28598299,22.0,7.0,1.841331,-109,true,-1,-1,5,55.0,4000.0,-14.57061767578125,-41.91741943359375,78.72161865234375,0.5042600035667419,1.3470516204833984,-0.2541489601135254,460,1,6266,8898335,0,-1,0.0,0.0,0,0,0,,2,460,1,6266,8898315,0,247,0.0,0.0,72,4,-68,LTE,2147483647,2147483647,2147483647,2147483647,0,246,0.0,0.0,60,4,-80,LTE
1521794198918,121.49924837,31.28598341,22.0,6.0,0.77524185,-109,true,-1,-1,5,55.0,4000.0,-0.37078857421875,-38.616943359375,93.121337890625,-0.044658113270998,1.3575900793075562,0.04371252655982971,460,1,6266,8898335,0,-1,0.0,0.0,0,0,0,,2,460,1,6266,8898315,0,247,0.0,0.0,78,4,-62,LTE,2147483647,2147483647,2147483647,2147483647,0,246,0.0,0.0,60,4,-80,LTE
1521794200031,121.49924837,31.28598341,22.0,6.0,0.77524185,-109,true,-1,-1,5,55.0,4000.0,-1.409912109375,-38.616943359375,102.72216796875,0.6232712268829346,1.2873512506484985,-0.5281408429145813,460,1,6266,8898335,0,-1,0.0,0.0,0,0,0,,2,460,1,6266,8898315,0,247,0.0,0.0,78,4,-62,LTE,2147483647,2147483647,2147483647,2147483647,0,246,0.0,0.0,60,4,-80,LTE
1521794201072,121.49927034,31.28598287,23.0,7.0,0.78771824,-109,true,-1,-1,5,55.0,4000.0,-5.22003173828125,-35.01739501953125,103.9215087890625,0.7208435535430908,1.2492105960845947,-0.5728145837783813,460,1,6266,8898335,0,-1,0.0,0.0,0,0,0,,2,460,1,6266,8898315,0,247,0.0,0.0,77,4,-63,LTE,2147483647,2147483647,2147483647,2147483647,0,246,0.0,0.0,60,4,-80,LTE
1521794202183,121.49927034,31.28598287,23.0,7.0,0.78771824,-109,true,-1,-1,5,55.0,4000.0,-0.5401611328125,-39.21661376953125,121.6217041015625,0.01097467727959156,1.3795530796051025,-0.005660689435899258,460,1,6266,8898335,0,-1,0.0,0.0,0,0,0,,2,460,1,6266,8898315,0,247,0.0,0.0,77,4,-63,LTE,2147483647,2147483647,2147483647,2147483647,0,246,0.0,0.0,60,4,-80,LTE
1521794203222,121.49929933,31.28597666,25.0,7.0,1.9106543,-109,true,-1,-1,5,55.0,4000.0,2.398681640625,-41.91741943359375,119.5220947265625,0.07360701262950897,1.3764780759811401,-0.08731304109096527,460,1,6266,8898335,0,-1,0.0,0.0,0,0,0,,2,460,1,6266,8898315,0,247,0.0,0.0,75,4,-65,LTE,2147483647,2147483647,2147483647,2147483647,0,246,0.0,0.0,60,4,-80,LTE
1521794204352,121.49929933,31.28597666,25.0,7.0,1.9106543,-109,true,-1,-1,5,55.0,4000.0,-0.19989013671875,-39.21661376953125,112.6220703125,0.8875117301940918,1.3092812299728394,-0.7974187731742859,460,1,6266,8898335,0,-1,0.0,0.0,0,0,0,,2,460,1,6266,8898315,0,247,0.0,0.0,75,4,-65,LTE,2147483647,2147483647,2147483647,2147483647,0,246,0.0,0.0,60,4,-80,LTE
1521794205394,121.49935268,31.28596098,25.0,8.0,1.6500303,-109,true,-1,-1,5,55.0,4000.0,-2.61993408203125,-37.11700439453125,100.62255859375,0.7287067174911499,1.3203238248825073,-0.6252085566520691,460,1,6266,8898335,0,-1,0.0,0.0,0,0,0,,2,460,1,6266,8898315,0,247,0.0,0.0,74,4,-66,LTE,2147483647,2147483647,2147483647,2147483647,0,246,0.0,0.0,60,4,-80,LTE
1521794206486,121.49935268,31.28596098,25.0,8.0,1.6500303,-109,true,-1,-1,5,55.0,4000.0,2.91900634765625,-39.21661376953125,116.8212890625,-0.11479703336954117,1.414881706237793,0.08246463537216187,460,1,6266,8898335,0,-1,0.0,0.0,0,0,0,,2,460,1,6266,8898315,0,247,0.0,0.0,74,4,-66,LTE,2147483647,2147483647,2147483647,2147483647,0,246,0.0,0.0,60,4,-80,LTE
1521794207570,121.49940091,31.28594976,25.0,7.0,1.7901117,-109,true,-1,-1,5,55.0,4000.0,2.569580078125,-39.21661376953125,115.02227783203125,-0.07472207397222519,1.3480393886566162,0.04492395743727684,460,1,6266,8898335,0,-1,0.0,0.0,0,0,0,,2,460,1,6266,8898315,0,247,0.0,0.0,78,4,-62,LTE,2147483647,2147483647,2147483647,2147483647,0,246,0.0,0.0,60,4,-80,LTE
1521794208648,121.49940091,31.28594976,25.0,7.0,1.7901117,-109,true,-1,-1,5,55.0,4000.0,0.31890869140625,-38.31634521484375,108.721923828125,0.7446125149726868,1.3114060163497925,-0.6683703660964966,460,1,6266,8898335,0,-1,0.0,0.0,0,0,0,,2,460,1,6266,8898315,0,247,0.0,0.0,78,4,-62,LTE,2147483647,2147483647,2147483647,2147483647,0,246,0.0,0.0,60,4,-80,LTE
1521794209723,121.49940091,31.28594976,25.0,7.0,1.7901117,-109,true,-1,-1,5,55.0,4000.0,3.60870361328125,-38.91754150390625,113.22174072265625,0.17871911823749542,1.3922228813171387,-0.19694414734840393,460,1,6266,8898335,0,-1,0.0,0.0,0,0,0,,2,460,1,6266,8898315,0,247,0.0,0.0,77,4,-63,LTE,2147483647,2147483647,2147483647,2147483647,0,246,0.0,0.0,60,4,-80,LTE
1521794210802,121.49940091,31.28594976,25.0,7.0,1.7901117,-109,true,-1,-1,5,55.0,4000.0,1.8798828125,-39.5172119140625,115.02227783203125,0.10901756584644318,1.4441460371017456,-0.1197720393538475,460,1,6266,8898335,0,-1,0.0,0.0,0,0,0,,2,460,1,6266,8898315,0,247,0.0,0.0,77,4,-63,LTE,2147483647,2147483647,2147483647,2147483647,0,246,0.0,0.0,60,4,-80,LTE
1521794211882,121.49940091,31.28594976,25.0,7.0,1.7901117,-109,true,-1,-1,5,55.0,4000.0,0.31890869140625,-38.91754150390625,107.5225830078125,0.49312299489974976,1.333858609199524,-0.44388702511787415,460,1,6266,8898335,0,-1,0.0,0.0,0,0,0,,2,460,1,6266,8898315,0,247,0.0,0.0,78,4,-62,LTE,2147483647,2147483647,2147483647,2147483647,0,246,0.0,0.0,60,4,-80,LTE
1521794212958,121.49940091,31.28594976,25.0,7.0,1.7901117,-109,true,-1,-1,5,55.0,4000.0,-2.97088623046875,-36.517333984375,103.021240234375,0.6659047603607178,1.2415717840194702,-0.5381591320037842,460,1,6266,8898335,0,-1,0.0,0.0,0,0,0,,2,460,1,6266,8898315,0,247,0.0,0.0,78,4,-62,LTE,2147483647,2147483647,2147483647,2147483647,0,246,0.0,0.0,60,4,-80,LTE
1521794214058,121.49940091,31.28594976,25.0,7.0,1.7901117,-109,true,-1,-1,5,55.0,4000.0,-1.24053955078125,-34.11712646484375,112.6220703125,0.335658997297287,1.311226725578308,-0.28848373889923096,460,1,6266,8898335,0,-1,0.0,0.0,0,0,0,,2,460,1,6266,8898315,0,247,0.0,0.0,74,4,-66,LTE,2147483647,2147483647,2147483647,2147483647,0,246,0.0,0.0,60,4,-80,LTE
1521794215115,121.49940091,31.28594976,25.0,7.0,1.7901117,-109,true,-1,-1,5,55.0,4000.0,2.7496337890625,-38.91754150390625,111.12213134765625,0.47090232372283936,1.217431664466858,-0.4146561026573181,460,1,6266,8898335,0,-1,0.0,0.0,0,0,0,,2,460,1,6266,8898315,0,247,0.0,0.0,74,4,-66,LTE,2147483647,2147483647,2147483647,2147483647,0,246,0.0,0.0,60,4,-80,LTE
1521794216211,121.49940091,31.28594976,25.0,7.0,1.7901117,-109,true,-1,-1,5,55.0,4000.0,-2.97088623046875,-37.4176025390625,94.62127685546875,0.8174231648445129,1.1535100936889648,-0.6185904145240784,460,1,6266,8898335,0,-1,0.0,0.0,0,0,0,,2,460,1,6266,8898315,0,247,0.0,0.0,78,4,-62,LTE,2147483647,2147483647,2147483647,2147483647,0,246,0.0,0.0,60,4,-80,LTE
1521794217273,121.49940091,31.28594976,25.0,7.0,1.7901117,-109,true,-1,-1,5,55.0,4000.0,1.019287109375,-35.6170654296875,108.721923828125,0.19306312501430511,1.3501776456832886,-0.18410325050354004,460,1,6266,8898335,0,-1,0.0,0.0,0,0,0,,2,460,1,6266,8898315,0,247,0.0,0.0,78,4,-62,LTE,2147483647,2147483647,2147483647,2147483647,0,246,0.0,0.0,60,4,-80,LTE
1521794218372,121.49940091,31.28594976,25.0,7.0,1.7901117,-109,true,-1,-1,5,55.0,4000.0,3.26995849609375,-39.5172119140625,112.6220703125,0.14333708584308624,1.3115078210830688,-0.15477986633777618,460,1,6266,8898335,0,-1,0.0,0.0,0,0,0,,2,460,1,6266,8898315,0,247,0.0,0.0,72,4,-68,LTE,2147483647,2147483647,2147483647,2147483647,0,246,0.0,0.0,60,4,-80,LTE
1521794219430,121.49940091,31.28594976,25.0,7.0,1.7901117,-109,true,-1,-1,5,55.0,4000.0,-1.409912109375,-39.5172119140625,93.121337890625,0.7980920076370239,1.1907070875167847,-0.6287549138069153,460,1,6266,8898335,0,-1,0.0,0.0,0,0,0,,2,460,1,6266,8898315,0,247,0.0,0.0,72,4,-68,LTE,2147483647,2147483647,2147483647,2147483647,0,246,0.0,0.0,60,4,-80,LTE
1521794220583,121.49940091,31.28594976,25.0,7.0,1.7901117,-109,true,-1,-1,5,55.0,4000.0,-3.4912109375,-36.517333984375,98.52142333984375,0.7919111251831055,1.2149134874343872,-0.6291900873184204,460,1,6266,8898335,0,-1,0.0,0.0,0,0,0,,2,460,1,6266,8898315,0,247,0.0,0.0,73,4,-67,LTE,2147483647,2147483647,2147483647,2147483647,0,246,0.0,0.0,60,4,-80,LTE
1521794221645,121.49940091,31.28594976,25.0,7.0,1.7901117,-109,true,-1,-1,5,55.0,4000.0,0.1495361328125,-36.81640625,112.02239990234375,0.10590092092752457,1.341073989868164,-0.09656087309122086,460,1,6266,8898335,0,-1,0.0,0.0,0,0,0,,2,460,1,6266,8898315,0,247,0.0,0.0,73,4,-67,LTE,2147483647,2147483647,2147483647,2147483647,0,246,0.0,0.0,60,4,-80,LTE
1521794222720,121.49940091,31.28594976,25.0,7.0,1.7901117,-109,true,-1,-1,5,55.0,4000.0,0.8392333984375,-37.11700439453125,115.6219482421875,0.07473986595869064,1.3063993453979492,-0.07314487546682358,460,1,6266,8898335,0,-1,0.0,0.0,0,0,0,,2,460,1,6266,8898315,0,247,0.0,0.0,74,4,-66,LTE,2147483647,2147483647,2147483647,2147483647,0,246,0.0,0.0,60,4,-80,LTE
1521794223802,121.49940091,31.28594976,25.0,7.0,1.7901117,-109,true,-1,-1,5,55.0,4000.0,1.35955810546875,-38.91754150390625,106.92138671875,0.5405727624893188,1.2745962142944336,-0.47852417826652527,460,1,6266,8898335,0,-1,0.0,0.0,0,0,0,,2,460,1,6266,8898315,0,247,0.0,0.0,74,4,-66,LTE,2147483647,2147483647,2147483647,2147483647,0,246,0.0,0.0,60,4,-80,LTE
1521794224882,121.49940091,31.28594976,25.0,7.0,1.7901117,-109,true,-1,-1,5,55.0,4000.0,-5.39093017578125,-36.81640625,98.22235107421875,0.8372549414634705,1.2136943340301514,-0.6491292715072632,460,1,6266,8898335,0,-1,0.0,0.0,0,0,0,,3,460,1,6266,8898315,0,247,0.0,0.0,71,4,-69,LTE,2147483647,2147483647,2147483647,2147483647,0,246,0.0,0.0,60,4,-80,LTE,2147483647,2147483647,2147483647,2147483647,0,444,0.0,0.0,96,4,-44,LTE
1521794225961,121.49940091,31.28594976,25.0,7.0,1.7901117,-109,true,-1,-1,5,55.0,4000.0,-4.70123291015625,-37.4176025390625,98.822021484375,0.798224687576294,1.1739393472671509,-0.6010908484458923,460,1,6266,8898335,0,-1,0.0,0.0,0,0,0,,3,460,1,6266,8898315,0,247,0.0,0.0,71,4,-69,LTE,2147483647,2147483647,2147483647,2147483647,0,246,0.0,0.0,60,4,-80,LTE,2147483647,2147483647,2147483647,2147483647,0,444,0.0,0.0,96,4,-44,LTE
1521794227037,121.49940091,31.28594976,25.0,7.0,1.7901117,-109,true,-1,-1,5,55.0,4000.0,-3.8299560546875,-35.91766357421875,102.12249755859375,0.4005291163921356,1.2782979011535645,-0.30791839957237244,460,1,6266,8898335,0,-1,0.0,0.0,0,0,0,,3,460,1,6266,8898315,0,247,0.0,0.0,71,4,-69,LTE,2147483647,2147483647,2147483647,2147483647,0,246,0.0,0.0,54,4,-86,LTE,2147483647,2147483647,2147483647,2147483647,0,444,0.0,0.0,44,3,-96,LTE
1521794228113,121.49940091,31.28594976,25.0,7.0,1.7901117,-109,true,-1,-1,5,55.0,4000.0,-1.24053955078125,-36.21673583984375,108.42132568359375,0.11879134923219681,1.3333640098571777,-0.094732865691185,460,1,6266,8898335,0,-1,0.0,0.0,0,0,0,,3,460,1,6266,8898315,0,247,0.0,0.0,71,4,-69,LTE,2147483647,2147483647,2147483647,2147483647,0,246,0.0,0.0,54,4,-86,LTE,2147483647,2147483647,2147483647,2147483647,0,444,0.0,0.0,44,3,-96,LTE
1521794229198,121.49940091,31.28594976,25.0,7.0,1.7901117,-109,true,-1,-1,5,55.0,4000.0,0.1495361328125,-38.31634521484375,112.6220703125,0.15272629261016846,1.3142637014389038,-0.1359870284795761,460,1,6266,8898335,0,-1,0.0,0.0,0,0,0,,2,460,1,6266,8898315,0,247,0.0,0.0,69,4,-71,LTE,2147483647,2147483647,2147483647,2147483647,0,444,0.0,0.0,56,4,-84,LTE
1521794230275,121.49940091,31.28594976,25.0,7.0,1.7901117,-109,true,-1,-1,5,55.0,4000.0,-0.72021484375,-38.01727294921875,106.92138671875,0.5687718391418457,1.268814206123352,-0.483498752117157,460,1,6266,8898335,0,-1,0.0,0.0,0,0,0,,2,460,1,6266,8898315,0,247,0.0,0.0,69,4,-71,LTE,2147483647,2147483647,2147483647,2147483647,0,444,0.0,0.0,56,4,-84,LTE
1521794231353,121.49940091,31.28594976,25.0,7.0,1.7901117,-109,true,-1,-1,5,55.0,4000.0,-7.12127685546875,-34.716796875,102.42156982421875,0.9136987328529358,1.2436950206756592,-0.7286967635154724,460,1,6266,8898335,0,-1,0.0,0.0,0,0,0,,3,460,1,6266,8898315,0,247,0.0,0.0,65,4,-75,LTE,2147483647,2147483647,2147483647,2147483647,0,248,0.0,0.0,63,4,-77,LTE,2147483647,2147483647,2147483647,2147483647,0,444,0.0,0.0,57,4,-83,LTE
1521794232428,121.49940091,31.28594976,25.0,7.0,1.7901117,-109,true,-1,-1,5,55.0,4000.0,-5.7403564453125,-36.81640625,100.62255859375,0.7175706028938293,1.2185468673706055,-0.544153094291687,460,1,6266,8898335,0,-1,0.0,0.0,0,0,0,,3,460,1,6266,8898315,0,247,0.0,0.0,65,4,-75,LTE,2147483647,2147483647,2147483647,2147483647,0,248,0.0,0.0,63,4,-77,LTE,2147483647,2147483647,2147483647,2147483647,0,444,0.0,0.0,57,4,-83,LTE
1521794233507,121.49940091,31.28594976,25.0,7.0,1.7901117,-109,true,-1,-1,5,55.0,4000.0,-3.1402587890625,-35.91766357421875,115.32135009765625,0.28813818097114563,1.333246111869812,-0.2323780208826065,460,1,6266,8898335,0,-1,0.0,0.0,0,0,0,,3,460,1,6266,8898315,0,247,0.0,0.0,69,4,-71,LTE,2147483647,2147483647,2147483647,2147483647,0,248,0.0,0.0,50,4,-90,LTE,2147483647,2147483647,2147483647,2147483647,0,444,0.0,0.0,51,4,-89,LTE
1521794234588,121.49940091,31.28594976,25.0,7.0,1.7901117,-109,true,-1,-1,5,55.0,4000.0,1.35955810546875,-39.81781005859375,110.5224609375,0.03621964156627655,1.3177337646484375,-0.04410136863589287,460,1,6266,8898335,0,-1,0.0,0.0,0,0,0,,3,460,1,6266,8898315,0,247,0.0,0.0,69,4,-71,LTE,2147483647,2147483647,2147483647,2147483647,0,248,0.0,0.0,50,4,-90,LTE,2147483647,2147483647,2147483647,2147483647,0,444,0.0,0.0,51,4,-89,LTE
1521794235683,121.49940091,31.28594976,25.0,7.0,1.7901117,-109,true,-1,-1,5,55.0,4000.0,-1.7608642578125,-39.81781005859375,105.12237548828125,0.5978741645812988,1.2928577661514282,-0.5038173198699951,460,1,6266,8898335,0,-1,0.0,0.0,0,0,0,,3,460,1,6266,8898315,0,247,0.0,0.0,58,4,-82,LTE,2147483647,2147483647,2147483647,2147483647,0,444,0.0,0.0,60,4,-80,LTE,2147483647,2147483647,2147483647,2147483647,0,248,0.0,0.0,54,4,-86,LTE
1521794236763,121.49940091,31.28594976,25.0,7.0,1.7901117,-109,true,-1,-1,5,55.0,4000.0,-8.160400390625,-40.11688232421875,92.822265625,0.7617673277854919,1.260474681854248,-0.5567134618759155,460,1,6266,8898335,0,-1,0.0,0.0,0,0,0,,3,460,1,6266,8898315,0,247,0.0,0.0,58,4,-82,LTE,2147483647,2147483647,2147483647,2147483647,0,444,0.0,0.0,60,4,-80,LTE,2147483647,2147483647,2147483647,2147483647,0,248,0.0,0.0,54,4,-86,LTE
1521794237840,121.49940091,31.28594976,25.0,7.0,1.7901117,-109,true,-1,-1,5,55.0,4000.0,-1.7608642578125,-37.4176025390625,105.12237548828125,-0.10001108050346375,1.3664292097091675,0.10747921466827393,460,1,6266,8898335,0,-1,0.0,0.0,0,0,0,,3,460,1,6266,8898315,0,247,0.0,0.0,61,4,-79,LTE,2147483647,2147483647,2147483647,2147483647,0,444,0.0,0.0,63,4,-77,LTE,2147483647,2147483647,2147483647,2147483647,0,248,0.0,0.0,55,4,-85,LTE
1521794238922,121.49940091,31.28594976,25.0,7.0,1.7901117,-109,true,-1,-1,5,55.0,4000.0,0.31890869140625,-37.7166748046875,111.12213134765625,0.09091691672801971,1.3268176317214966,-0.08366245776414871,460,1,6266,8898335,0,-1,0.0,0.0,0,0,0,,3,460,1,6266,8898315,0,247,0.0,0.0,61,4,-79,LTE,2147483647,2147483647,2147483647,2147483647,0,444,0.0,0.0,63,4,-77,LTE,2147483647,2147483647,2147483647,2147483647,0,248,0.0,0.0,55,4,-85,LTE
1521794240016,121.49940091,31.28594976,25.0,7.0,1.7901117,-109,true,-1,-1,5,55.0,4000.0,-6.26068115234375,-36.517333984375,103.32183837890625,0.7004609107971191,1.2127199172973633,-0.5259464979171753,460,1,6266,8898335,0,-1,0.0,0.0,0,0,0,,3,460,1,6266,13056267,0,444,0.0,0.0,63,4,-77,LTE,2147483647,2147483647,2147483647,2147483647,0,247,0.0,0.0,55,4,-85,LTE,2147483647,2147483647,2147483647,2147483647,0,248,0.0,0.0,59,4,-81,LTE
1521794241098,121.49940091,31.28594976,25.0,7.0,1.7901117,-109,true,-1,-1,5,55.0,4000.0,-1.409912109375,-35.6170654296875,116.522216796875,0.08600272238254547,1.3752655982971191,-0.0671708807349205,460,1,6266,8898335,0,-1,0.0,0.0,0,0,0,,3,460,1,6266,13056267,0,444,0.0,0.0,63,4,-77,LTE,2147483647,2147483647,2147483647,2147483647,0,247,0.0,0.0,55,4,-85,LTE,2147483647,2147483647,2147483647,2147483647,0,248,0.0,0.0,59,4,-81,LTE
1521794242177,121.49940091,31.28594976,25.0,7.0,1.7901117,-109,true,-1,-1,5,55.0,4000.0,0.1495361328125,-35.6170654296875,115.02227783203125,0.5149689316749573,1.2871735095977783,-0.45587703585624695,460,1,6266,8898335,0,-1,0.0,0.0,0,0,0,,3,460,1,6266,13056267,0,444,0.0,0.0,59,4,-81,LTE,2147483647,2147483647,2147483647,2147483647,0,248,0.0,0.0,58,4,-82,LTE,2147483647,2147483647,2147483647,2147483647,0,247,0.0,0.0,55,4,-85,LTE
1521794243254,121.49940091,31.28594976,25.0,7.0,1.7901117,-109,true,-1,-1,5,55.0,4000.0,-4.70123291015625,-41.3177490234375,96.42181396484375,0.8154609203338623,1.2443902492523193,-0.6367053985595703,460,1,6266,8898335,0,-1,0.0,0.0,0,0,0,,3,460,1,6266,13056267,0,444,0.0,0.0,59,4,-81,LTE,2147483647,2147483647,2147483647,2147483647,0,248,0.0,0.0,58,4,-82,LTE,2147483647,2147483647,2147483647,2147483647,0,247,0.0,0.0,55,4,-85,LTE
1521794244331,121.49940091,31.28594976,25.0,7.0,1.7901117,-109,true,-1,-1,5,55.0,4000.0,-1.580810546875,-39.21661376953125,107.8216552734375,-0.16442729532718658,1.3169878721237183,0.15894927084445953,460,1,6266,8898335,0,-1,0.0,0.0,0,0,0,,2,460,1,6266,13056267,0,444,0.0,0.0,62,4,-78,LTE,2147483647,2147483647,2147483647,2147483647,0,248,0.0,0.0,64,4,-76,LTE
1521794245413,121.49940091,31.28594976,25.0,7.0,1.7901117,-109,true,-1,-1,5,55.0,4000.0,0.8392333984375,-40.11688232421875,108.42132568359375,0.14048601686954498,1.2948848009109497,-0.12885388731956482,460,1,6266,8898335,0,-1,0.0,0.0,0,0,0,,2,460,1,6266,13056267,0,444,0.0,0.0,62,4,-78,LTE,2147483647,2147483647,2147483647,2147483647,0,248,0.0,0.0,64,4,-76,LTE
1521794246509,121.49940091,31.28594976,25.0,7.0,1.7901117,-109,true,-1,-1,5,55.0,4000.0,-4.70123291015625,-36.21673583984375,101.22222900390625,0.5793710947036743,1.2817833423614502,-0.4572295546531677,460,1,6266,8898335,0,-1,0.0,0.0,0,0,0,,2,460,1,6266,13056267,0,444,0.0,0.0,60,4,-80,LTE,2147483647,2147483647,2147483647,2147483647,0,248,0.0,0.0,61,4,-79,LTE
1521794247585,121.49940091,31.28594976,25.0,7.0,1.7901117,-109,true,-1,-1,5,55.0,4000.0,-2.79083251953125,-36.21673583984375,112.92266845703125,0.23226650059223175,1.2465965747833252,-0.17228060960769653,460,1,6266,8898335,0,-1,0.0,0.0,0,0,0,,2,460,1,6266,13056267,0,444,0.0,0.0,60,4,-80,LTE,2147483647,2147483647,2147483647,2147483647,0,248,0.0,0.0,61,4,-79,LTE
1521794248667,121.49940091,31.28594976,25.0,7.0,1.7901117,-109,true,-1,-1,5,55.0,4000.0,1.190185546875,-40.11688232421875,112.02239990234375,0.08893716335296631,1.3362144231796265,-0.0897432342171669,460,1,6266,8898335,0,-1,0.0,0.0,0,0,0,,2,460,1,6266,8898325,0,248,0.0,0.0,65,4,-75,LTE,2147483647,2147483647,2147483647,2147483647,0,444,0.0,0.0,58,4,-82,LTE
1521794249744,121.49940091,31.28594976,25.0,7.0,1.7901117,-109,true,-1,-1,5,55.0,4000.0,-6.781005859375,-37.11700439453125,97.021484375,0.7341992259025574,1.2386709451675415,-0.5510266423225403,460,1,6266,8898335,0,-1,0.0,0.0,0,0,0,,2,460,1,6266,8898325,0,248,0.0,0.0,65,4,-75,LTE,2147483647,2147483647,2147483647,2147483647,0,444,0.0,0.0,58,4,-82,LTE
1521794250820,121.49940091,31.28594976,25.0,7.0,1.7901117,-109,true,-1,-1,5,55.0,4000.0,-0.37078857421875,-38.01727294921875,115.92254638671875,-0.03387489914894104,1.3200981616973877,0.03325971961021423,460,1,6266,8898335,0,-1,0.0,0.0,0,0,0,,2,460,1,6266,8898325,0,248,0.0,0.0,69,4,-71,LTE,2147483647,2147483647,2147483647,2147483647,0,444,0.0,0.0,59,4,-81,LTE
1521794251901,121.49940091,31.28594976,25.0,7.0,1.7901117,-109,true,-1,-1,5,55.0,4000.0,-3.8299560546875,-35.91766357421875,104.522705078125,0.5580630898475647,1.2581236362457275,-0.4426363408565521,460,1,6266,8898335,0,-1,0.0,0.0,0,0,0,,2,460,1,6266,8898325,0,248,0.0,0.0,69,4,-71,LTE,2147483647,2147483647,2147483647,2147483647,0,444,0.0,0.0,59,4,-81,LTE
1521794252998,121.49940091,31.28594976,25.0,7.0,1.7901117,-109,true,-1,-1,5,55.0,4000.0,-2.28118896484375,-38.91754150390625,113.22174072265625,0.3423111140727997,1.2791094779968262,-0.27541300654411316,460,1,6266,8898335,0,-1,0.0,0.0,0,0,0,,2,460,1,6266,8898325,0,248,0.0,0.0,66,4,-74,LTE,2147483647,2147483647,2147483647,2147483647,0,444,0.0,0.0,60,4,-80,LTE
1521794254077,121.49940091,31.28594976,25.0,7.0,1.7901117,-109,true,-1,-1,5,55.0,4000.0,1.708984375,-39.5172119140625,111.7218017578125,0.008675030432641506,1.2684260606765747,-0.022663462907075882,460,1,6266,8898335,0,-1,0.0,0.0,0,0,0,,2,460,1,6266,8898325,0,248,0.0,0.0,66,4,-74,LTE,2147483647,2147483647,2147483647,2147483647,0,444,0.0,0.0,60,4,-80,LTE
1521794255153,121.49940091,31.28594976,25.0,7.0,1.7901117,-109,true,-1,-1,5,55.0,4000.0,-3.3111572265625,-38.31634521484375,102.42156982421875,0.34422767162323,1.3280298709869385,-0.27212607860565186,460,1,6266,8898335,0,-1,0.0,0.0,0,0,0,,2,460,1,6266,8898325,0,248,0.0,0.0,70,4,-70,LTE,2147483647,2147483647,2147483647,2147483647,0,444,0.0,0.0,60,4,-80,LTE
1521794256234,121.49940091,31.28594976,25.0,7.0,1.7901117,-109,true,-1,-1,5,55.0,4000.0,0.49896240234375,-38.31634521484375,114.422607421875,-0.18504077196121216,1.3299611806869507,0.16074605286121368,460,1,6266,8898335,0,-1,0.0,0.0,0,0,0,,2,460,1,6266,8898325,0,248,0.0,0.0,70,4,-70,LTE,2147483647,2147483647,2147483647,2147483647,0,444,0.0,0.0,60,4,-80,LTE
1521794257310,121.49940091,31.28594976,25.0,7.0,1.7901117,-109,true,-1,-1,5,55.0,4000.0,-2.28118896484375,-37.4176025390625,111.42120361328125,0.3980071544647217,1.3403651714324951,-0.33821213245391846,460,1,6266,8898335,0,-1,0.0,0.0,0,0,0,,2,460,1,6266,8898325,0,248,0.0,0.0,66,4,-74,LTE,2147483647,2147483647,2147483647,2147483647,0,444,0.0,0.0,63,4,-77,LTE
1521794258393,121.49940091,31.28594976,25.0,7.0,1.7901117,-109,true,-1,-1,5,55.0,4000.0,-5.39093017578125,-35.6170654296875,106.622314453125,0.7593603730201721,1.2996981143951416,-0.6276657581329346,460,1,6266,8898335,0,-1,0.0,0.0,0,0,0,,2,460,1,6266,8898325,0,248,0.0,0.0,66,4,-74,LTE,2147483647,2147483647,2147483647,2147483647,0,444,0.0,0.0,63,4,-77,LTE
1521794259471,121.49940091,31.28594976,25.0,7.0,1.7901117,-109,true,-1,-1,5,55.0,4000.0,3.08990478515625,-40.716552734375,110.5224609375,-0.3181944787502289,1.3872162103652954,0.26417556405067444,460,1,6266,8898335,0,-1,0.0,0.0,0,0,0,,2,460,1,6266,8898325,0,248,0.0,0.0,70,4,-70,LTE,2147483647,2147483647,2147483647,2147483647,0,444,0.0,0.0,66,4,-74,LTE
1521794260546,121.49940091,31.28594976,25.0,7.0,1.7901117,-109,true,-1,-1,5,55.0,4000.0,-2.4505615234375,-38.91754150390625,99.7222900390625,0.36952170729637146,1.2989771366119385,-0.2945087254047394,460,1,6266,8898335,0,-1,0.0,0.0,0,0,0,,2,460,1,6266,8898325,0,248,0.0,0.0,70,4,-70,LTE,2147483647,2147483647,2147483647,2147483647,0,444,0.0,0.0,66,4,-74,LTE
1521794261627,121.49940091,31.28594976,25.0,7.0,1.7901117,-109,true,-1,-1,5,55.0,4000.0,-1.409912109375,-38.31634521484375,108.721923828125,0.3617333471775055,1.2901952266693115,-0.30104681849479675,460,1,6266,8898335,0,-1,0.0,0.0,0,0,0,,2,460,1,6266,8898325,0,248,0.0,0.0,75,4,-65,LTE,2147483647,2147483647,2147483647,2147483647,0,444,0.0,0.0,59,4,-81,LTE
1521794262689,121.49940091,31.28594976,25.0,7.0,1.7901117,-109,true,-1,-1,5,55.0,4000.0,1.190185546875,-40.11688232421875,115.6219482421875,-0.09107444435358047,1.2783921957015991,0.06783628463745117,460,1,6266,8898335,0,-1,0.0,0.0,0,0,0,,2,460,1,6266,8898325,0,248,0.0,0.0,75,4,-65,LTE,2147483647,2147483647,2147483647,2147483647,0,444,0.0,0.0,59,4,-81,LTE
1521794263786,121.49940091,31.28594976,25.0,7.0,1.7901117,-109,true,-1,-1,5,55.0,4000.0,-2.4505615234375,-39.81781005859375,99.12261962890625,0.7834353446960449,1.2188124656677246,-0.6262044310569763,460,1,6266,8898335,0,-1,0.0,0.0,0,0,0,,2,460,1,6266,8898325,0,248,0.0,0.0,74,4,-66,LTE,2147483647,2147483647,2147483647,2147483647,0,444,0.0,0.0,63,4,-77,LTE
1521794264862,121.49940091,31.28594976,25.0,7.0,1.7901117,-109,true,-1,-1,5,55.0,4000.0,3.26995849609375,-40.41748046875,108.42132568359375,-0.5189377069473267,1.3664789199829102,0.44208747148513794,460,1,6266,8898335,0,-1,0.0,0.0,0,0,0,,2,460,1,6266,8898325,0,248,0.0,0.0,74,4,-66,LTE,2147483647,2147483647,2147483647,2147483647,0,444,0.0,0.0,63,4,-77,LTE
1521794265941,121.49940091,31.28594976,25.0,7.0,1.7901117,-109,true,-1,-1,5,55.0,4000.0,-5.22003173828125,-34.11712646484375,106.92138671875,0.45989808440208435,1.3341195583343506,-0.3666110038757324,460,1,6266,8898335,0,-1,0.0,0.0,0,0,0,,2,460,1,6266,8898325,0,248,0.0,0.0,72,4,-68,LTE,2147483647,2147483647,2147483647,2147483647,0,444,0.0,0.0,63,4,-77,LTE
1521794267020,121.49940091,31.28594976,25.0,7.0,1.7901117,-109,true,-1,-1,5,55.0,4000.0,1.53961181640625,-39.81781005859375,113.8214111328125,0.06574453413486481,1.3770502805709839,-0.07361865788698196,460,1,6266,8898335,0,-1,0.0,0.0,0,0,0,,2,460,1,6266,8898325,0,248,0.0,0.0,72,4,-68,LTE,2147483647,2147483647,2147483647,2147483647,0,444,0.0,0.0,63,4,-77,LTE
1521794268098,121.49940091,31.28594976,25.0,7.0,1.7901117,-109,true,-1,-1,5,55.0,4000.0,0.66986083984375,-38.616943359375,114.7216796875,0.33140769600868225,1.2721132040023804,-0.2911781668663025,460,1,6266,8898335,0,-1,0.0,0.0,0,0,0,,2,460,1,6266,8898325,0,248,0.0,0.0,72,4,-68,LTE,2147483647,2147483647,2147483647,2147483647,0,444,0.0,0.0,63,4,-77,LTE
1521794269159,121.49940091,31.28594976,25.0,7.0,1.7901117,-109,true,-1,-1,5,55.0,4000.0,-3.3111572265625,-37.7166748046875,100.0213623046875,0.7624239921569824,1.2264735698699951,-0.6086985468864441,460,1,6266,8898335,0,-1,0.0,0.0,0,0,0,,2,460,1,6266,8898325,0,248,0.0,0.0,72,4,-68,LTE,2147483647,2147483647,2147483647,2147483647,0,444,0.0,0.0,63,4,-77,LTE
1521794270235,121.49940091,31.28594976,25.0,7.0,1.7901117,-109,true,-1,-1,5,55.0,4000.0,4.1290283203125,-41.3177490234375,112.92266845703125,-0.5735689401626587,1.3637263774871826,0.48616155982017517,460,1,6266,8898335,0,-1,0.0,0.0,0,0,0,,2,460,1,6266,8898325,0,248,0.0,0.0,72,4,-68,LTE,2147483647,2147483647,2147483647,2147483647,0,444,0.0,0.0,69,4,-71,LTE
1521794271316,121.49940091,31.28594976,25.0,7.0,1.7901117,-109,true,-1,-1,5,55.0,4000.0,-1.24053955078125,-39.5172119140625,94.62127685546875,0.35221460461616516,1.266158103942871,-0.28065645694732666,460,1,6266,8898335,0,-1,0.0,0.0,0,0,0,,2,460,1,6266,8898325,0,248,0.0,0.0,72,4,-68,LTE,2147483647,2147483647,2147483647,2147483647,0,444,0.0,0.0,69,4,-71,LTE
1521794272395,121.49940091,31.28594976,25.0,7.0,1.7901117,-109,true,-1,-1,5,55.0,4000.0,-1.93023681640625,-37.4176025390625,113.22174072265625,0.00527907581999898,1.443518042564392,0.012031684629619122,460,1,6266,8898335,0,-1,0.0,0.0,0,0,0,,2,460,1,6266,8898325,0,248,0.0,0.0,72,4,-68,LTE,2147483647,2147483647,2147483647,2147483647,0,444,0.0,0.0,69,4,-71,LTE
1521794273455,121.49940091,31.28594976,25.0,7.0,1.7901117,-109,true,-1,-1,5,55.0,4000.0,2.22930908203125,-39.5172119140625,113.8214111328125,-0.02684440277516842,1.330747127532959,0.004276318475604057,460,1,6266,8898335,0,-1,0.0,0.0,0,0,0,,2,460,1,6266,8898325,0,248,0.0,0.0,72,4,-68,LTE,2147483647,2147483647,2147483647,2147483647,0,444,0.0,0.0,69,4,-71,LTE
1521794274530,121.49940091,31.28594976,25.0,7.0,1.7901117,-109,true,-1,-1,5,55.0,4000.0,-3.1402587890625,-38.91754150390625,101.52130126953125,0.7476863265037537,1.2022114992141724,-0.5852502584457397,460,1,6266,8898335,0,-1,0.0,0.0,0,0,0,,2,460,1,6266,13056267,0,444,0.0,0.0,71,4,-69,LTE,2147483647,2147483647,2147483647,2147483647,0,248,0.0,0.0,64,4,-76,LTE
1521794275611,121.49940091,31.28594976,25.0,7.0,1.7901117,-109,true,-1,-1,5,55.0,4000.0,3.26995849609375,-41.01715087890625,113.22174072265625,-0.5052960515022278,1.405668020248413,0.4417330324649811,460,1,6266,8898335,0,-1,0.0,0.0,0,0,0,,2,460,1,6266,13056267,0,444,0.0,0.0,71,4,-69,LTE,2147483647,2147483647,2147483647,2147483647,0,248,0.0,0.0,64,4,-76,LTE
1521794276670,121.49940091,31.28594976,25.0,7.0,1.7901117,-109,true,-1,-1,5,55.0,4000.0,-2.61993408203125,-38.31634521484375,100.62255859375,0.4873476028442383,1.269879698753357,-0.3891640603542328,460,1,6266,8898335,0,-1,0.0,0.0,0,0,0,,2,460,1,6266,13056267,0,444,0.0,0.0,80,4,-60,LTE,2147483647,2147483647,2147483647,2147483647,0,248,0.0,0.0,64,4,-76,LTE
1521794277747,121.49940091,31.28594976,25.0,7.0,1.7901117,-109,true,-1,-1,5,55.0,4000.0,1.019287109375,-38.31634521484375,113.5223388671875,-0.06155609339475632,1.3223644495010376,0.04558652266860008,460,1,6266,8898335,0,-1,0.0,0.0,0,0,0,,2,460,1,6266,13056267,0,444,0.0,0.0,80,4,-60,LTE,2147483647,2147483647,2147483647,2147483647,0,248,0.0,0.0,64,4,-76,LTE
1521794278830,121.49940091,31.28594976,25.0,7.0,1.7901117,-109,true,-1,-1,5,55.0,4000.0,-1.06048583984375,-39.5172119140625,106.92138671875,0.1914381980895996,1.3369708061218262,-0.16012240946292877,460,1,6266,8898335,0,-1,0.0,0.0,0,0,0,,2,460,1,6266,13056267,0,444,0.0,0.0,81,4,-59,LTE,2147483647,2147483647,2147483647,2147483647,0,248,0.0,0.0,64,4,-76,LTE
1521794279888,121.49940091,31.28594976,25.0,7.0,1.7901117,-109,true,-1,-1,5,55.0,4000.0,-3.3111572265625,-38.01727294921875,101.22222900390625,0.5312738418579102,1.2977015972137451,-0.4304293990135193,460,1,6266,8898335,0,-1,0.0,0.0,0,0,0,,2,460,1,6266,13056267,0,444,0.0,0.0,81,4,-59,LTE,2147483647,2147483647,2147483647,2147483647,0,248,0.0,0.0,64,4,-76,LTE
1521794280986,121.49940091,31.28594976,25.0,7.0,1.7901117,-109,true,-1,-1,5,55.0,4000.0,2.22930908203125,-40.11688232421875,113.22174072265625,-0.2364545613527298,1.3210127353668213,0.18913808465003967,460,1,6266,8898335,0,-1,0.0,0.0,0,0,0,,2,460,1,6266,13056267,0,444,0.0,0.0,72,4,-68,LTE,2147483647,2147483647,2147483647,2147483647,0,248,0.0,0.0,64,4,-76,LTE
1521794282045,121.49940091,31.28594976,25.0,7.0,1.7901117,-109,true,-1,-1,5,55.0,4000.0,-2.10113525390625,-38.01727294921875,98.52142333984375,0.6053390502929688,1.2152788639068604,-0.476121723651886,460,1,6266,8898335,0,-1,0.0,0.0,0,0,0,,2,460,1,6266,13056267,0,444,0.0,0.0,72,4,-68,LTE,2147483647,2147483647,2147483647,2147483647,0,248,0.0,0.0,64,4,-76,LTE
1521794283123,121.49940091,31.28594976,25.0,7.0,1.7901117,-109,true,-1,-1,5,55.0,4000.0,1.8798828125,-38.616943359375,112.6220703125,-0.24604707956314087,1.3811570405960083,0.20935839414596558,460,1,6266,8898335,0,-1,0.0,0.0,0,0,0,,2,460,1,6266,13056267,0,444,0.0,0.0,78,4,-62,LTE,2147483647,2147483647,2147483647,2147483647,0,248,0.0,0.0,64,4,-76,LTE
1521794284181,121.49940091,31.28594976,25.0,7.0,1.7901117,-109,true,-1,-1,5,55.0,4000.0,-0.37078857421875,-37.7166748046875,105.7220458984375,0.4967571794986725,1.198320746421814,-0.40120700001716614,460,1,6266,8898335,0,-1,0.0,0.0,0,0,0,,2,460,1,6266,13056267,0,444,0.0,0.0,78,4,-62,LTE,2147483647,2147483647,2147483647,2147483647,0,248,0.0,0.0,64,4,-76,LTE
1521794285260,121.49940091,31.28594976,25.0,7.0,1.7901117,-109,true,-1,-1,5,55.0,4000.0,-1.93023681640625,-36.517333984375,111.42120361328125,0.043124765157699585,1.3400511741638184,-0.021429993212223053,460,1,6266,8898335,0,-1,0.0,0.0,0,0,0,,2,460,1,6266,13056267,0,444,0.0,0.0,73,4,-67,LTE,2147483647,2147483647,2147483647,2147483647,0,248,0.0,0.0,64,4,-76,LTE
1521794286323,121.49940091,31.28594976,25.0,7.0,1.7901117,-109,true,-1,-1,5,55.0,4000.0,1.53961181640625,-38.91754150390625,106.622314453125,-0.022243395447731018,1.3566234111785889,0.005571200978010893,460,1,6266,8898335,0,-1,0.0,0.0,0,0,0,,2,460,1,6266,13056267,0,444,0.0,0.0,73,4,-67,LTE,2147483647,2147483647,2147483647,2147483647,0,248,0.0,0.0,64,4,-76,LTE
1521794287401,121.49940091,31.28594976,25.0,7.0,1.7901117,-109,true,-1,-1,5,55.0,4000.0,-1.93023681640625,-35.91766357421875,108.42132568359375,0.5922582745552063,1.2017784118652344,-0.4744792878627777,460,1,6266,8898335,0,-1,0.0,0.0,0,0,0,,2,460,1,6266,13056267,0,444,0.0,0.0,68,4,-72,LTE,2147483647,2147483647,2147483647,2147483647,0,248,0.0,0.0,76,4,-64,LTE
1521794288476,121.49940091,31.28594976,25.0,7.0,1.7901117,-109,true,-1,-1,5,55.0,4000.0,4.47998046875,-40.11688232421875,114.12200927734375,-0.5248973369598389,1.346760869026184,0.4353945553302765,460,1,6266,8898335,0,-1,0.0,0.0,0,0,0,,2,460,1,6266,13056267,0,444,0.0,0.0,68,4,-72,LTE,2147483647,2147483647,2147483647,2147483647,0,248,0.0,0.0,76,4,-64,LTE
1521794289577,121.49940091,31.28594976,25.0,7.0,1.7901117,-109,true,-1,-1,5,55.0,4000.0,-5.39093017578125,-34.716796875,102.42156982421875,0.6489508748054504,1.2521157264709473,-0.5063508152961731,460,1,6266,8898335,0,-1,0.0,0.0,0,0,0,,2,460,1,6266,13056267,0,444,0.0,0.0,75,4,-65,LTE,2147483647,2147483647,2147483647,2147483647,0,248,0.0,0.0,76,4,-64,LTE
1521794290653,121.49940091,31.28594976,25.0,7.0,1.7901117,-109,true,-1,-1,5,55.0,4000.0,5.3497314453125,-38.91754150390625,112.02239990234375,-0.2091432809829712,1.3236254453659058,0.13759219646453857,460,1,6266,8898335,0,-1,0.0,0.0,0,0,0,,2,460,1,6266,13056267,0,444,0.0,0.0,75,4,-65,LTE,2147483647,2147483647,2147483647,2147483647,0,248,0.0,0.0,76,4,-64,LTE
1521794291731,121.49940091,31.28594976,25.0,7.0,1.7901117,-109,true,-1,-1,5,55.0,4000.0,-1.93023681640625,-42.21649169921875,89.8223876953125,0.6416361927986145,1.2742668390274048,-0.5153341889381409,460,1,6266,8898335,0,-1,0.0,0.0,0,0,0,,2,460,1,6266,13056267,0,444,0.0,0.0,73,4,-67,LTE,2147483647,2147483647,2147483647,2147483647,0,248,0.0,0.0,71,4,-69,LTE
1521794292812,121.49940091,31.28594976,25.0,7.0,1.7901117,-109,true,-1,-1,5,55.0,4000.0,5.69000244140625,-39.21661376953125,100.62255859375,-0.42053213715553284,1.415792465209961,0.3349912464618683,460,1,6266,8898335,0,-1,0.0,0.0,0,0,0,,2,460,1,6266,13056267,0,444,0.0,0.0,73,4,-67,LTE,2147483647,2147483647,2147483647,2147483647,0,248,0.0,0.0,71,4,-69,LTE
1521794293887,121.49940091,31.28594976,25.0,7.0,1.7901117,-109,true,-1,-1,5,55.0,4000.0,3.4393310546875,-44.91729736328125,94.32220458984375,0.38373443484306335,1.32479727268219,-0.3661029636859894,460,1,6266,8898335,0,-1,0.0,0.0,0,0,0,,2,460,1,6266,13056267,0,444,0.0,0.0,67,4,-73,LTE,2147483647,2147483647,2147483647,2147483647,0,248,0.0,0.0,69,4,-71,LTE
1521794294968,121.49940091,31.28594976,25.0,7.0,1.7901117,-109,true,-1,-1,5,55.0,4000.0,-17.17071533203125,-49.71771240234375,72.4212646484375,1.0948013067245483,1.2882028818130493,-0.6735934019088745,460,1,6266,8898335,0,-1,0.0,0.0,0,0,0,,2,460,1,6266,13056267,0,444,0.0,0.0,67,4,-73,LTE,2147483647,2147483647,2147483647,2147483647,0,248,0.0,0.0,69,4,-71,LTE
1521794296066,121.49940091,31.28594976,25.0,7.0,1.7901117,-109,true,-1,-1,5,55.0,4000.0,-14.4012451171875,-47.6165771484375,76.62200927734375,0.4092674255371094,1.3333343267440796,-0.15573696792125702,460,1,6266,8898335,0,-1,0.0,0.0,0,0,0,,1,460,1,6266,8898325,0,248,0.0,0.0,76,4,-64,LTE
1521794297127,121.49940091,31.28594976,25.0,7.0,1.7901117,-109,true,-1,-1,5,55.0,4000.0,-20.6298828125,-48.2177734375,76.0223388671875,0.640256404876709,1.3231902122497559,-0.2697778046131134,460,1,6266,8898335,0,-1,0.0,0.0,0,0,0,,1,460,1,6266,8898325,0,248,0.0,0.0,76,4,-64,LTE
1521794298220,121.49940091,31.28594976,25.0,7.0,1.7901117,-109,true,-1,-1,5,55.0,4000.0,-26.1810302734375,-49.11651611328125,73.0224609375,1.1681619882583618,1.2578880786895752,-0.617572546005249,460,1,6266,8898335,0,-1,0.0,0.0,0,0,0,,1,460,1,6266,8898325,0,248,0.0,0.0,78,4,-62,LTE
1521794299298,121.49940091,31.28594976,25.0,7.0,1.7901117,-109,true,-1,-1,5,55.0,4000.0,-29.290771484375,-52.71759033203125,71.221923828125,1.2661491632461548,1.1434400081634521,-0.5488401055335999,460,1,6266,8898335,0,-1,0.0,0.0,0,0,0,,1,460,1,6266,8898325,0,248,0.0,0.0,78,4,-62,LTE
1521794300377,121.49940091,31.28594976,25.0,7.0,1.7901117,-109,true,-1,-1,5,55.0,4000.0,-23.4100341796875,-50.3173828125,71.221923828125,0.8135647177696228,1.2615129947662354,-0.3188793361186981,460,1,6266,8898335,0,-1,0.0,0.0,0,0,0,,1,460,1,6266,8898325,0,248,0.0,0.0,74,4,-66,LTE
1521794301457,121.49940091,31.28594976,25.0,7.0,1.7901117,-109,true,-1,-1,5,55.0,4000.0,-34.66033935546875,-51.5167236328125,72.72186279296875,1.3454407453536987,1.2424689531326294,-0.6750799417495728,460,1,6266,8898335,0,-1,0.0,0.0,0,0,0,,1,460,1,6266,8898325,0,248,0.0,0.0,74,4,-66,LTE
1521794302536,121.49940091,31.28594976,25.0,7.0,1.7901117,-109,true,-1,-1,5,55.0,4000.0,-40.380859375,-55.4168701171875,72.4212646484375,1.4214215278625488,1.1703312397003174,-0.6171661019325256,460,1,6266,8898335,0,-1,0.0,0.0,0,0,0,,1,460,1,6266,8898325,0,248,0.0,0.0,75,4,-65,LTE
1521794303671,121.49940091,31.28594976,25.0,7.0,1.7901117,-109,true,-1,-1,5,55.0,4000.0,-22.540283203125,-47.6165771484375,73.321533203125,0.23160240054130554,1.347964882850647,0.10370977222919464,460,1,6266,8898335,0,-1,0.0,0.0,0,0,0,,1,460,1,6266,8898325,0,248,0.0,0.0,75,4,-65,LTE
1521794304746,121.49940091,31.28594976,25.0,7.0,1.7901117,-109,true,-1,-1,5,55.0,4000.0,-37.091064453125,-53.01666259765625,70.3216552734375,1.2048819065093994,1.2312281131744385,-0.47943946719169617,460,1,6266,8898335,0,-1,0.0,0.0,0,0,0,,3,460,1,6266,8898325,0,248,0.0,0.0,72,4,-68,LTE,2147483647,2147483647,2147483647,2147483647,0,444,0.0,0.0,53,4,-87,LTE,2147483647,2147483647,2147483647,2147483647,0,279,0.0,0.0,59,4,-81,LTE
1521794305828,121.49940091,31.28594976,25.0,7.0,1.7901117,-109,true,-1,-1,5,55.0,4000.0,-23.22998046875,-47.91717529296875,76.3214111328125,0.3443091809749603,1.3870584964752197,-0.006368253845721483,460,1,6266,8898335,0,-1,0.0,0.0,0,0,0,,3,460,1,6266,8898325,0,248,0.0,0.0,72,4,-68,LTE,2147483647,2147483647,2147483647,2147483647,0,444,0.0,0.0,53,4,-87,LTE,2147483647,2147483647,2147483647,2147483647,0,279,0.0,0.0,59,4,-81,LTE
1521794306927,121.49940091,31.28594976,25.0,7.0,1.7901117,-109,true,-1,-1,5,55.0,4000.0,-31.201171875,-51.2176513671875,74.52239990234375,1.0222766399383545,1.280107855796814,-0.4459289312362671,460,1,6266,8898335,0,-1,0.0,0.0,0,0,0,,3,460,1,6266,8898325,0,248,0.0,0.0,65,4,-75,LTE,2147483647,2147483647,2147483647,2147483647,0,444,0.0,0.0,62,4,-78,LTE,2147483647,2147483647,2147483647,2147483647,0,279,0.0,0.0,59,4,-81,LTE
1521794308003,121.49940091,31.28594976,25.0,7.0,1.7901117,-109,true,-1,-1,5,55.0,4000.0,-35.1806640625,-52.4169921875,73.62213134765625,1.372484803199768,1.2031677961349487,-0.6686297655105591,460,1,6266,8898335,0,-1,0.0,0.0,0,0,0,,3,460,1,6266,8898325,0,248,0.0,0.0,65,4,-75,LTE,2147483647,2147483647,2147483647,2147483647,0,444,0.0,0.0,62,4,-78,LTE,2147483647,2147483647,2147483647,2147483647,0,279,0.0,0.0,59,4,-81,LTE
1521794309081,121.49940091,31.28594976,25.0,7.0,1.7901117,-109,true,-1,-1,5,55.0,4000.0,-21.8505859375,-47.01690673828125,76.3214111328125,0.45995473861694336,1.3731669187545776,-0.12150421738624573,460,1,6266,8898335,0,-1,0.0,0.0,0,0,0,,3,460,1,6266,8898325,0,248,0.0,0.0,66,4,-74,LTE,2147483647,2147483647,2147483647,2147483647,0,444,0.0,0.0,53,4,-87,LTE,2147483647,2147483647,2147483647,2147483647,0,279,0.0,0.0,59,4,-81,LTE
1521794310162,121.49940091,31.28594976,25.0,7.0,1.7901117,-109,true,-1,-1,5,55.0,4000.0,-23.75030517578125,-50.3173828125,73.0224609375,0.8662587404251099,1.2650288343429565,-0.3732580840587616,460,1,6266,8898335,0,-1,0.0,0.0,0,0,0,,3,460,1,6266,8898325,0,248,0.0,0.0,66,4,-74,LTE,2147483647,2147483647,2147483647,2147483647,0,444,0.0,0.0,53,4,-87,LTE,2147483647,2147483647,2147483647,2147483647,0,279,0.0,0.0,59,4,-81,LTE
1521794311238,121.49940091,31.28594976,25.0,7.0,1.7901117,-109,true,-1,-1,5,55.0,4000.0,-36.0504150390625,-54.217529296875,71.52252197265625,1.4023305177688599,1.2405929565429688,-0.6956420540809631,460,1,6266,8898335,0,-1,0.0,0.0,0,0,0,,3,460,1,6266,8898325,0,248,0.0,0.0,72,4,-68,LTE,2147483647,2147483647,2147483647,2147483647,0,279,0.0,0.0,62,4,-78,LTE,2147483647,2147483647,2147483647,2147483647,0,444,0.0,0.0,59,4,-81,LTE
1521794312315,121.49940091,31.28594976,25.0,7.0,1.7901117,-109,true,-1,-1,5,55.0,4000.0,-35.53009033203125,-50.616455078125,74.82147216796875,1.131872296333313,1.2833200693130493,-0.5092014074325562,460,1,6266,8898335,0,-1,0.0,0.0,0,0,0,,3,460,1,6266,8898325,0,248,0.0,0.0,72,4,-68,LTE,2147483647,2147483647,2147483647,2147483647,0,279,0.0,0.0,62,4,-78,LTE,2147483647,2147483647,2147483647,2147483647,0,444,0.0,0.0,59,4,-81,LTE
1521794313412,121.49940091,31.28594976,25.0,7.0,1.7901117,-109,true,-1,-1,5,55.0,4000.0,-26.52130126953125,-49.71771240234375,72.4212646484375,0.5774877071380615,1.2948576211929321,-0.11183533072471619,460,1,6266,8898335,0,-1,0.0,0.0,0,0,0,,3,460,1,6266,8898325,0,248,0.0,0.0,59,4,-81,LTE,2147483647,2147483647,2147483647,2147483647,0,279,0.0,0.0,62,4,-78,LTE,2147483647,2147483647,2147483647,2147483647,0,444,0.0,0.0,59,4,-81,LTE
1521794314471,121.49940091,31.28594976,25.0,7.0,1.7901117,-109,true,-1,-1,5,55.0,4000.0,-29.99114990234375,-49.4171142578125,72.4212646484375,1.3077998161315918,1.2020139694213867,-0.6608986854553223,460,1,6266,8898335,0,-1,0.0,0.0,0,0,0,,3,460,1,6266,8898325,0,248,0.0,0.0,59,4,-81,LTE,2147483647,2147483647,2147483647,2147483647,0,279,0.0,0.0,62,4,-78,LTE,2147483647,2147483647,2147483647,2147483647,0,444,0.0,0.0,59,4,-81,LTE
1521794315571,121.49940091,31.28594976,25.0,7.0,1.7901117,-109,true,-1,-1,5,55.0,4000.0,-35.53009033203125,-54.5166015625,76.0223388671875,1.1867921352386475,1.2854448556900024,-0.5584803223609924,460,1,6266,8898335,0,-1,0.0,0.0,0,0,0,,3,460,1,6266,8970507,0,279,0.0,0.0,69,4,-71,LTE,2147483647,2147483647,2147483647,2147483647,0,248,0.0,0.0,57,4,-83,LTE,2147483647,2147483647,2147483647,2147483647,0,444,0.0,0.0,44,3,-96,LTE
1521794316647,121.49940091,31.28594976,25.0,7.0,1.7901117,-109,true,-1,-1,5,55.0,4000.0,-32.0709228515625,-56.01654052734375,71.221923828125,0.9827593564987183,1.2753084897994995,-0.35897114872932434,460,1,6266,8898335,0,-1,0.0,0.0,0,0,0,,3,460,1,6266,8970507,0,279,0.0,0.0,69,4,-71,LTE,2147483647,2147483647,2147483647,2147483647,0,248,0.0,0.0,57,4,-83,LTE,2147483647,2147483647,2147483647,2147483647,0,444,0.0,0.0,44,3,-96,LTE
1521794317744,121.49940091,31.28594976,25.0,7.0,1.7901117,-109,true,-1,-1,5,55.0,4000.0,-41.59088134765625,-59.61761474609375,72.1221923828125,1.5576599836349487,1.157760500907898,-0.7141838669776917,460,1,6266,8898335,0,-1,0.0,0.0,0,0,0,,3,460,1,6266,8970507,0,279,0.0,0.0,66,4,-74,LTE,2147483647,2147483647,2147483647,2147483647,0,444,0.0,0.0,57,4,-83,LTE,2147483647,2147483647,2147483647,2147483647,0,248,0.0,0.0,54,4,-86,LTE
1521794318826,121.49940091,31.28594976,25.0,7.0,1.7901117,-109,true,-1,-1,5,55.0,4000.0,-26.52130126953125,-51.81732177734375,78.42254638671875,0.36466115713119507,1.342712640762329,0.02076646499335766,460,1,6266,8898335,0,-1,0.0,0.0,0,0,0,,3,460,1,6266,8970507,0,279,0.0,0.0,66,4,-74,LTE,2147483647,2147483647,2147483647,2147483647,0,444,0.0,0.0,57,4,-83,LTE,2147483647,2147483647,2147483647,2147483647,0,248,0.0,0.0,54,4,-86,LTE
1521794319903,121.49940091,31.28594976,25.0,7.0,1.7901117,-109,true,-1,-1,5,55.0,4000.0,-31.0302734375,-50.01678466796875,71.82159423828125,1.239782691001892,1.200430154800415,-0.5747144818305969,460,1,6266,8898335,0,-1,0.0,0.0,0,0,0,,3,460,1,6266,8970507,0,279,0.0,0.0,63,4,-77,LTE,2147483647,2147483647,2147483647,2147483647,0,248,0.0,0.0,53,4,-87,LTE,2147483647,2147483647,2147483647,2147483647,0,444,0.0,0.0,59,4,-81,LTE
1521794320981,121.49940091,31.28594976,25.0,7.0,1.7901117,-109,true,-1,-1,5,55.0,4000.0,-29.4708251953125,-50.3173828125,73.321533203125,0.9786232113838196,1.2860654592514038,-0.42406153678894043,460,1,6266,8898335,0,-1,0.0,0.0,0,0,0,,3,460,1,6266,8970507,0,279,0.0,0.0,63,4,-77,LTE,2147483647,2147483647,2147483647,2147483647,0,248,0.0,0.0,53,4,-87,LTE,2147483647,2147483647,2147483647,2147483647,0,444,0.0,0.0,59,4,-81,LTE
1521794322077,121.49940091,31.28594976,25.0,7.0,1.7901117,-109,true,-1,-1,5,55.0,4000.0,-25.311279296875,-50.616455078125,70.92132568359375,0.5487406253814697,1.3085824251174927,-0.09872779995203018,460,1,6266,8898335,0,-1,0.0,0.0,0,0,0,,3,460,1,6266,8970507,0,279,0.0,0.0,63,4,-77,LTE,2147483647,2147483647,2147483647,2147483647,0,444,0.0,0.0,58,4,-82,LTE,2147483647,2147483647,2147483647,2147483647,0,248,0.0,0.0,58,4,-82,LTE
1521794323235,121.49940091,31.28594976,25.0,7.0,1.7901117,-109,true,-1,-1,5,55.0,4000.0,-38.470458984375,-55.71746826171875,70.3216552734375,1.472765564918518,1.1873408555984497,-0.6819509267807007,460,1,6266,8898335,0,-1,0.0,0.0,0,0,0,,3,460,1,6266,8970507,0,279,0.0,0.0,63,4,-77,LTE,2147483647,2147483647,2147483647,2147483647,0,444,0.0,0.0,58,4,-82,LTE,2147483647,2147483647,2147483647,2147483647,0,248,0.0,0.0,58,4,-82,LTE
1521794324330,121.49940091,31.28594976,25.0,7.0,1.7901117,-109,true,-1,-1,5,55.0,4000.0,-30.50994873046875,-46.11663818359375,73.321533203125,0.531963050365448,1.320982575416565,-0.0505034402012825,460,1,6266,8898335,0,-1,0.0,0.0,0,0,0,,9,460,1,6266,8970507,0,279,0.0,0.0,60,4,-80,LTE,2147483647,2147483647,2147483647,2147483647,0,444,0.0,0.0,65,4,-75,LTE,2147483647,2147483647,2147483647,2147483647,0,248,0.0,0.0,53,4,-87,LTE,2147483647,2147483647,2147483647,2147483647,0,312,0.0,0.0,31,2,-109,LTE,2147483647,2147483647,2147483647,2147483647,0,480,0.0,0.0,27,2,-113,LTE,2147483647,2147483647,2147483647,2147483647,0,376,0.0,0.0,12,1,-128,LTE,2147483647,2147483647,2147483647,2147483647,0,158,0.0,0.0,22,1,-118,LTE,2147483647,2147483647,2147483647,2147483647,0,481,0.0,0.0,20,1,-120,LTE,2147483647,2147483647,2147483647,2147483647,0,60,0.0,0.0,23,1,-117,LTE
1521794325409,121.49940091,31.28594976,25.0,7.0,1.7901117,-109,true,-1,-1,5,55.0,4000.0,-32.41119384765625,-47.01690673828125,73.62213134765625,0.787929117679596,1.2688418626785278,-0.2236911505460739,460,1,6266,8898335,0,-1,0.0,0.0,0,0,0,,9,460,1,6266,8970507,0,279,0.0,0.0,60,4,-80,LTE,2147483647,2147483647,2147483647,2147483647,0,444,0.0,0.0,65,4,-75,LTE,2147483647,2147483647,2147483647,2147483647,0,248,0.0,0.0,53,4,-87,LTE,2147483647,2147483647,2147483647,2147483647,0,312,0.0,0.0,31,2,-109,LTE,2147483647,2147483647,2147483647,2147483647,0,480,0.0,0.0,27,2,-113,LTE,2147483647,2147483647,2147483647,2147483647,0,376,0.0,0.0,12,1,-128,LTE,2147483647,2147483647,2147483647,2147483647,0,158,0.0,0.0,22,1,-118,LTE,2147483647,2147483647,2147483647,2147483647,0,481,0.0,0.0,20,1,-120,LTE,2147483647,2147483647,2147483647,2147483647,0,60,0.0,0.0,23,1,-117,LTE
1521794326506,121.49940091,31.28594976,25.0,7.0,1.7901117,-109,true,-1,-1,5,55.0,4000.0,-38.13018798828125,-50.3173828125,73.321533203125,0.8035147786140442,1.1100029945373535,-0.06175561249256134,460,1,6266,8898335,0,-1,0.0,0.0,0,0,0,,8,460,1,6266,8970507,0,279,0.0,0.0,63,4,-77,LTE,2147483647,2147483647,2147483647,2147483647,0,444,0.0,0.0,62,4,-78,LTE,2147483647,2147483647,2147483647,2147483647,0,312,0.0,0.0,31,2,-109,LTE,2147483647,2147483647,2147483647,2147483647,0,480,0.0,0.0,27,2,-113,LTE,2147483647,2147483647,2147483647,2147483647,0,376,0.0,0.0,12,1,-128,LTE,2147483647,2147483647,2147483647,2147483647,0,158,0.0,0.0,22,1,-118,LTE,2147483647,2147483647,2147483647,2147483647,0,481,0.0,0.0,20,1,-120,LTE,2147483647,2147483647,2147483647,2147483647,0,60,0.0,0.0,23,1,-117,LTE
1521794327584,121.49940091,31.28594976,25.0,7.0,1.7901117,-109,true,-1,-1,5,55.0,4000.0,-33.97064208984375,-51.2176513671875,74.52239990234375,0.484330952167511,1.247084617614746,0.05880700796842575,460,1,6266,8898335,0,-1,0.0,0.0,0,0,0,,8,460,1,6266,8970507,0,279,0.0,0.0,63,4,-77,LTE,2147483647,2147483647,2147483647,2147483647,0,444,0.0,0.0,62,4,-78,LTE,2147483647,2147483647,2147483647,2147483647,0,312,0.0,0.0,31,2,-109,LTE,2147483647,2147483647,2147483647,2147483647,0,480,0.0,0.0,27,2,-113,LTE,2147483647,2147483647,2147483647,2147483647,0,376,0.0,0.0,12,1,-128,LTE,2147483647,2147483647,2147483647,2147483647,0,158,0.0,0.0,22,1,-118,LTE,2147483647,2147483647,2147483647,2147483647,0,481,0.0,0.0,20,1,-120,LTE,2147483647,2147483647,2147483647,2147483647,0,60,0.0,0.0,23,1,-117,LTE
1521794328660,121.49940091,31.28594976,25.0,7.0,1.7901117,-109,true,-1,-1,5,55.0,4000.0,-33.10089111328125,-56.61773681640625,71.221923828125,0.26706939935684204,1.1514816284179688,0.26815760135650635,460,1,6266,8898335,0,-1,0.0,0.0,0,0,0,,8,460,1,6266,8970507,0,279,0.0,0.0,65,4,-75,LTE,2147483647,2147483647,2147483647,2147483647,0,444,0.0,0.0,59,4,-81,LTE,2147483647,2147483647,2147483647,2147483647,0,312,0.0,0.0,31,2,-109,LTE,2147483647,2147483647,2147483647,2147483647,0,480,0.0,0.0,27,2,-113,LTE,2147483647,2147483647,2147483647,2147483647,0,376,0.0,0.0,12,1,-128,LTE,2147483647,2147483647,2147483647,2147483647,0,158,0.0,0.0,22,1,-118,LTE,2147483647,2147483647,2147483647,2147483647,0,481,0.0,0.0,20,1,-120,LTE,2147483647,2147483647,2147483647,2147483647,0,60,0.0,0.0,23,1,-117,LTE
1521794329738,121.49940091,31.28594976,25.0,7.0,1.7901117,-109,true,-1,-1,5,55.0,4000.0,-34.66033935546875,-52.71759033203125,71.52252197265625,0.7449502944946289,1.266764760017395,-0.13243265450000763,460,1,6266,8898335,0,-1,0.0,0.0,0,0,0,,8,460,1,6266,8970507,0,279,0.0,0.0,65,4,-75,LTE,2147483647,2147483647,2147483647,2147483647,0,444,0.0,0.0,59,4,-81,LTE,2147483647,2147483647,2147483647,2147483647,0,312,0.0,0.0,31,2,-109,LTE,2147483647,2147483647,2147483647,2147483647,0,480,0.0,0.0,27,2,-113,LTE,2147483647,2147483647,2147483647,2147483647,0,376,0.0,0.0,12,1,-128,LTE,2147483647,2147483647,2147483647,2147483647,0,158,0.0,0.0,22,1,-118,LTE,2147483647,2147483647,2147483647,2147483647,0,481,0.0,0.0,20,1,-120,LTE,2147483647,2147483647,2147483647,2147483647,0,60,0.0,0.0,23,1,-117,LTE
1521794330835,121.49940091,31.28594976,25.0,7.0,1.7901117,-109,true,-1,-1,5,55.0,4000.0,-37.78076171875,-49.71771240234375,75.1220703125,0.7828884720802307,1.2926985025405884,-0.18035943806171417,460,1,6266,8898335,0,-1,0.0,0.0,0,0,0,,8,460,1,6266,8970507,0,279,0.0,0.0,65,4,-75,LTE,2147483647,2147483647,2147483647,2147483647,0,444,0.0,0.0,59,4,-81,LTE,2147483647,2147483647,2147483647,2147483647,0,312,0.0,0.0,31,2,-109,LTE,2147483647,2147483647,2147483647,2147483647,0,480,0.0,0.0,27,2,-113,LTE,2147483647,2147483647,2147483647,2147483647,0,376,0.0,0.0,12,1,-128,LTE,2147483647,2147483647,2147483647,2147483647,0,158,0.0,0.0,22,1,-118,LTE,2147483647,2147483647,2147483647,2147483647,0,481,0.0,0.0,20,1,-120,LTE,2147483647,2147483647,2147483647,2147483647,0,60,0.0,0.0,23,1,-117,LTE
1521794331916,121.49940091,31.28594976,25.0,7.0,1.7901117,-109,true,-1,-1,5,55.0,4000.0,-38.99078369140625,-50.01678466796875,76.0223388671875,0.7012449502944946,1.2765498161315918,-0.09403388202190399,460,1,6266,8898335,0,-1,0.0,0.0,0,0,0,,8,460,1,6266,8970507,0,279,0.0,0.0,65,4,-75,LTE,2147483647,2147483647,2147483647,2147483647,0,444,0.0,0.0,59,4,-81,LTE,2147483647,2147483647,2147483647,2147483647,0,312,0.0,0.0,31,2,-109,LTE,2147483647,2147483647,2147483647,2147483647,0,480,0.0,0.0,27,2,-113,LTE,2147483647,2147483647,2147483647,2147483647,0,376,0.0,0.0,12,1,-128,LTE,2147483647,2147483647,2147483647,2147483647,0,158,0.0,0.0,22,1,-118,LTE,2147483647,2147483647,2147483647,2147483647,0,481,0.0,0.0,20,1,-120,LTE,2147483647,2147483647,2147483647,2147483647,0,60,0.0,0.0,23,1,-117,LTE
1521794332994,121.49940091,31.28594976,25.0,7.0,1.7901117,-109,true,-1,-1,5,55.0,4000.0,-40.73028564453125,-50.01678466796875,76.62200927734375,0.7669063806533813,1.2684543132781982,-0.13313177227973938,460,1,6266,8898335,0,-1,0.0,0.0,0,0,0,,9,460,1,6266,8970507,0,279,0.0,0.0,66,4,-74,LTE,2147483647,2147483647,2147483647,2147483647,0,444,0.0,0.0,55,4,-85,LTE,2147483647,2147483647,2147483647,2147483647,0,445,0.0,0.0,45,4,-95,LTE,2147483647,2147483647,2147483647,2147483647,0,312,0.0,0.0,31,2,-109,LTE,2147483647,2147483647,2147483647,2147483647,0,480,0.0,0.0,27,2,-113,LTE,2147483647,2147483647,2147483647,2147483647,0,376,0.0,0.0,12,1,-128,LTE,2147483647,2147483647,2147483647,2147483647,0,158,0.0,0.0,22,1,-118,LTE,2147483647,2147483647,2147483647,2147483647,0,481,0.0,0.0,20,1,-120,LTE,2147483647,2147483647,2147483647,2147483647,0,60,0.0,0.0,23,1,-117,LTE
1521794334092,121.49940091,31.28594976,25.0,7.0,1.7901117,-109,true,-1,-1,5,55.0,4000.0,-44.7113037109375,-40.11688232421875,85.9222412109375,-0.44742336869239807,1.5465285778045654,0.9227699041366577,460,1,6266,8898335,0,-1,0.0,0.0,0,0,0,,9,460,1,6266,8970507,0,279,0.0,0.0,66,4,-74,LTE,2147483647,2147483647,2147483647,2147483647,0,444,0.0,0.0,55,4,-85,LTE,2147483647,2147483647,2147483647,2147483647,0,445,0.0,0.0,45,4,-95,LTE,2147483647,2147483647,2147483647,2147483647,0,312,0.0,0.0,31,2,-109,LTE,2147483647,2147483647,2147483647,2147483647,0,480,0.0,0.0,27,2,-113,LTE,2147483647,2147483647,2147483647,2147483647,0,376,0.0,0.0,12,1,-128,LTE,2147483647,2147483647,2147483647,2147483647,0,158,0.0,0.0,22,1,-118,LTE,2147483647,2147483647,2147483647,2147483647,0,481,0.0,0.0,20,1,-120,LTE,2147483647,2147483647,2147483647,2147483647,0,60,0.0,0.0,23,1,-117,LTE
1521794335187,121.49940091,31.28594976,25.0,7.0,1.7901117,-109,true,-1,-1,5,55.0,4000.0,-43.15032958984375,-40.716552734375,82.0220947265625,2.1286001205444336,1.5393093824386597,-1.6327896118164063,460,1,6266,8898335,0,-1,0.0,0.0,0,0,0,,9,460,1,6266,8970507,0,279,0.0,0.0,63,4,-77,LTE,2147483647,2147483647,2147483647,2147483647,0,444,0.0,0.0,59,4,-81,LTE,2147483647,2147483647,2147483647,2147483647,0,445,0.0,0.0,53,4,-87,LTE,2147483647,2147483647,2147483647,2147483647,0,312,0.0,0.0,31,2,-109,LTE,2147483647,2147483647,2147483647,2147483647,0,480,0.0,0.0,27,2,-113,LTE,2147483647,2147483647,2147483647,2147483647,0,376,0.0,0.0,12,1,-128,LTE,2147483647,2147483647,2147483647,2147483647,0,158,0.0,0.0,22,1,-118,LTE,2147483647,2147483647,2147483647,2147483647,0,481,0.0,0.0,20,1,-120,LTE,2147483647,2147483647,2147483647,2147483647,0,60,0.0,0.0,23,1,-117,LTE
1521794336267,121.49940091,31.28594976,25.0,7.0,1.7901117,-109,true,-1,-1,5,55.0,4000.0,-47.48077392578125,-40.716552734375,82.92236328125,2.260934591293335,1.4379467964172363,-1.7014909982681274,460,1,6266,8898335,0,-1,0.0,0.0,0,0,0,,9,460,1,6266,8970507,0,279,0.0,0.0,63,4,-77,LTE,2147483647,2147483647,2147483647,2147483647,0,444,0.0,0.0,59,4,-81,LTE,2147483647,2147483647,2147483647,2147483647,0,445,0.0,0.0,53,4,-87,LTE,2147483647,2147483647,2147483647,2147483647,0,312,0.0,0.0,31,2,-109,LTE,2147483647,2147483647,2147483647,2147483647,0,480,0.0,0.0,27,2,-113,LTE,2147483647,2147483647,2147483647,2147483647,0,376,0.0,0.0,12,1,-128,LTE,2147483647,2147483647,2147483647,2147483647,0,158,0.0,0.0,22,1,-118,LTE,2147483647,2147483647,2147483647,2147483647,0,481,0.0,0.0,20,1,-120,LTE,2147483647,2147483647,2147483647,2147483647,0,60,0.0,0.0,23,1,-117,LTE
1521794337346,121.49940091,31.28594976,25.0,7.0,1.7901117,-109,true,-1,-1,5,55.0,4000.0,-50.250244140625,-43.7164306640625,84.1217041015625,2.152886390686035,1.3104901313781738,-1.5318868160247803,460,1,6266,8898335,0,-1,0.0,0.0,0,0,0,,9,460,1,6266,8970507,0,279,0.0,0.0,63,4,-77,LTE,2147483647,2147483647,2147483647,2147483647,0,444,0.0,0.0,60,4,-80,LTE,2147483647,2147483647,2147483647,2147483647,0,445,0.0,0.0,56,4,-84,LTE,2147483647,2147483647,2147483647,2147483647,0,312,0.0,0.0,31,2,-109,LTE,2147483647,2147483647,2147483647,2147483647,0,480,0.0,0.0,27,2,-113,LTE,2147483647,2147483647,2147483647,2147483647,0,376,0.0,0.0,12,1,-128,LTE,2147483647,2147483647,2147483647,2147483647,0,158,0.0,0.0,22,1,-118,LTE,2147483647,2147483647,2147483647,2147483647,0,481,0.0,0.0,20,1,-120,LTE,2147483647,2147483647,2147483647,2147483647,0,60,0.0,0.0,23,1,-117,LTE
1521794338426,121.49940091,31.28594976,25.0,7.0,1.7901117,-109,true,-1,-1,5,55.0,4000.0,-54.24041748046875,-101.01776123046875,80.2215576171875,2.4817051887512207,0.02908746339380741,-0.32513877749443054,460,1,6266,8898335,0,-1,0.0,0.0,0,0,0,,9,460,1,6266,8970507,0,279,0.0,0.0,63,4,-77,LTE,2147483647,2147483647,2147483647,2147483647,0,444,0.0,0.0,60,4,-80,LTE,2147483647,2147483647,2147483647,2147483647,0,445,0.0,0.0,56,4,-84,LTE,2147483647,2147483647,2147483647,2147483647,0,312,0.0,0.0,31,2,-109,LTE,2147483647,2147483647,2147483647,2147483647,0,480,0.0,0.0,27,2,-113,LTE,2147483647,2147483647,2147483647,2147483647,0,376,0.0,0.0,12,1,-128,LTE,2147483647,2147483647,2147483647,2147483647,0,158,0.0,0.0,22,1,-118,LTE,2147483647,2147483647,2147483647,2147483647,0,481,0.0,0.0,20,1,-120,LTE,2147483647,2147483647,2147483647,2147483647,0,60,0.0,0.0,23,1,-117,LTE
1521794339503,121.49940091,31.28594976,25.0,7.0,1.7901117,-109,true,-1,-1,5,55.0,4000.0,-26.8707275390625,-57.81707763671875,68.82171630859375,3.0348782539367676,-0.18732450902462006,0.2698509991168976,460,1,6266,8898335,0,-1,0.0,0.0,0,0,0,,10,460,1,6266,8970507,0,279,0.0,0.0,63,4,-77,LTE,2147483647,2147483647,2147483647,2147483647,0,444,0.0,0.0,54,4,-86,LTE,2147483647,2147483647,2147483647,2147483647,0,248,0.0,0.0,62,4,-78,LTE,2147483647,2147483647,2147483647,2147483647,0,445,0.0,0.0,44,3,-96,LTE,2147483647,2147483647,2147483647,2147483647,0,312,0.0,0.0,31,2,-109,LTE,2147483647,2147483647,2147483647,2147483647,0,480,0.0,0.0,27,2,-113,LTE,2147483647,2147483647,2147483647,2147483647,0,376,0.0,0.0,12,1,-128,LTE,2147483647,2147483647,2147483647,2147483647,0,158,0.0,0.0,22,1,-118,LTE,2147483647,2147483647,2147483647,2147483647,0,481,0.0,0.0,20,1,-120,LTE,2147483647,2147483647,2147483647,2147483647,0,60,0.0,0.0,23,1,-117,LTE
1521794340581,121.49940091,31.28594976,25.0,7.0,1.7901117,-109,true,-1,-1,5,55.0,4000.0,-34.1400146484375,-42.51708984375,78.42254638671875,2.3941080570220947,-0.0021400165278464556,-0.0702415257692337,460,1,6266,8970507,0,-1,0.0,0.0,0,0,0,,10,460,1,6266,8970507,0,279,0.0,0.0,63,4,-77,LTE,2147483647,2147483647,2147483647,2147483647,0,444,0.0,0.0,54,4,-86,LTE,2147483647,2147483647,2147483647,2147483647,0,248,0.0,0.0,62,4,-78,LTE,2147483647,2147483647,2147483647,2147483647,0,445,0.0,0.0,44,3,-96,LTE,2147483647,2147483647,2147483647,2147483647,0,312,0.0,0.0,31,2,-109,LTE,2147483647,2147483647,2147483647,2147483647,0,480,0.0,0.0,27,2,-113,LTE,2147483647,2147483647,2147483647,2147483647,0,376,0.0,0.0,12,1,-128,LTE,2147483647,2147483647,2147483647,2147483647,0,158,0.0,0.0,22,1,-118,LTE,2147483647,2147483647,2147483647,2147483647,0,481,0.0,0.0,20,1,-120,LTE,2147483647,2147483647,2147483647,2147483647,0,60,0.0,0.0,23,1,-117,LTE
1521794341824,121.49940091,31.28594976,25.0,7.0,1.7901117,-109,true,-1,-1,5,55.0,4000.0,-36.39984130859375,-46.417236328125,75.72174072265625,2.6181349754333496,-0.19306302070617676,0.021512702107429504,460,1,6266,13056267,0,-1,0.0,0.0,0,0,0,,10,460,1,6266,8970507,0,279,0.0,0.0,64,4,-76,LTE,2147483647,2147483647,2147483647,2147483647,0,444,0.0,0.0,66,4,-74,LTE,2147483647,2147483647,2147483647,2147483647,0,445,0.0,0.0,50,4,-90,LTE,2147483647,2147483647,2147483647,2147483647,0,248,0.0,0.0,48,4,-92,LTE,2147483647,2147483647,2147483647,2147483647,0,312,0.0,0.0,28,2,-112,LTE,2147483647,2147483647,2147483647,2147483647,0,480,0.0,0.0,26,2,-114,LTE,2147483647,2147483647,2147483647,2147483647,0,60,0.0,0.0,21,1,-119,LTE,2147483647,2147483647,2147483647,2147483647,0,158,0.0,0.0,15,1,-125,LTE,2147483647,2147483647,2147483647,2147483647,0,481,0.0,0.0,23,1,-117,LTE,2147483647,2147483647,2147483647,2147483647,0,376,0.0,0.0,9,1,-131,LTE
1521794342886,121.49940091,31.28594976,25.0,7.0,1.7901117,-109,true,-1,-1,5,55.0,4000.0,-41.2506103515625,-55.71746826171875,70.3216552734375,2.619079828262329,-0.25859031081199646,-0.0016575041227042675,460,1,6266,13056267,0,-1,0.0,0.0,0,0,0,,10,460,1,6266,8970507,0,279,0.0,0.0,64,4,-76,LTE,2147483647,2147483647,2147483647,2147483647,0,444,0.0,0.0,66,4,-74,LTE,2147483647,2147483647,2147483647,2147483647,0,445,0.0,0.0,50,4,-90,LTE,2147483647,2147483647,2147483647,2147483647,0,248,0.0,0.0,48,4,-92,LTE,2147483647,2147483647,2147483647,2147483647,0,312,0.0,0.0,28,2,-112,LTE,2147483647,2147483647,2147483647,2147483647,0,480,0.0,0.0,26,2,-114,LTE,2147483647,2147483647,2147483647,2147483647,0,60,0.0,0.0,21,1,-119,LTE,2147483647,2147483647,2147483647,2147483647,0,158,0.0,0.0,15,1,-125,LTE,2147483647,2147483647,2147483647,2147483647,0,481,0.0,0.0,23,1,-117,LTE,2147483647,2147483647,2147483647,2147483647,0,376,0.0,0.0,9,1,-131,LTE
1521794343965,121.49940091,31.28594976,25.0,7.0,1.7901117,-109,true,-1,-1,5,55.0,4000.0,-37.60986328125,-47.91717529296875,74.82147216796875,2.50095796585083,-0.0953494980931282,-0.042488083243370056,460,1,6266,13056267,0,-1,0.0,0.0,0,0,0,,2,460,1,6266,13056267,0,444,0.0,0.0,62,4,-78,LTE,2147483647,2147483647,2147483647,2147483647,0,279,0.0,0.0,65,4,-75,LTE
1521794345059,121.49940091,31.28594976,25.0,7.0,1.7901117,-109,true,-1,-1,5,55.0,4000.0,-38.99078369140625,-43.4173583984375,79.62188720703125,2.365180492401123,-0.054347969591617584,-0.09814179688692093,460,1,6266,13056267,0,-1,0.0,0.0,0,0,0,,2,460,1,6266,13056267,0,444,0.0,0.0,62,4,-78,LTE,2147483647,2147483647,2147483647,2147483647,0,279,0.0,0.0,65,4,-75,LTE
1521794346126,121.49940091,31.28594976,25.0,7.0,1.7901117,-109,true,-1,-1,5,55.0,4000.0,-36.920166015625,-48.2177734375,74.2218017578125,2.485924005508423,-0.1379125565290451,-0.10013939440250397,460,1,6266,13056267,0,-1,0.0,0.0,0,0,0,,2,460,1,6266,13056267,0,444,0.0,0.0,64,4,-76,LTE,2147483647,2147483647,2147483647,2147483647,0,279,0.0,0.0,64,4,-76,LTE
1521794347197,121.49940091,31.28594976,25.0,7.0,1.7901117,-109,true,-1,-1,5,55.0,4000.0,-45.4010009765625,-47.01690673828125,78.1219482421875,2.263731002807617,-0.08128813654184341,-0.24192263185977936,460,1,6266,13056267,0,-1,0.0,0.0,0,0,0,,2,460,1,6266,13056267,0,444,0.0,0.0,64,4,-76,LTE,2147483647,2147483647,2147483647,2147483647,0,279,0.0,0.0,64,4,-76,LTE
1521794348445,121.49940091,31.28594976,25.0,7.0,1.7901117,-109,true,-1,-1,5,55.0,4000.0,-53.37066650390625,-54.217529296875,77.52227783203125,2.2441751956939697,-0.2939291000366211,-0.4524851143360138,460,1,6266,13056267,0,-1,0.0,0.0,0,0,0,,2,460,1,6266,13056267,0,444,0.0,0.0,65,4,-75,LTE,2147483647,2147483647,2147483647,2147483647,0,279,0.0,0.0,67,4,-73,LTE
