IMEI:862305032225518
IMSI:460091042103139
OSVersion:3.10.73-perf-g94fc9a6
apiLevel:5.1.1
model:Redmi Note 3
device:kenzo
product:kenzo
180
1521794373368,121.5015345,31.28573327,14.0,27.0,0.0,-109,true,-1,-1,5,54.0,4000.0,-31.201171875,-61.4166259765625,66.72210693359375,2.92598557472229,-0.38615185022354126,0.18571221828460693,460,1,6266,8970507,0,-1,0.0,0.0,0,0,0,,3,460,1,6266,8970507,0,279,0.0,0.0,63,4,-77,LTE,2147483647,2147483647,2147483647,2147483647,0,444,0.0,0.0,63,4,-77,LTE,2147483647,2147483647,2147483647,2147483647,0,248,0.0,0.0,49,4,-91,LTE
1521794374450,121.5015345,31.28573327,14.0,27.0,0.0,-109,true,-1,-1,5,54.0,4000.0,-32.0709228515625,-62.91656494140625,66.4215087890625,2.8100509643554688,-0.4092930555343628,0.0435025617480278,460,1,6266,8970507,0,-1,0.0,0.0,0,0,0,,3,460,1,6266,8970507,0,279,0.0,0.0,63,4,-77,LTE,2147483647,2147483647,2147483647,2147483647,0,444,0.0,0.0,63,4,-77,LTE,2147483647,2147483647,2147483647,2147483647,0,248,0.0,0.0,49,4,-91,LTE
1521794375510,121.5015345,31.28573327,14.0,27.0,0.0,-109,true,-1,-1,5,54.0,4000.0,-35.88104248046875,-52.71759033203125,70.62225341796875,2.645887613296509,-0.24588312208652496,-0.014150825329124928,460,1,6266,8970507,0,-1,0.0,0.0,0,0,0,,3,460,1,6266,8970507,0,279,0.0,0.0,61,4,-79,LTE,2147483647,2147483647,2147483647,2147483647,0,444,0.0,0.0,61,4,-79,LTE,2147483647,2147483647,2147483647,2147483647,0,248,0.0,0.0,60,4,-80,LTE
1521794376568,121.5015345,31.28573327,14.0,27.0,0.0,-109,true,-1,-1,5,54.0,4000.0,-38.30108642578125,-51.2176513671875,72.4212646484375,2.5704143047332764,-0.18419824540615082,-0.033770374953746796,460,1,6266,8970507,0,-1,0.0,0.0,0,0,0,,3,460,1,6266,8970507,0,279,0.0,0.0,61,4,-79,LTE,2147483647,2147483647,2147483647,2147483647,0,444,0.0,0.0,61,4,-79,LTE,2147483647,2147483647,2147483647,2147483647,0,248,0.0,0.0,60,4,-80,LTE
1521794377761,121.5015345,31.28573327,14.0,27.0,0.0,-109,true,-1,-1,5,54.0,4000.0,-42.46063232421875,-48.81744384765625,74.82147216796875,2.422632932662964,-0.12066780775785446,-0.10125260800123215,460,1,6266,8970507,0,-1,0.0,0.0,0,0,0,,9,460,1,6266,8970507,0,279,0.0,0.0,59,4,-81,LTE,2147483647,2147483647,2147483647,2147483647,0,444,0.0,0.0,63,4,-77,LTE,2147483647,2147483647,2147483647,2147483647,0,248,0.0,0.0,50,4,-90,LTE,2147483647,2147483647,2147483647,2147483647,0,0,0.0,0.0,97,4,0,LTE,2147483647,2147483647,2147483647,2147483647,0,0,0.0,0.0,97,4,0,LTE,2147483647,2147483647,2147483647,2147483647,0,0,0.0,0.0,97,4,0,LTE,2147483647,2147483647,2147483647,2147483647,0,0,0.0,0.0,97,4,0,LTE,2147483647,2147483647,2147483647,2147483647,0,0,0.0,0.0,97,4,0,LTE,2147483647,2147483647,2147483647,2147483647,0,0,0.0,0.0,97,4,0,LTE
1521794378820,121.5015345,31.28573327,14.0,27.0,0.0,-109,true,-1,-1,5,54.0,4000.0,-37.78076171875,-55.4168701171875,70.3216552734375,2.6301348209381104,-0.22820453345775604,-0.019323814660310745,460,1,6266,13056267,0,-1,0.0,0.0,0,0,0,,9,460,1,6266,8970507,0,279,0.0,0.0,59,4,-81,LTE,2147483647,2147483647,2147483647,2147483647,0,444,0.0,0.0,63,4,-77,LTE,2147483647,2147483647,2147483647,2147483647,0,248,0.0,0.0,50,4,-90,LTE,2147483647,2147483647,2147483647,2147483647,0,0,0.0,0.0,97,4,0,LTE,2147483647,2147483647,2147483647,2147483647,0,0,0.0,0.0,97,4,0,LTE,2147483647,2147483647,2147483647,2147483647,0,0,0.0,0.0,97,4,0,LTE,2147483647,2147483647,2147483647,2147483647,0,0,0.0,0.0,97,4,0,LTE,2147483647,2147483647,2147483647,2147483647,0,0,0.0,0.0,97,4,0,LTE,2147483647,2147483647,2147483647,2147483647,0,0,0.0,0.0,97,4,0,LTE
1521794379900,121.5015345,31.28573327,14.0,27.0,0.0,-109,true,-1,-1,5,54.0,4000.0,-35.3607177734375,-64.41650390625,67.92144775390625,2.676354169845581,-0.39034444093704224,-0.10241235792636871,460,1,6266,13056267,0,-1,0.0,0.0,0,0,0,,3,460,1,6266,13056267,0,444,0.0,0.0,63,4,-77,LTE,2147483647,2147483647,2147483647,2147483647,0,279,0.0,0.0,59,4,-81,LTE,2147483647,2147483647,2147483647,2147483647,0,248,0.0,0.0,59,4,-81,LTE
1521794380957,121.50161757,31.28560266,24.0,33.0,0.0,-109,true,-1,-1,5,54.0,4000.0,-29.64019775390625,-63.2171630859375,68.82171630859375,3.1085479259490967,-0.37087324261665344,0.3686991035938263,460,1,6266,13056267,0,-1,0.0,0.0,0,0,0,,3,460,1,6266,13056267,0,444,0.0,0.0,63,4,-77,LTE,2147483647,2147483647,2147483647,2147483647,0,279,0.0,0.0,59,4,-81,LTE,2147483647,2147483647,2147483647,2147483647,0,248,0.0,0.0,59,4,-81,LTE
1521794382050,121.50161757,31.28560266,24.0,33.0,0.0,-109,true,-1,-1,5,54.0,4000.0,-18.73016357421875,-62.31689453125,67.32177734375,-2.963472366333008,-0.29325172305107117,0.4774433672428131,460,1,6266,13056267,0,-1,0.0,0.0,0,0,0,,3,460,1,6266,13056267,0,444,0.0,0.0,63,4,-77,LTE,2147483647,2147483647,2147483647,2147483647,0,279,0.0,0.0,66,4,-74,LTE,2147483647,2147483647,2147483647,2147483647,0,248,0.0,0.0,60,4,-80,LTE
1521794383170,121.50161757,31.28560266,24.0,33.0,0.0,-109,true,-1,-1,5,54.0,4000.0,-12.15057373046875,-49.4171142578125,78.72161865234375,-1.9430832862854004,0.5058807730674744,1.3429124355316162,460,1,6266,13056267,0,-1,0.0,0.0,0,0,0,,3,460,1,6266,13056267,0,444,0.0,0.0,63,4,-77,LTE,2147483647,2147483647,2147483647,2147483647,0,279,0.0,0.0,66,4,-74,LTE,2147483647,2147483647,2147483647,2147483647,0,248,0.0,0.0,60,4,-80,LTE
1521794384250,121.50160653,31.28560883,33.0,19.0,0.0,-109,true,-1,-1,5,54.0,4000.0,-43.15032958984375,-34.716796875,92.22259521484375,-2.4773120880126953,1.3496408462524414,2.880323886871338,460,1,6266,13056267,0,-1,0.0,0.0,0,0,0,,3,460,1,6266,13056267,0,444,0.0,0.0,63,4,-77,LTE,2147483647,2147483647,2147483647,2147483647,0,279,0.0,0.0,69,4,-71,LTE,2147483647,2147483647,2147483647,2147483647,0,248,0.0,0.0,63,4,-77,LTE
1521794385332,121.50160653,31.28560883,33.0,19.0,0.0,-109,true,-1,-1,5,54.0,4000.0,-48.17047119140625,-36.517333984375,91.32232666015625,-2.594996213912964,1.3666273355484009,3.052166700363159,460,1,6266,13056267,0,-1,0.0,0.0,0,0,0,,3,460,1,6266,13056267,0,444,0.0,0.0,63,4,-77,LTE,2147483647,2147483647,2147483647,2147483647,0,279,0.0,0.0,69,4,-71,LTE,2147483647,2147483647,2147483647,2147483647,0,248,0.0,0.0,63,4,-77,LTE
1521794386410,121.50160653,31.28560883,33.0,19.0,0.0,-109,true,-1,-1,5,54.0,4000.0,-50.250244140625,-41.3177490234375,86.52191162109375,2.6678390502929688,1.439565658569336,-2.120469093322754,460,1,6266,13056267,0,-1,0.0,0.0,0,0,0,,3,460,1,6266,13056267,0,444,0.0,0.0,60,4,-80,LTE,2147483647,2147483647,2147483647,2147483647,0,248,0.0,0.0,57,4,-83,LTE,2147483647,2147483647,2147483647,2147483647,0,279,0.0,0.0,56,4,-84,LTE
1521794387487,121.50162448,31.28562787,29.0,11.0,0.0,-109,true,-1,-1,5,54.0,4000.0,-46.44012451171875,-45.81756591796875,81.72149658203125,1.1100096702575684,1.3905524015426636,-0.5073257684707642,460,1,6266,13056267,0,-1,0.0,0.0,0,0,0,,3,460,1,6266,13056267,0,444,0.0,0.0,60,4,-80,LTE,2147483647,2147483647,2147483647,2147483647,0,248,0.0,0.0,57,4,-83,LTE,2147483647,2147483647,2147483647,2147483647,0,279,0.0,0.0,56,4,-84,LTE
1521794388569,121.50162448,31.28562787,29.0,11.0,0.0,-109,true,-1,-1,5,54.0,4000.0,-47.30987548828125,-45.81756591796875,78.42254638671875,1.2223910093307495,1.3709993362426758,-0.57794189453125,460,1,6266,13056267,0,-1,0.0,0.0,0,0,0,,4,460,1,6266,13056267,0,444,0.0,0.0,60,4,-80,LTE,2147483647,2147483647,2147483647,2147483647,0,248,0.0,0.0,57,4,-83,LTE,2147483647,2147483647,2147483647,2147483647,0,279,0.0,0.0,61,4,-79,LTE,2147483647,2147483647,2147483647,2147483647,0,247,0.0,0.0,54,4,-86,LTE
1521794389646,121.5016549,31.28562223,29.0,9.0,0.0,-109,true,-1,-1,5,54.0,4000.0,-48.35052490234375,-47.01690673828125,79.62188720703125,1.1879889965057373,1.3883213996887207,-0.5501207113265991,460,1,6266,13056267,0,-1,0.0,0.0,0,0,0,,4,460,1,6266,13056267,0,444,0.0,0.0,60,4,-80,LTE,2147483647,2147483647,2147483647,2147483647,0,248,0.0,0.0,57,4,-83,LTE,2147483647,2147483647,2147483647,2147483647,0,279,0.0,0.0,61,4,-79,LTE,2147483647,2147483647,2147483647,2147483647,0,247,0.0,0.0,54,4,-86,LTE
1521794390743,121.5016549,31.28562223,29.0,9.0,0.0,-109,true,-1,-1,5,54.0,4000.0,-46.79107666015625,-45.81756591796875,79.3212890625,1.0704413652420044,1.3672199249267578,-0.43885859847068787,460,1,6266,13056267,0,-1,0.0,0.0,0,0,0,,4,460,1,6266,13056267,0,444,0.0,0.0,61,4,-79,LTE,2147483647,2147483647,2147483647,2147483647,0,279,0.0,0.0,61,4,-79,LTE,2147483647,2147483647,2147483647,2147483647,0,248,0.0,0.0,60,4,-80,LTE,2147483647,2147483647,2147483647,2147483647,0,402,0.0,0.0,56,4,-84,LTE
1521794391823,121.50165583,31.28562658,29.0,8.0,0.0,-109,true,-1,-1,5,54.0,4000.0,-47.650146484375,-46.417236328125,80.82122802734375,1.074297547340393,1.3692988157272339,-0.4444156289100647,460,1,6266,13056267,0,-1,0.0,0.0,0,0,0,,4,460,1,6266,13056267,0,444,0.0,0.0,61,4,-79,LTE,2147483647,2147483647,2147483647,2147483647,0,279,0.0,0.0,61,4,-79,LTE,2147483647,2147483647,2147483647,2147483647,0,248,0.0,0.0,60,4,-80,LTE,2147483647,2147483647,2147483647,2147483647,0,402,0.0,0.0,56,4,-84,LTE
1521794392902,121.50165583,31.28562658,29.0,8.0,0.0,-109,true,-1,-1,5,54.0,4000.0,-47.30987548828125,-46.11663818359375,80.82122802734375,0.9619175791740417,1.3866024017333984,-0.34939879179000854,460,1,6266,13056267,0,-1,0.0,0.0,0,0,0,,4,460,1,6266,13056267,0,444,0.0,0.0,61,4,-79,LTE,2147483647,2147483647,2147483647,2147483647,0,279,0.0,0.0,63,4,-77,LTE,2147483647,2147483647,2147483647,2147483647,0,248,0.0,0.0,58,4,-82,LTE,2147483647,2147483647,2147483647,2147483647,0,402,0.0,0.0,58,4,-82,LTE
1521794393978,121.50165604,31.2856277,29.0,9.0,0.0,-109,true,-1,-1,5,54.0,4000.0,-47.48077392578125,-47.3175048828125,80.52215576171875,1.24174964427948,1.3929157257080078,-0.6179909706115723,460,1,6266,13056267,0,-1,0.0,0.0,0,0,0,,4,460,1,6266,13056267,0,444,0.0,0.0,61,4,-79,LTE,2147483647,2147483647,2147483647,2147483647,0,279,0.0,0.0,63,4,-77,LTE,2147483647,2147483647,2147483647,2147483647,0,248,0.0,0.0,58,4,-82,LTE,2147483647,2147483647,2147483647,2147483647,0,402,0.0,0.0,58,4,-82,LTE
1521794395080,121.50165604,31.2856277,29.0,9.0,0.0,-109,true,-1,-1,5,54.0,4000.0,-54.93011474609375,-49.4171142578125,82.0220947265625,2.018186092376709,1.399180293083191,-1.355800986289978,460,1,6266,13056267,0,-1,0.0,0.0,0,0,0,,3,460,1,6266,13056267,0,444,0.0,0.0,63,4,-77,LTE,2147483647,2147483647,2147483647,2147483647,0,279,0.0,0.0,64,4,-76,LTE,2147483647,2147483647,2147483647,2147483647,0,248,0.0,0.0,57,4,-83,LTE
1521794396157,121.50165546,31.28562228,29.0,8.0,0.0,-109,true,-1,-1,5,54.0,4000.0,-66.3604736328125,-49.4171142578125,97.021484375,1.3276000022888184,1.2047326564788818,-0.5548014640808105,460,1,6266,13056267,0,-1,0.0,0.0,0,0,0,,3,460,1,6266,13056267,0,444,0.0,0.0,63,4,-77,LTE,2147483647,2147483647,2147483647,2147483647,0,279,0.0,0.0,64,4,-76,LTE,2147483647,2147483647,2147483647,2147483647,0,248,0.0,0.0,57,4,-83,LTE
1521794397237,121.50165546,31.28562228,29.0,8.0,0.0,-109,true,-1,-1,5,54.0,4000.0,-56.66046142578125,-36.21673583984375,121.02203369140625,0.9129984974861145,1.2864611148834229,-0.3934604227542877,460,1,6266,13056267,0,-1,0.0,0.0,0,0,0,,3,460,1,6266,13056267,0,444,0.0,0.0,60,4,-80,LTE,2147483647,2147483647,2147483647,2147483647,0,279,0.0,0.0,55,4,-85,LTE,2147483647,2147483647,2147483647,2147483647,0,248,0.0,0.0,59,4,-81,LTE
1521794398316,121.50165482,31.2856187,29.0,8.0,0.0,-109,true,-1,-1,5,54.0,4000.0,-39.5111083984375,-32.01751708984375,129.72259521484375,0.9742669463157654,1.249977946281433,-0.5901980996131897,460,1,6266,13056267,0,-1,0.0,0.0,0,0,0,,3,460,1,6266,13056267,0,444,0.0,0.0,60,4,-80,LTE,2147483647,2147483647,2147483647,2147483647,0,279,0.0,0.0,55,4,-85,LTE,2147483647,2147483647,2147483647,2147483647,0,248,0.0,0.0,59,4,-81,LTE
1521794399394,121.50165482,31.2856187,29.0,8.0,0.0,-109,true,-1,-1,5,54.0,4000.0,-33.10089111328125,-32.01751708984375,137.2222900390625,0.5103514790534973,1.1775776147842407,-0.19729986786842346,460,1,6266,13056267,0,-1,0.0,0.0,0,0,0,,3,460,1,6266,13056267,0,444,0.0,0.0,59,4,-81,LTE,2147483647,2147483647,2147483647,2147483647,0,248,0.0,0.0,58,4,-82,LTE,2147483647,2147483647,2147483647,2147483647,0,279,0.0,0.0,60,4,-80,LTE
1521794400473,121.50165443,31.28561818,29.0,8.0,0.0,-109,true,-1,-1,5,54.0,4000.0,-42.8009033203125,-33.21685791015625,134.82208251953125,1.1408287286758423,1.203841209411621,-0.7256428003311157,460,1,6266,13056267,0,-1,0.0,0.0,0,0,0,,3,460,1,6266,13056267,0,444,0.0,0.0,59,4,-81,LTE,2147483647,2147483647,2147483647,2147483647,0,248,0.0,0.0,58,4,-82,LTE,2147483647,2147483647,2147483647,2147483647,0,279,0.0,0.0,60,4,-80,LTE
1521794401573,121.50165443,31.28561818,29.0,8.0,0.0,-109,true,-1,-1,5,54.0,4000.0,-41.2506103515625,-33.21685791015625,128.521728515625,1.073339819908142,1.1148127317428589,-0.6128203272819519,460,1,6266,13056267,0,-1,0.0,0.0,0,0,0,,3,460,1,6266,13056267,0,444,0.0,0.0,59,4,-81,LTE,2147483647,2147483647,2147483647,2147483647,0,248,0.0,0.0,56,4,-84,LTE,2147483647,2147483647,2147483647,2147483647,0,279,0.0,0.0,60,4,-80,LTE
1521794402647,121.50165839,31.28562188,28.0,9.0,0.0,-109,true,-1,-1,5,54.0,4000.0,-34.320068359375,-34.417724609375,138.72222900390625,0.6577394604682922,1.3814200162887573,-0.37859535217285156,460,1,6266,13056267,0,-1,0.0,0.0,0,0,0,,3,460,1,6266,13056267,0,444,0.0,0.0,59,4,-81,LTE,2147483647,2147483647,2147483647,2147483647,0,248,0.0,0.0,56,4,-84,LTE,2147483647,2147483647,2147483647,2147483647,0,279,0.0,0.0,60,4,-80,LTE
1521794403708,121.50165839,31.28562188,28.0,9.0,0.0,-109,true,-1,-1,5,54.0,4000.0,-34.66033935546875,-33.5174560546875,133.92181396484375,0.7581900358200073,1.3168636560440063,-0.4461771845817566,460,1,6266,13056267,0,-1,0.0,0.0,0,0,0,,3,460,1,6266,13056267,0,444,0.0,0.0,58,4,-82,LTE,2147483647,2147483647,2147483647,2147483647,0,248,0.0,0.0,58,4,-82,LTE,2147483647,2147483647,2147483647,2147483647,0,279,0.0,0.0,57,4,-83,LTE
1521794404805,121.50165867,31.28562167,28.0,9.0,0.0,-109,true,-1,-1,5,54.0,4000.0,-37.95013427734375,-36.21673583984375,136.62261962890625,0.9882254600524902,1.2641980648040771,-0.6285717487335205,460,1,6266,13056267,0,-1,0.0,0.0,0,0,0,,3,460,1,6266,13056267,0,444,0.0,0.0,58,4,-82,LTE,2147483647,2147483647,2147483647,2147483647,0,248,0.0,0.0,58,4,-82,LTE,2147483647,2147483647,2147483647,2147483647,0,279,0.0,0.0,57,4,-83,LTE
1521794405884,121.50165867,31.28562167,28.0,9.0,0.0,-109,true,-1,-1,5,54.0,4000.0,-36.7401123046875,-35.31646728515625,137.5213623046875,0.505333423614502,1.3586974143981934,-0.20930996537208557,460,1,6266,13056267,0,-1,0.0,0.0,0,0,0,,3,460,1,6266,13056267,0,444,0.0,0.0,58,4,-82,LTE,2147483647,2147483647,2147483647,2147483647,0,248,0.0,0.0,56,4,-84,LTE,2147483647,2147483647,2147483647,2147483647,0,279,0.0,0.0,59,4,-81,LTE
1521794406969,121.50165758,31.28562222,29.0,8.0,0.0,-109,true,-1,-1,5,54.0,4000.0,-40.2099609375,-34.716796875,138.72222900390625,0.7308434844017029,1.2614854574203491,-0.3747226893901825,460,1,6266,13056267,0,-1,0.0,0.0,0,0,0,,3,460,1,6266,13056267,0,444,0.0,0.0,58,4,-82,LTE,2147483647,2147483647,2147483647,2147483647,0,248,0.0,0.0,56,4,-84,LTE,2147483647,2147483647,2147483647,2147483647,0,279,0.0,0.0,59,4,-81,LTE
1521794408101,121.50165758,31.28562222,29.0,8.0,0.0,-109,true,-1,-1,5,54.0,4000.0,-39.3402099609375,-35.6170654296875,134.222412109375,1.1099255084991455,1.2422919273376465,-0.7256231904029846,460,1,6266,13056267,0,-1,0.0,0.0,0,0,0,,3,460,1,6266,13056267,0,444,0.0,0.0,61,4,-79,LTE,2147483647,2147483647,2147483647,2147483647,0,279,0.0,0.0,56,4,-84,LTE,2147483647,2147483647,2147483647,2147483647,0,248,0.0,0.0,62,4,-78,LTE
1521794409161,121.50165707,31.28562107,29.0,8.0,0.0,-109,true,-1,-1,5,54.0,4000.0,-45.75042724609375,-37.7166748046875,133.92181396484375,1.0674753189086914,1.2358512878417969,-0.6335418820381165,460,1,6266,13056267,0,-1,0.0,0.0,0,0,0,,3,460,1,6266,13056267,0,444,0.0,0.0,61,4,-79,LTE,2147483647,2147483647,2147483647,2147483647,0,279,0.0,0.0,56,4,-84,LTE,2147483647,2147483647,2147483647,2147483647,0,248,0.0,0.0,62,4,-78,LTE
1521794410242,121.50165707,31.28562107,29.0,8.0,0.0,-109,true,-1,-1,5,54.0,4000.0,-40.0299072265625,-33.8165283203125,136.62261962890625,0.5554329752922058,1.3402608633041382,-0.22963914275169373,460,1,6266,13056267,0,-1,0.0,0.0,0,0,0,,3,460,1,6266,13056267,0,444,0.0,0.0,60,4,-80,LTE,2147483647,2147483647,2147483647,2147483647,0,248,0.0,0.0,60,4,-80,LTE,2147483647,2147483647,2147483647,2147483647,0,279,0.0,0.0,57,4,-83,LTE
1521794411316,121.50165668,31.28562006,29.0,10.0,0.0,-109,true,-1,-1,5,54.0,4000.0,-37.95013427734375,-32.91778564453125,136.02142333984375,0.5975092649459839,1.301445484161377,-0.2731627821922302,460,1,6266,13056267,0,-1,0.0,0.0,0,0,0,,3,460,1,6266,13056267,0,444,0.0,0.0,60,4,-80,LTE,2147483647,2147483647,2147483647,2147483647,0,248,0.0,0.0,60,4,-80,LTE,2147483647,2147483647,2147483647,2147483647,0,279,0.0,0.0,57,4,-83,LTE
1521794412398,121.50165668,31.28562006,29.0,10.0,0.0,-109,true,-1,-1,5,54.0,4000.0,-38.13018798828125,-33.5174560546875,133.92181396484375,0.9818253517150879,1.2983003854751587,-0.6316591501235962,460,1,6266,13056267,0,-1,0.0,0.0,0,0,0,,3,460,1,6266,13056267,0,444,0.0,0.0,61,4,-79,LTE,2147483647,2147483647,2147483647,2147483647,0,248,0.0,0.0,67,4,-73,LTE,2147483647,2147483647,2147483647,2147483647,0,279,0.0,0.0,55,4,-85,LTE
1521794413493,121.50165668,31.28562006,29.0,10.0,0.0,-109,true,-1,-1,5,54.0,4000.0,-41.9403076171875,-33.21685791015625,133.3221435546875,1.0846771001815796,1.2082939147949219,-0.6730719804763794,460,1,6266,13056267,0,-1,0.0,0.0,0,0,0,,3,460,1,6266,13056267,0,444,0.0,0.0,61,4,-79,LTE,2147483647,2147483647,2147483647,2147483647,0,248,0.0,0.0,67,4,-73,LTE,2147483647,2147483647,2147483647,2147483647,0,279,0.0,0.0,55,4,-85,LTE
1521794414569,121.50164188,31.28560099,30.0,10.0,2.8008747,-109,true,-1,-1,5,54.0,4000.0,-42.98095703125,-33.8165283203125,134.521484375,0.41021251678466797,1.3763642311096191,-0.07553546875715256,460,1,6266,13056267,0,-1,0.0,0.0,0,0,0,,3,460,1,6266,8898325,0,248,0.0,0.0,76,4,-64,LTE,2147483647,2147483647,2147483647,2147483647,0,444,0.0,0.0,63,4,-77,LTE,2147483647,2147483647,2147483647,2147483647,0,279,0.0,0.0,60,4,-80,LTE
1521794415654,121.50164188,31.28560099,30.0,10.0,2.8008747,-109,true,-1,-1,5,54.0,4000.0,-37.26043701171875,-32.91778564453125,138.421630859375,0.564728319644928,1.298166036605835,-0.2514585554599762,460,1,6266,13056267,0,-1,0.0,0.0,0,0,0,,3,460,1,6266,8898325,0,248,0.0,0.0,76,4,-64,LTE,2147483647,2147483647,2147483647,2147483647,0,444,0.0,0.0,63,4,-77,LTE,2147483647,2147483647,2147483647,2147483647,0,279,0.0,0.0,60,4,-80,LTE
1521794416790,121.50161164,31.28554651,30.0,8.0,2.1603706,-109,true,-1,-1,5,54.0,4000.0,-41.2506103515625,-36.81640625,135.1226806640625,0.8894883394241333,1.2857719659805298,-0.5146087408065796,460,1,6266,13056267,0,-1,0.0,0.0,0,0,0,,3,460,1,6266,8898325,0,248,0.0,0.0,72,4,-68,LTE,2147483647,2147483647,2147483647,2147483647,0,444,0.0,0.0,65,4,-75,LTE,2147483647,2147483647,2147483647,2147483647,0,279,0.0,0.0,66,4,-74,LTE
1521794417893,121.50161864,31.28550047,33.0,9.0,2.1402104,-109,true,-1,-1,5,54.0,4000.0,-40.73028564453125,-32.6171875,131.82220458984375,1.0349773168563843,1.2878236770629883,-0.6588180065155029,460,1,6266,13056267,0,-1,0.0,0.0,0,0,0,,3,460,1,6266,8898325,0,248,0.0,0.0,72,4,-68,LTE,2147483647,2147483647,2147483647,2147483647,0,444,0.0,0.0,65,4,-75,LTE,2147483647,2147483647,2147483647,2147483647,0,279,0.0,0.0,66,4,-74,LTE
1521794418998,121.50161864,31.28550047,33.0,9.0,2.1402104,-109,true,-1,-1,5,54.0,4000.0,-41.2506103515625,-35.31646728515625,138.72222900390625,0.6692562103271484,1.3510839939117432,-0.3351084291934967,460,1,6266,13056267,0,-1,0.0,0.0,0,0,0,,3,460,1,6266,8898325,0,248,0.0,0.0,66,4,-74,LTE,2147483647,2147483647,2147483647,2147483647,0,279,0.0,0.0,66,4,-74,LTE,2147483647,2147483647,2147483647,2147483647,0,444,0.0,0.0,65,4,-75,LTE
1521794420075,121.50161032,31.28547648,32.0,8.0,1.8202473,-109,true,-1,-1,5,54.0,4000.0,-41.2506103515625,-32.91778564453125,136.92169189453125,0.38174334168434143,1.3400160074234009,-0.06023264303803444,460,1,6266,13056267,0,-1,0.0,0.0,0,0,0,,3,460,1,6266,8898325,0,248,0.0,0.0,66,4,-74,LTE,2147483647,2147483647,2147483647,2147483647,0,279,0.0,0.0,66,4,-74,LTE,2147483647,2147483647,2147483647,2147483647,0,444,0.0,0.0,65,4,-75,LTE
1521794421172,121.50161032,31.28547648,32.0,8.0,1.8202473,-109,true,-1,-1,5,54.0,4000.0,-41.41998291015625,-33.5174560546875,135.4217529296875,0.8901528716087341,1.2492449283599854,-0.5074623823165894,460,1,6266,13056267,0,-1,0.0,0.0,0,0,0,,3,460,1,6266,8898325,0,248,0.0,0.0,80,4,-60,LTE,2147483647,2147483647,2147483647,2147483647,0,444,0.0,0.0,65,4,-75,LTE,2147483647,2147483647,2147483647,2147483647,0,279,0.0,0.0,66,4,-74,LTE
1521794422248,121.50159055,31.28543996,30.0,9.0,1.401285,-109,true,-1,-1,5,54.0,4000.0,-37.60986328125,-31.11724853515625,133.6212158203125,1.0673907995224,1.232093095779419,-0.699678897857666,460,1,6266,13056267,0,-1,0.0,0.0,0,0,0,,3,460,1,6266,8898325,0,248,0.0,0.0,80,4,-60,LTE,2147483647,2147483647,2147483647,2147483647,0,444,0.0,0.0,65,4,-75,LTE,2147483647,2147483647,2147483647,2147483647,0,279,0.0,0.0,66,4,-74,LTE
1521794423381,121.50159055,31.28543996,30.0,9.0,1.401285,-109,true,-1,-1,5,54.0,4000.0,-45.4010009765625,-37.11700439453125,136.92169189453125,0.5360621213912964,1.351450800895691,-0.17652222514152527,460,1,6266,13056267,0,-1,0.0,0.0,0,0,0,,3,460,1,6266,8898325,0,248,0.0,0.0,70,4,-70,LTE,2147483647,2147483647,2147483647,2147483647,0,444,0.0,0.0,65,4,-75,LTE,2147483647,2147483647,2147483647,2147483647,0,279,0.0,0.0,66,4,-74,LTE
1521794424440,121.50159055,31.28543996,30.0,9.0,1.401285,-109,true,-1,-1,5,54.0,4000.0,-40.73028564453125,-32.01751708984375,137.2222900390625,0.47109392285346985,1.3283747434616089,-0.14614199101924896,460,1,6266,13056267,0,-1,0.0,0.0,0,0,0,,3,460,1,6266,8898325,0,248,0.0,0.0,70,4,-70,LTE,2147483647,2147483647,2147483647,2147483647,0,444,0.0,0.0,65,4,-75,LTE,2147483647,2147483647,2147483647,2147483647,0,279,0.0,0.0,66,4,-74,LTE
1521794425480,121.50154456,31.28536702,29.0,10.0,2.25,-109,true,-1,-1,5,54.0,4000.0,-32.7606201171875,-32.01751708984375,133.6212158203125,0.834143340587616,1.266304850578308,-0.5172014236450195,460,1,6266,13056267,0,-1,0.0,0.0,0,0,0,,3,460,1,6266,8898325,0,248,0.0,0.0,84,4,-56,LTE,2147483647,2147483647,2147483647,2147483647,0,444,0.0,0.0,65,4,-75,LTE,2147483647,2147483647,2147483647,2147483647,0,279,0.0,0.0,66,4,-74,LTE
1521794426568,121.50154456,31.28536702,29.0,10.0,2.25,-109,true,-1,-1,5,54.0,4000.0,-38.13018798828125,-32.6171875,132.12127685546875,0.9216609001159668,1.259244441986084,-0.557023823261261,460,1,6266,13056267,0,-1,0.0,0.0,0,0,0,,3,460,1,6266,8898325,0,248,0.0,0.0,84,4,-56,LTE,2147483647,2147483647,2147483647,2147483647,0,444,0.0,0.0,65,4,-75,LTE,2147483647,2147483647,2147483647,2147483647,0,279,0.0,0.0,66,4,-74,LTE
1521794427646,121.50145927,31.28526568,32.0,9.0,2.3907533,-109,true,-1,-1,5,54.0,4000.0,-43.670654296875,-37.4176025390625,137.5213623046875,0.4399329721927643,1.352407455444336,-0.09922480583190918,460,1,6266,13056267,0,-1,0.0,0.0,0,0,0,,3,460,1,6266,8898325,0,248,0.0,0.0,79,4,-61,LTE,2147483647,2147483647,2147483647,2147483647,0,444,0.0,0.0,65,4,-75,LTE,2147483647,2147483647,2147483647,2147483647,0,279,0.0,0.0,66,4,-74,LTE
1521794428912,121.50145927,31.28526568,32.0,9.0,2.3907533,-109,true,-1,-1,5,54.0,4000.0,-38.470458984375,-34.417724609375,136.322021484375,0.45667511224746704,1.3566697835922241,-0.14967533946037292,460,1,6266,13056267,0,-1,0.0,0.0,0,0,0,,3,460,1,6266,8898325,0,248,0.0,0.0,79,4,-61,LTE,2147483647,2147483647,2147483647,2147483647,0,444,0.0,0.0,65,4,-75,LTE,2147483647,2147483647,2147483647,2147483647,0,279,0.0,0.0,66,4,-74,LTE
1521794429799,121.50143518,31.28523439,34.0,9.0,1.7822738,-109,true,-1,-1,5,54.0,4000.0,-40.2099609375,-34.417724609375,135.72235107421875,0.7590627670288086,1.2503211498260498,-0.3909647464752197,460,1,6266,13056267,0,-1,0.0,0.0,0,0,0,,3,460,1,6266,8898325,0,248,0.0,0.0,81,4,-59,LTE,2147483647,2147483647,2147483647,2147483647,0,444,0.0,0.0,65,4,-75,LTE,2147483647,2147483647,2147483647,2147483647,0,279,0.0,0.0,66,4,-74,LTE
1521794430928,121.50143518,31.28523439,34.0,9.0,1.7822738,-109,true,-1,-1,5,54.0,4000.0,-37.091064453125,-33.5174560546875,133.92181396484375,1.1550686359405518,1.2372685670852661,-0.7877554297447205,460,1,6266,13056267,0,-1,0.0,0.0,0,0,0,,3,460,1,6266,8898325,0,248,0.0,0.0,81,4,-59,LTE,2147483647,2147483647,2147483647,2147483647,0,444,0.0,0.0,65,4,-75,LTE,2147483647,2147483647,2147483647,2147483647,0,279,0.0,0.0,66,4,-74,LTE
1521794431972,121.50140012,31.28523668,38.0,10.0,1.6125135,-109,true,-1,-1,5,54.0,4000.0,-37.60986328125,-36.21673583984375,138.421630859375,0.653340220451355,1.295998215675354,-0.32744190096855164,460,1,6266,13056267,0,-1,0.0,0.0,0,0,0,,3,460,1,6266,8898325,0,248,0.0,0.0,71,4,-69,LTE,2147483647,2147483647,2147483647,2147483647,0,444,0.0,0.0,65,4,-75,LTE,2147483647,2147483647,2147483647,2147483647,0,279,0.0,0.0,66,4,-74,LTE
1521794433210,121.50140012,31.28523668,38.0,10.0,1.6125135,-109,true,-1,-1,5,54.0,4000.0,-37.95013427734375,-35.6170654296875,139.02130126953125,0.4009471833705902,1.3483117818832397,-0.10420344769954681,460,1,6266,13056267,0,-1,0.0,0.0,0,0,0,,3,460,1,6266,8898325,0,248,0.0,0.0,71,4,-69,LTE,2147483647,2147483647,2147483647,2147483647,0,444,0.0,0.0,65,4,-75,LTE,2147483647,2147483647,2147483647,2147483647,0,279,0.0,0.0,66,4,-74,LTE
1521794434106,121.50141081,31.28523057,39.0,14.0,1.3230647,-109,true,-1,-1,5,54.0,4000.0,-37.4298095703125,-35.91766357421875,138.72222900390625,0.874369204044342,1.2938714027404785,-0.538002610206604,460,1,6266,13056267,0,-1,0.0,0.0,0,0,0,,3,460,1,6266,8898325,0,248,0.0,0.0,78,4,-62,LTE,2147483647,2147483647,2147483647,2147483647,0,279,0.0,0.0,66,4,-74,LTE,2147483647,2147483647,2147483647,2147483647,0,444,0.0,0.0,65,4,-75,LTE
1521794435220,121.50141081,31.28523057,39.0,14.0,1.3230647,-109,true,-1,-1,5,54.0,4000.0,-36.0504150390625,-34.11712646484375,139.92156982421875,0.5850396752357483,1.3520386219024658,-0.2933178246021271,460,1,6266,13056267,0,-1,0.0,0.0,0,0,0,,3,460,1,6266,8898325,0,248,0.0,0.0,78,4,-62,LTE,2147483647,2147483647,2147483647,2147483647,0,279,0.0,0.0,66,4,-74,LTE,2147483647,2147483647,2147483647,2147483647,0,444,0.0,0.0,65,4,-75,LTE
1521794436448,121.50141081,31.28523057,39.0,14.0,1.3230647,-109,true,-1,-1,5,54.0,4000.0,-33.97064208984375,-34.417724609375,138.12255859375,0.4893129765987396,1.3270721435546875,-0.208185613155365,460,1,6266,13056267,0,-1,0.0,0.0,0,0,0,,3,460,1,6266,8898325,0,248,0.0,0.0,68,4,-72,LTE,2147483647,2147483647,2147483647,2147483647,0,444,0.0,0.0,64,4,-76,LTE,2147483647,2147483647,2147483647,2147483647,0,279,0.0,0.0,62,4,-78,LTE
1521794437324,121.50140326,31.2851369,29.0,13.0,0.9683491,-109,true,-1,-1,5,54.0,4000.0,-43.50128173828125,-33.21685791015625,133.02154541015625,1.0011321306228638,1.2749212980270386,-0.6045593619346619,460,1,6266,13056267,0,-1,0.0,0.0,0,0,0,,3,460,1,6266,8898325,0,248,0.0,0.0,68,4,-72,LTE,2147483647,2147483647,2147483647,2147483647,0,444,0.0,0.0,64,4,-76,LTE,2147483647,2147483647,2147483647,2147483647,0,279,0.0,0.0,62,4,-78,LTE
1521794438450,121.50140326,31.2851369,29.0,13.0,0.9683491,-109,true,-1,-1,5,54.0,4000.0,-44.88067626953125,-33.21685791015625,135.4217529296875,0.29764074087142944,1.400137186050415,0.038070499897003174,460,1,6266,13056267,0,-1,0.0,0.0,0,0,0,,3,460,1,6266,8898325,0,248,0.0,0.0,65,4,-75,LTE,2147483647,2147483647,2147483647,2147483647,0,444,0.0,0.0,63,4,-77,LTE,2147483647,2147483647,2147483647,2147483647,0,279,0.0,0.0,59,4,-81,LTE
1521794439518,121.5014082,31.28505708,24.0,10.0,1.1300442,-109,true,-1,-1,5,54.0,4000.0,-39.86053466796875,-33.8165283203125,136.322021484375,0.6825345754623413,1.2443920373916626,-0.32248419523239136,460,1,6266,13056267,0,-1,0.0,0.0,0,0,0,,3,460,1,6266,8898325,0,248,0.0,0.0,65,4,-75,LTE,2147483647,2147483647,2147483647,2147483647,0,444,0.0,0.0,63,4,-77,LTE,2147483647,2147483647,2147483647,2147483647,0,279,0.0,0.0,59,4,-81,LTE
1521794440591,121.5014082,31.28505708,24.0,10.0,1.1300442,-109,true,-1,-1,5,54.0,4000.0,-40.2099609375,-33.5174560546875,133.3221435546875,1.1434006690979004,1.2666964530944824,-0.7642655372619629,460,1,6266,13056267,0,-1,0.0,0.0,0,0,0,,2,460,1,6266,8898325,0,248,0.0,0.0,72,4,-68,LTE,2147483647,2147483647,2147483647,2147483647,0,444,0.0,0.0,63,4,-77,LTE
1521794441665,121.5014082,31.28505708,24.0,10.0,1.1300442,-109,true,-1,-1,5,54.0,4000.0,-36.0504150390625,-34.716796875,136.92169189453125,0.41067686676979065,1.359997272491455,-0.12454064935445786,460,1,6266,13056267,0,-1,0.0,0.0,0,0,0,,2,460,1,6266,8898325,0,248,0.0,0.0,72,4,-68,LTE,2147483647,2147483647,2147483647,2147483647,0,444,0.0,0.0,63,4,-77,LTE
1521794442742,121.50135039,31.28496175,25.0,10.0,1.2448695,-109,true,-1,-1,5,54.0,4000.0,-37.60986328125,-34.11712646484375,134.82208251953125,0.8664889335632324,1.2493764162063599,-0.5079107880592346,460,1,6266,13056267,0,-1,0.0,0.0,0,0,0,,2,460,1,6266,8898325,0,248,0.0,0.0,69,4,-71,LTE,2147483647,2147483647,2147483647,2147483647,0,444,0.0,0.0,61,4,-79,LTE
1521794443804,121.50135039,31.28496175,25.0,10.0,1.2448695,-109,true,-1,-1,5,54.0,4000.0,-45.4010009765625,-36.517333984375,137.5213623046875,0.47199204564094543,1.5107555389404297,-0.14550848305225372,460,1,6266,13056267,0,-1,0.0,0.0,0,0,0,,2,460,1,6266,8898325,0,248,0.0,0.0,69,4,-71,LTE,2147483647,2147483647,2147483647,2147483647,0,444,0.0,0.0,61,4,-79,LTE
1521794444883,121.50135039,31.28496175,25.0,10.0,1.2448695,-109,true,-1,-1,5,54.0,4000.0,-37.95013427734375,-33.5174560546875,133.02154541015625,0.6050659418106079,1.316676139831543,-0.27695921063423157,460,1,6266,13056267,0,-1,0.0,0.0,0,0,0,,2,460,1,6266,8898325,0,248,0.0,0.0,70,4,-70,LTE,2147483647,2147483647,2147483647,2147483647,0,444,0.0,0.0,61,4,-79,LTE
1521794445964,121.50135039,31.28496175,25.0,10.0,1.2448695,-109,true,-1,-1,5,54.0,4000.0,-43.50128173828125,-35.91766357421875,134.82208251953125,1.0662879943847656,1.2541474103927612,-0.6604161262512207,460,1,6266,13056267,0,-1,0.0,0.0,0,0,0,,2,460,1,6266,8898325,0,248,0.0,0.0,70,4,-70,LTE,2147483647,2147483647,2147483647,2147483647,0,444,0.0,0.0,61,4,-79,LTE
1521794447045,121.50135039,31.28496175,25.0,10.0,1.2448695,-109,true,-1,-1,5,54.0,4000.0,-42.98095703125,-33.5174560546875,136.92169189453125,0.47390779852867126,1.354873538017273,-0.13731665909290314,460,1,6266,13056267,0,-1,0.0,0.0,0,0,0,,2,460,1,6266,8898325,0,248,0.0,0.0,77,4,-63,LTE,2147483647,2147483647,2147483647,2147483647,0,444,0.0,0.0,61,4,-79,LTE
1521794448119,121.50135039,31.28496175,25.0,10.0,1.2448695,-109,true,-1,-1,5,54.0,4000.0,-42.28057861328125,-34.11712646484375,136.322021484375,1.0546762943267822,1.2682230472564697,-0.6695572733879089,460,1,6266,13056267,0,-1,0.0,0.0,0,0,0,,2,460,1,6266,8898325,0,248,0.0,0.0,77,4,-63,LTE,2147483647,2147483647,2147483647,2147483647,0,444,0.0,0.0,61,4,-79,LTE
1521794449197,121.50135039,31.28496175,25.0,10.0,1.2448695,-109,true,-1,-1,5,54.0,4000.0,-39.86053466796875,-33.21685791015625,136.92169189453125,0.32757043838500977,1.4103105068206787,-0.02836921066045761,460,1,6266,13056267,0,-1,0.0,0.0,0,0,0,,2,460,1,6266,8898325,0,248,0.0,0.0,84,4,-56,LTE,2147483647,2147483647,2147483647,2147483647,0,444,0.0,0.0,61,4,-79,LTE
1521794450277,121.50135039,31.28496175,25.0,10.0,1.2448695,-109,true,-1,-1,5,54.0,4000.0,-40.2099609375,-31.4178466796875,135.72235107421875,0.9114316701889038,1.2701588869094849,-0.5476058721542358,460,1,6266,13056267,0,-1,0.0,0.0,0,0,0,,2,460,1,6266,8898325,0,248,0.0,0.0,84,4,-56,LTE,2147483647,2147483647,2147483647,2147483647,0,444,0.0,0.0,61,4,-79,LTE
1521794451355,121.50135039,31.28496175,25.0,10.0,1.2448695,-109,true,-1,-1,5,54.0,4000.0,-44.02008056640625,-34.417724609375,132.72247314453125,1.2180875539779663,1.2256147861480713,-0.7951509952545166,460,1,6266,13056267,0,-1,0.0,0.0,0,0,0,,2,460,1,6266,8898325,0,248,0.0,0.0,82,4,-58,LTE,2147483647,2147483647,2147483647,2147483647,0,444,0.0,0.0,61,4,-79,LTE
1521794452414,121.50135039,31.28496175,25.0,10.0,1.2448695,-109,true,-1,-1,5,54.0,4000.0,-36.57073974609375,-32.91778564453125,137.82196044921875,0.35193872451782227,1.3438708782196045,-0.06628789007663727,460,1,6266,13056267,0,-1,0.0,0.0,0,0,0,,2,460,1,6266,8898325,0,248,0.0,0.0,82,4,-58,LTE,2147483647,2147483647,2147483647,2147483647,0,444,0.0,0.0,61,4,-79,LTE
1521794453512,121.50135039,31.28496175,25.0,10.0,1.2448695,-109,true,-1,-1,5,54.0,4000.0,-33.10089111328125,-33.8165283203125,135.4217529296875,0.9296833276748657,1.2957566976547241,-0.6173757314682007,460,1,6266,13056267,0,-1,0.0,0.0,0,0,0,,2,460,1,6266,8898325,0,248,0.0,0.0,81,4,-59,LTE,2147483647,2147483647,2147483647,2147483647,0,444,0.0,0.0,61,4,-79,LTE
1521794454593,121.50135039,31.28496175,25.0,10.0,1.2448695,-109,true,-1,-1,5,54.0,4000.0,-35.88104248046875,-33.21685791015625,133.6212158203125,1.08694326877594,1.285003900527954,-0.745442807674408,460,1,6266,13056267,0,-1,0.0,0.0,0,0,0,,2,460,1,6266,8898325,0,248,0.0,0.0,81,4,-59,LTE,2147483647,2147483647,2147483647,2147483647,0,444,0.0,0.0,61,4,-79,LTE
1521794455673,121.50135039,31.28496175,25.0,10.0,1.2448695,-109,true,-1,-1,5,54.0,4000.0,-34.84039306640625,-36.21673583984375,137.82196044921875,0.2356746345758438,1.413171410560608,0.024091722443699837,460,1,6266,13056267,0,-1,0.0,0.0,0,0,0,,2,460,1,6266,8898325,0,248,0.0,0.0,70,4,-70,LTE,2147483647,2147483647,2147483647,2147483647,0,444,0.0,0.0,61,4,-79,LTE
1521794456803,121.50135039,31.28496175,25.0,10.0,1.2448695,-109,true,-1,-1,5,54.0,4000.0,-35.3607177734375,-31.7169189453125,135.1226806640625,0.47470027208328247,1.3261771202087402,-0.1812736541032791,460,1,6266,13056267,0,-1,0.0,0.0,0,0,0,,2,460,1,6266,8898325,0,248,0.0,0.0,70,4,-70,LTE,2147483647,2147483647,2147483647,2147483647,0,444,0.0,0.0,61,4,-79,LTE
1521794457903,121.50135039,31.28496175,25.0,10.0,1.2448695,-109,true,-1,-1,5,54.0,4000.0,-36.920166015625,-31.11724853515625,131.2225341796875,0.9440801739692688,1.2541683912277222,-0.5858845710754395,460,1,6266,13056267,0,-1,0.0,0.0,0,0,0,,2,460,1,6266,8898325,0,248,0.0,0.0,70,4,-70,LTE,2147483647,2147483647,2147483647,2147483647,0,444,0.0,0.0,58,4,-82,LTE
1521794458963,121.50135039,31.28496175,25.0,10.0,1.2448695,-109,true,-1,-1,5,54.0,4000.0,-50.6011962890625,-32.6171875,132.72247314453125,1.2069029808044434,1.2227094173431396,-0.7443082332611084,460,1,6266,13056267,0,-1,0.0,0.0,0,0,0,,2,460,1,6266,8898325,0,248,0.0,0.0,70,4,-70,LTE,2147483647,2147483647,2147483647,2147483647,0,444,0.0,0.0,58,4,-82,LTE
1521794460057,121.50135039,31.28496175,25.0,10.0,1.2448695,-109,true,-1,-1,5,54.0,4000.0,-40.73028564453125,-34.716796875,140.82183837890625,0.8416747450828552,1.3824132680892944,-0.5178402662277222,460,1,6266,13056267,0,-1,0.0,0.0,0,0,0,,2,460,1,6266,8898325,0,248,0.0,0.0,67,4,-73,LTE,2147483647,2147483647,2147483647,2147483647,0,444,0.0,0.0,58,4,-82,LTE
1521794461138,121.50135039,31.28496175,25.0,10.0,1.2448695,-109,true,-1,-1,5,54.0,4000.0,-36.39984130859375,-33.8165283203125,139.3218994140625,0.20070576667785645,1.3646780252456665,0.06857483088970184,460,1,6266,13056267,0,-1,0.0,0.0,0,0,0,,2,460,1,6266,8898325,0,248,0.0,0.0,67,4,-73,LTE,2147483647,2147483647,2147483647,2147483647,0,444,0.0,0.0,58,4,-82,LTE
1521794462215,121.50135039,31.28496175,25.0,10.0,1.2448695,-109,true,-1,-1,5,54.0,4000.0,-41.2506103515625,-33.21685791015625,139.92156982421875,0.6619012355804443,1.298096776008606,-0.31881287693977356,460,1,6266,13056267,0,-1,0.0,0.0,0,0,0,,2,460,1,6266,8898325,0,248,0.0,0.0,70,4,-70,LTE,2147483647,2147483647,2147483647,2147483647,0,444,0.0,0.0,56,4,-84,LTE
1521794463293,121.50135039,31.28496175,25.0,10.0,1.2448695,-109,true,-1,-1,5,54.0,4000.0,-37.95013427734375,-33.21685791015625,136.02142333984375,0.8172910213470459,1.2575665712356567,-0.46601754426956177,460,1,6266,13056267,0,-1,0.0,0.0,0,0,0,,2,460,1,6266,8898325,0,248,0.0,0.0,70,4,-70,LTE,2147483647,2147483647,2147483647,2147483647,0,444,0.0,0.0,56,4,-84,LTE
1521794464394,121.50135039,31.28496175,25.0,10.0,1.2448695,-109,true,-1,-1,5,54.0,4000.0,-38.13018798828125,-31.11724853515625,130.92193603515625,1.1817636489868164,1.282741665840149,-0.8211619853973389,460,1,6266,13056267,0,-1,0.0,0.0,0,0,0,,2,460,1,6266,8898325,0,248,0.0,0.0,66,4,-74,LTE,2147483647,2147483647,2147483647,2147483647,0,444,0.0,0.0,58,4,-82,LTE
1521794465472,121.50135039,31.28496175,25.0,10.0,1.2448695,-109,true,-1,-1,5,54.0,4000.0,-37.95013427734375,-32.6171875,136.02142333984375,0.8714861273765564,1.262810230255127,-0.5204584002494812,460,1,6266,13056267,0,-1,0.0,0.0,0,0,0,,2,460,1,6266,8898325,0,248,0.0,0.0,66,4,-74,LTE,2147483647,2147483647,2147483647,2147483647,0,444,0.0,0.0,58,4,-82,LTE
1521794466548,121.50135039,31.28496175,25.0,10.0,1.2448695,-109,true,-1,-1,5,54.0,4000.0,-38.99078369140625,-33.5174560546875,137.2222900390625,0.4948807656764984,1.4095487594604492,-0.19462814927101135,460,1,6266,13056267,0,-1,0.0,0.0,0,0,0,,2,460,1,6266,8898325,0,248,0.0,0.0,72,4,-68,LTE,2147483647,2147483647,2147483647,2147483647,0,444,0.0,0.0,56,4,-84,LTE
1521794467627,121.50135039,31.28496175,25.0,10.0,1.2448695,-109,true,-1,-1,5,54.0,4000.0,-35.70098876953125,-32.91778564453125,136.322021484375,0.4037611484527588,1.3706063032150269,-0.1220819354057312,460,1,6266,13056267,0,-1,0.0,0.0,0,0,0,,2,460,1,6266,8898325,0,248,0.0,0.0,72,4,-68,LTE,2147483647,2147483647,2147483647,2147483647,0,444,0.0,0.0,56,4,-84,LTE
1521794468728,121.50135039,31.28496175,25.0,10.0,1.2448695,-109,true,-1,-1,5,54.0,4000.0,-41.070556640625,-33.8165283203125,137.2222900390625,0.43138012290000916,1.3166040182113647,-0.10332892835140228,460,1,6266,13056267,0,-1,0.0,0.0,0,0,0,,2,460,1,6266,8898325,0,248,0.0,0.0,69,4,-71,LTE,2147483647,2147483647,2147483647,2147483647,0,444,0.0,0.0,60,4,-80,LTE
1521794469804,121.50135039,31.28496175,25.0,10.0,1.2448695,-109,true,-1,-1,5,54.0,4000.0,-38.470458984375,-34.417724609375,135.72235107421875,0.610019862651825,1.3282318115234375,-0.2860356271266937,460,1,6266,13056267,0,-1,0.0,0.0,0,0,0,,2,460,1,6266,8898325,0,248,0.0,0.0,69,4,-71,LTE,2147483647,2147483647,2147483647,2147483647,0,444,0.0,0.0,60,4,-80,LTE
1521794470881,121.50135039,31.28496175,25.0,10.0,1.2448695,-109,true,-1,-1,5,54.0,4000.0,-36.7401123046875,-34.11712646484375,136.322021484375,0.7686771154403687,1.3188570737838745,-0.44687074422836304,460,1,6266,13056267,0,-1,0.0,0.0,0,0,0,,2,460,1,6266,8898325,0,248,0.0,0.0,64,4,-76,LTE,2147483647,2147483647,2147483647,2147483647,0,444,0.0,0.0,59,4,-81,LTE
1521794471963,121.50135039,31.28496175,25.0,10.0,1.2448695,-109,true,-1,-1,5,54.0,4000.0,-37.26043701171875,-34.11712646484375,136.02142333984375,1.0278584957122803,1.2502026557922363,-0.6692415475845337,460,1,6266,13056267,0,-1,0.0,0.0,0,0,0,,2,460,1,6266,8898325,0,248,0.0,0.0,64,4,-76,LTE,2147483647,2147483647,2147483647,2147483647,0,444,0.0,0.0,59,4,-81,LTE
1521794473059,121.50135039,31.28496175,25.0,10.0,1.2448695,-109,true,-1,-1,5,54.0,4000.0,-37.78076171875,-33.21685791015625,135.72235107421875,1.0209931135177612,1.3012200593948364,-0.6779730916023254,460,1,6266,13056267,0,-1,0.0,0.0,0,0,0,,2,460,1,6266,8898325,0,248,0.0,0.0,63,4,-77,LTE,2147483647,2147483647,2147483647,2147483647,0,444,0.0,0.0,54,4,-86,LTE
1521794474137,121.50135039,31.28496175,25.0,10.0,1.2448695,-109,true,-1,-1,5,54.0,4000.0,-40.2099609375,-33.8165283203125,131.5216064453125,1.2304455041885376,1.2422267198562622,-0.8374760150909424,460,1,6266,13056267,0,-1,0.0,0.0,0,0,0,,2,460,1,6266,8898325,0,248,0.0,0.0,63,4,-77,LTE,2147483647,2147483647,2147483647,2147483647,0,444,0.0,0.0,54,4,-86,LTE
1521794475216,121.50135039,31.28496175,25.0,10.0,1.2448695,-109,true,-1,-1,5,54.0,4000.0,-41.59088134765625,-34.417724609375,136.322021484375,0.4093005061149597,1.3509804010391235,-0.08332321792840958,460,1,6266,13056267,0,-1,0.0,0.0,0,0,0,,3,460,1,6266,8898325,0,248,0.0,0.0,64,4,-76,LTE,2147483647,2147483647,2147483647,2147483647,0,444,0.0,0.0,58,4,-82,LTE,2147483647,2147483647,2147483647,2147483647,0,445,0.0,0.0,54,4,-86,LTE
1521794476293,121.50135039,31.28496175,25.0,10.0,1.2448695,-109,true,-1,-1,5,54.0,4000.0,-45.4010009765625,-34.716796875,135.72235107421875,0.42250293493270874,1.3418165445327759,-0.06720776110887527,460,1,6266,13056267,0,-1,0.0,0.0,0,0,0,,3,460,1,6266,8898325,0,248,0.0,0.0,64,4,-76,LTE,2147483647,2147483647,2147483647,2147483647,0,444,0.0,0.0,58,4,-82,LTE,2147483647,2147483647,2147483647,2147483647,0,445,0.0,0.0,54,4,-86,LTE
1521794477450,121.50135039,31.28496175,25.0,10.0,1.2448695,-109,true,-1,-1,5,54.0,4000.0,-37.95013427734375,-35.31646728515625,139.02130126953125,0.5510692596435547,1.3411680459976196,-0.24336661398410797,460,1,6266,13056267,0,-1,0.0,0.0,0,0,0,,3,460,1,6266,8898325,0,248,0.0,0.0,67,4,-73,LTE,2147483647,2147483647,2147483647,2147483647,0,444,0.0,0.0,58,4,-82,LTE,2147483647,2147483647,2147483647,2147483647,0,445,0.0,0.0,51,4,-89,LTE
1521794478528,121.50135039,31.28496175,25.0,10.0,1.2448695,-109,true,-1,-1,5,54.0,4000.0,-39.17083740234375,-36.21673583984375,138.72222900390625,0.9505011439323425,1.286517858505249,-0.5968702435493469,460,1,6266,13056267,0,-1,0.0,0.0,0,0,0,,3,460,1,6266,8898325,0,248,0.0,0.0,67,4,-73,LTE,2147483647,2147483647,2147483647,2147483647,0,444,0.0,0.0,58,4,-82,LTE,2147483647,2147483647,2147483647,2147483647,0,445,0.0,0.0,51,4,-89,LTE
1521794479601,121.50135039,31.28496175,25.0,10.0,1.2448695,-109,true,-1,-1,5,54.0,4000.0,-41.59088134765625,-35.31646728515625,135.72235107421875,1.0275707244873047,1.2401349544525146,-0.6332136988639832,460,1,6266,13056267,0,-1,0.0,0.0,0,0,0,,4,460,1,6266,8898325,0,248,0.0,0.0,61,4,-79,LTE,2147483647,2147483647,2147483647,2147483647,0,444,0.0,0.0,62,4,-78,LTE,2147483647,2147483647,2147483647,2147483647,0,445,0.0,0.0,44,3,-96,LTE,2147483647,2147483647,2147483647,2147483647,0,416,0.0,0.0,51,4,-89,LTE
1521794480700,121.50135039,31.28496175,25.0,10.0,1.2448695,-109,true,-1,-1,5,54.0,4000.0,-40.380859375,-34.716796875,136.02142333984375,0.30298811197280884,1.3761372566223145,0.005128896329551935,460,1,6266,13056267,0,-1,0.0,0.0,0,0,0,,4,460,1,6266,8898325,0,248,0.0,0.0,61,4,-79,LTE,2147483647,2147483647,2147483647,2147483647,0,444,0.0,0.0,62,4,-78,LTE,2147483647,2147483647,2147483647,2147483647,0,445,0.0,0.0,44,3,-96,LTE,2147483647,2147483647,2147483647,2147483647,0,416,0.0,0.0,51,4,-89,LTE
1521794481778,121.50135039,31.28496175,25.0,10.0,1.2448695,-109,true,-1,-1,5,54.0,4000.0,-43.32122802734375,-34.716796875,135.1226806640625,0.3147989511489868,1.355751633644104,0.018451429903507233,460,1,6266,13056267,0,-1,0.0,0.0,0,0,0,,4,460,1,6266,8898325,0,248,0.0,0.0,59,4,-81,LTE,2147483647,2147483647,2147483647,2147483647,0,444,0.0,0.0,54,4,-86,LTE,2147483647,2147483647,2147483647,2147483647,0,416,0.0,0.0,53,4,-87,LTE,2147483647,2147483647,2147483647,2147483647,0,445,0.0,0.0,52,4,-88,LTE
1521794482859,121.50135039,31.28496175,25.0,10.0,1.2448695,-109,true,-1,-1,5,54.0,4000.0,-44.19097900390625,-36.517333984375,137.82196044921875,1.043283224105835,1.3189878463745117,-0.6633031964302063,460,1,6266,13056267,0,-1,0.0,0.0,0,0,0,,4,460,1,6266,8898325,0,248,0.0,0.0,59,4,-81,LTE,2147483647,2147483647,2147483647,2147483647,0,444,0.0,0.0,54,4,-86,LTE,2147483647,2147483647,2147483647,2147483647,0,416,0.0,0.0,53,4,-87,LTE,2147483647,2147483647,2147483647,2147483647,0,445,0.0,0.0,52,4,-88,LTE
1521794483935,121.50135039,31.28496175,25.0,10.0,1.2448695,-109,true,-1,-1,5,54.0,4000.0,-41.76025390625,-32.01751708984375,135.4217529296875,0.37339091300964355,1.3350083827972412,-0.04551518335938454,460,1,6266,13056267,0,-1,0.0,0.0,0,0,0,,3,460,1,6266,13056267,0,444,0.0,0.0,59,4,-81,LTE,2147483647,2147483647,2147483647,2147483647,0,248,0.0,0.0,56,4,-84,LTE,2147483647,2147483647,2147483647,2147483647,0,416,0.0,0.0,49,4,-91,LTE
1521794485014,121.50135039,31.28496175,25.0,10.0,1.2448695,-109,true,-1,-1,5,54.0,4000.0,-39.17083740234375,-35.91766357421875,134.521484375,0.9767931699752808,1.2862366437911987,-0.6129005551338196,460,1,6266,13056267,0,-1,0.0,0.0,0,0,0,,3,460,1,6266,13056267,0,444,0.0,0.0,59,4,-81,LTE,2147483647,2147483647,2147483647,2147483647,0,248,0.0,0.0,56,4,-84,LTE,2147483647,2147483647,2147483647,2147483647,0,416,0.0,0.0,49,4,-91,LTE
1521794486094,121.50135039,31.28496175,25.0,10.0,1.2448695,-109,true,-1,-1,5,54.0,4000.0,-58.050537109375,-43.7164306640625,131.2225341796875,1.0964957475662231,1.2408015727996826,-0.5652502775192261,460,1,6266,13056267,0,-1,0.0,0.0,0,0,0,,3,460,1,6266,13056267,0,444,0.0,0.0,57,4,-83,LTE,2147483647,2147483647,2147483647,2147483647,0,248,0.0,0.0,54,4,-86,LTE,2147483647,2147483647,2147483647,2147483647,0,416,0.0,0.0,47,4,-93,LTE
1521794487173,121.50135039,31.28496175,25.0,10.0,1.2448695,-109,true,-1,-1,5,54.0,4000.0,-62.3809814453125,-42.81768798828125,116.522216796875,0.45565369725227356,1.3656673431396484,0.07335557788610458,460,1,6266,13056267,0,-1,0.0,0.0,0,0,0,,3,460,1,6266,13056267,0,444,0.0,0.0,57,4,-83,LTE,2147483647,2147483647,2147483647,2147483647,0,248,0.0,0.0,54,4,-86,LTE,2147483647,2147483647,2147483647,2147483647,0,416,0.0,0.0,47,4,-93,LTE
1521794488253,121.50135039,31.28496175,25.0,10.0,1.2448695,-109,true,-1,-1,5,54.0,4000.0,-61.86065673828125,-41.91741943359375,108.42132568359375,0.7825399041175842,1.255743384361267,-0.16357463598251343,460,1,6266,13056267,0,-1,0.0,0.0,0,0,0,,3,460,1,6266,13056267,0,444,0.0,0.0,58,4,-82,LTE,2147483647,2147483647,2147483647,2147483647,0,248,0.0,0.0,53,4,-87,LTE,2147483647,2147483647,2147483647,2147483647,0,416,0.0,0.0,51,4,-89,LTE
1521794489332,121.50135039,31.28496175,25.0,10.0,1.2448695,-109,true,-1,-1,5,54.0,4000.0,-68.0908203125,-50.616455078125,99.42169189453125,1.3524737358093262,1.1972123384475708,-0.5755041837692261,460,1,6266,13056267,0,-1,0.0,0.0,0,0,0,,3,460,1,6266,13056267,0,444,0.0,0.0,58,4,-82,LTE,2147483647,2147483647,2147483647,2147483647,0,248,0.0,0.0,53,4,-87,LTE,2147483647,2147483647,2147483647,2147483647,0,416,0.0,0.0,51,4,-89,LTE
1521794490409,121.50135039,31.28496175,25.0,10.0,1.2448695,-109,true,-1,-1,5,54.0,4000.0,-62.72125244140625,-44.317626953125,96.722412109375,0.7935466766357422,1.318532109260559,-0.13260377943515778,460,1,6266,13056267,0,-1,0.0,0.0,0,0,0,,4,460,1,6266,13056267,0,444,0.0,0.0,56,4,-84,LTE,2147483647,2147483647,2147483647,2147483647,0,248,0.0,0.0,54,4,-86,LTE,2147483647,2147483647,2147483647,2147483647,0,416,0.0,0.0,51,4,-89,LTE,2147483647,2147483647,2147483647,2147483647,0,445,0.0,0.0,54,4,-86,LTE
1521794491467,121.50135039,31.28496175,25.0,10.0,1.2448695,-109,true,-1,-1,5,54.0,4000.0,-70.17059326171875,-52.4169921875,100.62255859375,1.442556381225586,1.1037269830703735,-0.6035042405128479,460,1,6266,13056267,0,-1,0.0,0.0,0,0,0,,4,460,1,6266,13056267,0,444,0.0,0.0,56,4,-84,LTE,2147483647,2147483647,2147483647,2147483647,0,248,0.0,0.0,54,4,-86,LTE,2147483647,2147483647,2147483647,2147483647,0,416,0.0,0.0,51,4,-89,LTE,2147483647,2147483647,2147483647,2147483647,0,445,0.0,0.0,54,4,-86,LTE
1521794492564,121.50135039,31.28496175,25.0,10.0,1.2448695,-109,true,-1,-1,5,54.0,4000.0,-65.49072265625,-43.4173583984375,96.722412109375,0.671868622303009,1.318204641342163,-0.0024611176922917366,460,1,6266,13056267,0,-1,0.0,0.0,0,0,0,,4,460,1,6266,13056267,0,444,0.0,0.0,61,4,-79,LTE,2147483647,2147483647,2147483647,2147483647,0,248,0.0,0.0,57,4,-83,LTE,2147483647,2147483647,2147483647,2147483647,0,416,0.0,0.0,59,4,-81,LTE,2147483647,2147483647,2147483647,2147483647,0,445,0.0,0.0,56,4,-84,LTE
1521794493643,121.50135039,31.28496175,25.0,10.0,1.2448695,-109,true,-1,-1,5,54.0,4000.0,-70.52001953125,-49.11651611328125,98.822021484375,1.3927725553512573,1.1970524787902832,-0.6036623120307922,460,1,6266,13056267,0,-1,0.0,0.0,0,0,0,,4,460,1,6266,13056267,0,444,0.0,0.0,61,4,-79,LTE,2147483647,2147483647,2147483647,2147483647,0,248,0.0,0.0,57,4,-83,LTE,2147483647,2147483647,2147483647,2147483647,0,416,0.0,0.0,59,4,-81,LTE,2147483647,2147483647,2147483647,2147483647,0,445,0.0,0.0,56,4,-84,LTE
1521794494742,121.50135039,31.28496175,25.0,10.0,1.2448695,-109,true,-1,-1,5,54.0,4000.0,-70.3399658203125,-48.2177734375,100.32196044921875,1.0912925004959106,1.2781176567077637,-0.35739409923553467,460,1,6266,13056267,0,-1,0.0,0.0,0,0,0,,4,460,1,6266,13056267,0,444,0.0,0.0,60,4,-80,LTE,2147483647,2147483647,2147483647,2147483647,0,416,0.0,0.0,51,4,-89,LTE,2147483647,2147483647,2147483647,2147483647,0,248,0.0,0.0,54,4,-86,LTE,2147483647,2147483647,2147483647,2147483647,0,445,0.0,0.0,50,4,-90,LTE
1521794495820,121.50135039,31.28496175,25.0,10.0,1.2448695,-109,true,-1,-1,5,54.0,4000.0,-64.801025390625,-43.4173583984375,96.722412109375,1.0140461921691895,1.2463542222976685,-0.29441243410110474,460,1,6266,13056267,0,-1,0.0,0.0,0,0,0,,4,460,1,6266,13056267,0,444,0.0,0.0,60,4,-80,LTE,2147483647,2147483647,2147483647,2147483647,0,416,0.0,0.0,51,4,-89,LTE,2147483647,2147483647,2147483647,2147483647,0,248,0.0,0.0,54,4,-86,LTE,2147483647,2147483647,2147483647,2147483647,0,445,0.0,0.0,50,4,-90,LTE
1521794496932,121.50135039,31.28496175,25.0,10.0,1.2448695,-109,true,-1,-1,5,54.0,4000.0,-70.86029052734375,-49.11651611328125,102.42156982421875,1.3334999084472656,1.201387643814087,-0.5634572505950928,460,1,6266,13056267,0,-1,0.0,0.0,0,0,0,,3,460,1,6266,13056267,0,444,0.0,0.0,59,4,-81,LTE,2147483647,2147483647,2147483647,2147483647,0,445,0.0,0.0,53,4,-87,LTE,2147483647,2147483647,2147483647,2147483647,0,248,0.0,0.0,53,4,-87,LTE
1521794498033,121.50135039,31.28496175,25.0,10.0,1.2448695,-109,true,-1,-1,5,54.0,4000.0,-66.88079833984375,-44.01702880859375,97.32208251953125,0.7683777213096619,1.3996843099594116,-0.11449992656707764,460,1,6266,13056267,0,-1,0.0,0.0,0,0,0,,3,460,1,6266,13056267,0,444,0.0,0.0,59,4,-81,LTE,2147483647,2147483647,2147483647,2147483647,0,445,0.0,0.0,53,4,-87,LTE,2147483647,2147483647,2147483647,2147483647,0,248,0.0,0.0,53,4,-87,LTE
1521794499112,121.50135039,31.28496175,25.0,10.0,1.2448695,-109,true,-1,-1,5,54.0,4000.0,-67.401123046875,-42.21649169921875,97.6226806640625,0.8009552359580994,1.2880802154541016,-0.10361306369304657,460,1,6266,13056267,0,-1,0.0,0.0,0,0,0,,3,460,1,6266,13056267,0,444,0.0,0.0,60,4,-80,LTE,2147483647,2147483647,2147483647,2147483647,0,445,0.0,0.0,50,4,-90,LTE,2147483647,2147483647,2147483647,2147483647,0,248,0.0,0.0,48,4,-92,LTE
1521794500188,121.50135039,31.28496175,25.0,10.0,1.2448695,-109,true,-1,-1,5,54.0,4000.0,-75.01983642578125,-45.5169677734375,99.42169189453125,1.2016505002975464,1.256332278251648,-0.4276742935180664,460,1,6266,13056267,0,-1,0.0,0.0,0,0,0,,3,460,1,6266,13056267,0,444,0.0,0.0,60,4,-80,LTE,2147483647,2147483647,2147483647,2147483647,0,445,0.0,0.0,50,4,-90,LTE,2147483647,2147483647,2147483647,2147483647,0,248,0.0,0.0,48,4,-92,LTE
1521794501288,121.50135039,31.28496175,25.0,10.0,1.2448695,-109,true,-1,-1,5,54.0,4000.0,-73.63128662109375,-44.61669921875,110.821533203125,1.3022873401641846,1.2094287872314453,-0.5763789415359497,460,1,6266,13056267,0,-1,0.0,0.0,0,0,0,,2,460,1,6266,13056267,0,444,0.0,0.0,54,4,-86,LTE,2147483647,2147483647,2147483647,2147483647,0,248,0.0,0.0,54,4,-86,LTE
1521794502366,121.50135039,31.28496175,25.0,10.0,1.2448695,-109,true,-1,-1,5,54.0,4000.0,-70.001220703125,-46.71783447265625,106.32171630859375,0.952062726020813,1.327769160270691,-0.28221970796585083,460,1,6266,13056267,0,-1,0.0,0.0,0,0,0,,2,460,1,6266,13056267,0,444,0.0,0.0,54,4,-86,LTE,2147483647,2147483647,2147483647,2147483647,0,248,0.0,0.0,54,4,-86,LTE
1521794503463,121.50135039,31.28496175,25.0,10.0,1.2448695,-109,true,-1,-1,5,54.0,4000.0,-63.7603759765625,-43.4173583984375,100.32196044921875,0.7456043362617493,1.3431777954101563,-0.10982564091682434,460,1,6266,13056267,0,-1,0.0,0.0,0,0,0,,4,460,1,6266,13056267,0,444,0.0,0.0,52,4,-88,LTE,2147483647,2147483647,2147483647,2147483647,0,414,0.0,0.0,48,4,-92,LTE,2147483647,2147483647,2147483647,2147483647,0,248,0.0,0.0,52,4,-88,LTE,2147483647,2147483647,2147483647,2147483647,0,389,0.0,0.0,49,4,-91,LTE
1521794504541,121.50135039,31.28496175,25.0,10.0,1.2448695,-109,true,-1,-1,5,54.0,4000.0,-63.0706787109375,-43.11676025390625,100.32196044921875,0.6660088896751404,1.3143014907836914,-0.030895117670297623,460,1,6266,13056267,0,-1,0.0,0.0,0,0,0,,4,460,1,6266,13056267,0,444,0.0,0.0,52,4,-88,LTE,2147483647,2147483647,2147483647,2147483647,0,414,0.0,0.0,48,4,-92,LTE,2147483647,2147483647,2147483647,2147483647,0,248,0.0,0.0,52,4,-88,LTE,2147483647,2147483647,2147483647,2147483647,0,389,0.0,0.0,49,4,-91,LTE
1521794505619,121.50135039,31.28496175,25.0,10.0,1.2448695,-109,true,-1,-1,5,54.0,4000.0,-64.10980224609375,-42.21649169921875,102.72216796875,1.0771753787994385,1.2866357564926147,-0.41300633549690247,460,1,6266,13056267,0,-1,0.0,0.0,0,0,0,,4,460,1,6266,13056267,0,444,0.0,0.0,50,4,-90,LTE,2147483647,2147483647,2147483647,2147483647,0,248,0.0,0.0,47,4,-93,LTE,2147483647,2147483647,2147483647,2147483647,0,414,0.0,0.0,47,4,-93,LTE,2147483647,2147483647,2147483647,2147483647,0,389,0.0,0.0,49,4,-91,LTE
1521794506697,121.50135039,31.28496175,25.0,10.0,1.2448695,-109,true,-1,-1,5,54.0,4000.0,-67.7398681640625,-47.3175048828125,106.622314453125,1.3100614547729492,1.2559940814971924,-0.613532304763794,460,1,6266,13056267,0,-1,0.0,0.0,0,0,0,,4,460,1,6266,13056267,0,444,0.0,0.0,50,4,-90,LTE,2147483647,2147483647,2147483647,2147483647,0,248,0.0,0.0,47,4,-93,LTE,2147483647,2147483647,2147483647,2147483647,0,414,0.0,0.0,47,4,-93,LTE,2147483647,2147483647,2147483647,2147483647,0,389,0.0,0.0,49,4,-91,LTE
1521794507794,121.50135039,31.28496175,25.0,10.0,1.2448695,-109,true,-1,-1,5,54.0,4000.0,-70.001220703125,-48.516845703125,109.32159423828125,1.4786057472229004,1.255953311920166,-0.7828794121742249,460,1,6266,13056267,0,-1,0.0,0.0,0,0,0,,5,460,1,6266,13056267,0,444,0.0,0.0,50,4,-90,LTE,2147483647,2147483647,2147483647,2147483647,0,416,0.0,0.0,49,4,-91,LTE,2147483647,2147483647,2147483647,2147483647,0,248,0.0,0.0,52,4,-88,LTE,2147483647,2147483647,2147483647,2147483647,0,389,0.0,0.0,47,4,-93,LTE,2147483647,2147483647,2147483647,2147483647,0,414,0.0,0.0,46,4,-94,LTE
1521794508873,121.50135039,31.28496175,25.0,10.0,1.2448695,-109,true,-1,-1,5,54.0,4000.0,-68.26019287109375,-46.417236328125,108.12225341796875,0.9449641704559326,1.3313772678375244,-0.29687556624412537,460,1,6266,13056267,0,-1,0.0,0.0,0,0,0,,5,460,1,6266,13056267,0,444,0.0,0.0,50,4,-90,LTE,2147483647,2147483647,2147483647,2147483647,0,416,0.0,0.0,49,4,-91,LTE,2147483647,2147483647,2147483647,2147483647,0,248,0.0,0.0,52,4,-88,LTE,2147483647,2147483647,2147483647,2147483647,0,389,0.0,0.0,47,4,-93,LTE,2147483647,2147483647,2147483647,2147483647,0,414,0.0,0.0,46,4,-94,LTE
1521794509971,121.50135039,31.28496175,25.0,10.0,1.2448695,-109,true,-1,-1,5,54.0,4000.0,-62.3809814453125,-45.5169677734375,95.52154541015625,0.654416024684906,1.3447455167770386,-0.00852065347135067,460,1,6266,13056267,0,-1,0.0,0.0,0,0,0,,4,460,1,6266,13056267,0,444,0.0,0.0,48,4,-92,LTE,2147483647,2147483647,2147483647,2147483647,0,416,0.0,0.0,54,4,-86,LTE,2147483647,2147483647,2147483647,2147483647,0,414,0.0,0.0,48,4,-92,LTE,2147483647,2147483647,2147483647,2147483647,0,248,0.0,0.0,54,4,-86,LTE
1521794511047,121.50135039,31.28496175,25.0,10.0,1.2448695,-109,true,-1,-1,5,54.0,4000.0,-60.99090576171875,-43.11676025390625,96.1212158203125,0.9194149971008301,1.3021063804626465,-0.25440385937690735,460,1,6266,13056267,0,-1,0.0,0.0,0,0,0,,4,460,1,6266,13056267,0,444,0.0,0.0,48,4,-92,LTE,2147483647,2147483647,2147483647,2147483647,0,416,0.0,0.0,54,4,-86,LTE,2147483647,2147483647,2147483647,2147483647,0,414,0.0,0.0,48,4,-92,LTE,2147483647,2147483647,2147483647,2147483647,0,248,0.0,0.0,54,4,-86,LTE
1521794512147,121.50135039,31.28496175,25.0,10.0,1.2448695,-109,true,-1,-1,5,54.0,4000.0,-66.01104736328125,-46.71783447265625,101.22222900390625,1.2567932605743408,1.3002907037734985,-0.5661042332649231,460,1,6266,13056267,0,-1,0.0,0.0,0,0,0,,7,460,1,6266,8898325,0,248,0.0,0.0,56,4,-84,LTE,2147483647,2147483647,2147483647,2147483647,0,444,0.0,0.0,48,4,-92,LTE,2147483647,2147483647,2147483647,2147483647,0,414,0.0,0.0,44,3,-96,LTE,2147483647,2147483647,2147483647,2147483647,0,416,0.0,0.0,50,4,-90,LTE,2147483647,2147483647,2147483647,2147483647,0,445,0.0,0.0,38,3,-102,LTE,2147483647,2147483647,2147483647,2147483647,0,103,0.0,0.0,41,3,-99,LTE,2147483647,2147483647,2147483647,2147483647,0,389,0.0,0.0,45,4,-95,LTE
1521794513226,121.50135039,31.28496175,25.0,10.0,1.2448695,-109,true,-1,-1,5,54.0,4000.0,-69.12994384765625,-48.81744384765625,103.021240234375,1.4549521207809448,1.2790813446044922,-0.7413132786750793,460,1,6266,13056267,0,-1,0.0,0.0,0,0,0,,7,460,1,6266,8898325,0,248,0.0,0.0,56,4,-84,LTE,2147483647,2147483647,2147483647,2147483647,0,444,0.0,0.0,48,4,-92,LTE,2147483647,2147483647,2147483647,2147483647,0,414,0.0,0.0,44,3,-96,LTE,2147483647,2147483647,2147483647,2147483647,0,416,0.0,0.0,50,4,-90,LTE,2147483647,2147483647,2147483647,2147483647,0,445,0.0,0.0,38,3,-102,LTE,2147483647,2147483647,2147483647,2147483647,0,103,0.0,0.0,41,3,-99,LTE,2147483647,2147483647,2147483647,2147483647,0,389,0.0,0.0,45,4,-95,LTE
1521794514379,121.50135039,31.28496175,25.0,10.0,1.2448695,-109,true,-1,-1,5,54.0,4000.0,-70.17059326171875,-50.91705322265625,103.6224365234375,1.4678713083267212,1.2556285858154297,-0.7350764274597168,460,1,6266,13056267,0,-1,0.0,0.0,0,0,0,,5,460,1,6266,8898325,0,248,0.0,0.0,52,4,-88,LTE,2147483647,2147483647,2147483647,2147483647,0,416,0.0,0.0,49,4,-91,LTE,2147483647,2147483647,2147483647,2147483647,0,444,0.0,0.0,43,3,-97,LTE,2147483647,2147483647,2147483647,2147483647,0,389,0.0,0.0,48,4,-92,LTE,2147483647,2147483647,2147483647,2147483647,0,103,0.0,0.0,38,3,-102,LTE
1521794515476,121.50135039,31.28496175,25.0,10.0,1.2448695,-109,true,-1,-1,5,54.0,4000.0,-64.97039794921875,-44.01702880859375,102.42156982421875,0.7458662390708923,1.387077808380127,-0.12676730751991272,460,1,6266,13056267,0,-1,0.0,0.0,0,0,0,,5,460,1,6266,8898325,0,248,0.0,0.0,52,4,-88,LTE,2147483647,2147483647,2147483647,2147483647,0,416,0.0,0.0,49,4,-91,LTE,2147483647,2147483647,2147483647,2147483647,0,444,0.0,0.0,43,3,-97,LTE,2147483647,2147483647,2147483647,2147483647,0,389,0.0,0.0,48,4,-92,LTE,2147483647,2147483647,2147483647,2147483647,0,103,0.0,0.0,38,3,-102,LTE
1521794516554,121.50135039,31.28496175,25.0,10.0,1.2448695,-109,true,-1,-1,5,54.0,4000.0,-63.24005126953125,-41.91741943359375,102.42156982421875,0.7514356970787048,1.361084222793579,-0.13722404837608337,460,1,6266,13056267,0,-1,0.0,0.0,0,0,0,,5,460,1,6266,8914443,0,416,0.0,0.0,55,4,-85,LTE,2147483647,2147483647,2147483647,2147483647,0,248,0.0,0.0,50,4,-90,LTE,2147483647,2147483647,2147483647,2147483647,0,389,0.0,0.0,50,4,-90,LTE,2147483647,2147483647,2147483647,2147483647,0,444,0.0,0.0,45,4,-95,LTE,2147483647,2147483647,2147483647,2147483647,0,103,0.0,0.0,43,3,-97,LTE
1521794517629,121.50135039,31.28496175,25.0,10.0,1.2448695,-109,true,-1,-1,5,54.0,4000.0,-66.19110107421875,-44.317626953125,102.12249755859375,1.243911862373352,1.2634471654891968,-0.5448418855667114,460,1,6266,13056267,0,-1,0.0,0.0,0,0,0,,5,460,1,6266,8914443,0,416,0.0,0.0,55,4,-85,LTE,2147483647,2147483647,2147483647,2147483647,0,248,0.0,0.0,50,4,-90,LTE,2147483647,2147483647,2147483647,2147483647,0,389,0.0,0.0,50,4,-90,LTE,2147483647,2147483647,2147483647,2147483647,0,444,0.0,0.0,45,4,-95,LTE,2147483647,2147483647,2147483647,2147483647,0,103,0.0,0.0,43,3,-97,LTE
1521794518725,121.50135039,31.28496175,25.0,10.0,1.2448695,-109,true,-1,-1,5,54.0,4000.0,-70.001220703125,-50.3173828125,100.921630859375,1.5396766662597656,1.203182578086853,-0.7726714611053467,460,1,6266,13056267,0,-1,0.0,0.0,0,0,0,,5,460,1,6266,8914443,0,416,0.0,0.0,57,4,-83,LTE,2147483647,2147483647,2147483647,2147483647,0,248,0.0,0.0,50,4,-90,LTE,2147483647,2147483647,2147483647,2147483647,0,444,0.0,0.0,47,4,-93,LTE,2147483647,2147483647,2147483647,2147483647,0,389,0.0,0.0,51,4,-89,LTE,2147483647,2147483647,2147483647,2147483647,0,103,0.0,0.0,35,3,-105,LTE
1521794519805,121.50135039,31.28496175,25.0,10.0,1.2448695,-109,true,-1,-1,5,54.0,4000.0,-70.86029052734375,-49.71771240234375,106.02264404296875,1.374944806098938,1.2291924953460693,-0.6380373239517212,460,1,6266,13056267,0,-1,0.0,0.0,0,0,0,,5,460,1,6266,8914443,0,416,0.0,0.0,57,4,-83,LTE,2147483647,2147483647,2147483647,2147483647,0,248,0.0,0.0,50,4,-90,LTE,2147483647,2147483647,2147483647,2147483647,0,444,0.0,0.0,47,4,-93,LTE,2147483647,2147483647,2147483647,2147483647,0,389,0.0,0.0,51,4,-89,LTE,2147483647,2147483647,2147483647,2147483647,0,103,0.0,0.0,35,3,-105,LTE
1521794520902,121.50135039,31.28496175,25.0,10.0,1.2448695,-109,true,-1,-1,5,54.0,4000.0,-66.52984619140625,-48.2177734375,99.7222900390625,0.9228171706199646,1.3552404642105103,-0.2535068094730377,460,1,6266,13056267,0,-1,0.0,0.0,0,0,0,,5,460,1,6266,8914443,0,416,0.0,0.0,60,4,-80,LTE,2147483647,2147483647,2147483647,2147483647,0,389,0.0,0.0,49,4,-91,LTE,2147483647,2147483647,2147483647,2147483647,0,248,0.0,0.0,49,4,-91,LTE,2147483647,2147483647,2147483647,2147483647,0,444,0.0,0.0,47,4,-93,LTE,2147483647,2147483647,2147483647,2147483647,0,103,0.0,0.0,42,3,-98,LTE
1521794522001,121.50135039,31.28496175,25.0,10.0,1.2448695,-109,true,-1,-1,5,54.0,4000.0,-63.9312744140625,-41.6168212890625,100.0213623046875,0.7423713207244873,1.3543322086334229,-0.11042094975709915,460,1,6266,13056267,0,-1,0.0,0.0,0,0,0,,5,460,1,6266,8914443,0,416,0.0,0.0,60,4,-80,LTE,2147483647,2147483647,2147483647,2147483647,0,389,0.0,0.0,49,4,-91,LTE,2147483647,2147483647,2147483647,2147483647,0,248,0.0,0.0,49,4,-91,LTE,2147483647,2147483647,2147483647,2147483647,0,444,0.0,0.0,47,4,-93,LTE,2147483647,2147483647,2147483647,2147483647,0,103,0.0,0.0,42,3,-98,LTE
1521794523080,121.50135039,31.28496175,25.0,10.0,1.2448695,-109,true,-1,-1,5,54.0,4000.0,-61.86065673828125,-44.01702880859375,100.62255859375,0.878646194934845,1.2859922647476196,-0.22449809312820435,460,1,6266,13056267,0,-1,0.0,0.0,0,0,0,,5,460,1,6266,8914443,0,416,0.0,0.0,57,4,-83,LTE,2147483647,2147483647,2147483647,2147483647,0,248,0.0,0.0,49,4,-91,LTE,2147483647,2147483647,2147483647,2147483647,0,103,0.0,0.0,38,3,-102,LTE,2147483647,2147483647,2147483647,2147483647,0,389,0.0,0.0,59,4,-81,LTE,2147483647,2147483647,2147483647,2147483647,0,444,0.0,0.0,45,4,-95,LTE
1521794524158,121.50135039,31.28496175,25.0,10.0,1.2448695,-109,true,-1,-1,5,54.0,4000.0,-65.15045166015625,-47.91717529296875,96.722412109375,1.2779959440231323,1.2609636783599854,-0.5457214713096619,460,1,6266,13056267,0,-1,0.0,0.0,0,0,0,,5,460,1,6266,8914443,0,416,0.0,0.0,57,4,-83,LTE,2147483647,2147483647,2147483647,2147483647,0,248,0.0,0.0,49,4,-91,LTE,2147483647,2147483647,2147483647,2147483647,0,103,0.0,0.0,38,3,-102,LTE,2147483647,2147483647,2147483647,2147483647,0,389,0.0,0.0,59,4,-81,LTE,2147483647,2147483647,2147483647,2147483647,0,444,0.0,0.0,45,4,-95,LTE
1521794525254,121.50135039,31.28496175,25.0,10.0,1.2448695,-109,true,-1,-1,5,54.0,4000.0,-70.69091796875,-46.11663818359375,109.9212646484375,1.4958646297454834,1.2738237380981445,-0.8130711913108826,460,1,6266,13056267,0,-1,0.0,0.0,0,0,0,,7,460,1,6266,8914443,0,416,0.0,0.0,52,4,-88,LTE,2147483647,2147483647,2147483647,2147483647,0,389,0.0,0.0,51,4,-89,LTE,2147483647,2147483647,2147483647,2147483647,0,248,0.0,0.0,50,4,-90,LTE,2147483647,2147483647,2147483647,2147483647,0,444,0.0,0.0,46,4,-94,LTE,2147483647,2147483647,2147483647,2147483647,0,103,0.0,0.0,41,3,-99,LTE,2147483647,2147483647,2147483647,2147483647,0,414,0.0,0.0,47,4,-93,LTE,2147483647,2147483647,2147483647,2147483647,0,102,0.0,0.0,41,3,-99,LTE
1521794526352,121.50135039,31.28496175,25.0,10.0,1.2448695,-109,true,-1,-1,5,54.0,4000.0,-72.2503662109375,-51.81732177734375,106.622314453125,1.4998818635940552,1.2690582275390625,-0.7757841348648071,460,1,6266,13056267,0,-1,0.0,0.0,0,0,0,,7,460,1,6266,8914443,0,416,0.0,0.0,52,4,-88,LTE,2147483647,2147483647,2147483647,2147483647,0,389,0.0,0.0,51,4,-89,LTE,2147483647,2147483647,2147483647,2147483647,0,248,0.0,0.0,50,4,-90,LTE,2147483647,2147483647,2147483647,2147483647,0,444,0.0,0.0,46,4,-94,LTE,2147483647,2147483647,2147483647,2147483647,0,103,0.0,0.0,41,3,-99,LTE,2147483647,2147483647,2147483647,2147483647,0,414,0.0,0.0,47,4,-93,LTE,2147483647,2147483647,2147483647,2147483647,0,102,0.0,0.0,41,3,-99,LTE
1521794527450,121.50135039,31.28496175,25.0,10.0,1.2448695,-109,true,-1,-1,5,54.0,4000.0,-67.401123046875,-49.4171142578125,101.22222900390625,1.4065295457839966,1.2356810569763184,-0.6697499752044678,460,1,6266,13056267,0,-1,0.0,0.0,0,0,0,,7,460,1,6266,12842763,0,389,0.0,0.0,63,4,-77,LTE,2147483647,2147483647,2147483647,2147483647,0,416,0.0,0.0,53,4,-87,LTE,2147483647,2147483647,2147483647,2147483647,0,248,0.0,0.0,53,4,-87,LTE,2147483647,2147483647,2147483647,2147483647,0,414,0.0,0.0,45,4,-95,LTE,2147483647,2147483647,2147483647,2147483647,0,444,0.0,0.0,48,4,-92,LTE,2147483647,2147483647,2147483647,2147483647,0,103,0.0,0.0,41,3,-99,LTE,2147483647,2147483647,2147483647,2147483647,0,102,0.0,0.0,41,3,-99,LTE
1521794528527,121.50135039,31.28496175,25.0,10.0,1.2448695,-109,true,-1,-1,5,54.0,4000.0,-65.15045166015625,-51.5167236328125,104.522705078125,1.0838721990585327,1.297564148902893,-0.40779319405555725,460,1,6266,13056267,0,-1,0.0,0.0,0,0,0,,7,460,1,6266,12842763,0,389,0.0,0.0,63,4,-77,LTE,2147483647,2147483647,2147483647,2147483647,0,416,0.0,0.0,53,4,-87,LTE,2147483647,2147483647,2147483647,2147483647,0,248,0.0,0.0,53,4,-87,LTE,2147483647,2147483647,2147483647,2147483647,0,414,0.0,0.0,45,4,-95,LTE,2147483647,2147483647,2147483647,2147483647,0,444,0.0,0.0,48,4,-92,LTE,2147483647,2147483647,2147483647,2147483647,0,103,0.0,0.0,41,3,-99,LTE,2147483647,2147483647,2147483647,2147483647,0,102,0.0,0.0,41,3,-99,LTE
1521794529623,121.50135039,31.28496175,25.0,10.0,1.2448695,-109,true,-1,-1,5,54.0,4000.0,-64.4500732421875,-47.01690673828125,100.32196044921875,0.7621569037437439,1.3419363498687744,-0.1153540164232254,460,1,6266,13056267,0,-1,0.0,0.0,0,0,0,,5,460,1,6266,12842763,0,389,0.0,0.0,67,4,-73,LTE,2147483647,2147483647,2147483647,2147483647,0,248,0.0,0.0,55,4,-85,LTE,2147483647,2147483647,2147483647,2147483647,0,416,0.0,0.0,52,4,-88,LTE,2147483647,2147483647,2147483647,2147483647,0,444,0.0,0.0,50,4,-90,LTE,2147483647,2147483647,2147483647,2147483647,0,103,0.0,0.0,47,4,-93,LTE
1521794530702,121.50135039,31.28496175,25.0,10.0,1.2448695,-109,true,-1,-1,5,54.0,4000.0,-64.28070068359375,-39.81781005859375,99.42169189453125,0.6915563344955444,1.3448429107666016,-0.05642754212021828,460,1,6266,13056267,0,-1,0.0,0.0,0,0,0,,5,460,1,6266,12842763,0,389,0.0,0.0,67,4,-73,LTE,2147483647,2147483647,2147483647,2147483647,0,248,0.0,0.0,55,4,-85,LTE,2147483647,2147483647,2147483647,2147483647,0,416,0.0,0.0,52,4,-88,LTE,2147483647,2147483647,2147483647,2147483647,0,444,0.0,0.0,50,4,-90,LTE,2147483647,2147483647,2147483647,2147483647,0,103,0.0,0.0,47,4,-93,LTE
1521794531782,121.50135039,31.28496175,25.0,10.0,1.2448695,-109,true,-1,-1,5,54.0,4000.0,-63.24005126953125,-40.41748046875,104.82177734375,0.8210312128067017,1.3117694854736328,-0.1981949657201767,460,1,6266,13056267,0,-1,0.0,0.0,0,0,0,,5,460,1,6266,12842763,0,389,0.0,0.0,70,4,-70,LTE,2147483647,2147483647,2147483647,2147483647,0,248,0.0,0.0,50,4,-90,LTE,2147483647,2147483647,2147483647,2147483647,0,416,0.0,0.0,52,4,-88,LTE,2147483647,2147483647,2147483647,2147483647,0,444,0.0,0.0,46,4,-94,LTE,2147483647,2147483647,2147483647,2147483647,0,103,0.0,0.0,47,4,-93,LTE
1521794532839,121.50135039,31.28496175,25.0,10.0,1.2448695,-109,true,-1,-1,5,54.0,4000.0,-66.88079833984375,-44.317626953125,104.522705078125,1.3546379804611206,1.2760990858078003,-0.6701428294181824,460,1,6266,13056267,0,-1,0.0,0.0,0,0,0,,5,460,1,6266,12842763,0,389,0.0,0.0,70,4,-70,LTE,2147483647,2147483647,2147483647,2147483647,0,248,0.0,0.0,50,4,-90,LTE,2147483647,2147483647,2147483647,2147483647,0,416,0.0,0.0,52,4,-88,LTE,2147483647,2147483647,2147483647,2147483647,0,444,0.0,0.0,46,4,-94,LTE,2147483647,2147483647,2147483647,2147483647,0,103,0.0,0.0,47,4,-93,LTE
1521794533939,121.50135039,31.28496175,25.0,10.0,1.2448695,-109,true,-1,-1,5,54.0,4000.0,-69.48089599609375,-49.71771240234375,106.622314453125,1.5617722272872925,1.2588887214660645,-0.857483446598053,460,1,6266,13056267,0,-1,0.0,0.0,0,0,0,,5,460,1,6266,12842763,0,389,0.0,0.0,67,4,-73,LTE,2147483647,2147483647,2147483647,2147483647,0,248,0.0,0.0,55,4,-85,LTE,2147483647,2147483647,2147483647,2147483647,0,416,0.0,0.0,54,4,-86,LTE,2147483647,2147483647,2147483647,2147483647,0,444,0.0,0.0,52,4,-88,LTE,2147483647,2147483647,2147483647,2147483647,0,103,0.0,0.0,50,4,-90,LTE
1521794535018,121.50135039,31.28496175,25.0,10.0,1.2448695,-109,true,-1,-1,5,54.0,4000.0,-69.30084228515625,-49.71771240234375,109.32159423828125,1.4109102487564087,1.2623509168624878,-0.7171878218650818,460,1,6266,13056267,0,-1,0.0,0.0,0,0,0,,5,460,1,6266,12842763,0,389,0.0,0.0,67,4,-73,LTE,2147483647,2147483647,2147483647,2147483647,0,248,0.0,0.0,55,4,-85,LTE,2147483647,2147483647,2147483647,2147483647,0,416,0.0,0.0,54,4,-86,LTE,2147483647,2147483647,2147483647,2147483647,0,444,0.0,0.0,52,4,-88,LTE,2147483647,2147483647,2147483647,2147483647,0,103,0.0,0.0,50,4,-90,LTE
1521794536115,121.50135039,31.28496175,25.0,10.0,1.2448695,-109,true,-1,-1,5,54.0,4000.0,-69.12994384765625,-50.01678466796875,101.22222900390625,1.1272540092468262,1.2694662809371948,-0.3961447477340698,460,1,6266,13056267,0,-1,0.0,0.0,0,0,0,,4,460,1,6266,12842763,0,389,0.0,0.0,66,4,-74,LTE,2147483647,2147483647,2147483647,2147483647,0,416,0.0,0.0,49,4,-91,LTE,2147483647,2147483647,2147483647,2147483647,0,248,0.0,0.0,49,4,-91,LTE,2147483647,2147483647,2147483647,2147483647,0,444,0.0,0.0,43,3,-97,LTE
1521794537192,121.50135039,31.28496175,25.0,10.0,1.2448695,-109,true,-1,-1,5,54.0,4000.0,-62.90130615234375,-43.11676025390625,98.22235107421875,0.7181954979896545,1.3812462091445923,-0.09345166385173798,460,1,6266,13056267,0,-1,0.0,0.0,0,0,0,,4,460,1,6266,12842763,0,389,0.0,0.0,66,4,-74,LTE,2147483647,2147483647,2147483647,2147483647,0,416,0.0,0.0,49,4,-91,LTE,2147483647,2147483647,2147483647,2147483647,0,248,0.0,0.0,49,4,-91,LTE,2147483647,2147483647,2147483647,2147483647,0,444,0.0,0.0,43,3,-97,LTE
1521794538290,121.50135039,31.28496175,25.0,10.0,1.2448695,-109,true,-1,-1,5,54.0,4000.0,-61.86065673828125,-41.91741943359375,98.822021484375,0.7601247429847717,1.333319902420044,-0.12752462923526764,460,1,6266,13056267,0,-1,0.0,0.0,0,0,0,,4,460,1,6266,12842763,0,389,0.0,0.0,61,4,-79,LTE,2147483647,2147483647,2147483647,2147483647,0,416,0.0,0.0,52,4,-88,LTE,2147483647,2147483647,2147483647,2147483647,0,248,0.0,0.0,49,4,-91,LTE,2147483647,2147483647,2147483647,2147483647,0,444,0.0,0.0,42,3,-98,LTE
1521794539371,121.50135039,31.28496175,25.0,10.0,1.2448695,-109,true,-1,-1,5,54.0,4000.0,-64.10980224609375,-40.41748046875,101.52130126953125,0.8345212340354919,1.312680721282959,-0.1895962506532669,460,1,6266,13056267,0,-1,0.0,0.0,0,0,0,,4,460,1,6266,12842763,0,389,0.0,0.0,61,4,-79,LTE,2147483647,2147483647,2147483647,2147483647,0,416,0.0,0.0,52,4,-88,LTE,2147483647,2147483647,2147483647,2147483647,0,248,0.0,0.0,49,4,-91,LTE,2147483647,2147483647,2147483647,2147483647,0,444,0.0,0.0,42,3,-98,LTE
1521794540467,121.50135039,31.28496175,25.0,10.0,1.2448695,-109,true,-1,-1,5,54.0,4000.0,-66.19110107421875,-44.01702880859375,102.72216796875,1.2335588932037354,1.2951030731201172,-0.5530619621276855,460,1,6266,13056267,0,-1,0.0,0.0,0,0,0,,2,460,1,6266,12842763,0,389,0.0,0.0,52,4,-88,LTE,2147483647,2147483647,2147483647,2147483647,0,416,0.0,0.0,52,4,-88,LTE
1521794541543,121.50135039,31.28496175,25.0,10.0,1.2448695,-109,true,-1,-1,5,54.0,4000.0,-68.44024658203125,-47.6165771484375,109.6221923828125,1.3983027935028076,1.2944575548171997,-0.7305245399475098,460,1,6266,13056267,0,-1,0.0,0.0,0,0,0,,2,460,1,6266,12842763,0,389,0.0,0.0,52,4,-88,LTE,2147483647,2147483647,2147483647,2147483647,0,416,0.0,0.0,52,4,-88,LTE
1521794542619,121.50135039,31.28496175,25.0,10.0,1.2448695,-109,true,-1,-1,5,54.0,4000.0,-69.6502685546875,-48.2177734375,110.5224609375,1.4415256977081299,1.290471076965332,-0.7685122489929199,460,1,6266,13056267,0,-1,0.0,0.0,0,0,0,,3,460,1,6266,12842763,0,389,0.0,0.0,51,4,-89,LTE,2147483647,2147483647,2147483647,2147483647,0,416,0.0,0.0,52,4,-88,LTE,2147483647,2147483647,2147483647,2147483647,0,103,0.0,0.0,35,3,-105,LTE
1521794543700,121.50135039,31.28496175,25.0,10.0,1.2448695,-109,true,-1,-1,5,54.0,4000.0,-71.380615234375,-50.01678466796875,107.5225830078125,1.6241933107376099,1.2707016468048096,-0.9206010103225708,460,1,6266,13056267,0,-1,0.0,0.0,0,0,0,,3,460,1,6266,12842763,0,389,0.0,0.0,51,4,-89,LTE,2147483647,2147483647,2147483647,2147483647,0,416,0.0,0.0,52,4,-88,LTE,2147483647,2147483647,2147483647,2147483647,0,103,0.0,0.0,35,3,-105,LTE
1521794544779,121.50135039,31.28496175,25.0,10.0,1.2448695,-109,true,-1,-1,5,54.0,4000.0,-71.5606689453125,-50.91705322265625,106.622314453125,1.5100260972976685,1.254685401916504,-0.7859675884246826,460,1,6266,13056267,0,-1,0.0,0.0,0,0,0,,3,460,1,6266,12842763,0,389,0.0,0.0,49,4,-91,LTE,2147483647,2147483647,2147483647,2147483647,0,416,0.0,0.0,52,4,-88,LTE,2147483647,2147483647,2147483647,2147483647,0,103,0.0,0.0,38,3,-102,LTE
1521794545856,121.50135039,31.28496175,25.0,10.0,1.2448695,-109,true,-1,-1,5,54.0,4000.0,-70.69091796875,-50.616455078125,108.12225341796875,1.3619006872177124,1.2207993268966675,-0.6298239231109619,460,1,6266,13056267,0,-1,0.0,0.0,0,0,0,,3,460,1,6266,12842763,0,389,0.0,0.0,49,4,-91,LTE,2147483647,2147483647,2147483647,2147483647,0,416,0.0,0.0,52,4,-88,LTE,2147483647,2147483647,2147483647,2147483647,0,103,0.0,0.0,38,3,-102,LTE
1521794546956,121.50135039,31.28496175,25.0,10.0,1.2448695,-109,true,-1,-1,5,54.0,4000.0,-71.21124267578125,-49.4171142578125,107.22198486328125,1.2257874011993408,1.2529758214950562,-0.5044467449188232,460,1,6266,13056267,0,-1,0.0,0.0,0,0,0,,3,460,1,6266,8914443,0,416,0.0,0.0,50,4,-90,LTE,2147483647,2147483647,2147483647,2147483647,0,389,0.0,0.0,48,4,-92,LTE,2147483647,2147483647,2147483647,2147483647,0,103,0.0,0.0,40,3,-100,LTE
1521794548035,121.50135039,31.28496175,25.0,10.0,1.2448695,-109,true,-1,-1,5,54.0,4000.0,-64.630126953125,-43.11676025390625,103.6224365234375,0.9965423941612244,1.3448083400726318,-0.3593868613243103,460,1,6266,13056267,0,-1,0.0,0.0,0,0,0,,3,460,1,6266,8914443,0,416,0.0,0.0,50,4,-90,LTE,2147483647,2147483647,2147483647,2147483647,0,389,0.0,0.0,48,4,-92,LTE,2147483647,2147483647,2147483647,2147483647,0,103,0.0,0.0,40,3,-100,LTE
1521794549131,121.50135039,31.28496175,25.0,10.0,1.2448695,-109,true,-1,-1,5,54.0,4000.0,-70.001220703125,-49.11651611328125,106.92138671875,1.349297046661377,1.189431071281433,-0.6027649641036987,460,1,6266,13056267,0,-1,0.0,0.0,0,0,0,,6,460,1,6266,8914443,0,416,0.0,0.0,59,4,-81,LTE,2147483647,2147483647,2147483647,2147483647,0,389,0.0,0.0,48,4,-92,LTE,2147483647,2147483647,2147483647,2147483647,0,246,0.0,0.0,38,3,-102,LTE,2147483647,2147483647,2147483647,2147483647,0,92,0.0,0.0,39,3,-101,LTE,2147483647,2147483647,2147483647,2147483647,0,103,0.0,0.0,43,3,-97,LTE,2147483647,2147483647,2147483647,2147483647,0,90,0.0,0.0,43,3,-97,LTE
1521794550210,121.50135039,31.28496175,25.0,10.0,1.2448695,-109,true,-1,-1,5,54.0,4000.0,-70.17059326171875,-46.417236328125,107.22198486328125,0.9199479222297668,1.332935094833374,-0.257456511259079,460,1,6266,13056267,0,-1,0.0,0.0,0,0,0,,6,460,1,6266,8914443,0,416,0.0,0.0,59,4,-81,LTE,2147483647,2147483647,2147483647,2147483647,0,389,0.0,0.0,48,4,-92,LTE,2147483647,2147483647,2147483647,2147483647,0,246,0.0,0.0,38,3,-102,LTE,2147483647,2147483647,2147483647,2147483647,0,92,0.0,0.0,39,3,-101,LTE,2147483647,2147483647,2147483647,2147483647,0,103,0.0,0.0,43,3,-97,LTE,2147483647,2147483647,2147483647,2147483647,0,90,0.0,0.0,43,3,-97,LTE
1521794551304,121.50135039,31.28496175,25.0,10.0,1.2448695,-109,true,-1,-1,5,54.0,4000.0,-69.12994384765625,-45.21636962890625,102.42156982421875,0.9503715634346008,1.334479570388794,-0.2721957564353943,460,1,6266,13056267,0,-1,0.0,0.0,0,0,0,,6,460,1,6266,8914443,0,416,0.0,0.0,48,4,-92,LTE,2147483647,2147483647,2147483647,2147483647,0,389,0.0,0.0,42,3,-98,LTE,2147483647,2147483647,2147483647,2147483647,0,246,0.0,0.0,49,4,-91,LTE,2147483647,2147483647,2147483647,2147483647,0,103,0.0,0.0,34,2,-106,LTE,2147483647,2147483647,2147483647,2147483647,0,90,0.0,0.0,41,3,-99,LTE,2147483647,2147483647,2147483647,2147483647,0,92,0.0,0.0,42,3,-98,LTE
1521794552385,121.50135039,31.28496175,25.0,10.0,1.2448695,-109,true,-1,-1,5,54.0,4000.0,-65.84014892578125,-44.91729736328125,102.72216796875,1.016898512840271,1.3338992595672607,-0.35909876227378845,460,1,6266,13056267,0,-1,0.0,0.0,0,0,0,,6,460,1,6266,8914443,0,416,0.0,0.0,48,4,-92,LTE,2147483647,2147483647,2147483647,2147483647,0,389,0.0,0.0,42,3,-98,LTE,2147483647,2147483647,2147483647,2147483647,0,246,0.0,0.0,49,4,-91,LTE,2147483647,2147483647,2147483647,2147483647,0,103,0.0,0.0,34,2,-106,LTE,2147483647,2147483647,2147483647,2147483647,0,90,0.0,0.0,41,3,-99,LTE,2147483647,2147483647,2147483647,2147483647,0,92,0.0,0.0,42,3,-98,LTE
1521794553460,121.50135039,31.28496175,25.0,10.0,1.2448695,-109,true,-1,-1,5,54.0,4000.0,-65.6707763671875,-44.01702880859375,103.6224365234375,1.0117197036743164,1.3270657062530518,-0.3582155704498291,460,1,6266,13056267,0,-1,0.0,0.0,0,0,0,,7,460,1,6266,8898335,0,246,0.0,0.0,49,4,-91,LTE,2147483647,2147483647,2147483647,2147483647,0,416,0.0,0.0,45,4,-95,LTE,2147483647,2147483647,2147483647,2147483647,0,389,0.0,0.0,46,4,-94,LTE,2147483647,2147483647,2147483647,2147483647,0,92,0.0,0.0,37,3,-103,LTE,2147483647,2147483647,2147483647,2147483647,0,90,0.0,0.0,34,2,-106,LTE,2147483647,2147483647,2147483647,2147483647,0,414,0.0,0.0,34,2,-106,LTE,2147483647,2147483647,2147483647,2147483647,0,360,0.0,0.0,42,3,-98,LTE
1521794554561,121.50135039,31.28496175,25.0,10.0,1.2448695,-109,true,-1,-1,5,54.0,4000.0,-63.9312744140625,-44.01702880859375,98.822021484375,0.9008628129959106,1.349460482597351,-0.2492155283689499,460,1,6266,13056267,0,-1,0.0,0.0,0,0,0,,7,460,1,6266,8898335,0,246,0.0,0.0,49,4,-91,LTE,2147483647,2147483647,2147483647,2147483647,0,416,0.0,0.0,45,4,-95,LTE,2147483647,2147483647,2147483647,2147483647,0,389,0.0,0.0,46,4,-94,LTE,2147483647,2147483647,2147483647,2147483647,0,92,0.0,0.0,37,3,-103,LTE,2147483647,2147483647,2147483647,2147483647,0,90,0.0,0.0,34,2,-106,LTE,2147483647,2147483647,2147483647,2147483647,0,414,0.0,0.0,34,2,-106,LTE,2147483647,2147483647,2147483647,2147483647,0,360,0.0,0.0,42,3,-98,LTE
1521794555658,121.50135039,31.28496175,25.0,10.0,1.2448695,-109,true,-1,-1,5,54.0,4000.0,-67.230224609375,-44.91729736328125,108.12225341796875,0.9595589637756348,1.3411719799041748,-0.3237256109714508,460,1,6266,13056267,0,-1,0.0,0.0,0,0,0,,7,460,1,6266,8898335,0,246,0.0,0.0,50,4,-90,LTE,2147483647,2147483647,2147483647,2147483647,0,92,0.0,0.0,49,4,-91,LTE,2147483647,2147483647,2147483647,2147483647,0,416,0.0,0.0,40,3,-100,LTE,2147483647,2147483647,2147483647,2147483647,0,389,0.0,0.0,43,3,-97,LTE,2147483647,2147483647,2147483647,2147483647,0,90,0.0,0.0,44,3,-96,LTE,2147483647,2147483647,2147483647,2147483647,0,360,0.0,0.0,38,3,-102,LTE,2147483647,2147483647,2147483647,2147483647,0,414,0.0,0.0,37,3,-103,LTE
1521794556735,121.50135039,31.28496175,25.0,10.0,1.2448695,-109,true,-1,-1,5,54.0,4000.0,-60.30120849609375,-44.317626953125,91.9219970703125,0.792696475982666,1.293558120727539,-0.11243795603513718,460,1,6266,13056267,0,-1,0.0,0.0,0,0,0,,7,460,1,6266,8898335,0,246,0.0,0.0,50,4,-90,LTE,2147483647,2147483647,2147483647,2147483647,0,92,0.0,0.0,49,4,-91,LTE,2147483647,2147483647,2147483647,2147483647,0,416,0.0,0.0,40,3,-100,LTE,2147483647,2147483647,2147483647,2147483647,0,389,0.0,0.0,43,3,-97,LTE,2147483647,2147483647,2147483647,2147483647,0,90,0.0,0.0,44,3,-96,LTE,2147483647,2147483647,2147483647,2147483647,0,360,0.0,0.0,38,3,-102,LTE,2147483647,2147483647,2147483647,2147483647,0,414,0.0,0.0,37,3,-103,LTE
1521794557811,121.50135039,31.28496175,25.0,10.0,1.2448695,-109,true,-1,-1,5,54.0,4000.0,-60.4705810546875,-43.7164306640625,91.62139892578125,0.884198009967804,1.3157072067260742,-0.20532241463661194,460,1,6266,13056267,0,-1,0.0,0.0,0,0,0,,5,460,1,6266,8898335,0,246,0.0,0.0,54,4,-86,LTE,2147483647,2147483647,2147483647,2147483647,0,416,0.0,0.0,43,3,-97,LTE,2147483647,2147483647,2147483647,2147483647,0,389,0.0,0.0,43,3,-97,LTE,2147483647,2147483647,2147483647,2147483647,0,90,0.0,0.0,33,2,-107,LTE,2147483647,2147483647,2147483647,2147483647,0,92,0.0,0.0,48,4,-92,LTE
1521794558911,121.50135039,31.28496175,25.0,10.0,1.2448695,-109,true,-1,-1,5,54.0,4000.0,-60.63995361328125,-44.317626953125,92.52166748046875,0.6527414321899414,1.3729894161224365,-0.014912708662450314,460,1,6266,13056267,0,-1,0.0,0.0,0,0,0,,5,460,1,6266,8898335,0,246,0.0,0.0,54,4,-86,LTE,2147483647,2147483647,2147483647,2147483647,0,416,0.0,0.0,43,3,-97,LTE,2147483647,2147483647,2147483647,2147483647,0,389,0.0,0.0,43,3,-97,LTE,2147483647,2147483647,2147483647,2147483647,0,90,0.0,0.0,33,2,-107,LTE,2147483647,2147483647,2147483647,2147483647,0,92,0.0,0.0,48,4,-92,LTE
1521794559986,121.50135039,31.28496175,25.0,10.0,1.2448695,-109,true,-1,-1,5,54.0,4000.0,-66.19110107421875,-43.4173583984375,102.72216796875,1.7038136720657349,1.4611655473709106,-1.0934321880340576,460,1,6266,13056267,0,-1,0.0,0.0,0,0,0,,5,460,1,6266,8898335,0,246,0.0,0.0,53,4,-87,LTE,2147483647,2147483647,2147483647,2147483647,0,92,0.0,0.0,47,4,-93,LTE,2147483647,2147483647,2147483647,2147483647,0,416,0.0,0.0,49,4,-91,LTE,2147483647,2147483647,2147483647,2147483647,0,389,0.0,0.0,48,4,-92,LTE,2147483647,2147483647,2147483647,2147483647,0,90,0.0,0.0,35,3,-105,LTE
1521794561087,121.50135039,31.28496175,25.0,10.0,1.2448695,-109,true,-1,-1,5,54.0,4000.0,-65.49072265625,-42.21649169921875,102.12249755859375,1.6097995042800903,1.4268419742584229,-0.9895501136779785,460,1,6266,13056267,0,-1,0.0,0.0,0,0,0,,5,460,1,6266,8898335,0,246,0.0,0.0,53,4,-87,LTE,2147483647,2147483647,2147483647,2147483647,0,92,0.0,0.0,47,4,-93,LTE,2147483647,2147483647,2147483647,2147483647,0,416,0.0,0.0,49,4,-91,LTE,2147483647,2147483647,2147483647,2147483647,0,389,0.0,0.0,48,4,-92,LTE,2147483647,2147483647,2147483647,2147483647,0,90,0.0,0.0,35,3,-105,LTE
1521794562163,121.50135039,31.28496175,25.0,10.0,1.2448695,-109,true,-1,-1,5,54.0,4000.0,-35.1806640625,-46.11663818359375,73.0224609375,-1.8039926290512085,0.8294036984443665,1.8124704360961914,460,1,6266,13056267,0,-1,0.0,0.0,0,0,0,,5,460,1,6266,8898335,0,246,0.0,0.0,53,4,-87,LTE,2147483647,2147483647,2147483647,2147483647,0,92,0.0,0.0,46,4,-94,LTE,2147483647,2147483647,2147483647,2147483647,0,416,0.0,0.0,42,3,-98,LTE,2147483647,2147483647,2147483647,2147483647,0,389,0.0,0.0,44,3,-96,LTE,2147483647,2147483647,2147483647,2147483647,0,90,0.0,0.0,27,2,-113,LTE
1521794563262,121.50135039,31.28496175,25.0,10.0,1.2448695,-109,true,-1,-1,5,54.0,4000.0,-49.90997314453125,-86.9171142578125,70.3216552734375,2.5671374797821045,0.08413929492235184,-0.03487691283226013,460,1,6266,13056267,0,-1,0.0,0.0,0,0,0,,5,460,1,6266,8898335,0,246,0.0,0.0,53,4,-87,LTE,2147483647,2147483647,2147483647,2147483647,0,92,0.0,0.0,46,4,-94,LTE,2147483647,2147483647,2147483647,2147483647,0,416,0.0,0.0,42,3,-98,LTE,2147483647,2147483647,2147483647,2147483647,0,389,0.0,0.0,44,3,-96,LTE,2147483647,2147483647,2147483647,2147483647,0,90,0.0,0.0,27,2,-113,LTE
1521794564340,121.50135039,31.28496175,25.0,10.0,1.2448695,-109,true,-1,-1,5,54.0,4000.0,-9.7198486328125,-56.317138671875,70.3216552734375,-3.054243803024292,-0.029438002035021782,0.20942403376102448,460,1,6266,13056267,0,-1,0.0,0.0,0,0,0,,4,460,1,6266,8898335,0,246,0.0,0.0,56,4,-84,LTE,2147483647,2147483647,2147483647,2147483647,0,416,0.0,0.0,41,3,-99,LTE,2147483647,2147483647,2147483647,2147483647,0,92,0.0,0.0,40,3,-100,LTE,2147483647,2147483647,2147483647,2147483647,0,102,0.0,0.0,41,3,-99,LTE
1521794565399,121.50135039,31.28496175,25.0,10.0,1.2448695,-113,true,-1,-1,5,54.0,4000.0,-23.06060791015625,-55.1177978515625,67.62237548828125,2.553159475326538,-0.07243227958679199,-0.2580870985984802,460,1,6266,8898335,0,-1,0.0,0.0,0,0,0,,4,460,1,6266,8898335,0,246,0.0,0.0,56,4,-84,LTE,2147483647,2147483647,2147483647,2147483647,0,416,0.0,0.0,41,3,-99,LTE,2147483647,2147483647,2147483647,2147483647,0,92,0.0,0.0,40,3,-100,LTE,2147483647,2147483647,2147483647,2147483647,0,102,0.0,0.0,41,3,-99,LTE
1521794566496,121.50135039,31.28496175,25.0,10.0,1.2448695,-113,true,-1,-1,5,54.0,4000.0,-12.6708984375,-57.81707763671875,72.4212646484375,2.908923625946045,-0.18832078576087952,-0.05503015220165253,460,1,6266,8898335,0,-1,0.0,0.0,0,0,0,,4,460,1,6266,8898335,0,246,0.0,0.0,55,4,-85,LTE,2147483647,2147483647,2147483647,2147483647,0,416,0.0,0.0,50,4,-90,LTE,2147483647,2147483647,2147483647,2147483647,0,102,0.0,0.0,44,3,-96,LTE,2147483647,2147483647,2147483647,2147483647,0,92,0.0,0.0,45,4,-95,LTE
1521794567585,121.50135039,31.28496175,25.0,10.0,1.2448695,-113,true,-1,-1,5,54.0,4000.0,-18.3807373046875,-62.31689453125,67.92144775390625,2.762376308441162,-0.2577188014984131,-0.18334537744522095,460,1,6266,8898335,0,-1,0.0,0.0,0,0,0,,4,460,1,6266,8898335,0,246,0.0,0.0,55,4,-85,LTE,2147483647,2147483647,2147483647,2147483647,0,416,0.0,0.0,50,4,-90,LTE,2147483647,2147483647,2147483647,2147483647,0,102,0.0,0.0,44,3,-96,LTE,2147483647,2147483647,2147483647,2147483647,0,92,0.0,0.0,45,4,-95,LTE
