IMEI:862305032225518
IMSI:460091042103139
OSVersion:3.10.73-perf-g94fc9a6
apiLevel:5.1.1
model:Redmi Note 3
device:kenzo
product:kenzo
197
1521795757130,121.497739,31.28642425,43.0,16.0,0.0,-109,true,-1,-1,5,53.0,4000.0,27.88238525390625,12.36419677734375,-40.777587890625,-0.6615124940872192,-0.3584985136985779,0.1561456173658371,460,1,6266,8898335,0,-1,0.0,0.0,0,0,0,,2,460,1,6266,8898335,0,246,0.0,0.0,54,4,-86,LTE,2147483647,2147483647,2147483647,2147483647,0,319,0.0,0.0,58,4,-82,LTE
1521795758191,121.497739,31.28642425,43.0,16.0,0.0,-109,true,-1,-1,5,53.0,4000.0,19.7418212890625,0.36468505859375,-45.8770751953125,-0.9671364426612854,-0.5294165015220642,-0.23316898941993713,460,1,6266,8898335,0,-1,0.0,0.0,0,0,0,,2,460,1,6266,8898335,0,246,0.0,0.0,54,4,-86,LTE,2147483647,2147483647,2147483647,2147483647,0,319,0.0,0.0,58,4,-82,LTE
1521795759382,121.497739,31.28642425,43.0,16.0,0.0,-109,true,-1,-1,5,53.0,4000.0,30.65185546875,16.864013671875,-34.17816162109375,-0.6868768334388733,-0.25795382261276245,0.23570400476455688,460,1,6266,8898335,0,-1,0.0,0.0,0,0,0,,2,460,1,6266,8898335,0,246,0.0,0.0,61,4,-79,LTE,2147483647,2147483647,2147483647,2147483647,0,319,0.0,0.0,53,4,-87,LTE
1521795760328,121.497739,31.28642425,43.0,16.0,0.0,-109,true,-1,-1,5,53.0,4000.0,25.10223388671875,19.8638916015625,-38.97857666015625,-0.7094888687133789,-0.19563420116901398,0.04283776879310608,460,1,6266,8898335,0,-1,0.0,0.0,0,0,0,,2,460,1,6266,8898335,0,246,0.0,0.0,61,4,-79,LTE,2147483647,2147483647,2147483647,2147483647,0,319,0.0,0.0,53,4,-87,LTE
1521795761406,121.49774503,31.28645419,19.0,30.0,0.0,-109,true,-1,-1,5,53.0,4000.0,19.7418212890625,19.5648193359375,-40.478515625,-0.662600576877594,-0.22508803009986877,-0.05021997168660164,460,1,6266,8966933,0,-1,0.0,0.0,0,0,0,,2,460,1,6266,8966933,0,319,0.0,0.0,55,4,-85,LTE,2147483647,2147483647,2147483647,2147483647,0,246,0.0,0.0,53,4,-87,LTE
1521795762467,121.49774503,31.28645419,19.0,30.0,0.0,-111,true,-1,-1,5,53.0,4000.0,30.30242919921875,6.66351318359375,-39.5782470703125,-0.907340407371521,-0.38703417778015137,0.06047331169247627,460,1,6266,8966933,0,-1,0.0,0.0,0,0,0,,2,460,1,6266,8966933,0,319,0.0,0.0,55,4,-85,LTE,2147483647,2147483647,2147483647,2147483647,0,246,0.0,0.0,53,4,-87,LTE
1521795763528,121.49774503,31.28645419,19.0,30.0,0.0,-111,true,-1,-1,5,53.0,4000.0,30.82122802734375,8.46405029296875,-37.47711181640625,-0.3625045418739319,-0.43038249015808105,0.4718970060348511,460,1,6266,8898335,0,-1,0.0,0.0,0,0,0,,2,460,1,6266,8898335,0,246,0.0,0.0,52,4,-88,LTE,2147483647,2147483647,2147483647,2147483647,0,319,0.0,0.0,47,4,-93,LTE
1521795764605,121.49773845,31.2864568,26.0,14.0,0.0,-111,true,-1,-1,5,53.0,4000.0,9.17205810546875,47.4639892578125,-5.9783935546875,0.1457463800907135,0.7107563614845276,1.3984241485595703,460,1,6266,8898335,0,-1,0.0,0.0,0,0,0,,2,460,1,6266,8898335,0,246,0.0,0.0,52,4,-88,LTE,2147483647,2147483647,2147483647,2147483647,0,319,0.0,0.0,47,4,-93,LTE
1521795765688,121.49773845,31.2864568,26.0,14.0,0.0,-111,true,-1,-1,5,53.0,4000.0,-0.87890625,48.06365966796875,-1.177978515625,0.031117362901568413,0.8005023002624512,1.6906473636627197,460,1,6266,8898335,0,-1,0.0,0.0,0,0,0,,2,460,1,6266,8898335,0,246,0.0,0.0,57,4,-83,LTE,2147483647,2147483647,2147483647,2147483647,0,319,0.0,0.0,54,4,-86,LTE
1521795766747,121.49769742,31.2864287,32.0,9.0,0.0,-111,true,-1,-1,5,53.0,4000.0,-18.70880126953125,43.5638427734375,-0.87738037109375,-0.22234411537647247,1.157928228378296,2.0299675464630127,460,1,6266,8898335,0,-1,0.0,0.0,0,0,0,,2,460,1,6266,8898335,0,246,0.0,0.0,57,4,-83,LTE,2147483647,2147483647,2147483647,2147483647,0,319,0.0,0.0,54,4,-86,LTE
1521795767827,121.49769742,31.2864287,32.0,9.0,0.0,-111,true,-1,-1,5,53.0,4000.0,-30.31768798828125,35.4644775390625,-3.57818603515625,-1.1744825839996338,1.4055339097976685,3.037175178527832,460,1,6266,8898335,0,-1,0.0,0.0,0,0,0,,2,460,1,6266,8898335,0,246,0.0,0.0,61,4,-79,LTE,2147483647,2147483647,2147483647,2147483647,0,319,0.0,0.0,53,4,-87,LTE
1521795768902,121.49764339,31.28640209,34.0,8.0,0.0,-111,true,-1,-1,5,53.0,4000.0,-32.568359375,33.06427001953125,-1.47857666015625,-1.4382511377334595,1.3568122386932373,-3.0116822719573975,460,1,6266,8898335,0,-1,0.0,0.0,0,0,0,,2,460,1,6266,8898335,0,246,0.0,0.0,61,4,-79,LTE,2147483647,2147483647,2147483647,2147483647,0,319,0.0,0.0,53,4,-87,LTE
1521795769984,121.49764339,31.28640209,34.0,8.0,0.0,-111,true,-1,-1,5,53.0,4000.0,-32.73773193359375,32.763671875,-12.57781982421875,2.94093656539917,1.5167943239212036,-1.0136642456054688,460,1,6266,8898335,0,-1,0.0,0.0,0,0,0,,2,460,1,6266,8898335,0,246,0.0,0.0,61,4,-79,LTE,2147483647,2147483647,2147483647,2147483647,0,319,0.0,0.0,53,4,-87,LTE
1521795771060,121.49763048,31.28639133,35.0,8.0,0.0,-111,true,-1,-1,5,53.0,4000.0,-30.8380126953125,31.26373291015625,-17.07763671875,2.187373638153076,1.3929764032363892,-0.24805819988250732,460,1,6266,8898335,0,-1,0.0,0.0,0,0,0,,2,460,1,6266,8898335,0,246,0.0,0.0,61,4,-79,LTE,2147483647,2147483647,2147483647,2147483647,0,319,0.0,0.0,53,4,-87,LTE
1521795772145,121.49763048,31.28639133,35.0,8.0,0.0,-111,true,-1,-1,5,53.0,4000.0,-31.18896484375,31.26373291015625,-18.27850341796875,2.271686553955078,1.4234330654144287,-0.2739833891391754,460,1,6266,8898335,0,-1,0.0,0.0,0,0,0,,2,460,1,6266,8898335,0,246,0.0,0.0,56,4,-84,LTE,2147483647,2147483647,2147483647,2147483647,0,319,0.0,0.0,52,4,-88,LTE
1521795773421,121.49763141,31.2863868,36.0,7.0,0.0,-111,true,-1,-1,5,53.0,4000.0,-30.66864013671875,30.6640625,-17.37823486328125,2.3374438285827637,1.4371258020401,-0.33957889676094055,460,1,6266,8898335,0,-1,0.0,0.0,0,0,0,,2,460,1,6266,8898335,0,246,0.0,0.0,56,4,-84,LTE,2147483647,2147483647,2147483647,2147483647,0,319,0.0,0.0,52,4,-88,LTE
1521795774804,121.49763141,31.2863868,36.0,7.0,0.0,-111,true,-1,-1,5,53.0,4000.0,-30.8380126953125,30.6640625,-15.8782958984375,2.3156850337982178,1.4355703592300415,-0.36213627457618713,460,1,6266,8898335,0,-1,0.0,0.0,0,0,0,,1,460,1,6266,8898335,0,246,0.0,0.0,57,4,-83,LTE
1521795775377,121.49763386,31.28638231,37.0,8.0,0.0,-111,true,-1,-1,5,53.0,4000.0,-30.8380126953125,31.86492919921875,-12.87841796875,1.931167721748352,1.4072272777557373,-0.11677489429712296,460,1,6266,8898335,0,-1,0.0,0.0,0,0,0,,1,460,1,6266,8898335,0,246,0.0,0.0,57,4,-83,LTE
1521795776478,121.49763386,31.28638231,37.0,8.0,0.0,-111,true,-1,-1,5,53.0,4000.0,-28.9276123046875,31.86492919921875,-17.37823486328125,2.2528696060180664,1.4484267234802246,-0.23477710783481598,460,1,6266,8898335,0,-1,0.0,0.0,0,0,0,,4,460,1,6266,8898335,0,246,0.0,0.0,55,4,-85,LTE,2147483647,2147483647,2147483647,2147483647,0,103,0.0,0.0,46,4,-94,LTE,2147483647,2147483647,2147483647,2147483647,0,360,0.0,0.0,40,3,-100,LTE,2147483647,2147483647,2147483647,2147483647,0,247,0.0,0.0,48,4,-92,LTE
1521795777553,121.49762757,31.28637369,37.0,10.0,0.0,-111,true,-1,-1,5,53.0,4000.0,-31.35833740234375,27.96478271484375,-19.17724609375,3.109637498855591,1.4894945621490479,-0.9920504689216614,460,1,6266,8898335,0,-1,0.0,0.0,0,0,0,,4,460,1,6266,8898335,0,246,0.0,0.0,55,4,-85,LTE,2147483647,2147483647,2147483647,2147483647,0,103,0.0,0.0,46,4,-94,LTE,2147483647,2147483647,2147483647,2147483647,0,360,0.0,0.0,40,3,-100,LTE,2147483647,2147483647,2147483647,2147483647,0,247,0.0,0.0,48,4,-92,LTE
1521795778636,121.49762757,31.28637369,37.0,10.0,0.0,-111,true,-1,-1,5,53.0,4000.0,-36.8988037109375,21.6644287109375,-18.57757568359375,2.87149977684021,1.1979678869247437,-0.9032642245292664,460,1,6266,8898335,0,-1,0.0,0.0,0,0,0,,4,460,1,6266,8898335,0,246,0.0,0.0,56,4,-84,LTE,2147483647,2147483647,2147483647,2147483647,0,103,0.0,0.0,46,4,-94,LTE,2147483647,2147483647,2147483647,2147483647,0,247,0.0,0.0,41,3,-99,LTE,2147483647,2147483647,2147483647,2147483647,0,360,0.0,0.0,50,4,-90,LTE
1521795779749,121.49764169,31.28638534,34.0,9.0,0.8275868,-111,true,-1,-1,5,53.0,4000.0,-32.3974609375,32.763671875,-11.9781494140625,1.9698086977005005,1.2846146821975708,-0.3183480203151703,460,1,6266,8898335,0,-1,0.0,0.0,0,0,0,,4,460,1,6266,8898335,0,246,0.0,0.0,56,4,-84,LTE,2147483647,2147483647,2147483647,2147483647,0,103,0.0,0.0,46,4,-94,LTE,2147483647,2147483647,2147483647,2147483647,0,247,0.0,0.0,41,3,-99,LTE,2147483647,2147483647,2147483647,2147483647,0,360,0.0,0.0,50,4,-90,LTE
1521795780845,121.49764169,31.28638534,34.0,9.0,0.8275868,-111,true,-1,-1,5,53.0,4000.0,-37.7685546875,27.36358642578125,-10.47821044921875,2.232034683227539,1.2833375930786133,-0.5719919204711914,460,1,6266,8898335,0,-1,0.0,0.0,0,0,0,,5,460,1,6266,8898335,0,246,0.0,0.0,61,4,-79,LTE,2147483647,2147483647,2147483647,2147483647,0,102,0.0,0.0,49,4,-91,LTE,2147483647,2147483647,2147483647,2147483647,0,360,0.0,0.0,47,4,-93,LTE,2147483647,2147483647,2147483647,2147483647,0,247,0.0,0.0,47,4,-93,LTE,2147483647,2147483647,2147483647,2147483647,0,92,0.0,0.0,50,4,-90,LTE
1521795781926,121.49764964,31.28640266,36.0,8.0,0.9211406,-111,true,-1,-1,5,53.0,4000.0,-35.68878173828125,30.364990234375,-6.87713623046875,2.1714911460876465,1.3172725439071655,-0.603185772895813,460,1,6266,8898335,0,-1,0.0,0.0,0,0,0,,5,460,1,6266,8898335,0,246,0.0,0.0,61,4,-79,LTE,2147483647,2147483647,2147483647,2147483647,0,102,0.0,0.0,49,4,-91,LTE,2147483647,2147483647,2147483647,2147483647,0,360,0.0,0.0,47,4,-93,LTE,2147483647,2147483647,2147483647,2147483647,0,247,0.0,0.0,47,4,-93,LTE,2147483647,2147483647,2147483647,2147483647,0,92,0.0,0.0,50,4,-90,LTE
1521795783023,121.49764964,31.28640266,36.0,8.0,0.9211406,-111,true,-1,-1,5,53.0,4000.0,-34.478759765625,32.464599609375,-5.377197265625,1.6442763805389404,1.3660082817077637,-0.11423123627901077,460,1,6266,8898335,0,-1,0.0,0.0,0,0,0,,5,460,1,6266,8898335,0,246,0.0,0.0,55,4,-85,LTE,2147483647,2147483647,2147483647,2147483647,0,102,0.0,0.0,47,4,-93,LTE,2147483647,2147483647,2147483647,2147483647,0,247,0.0,0.0,44,3,-96,LTE,2147483647,2147483647,2147483647,2147483647,0,360,0.0,0.0,48,4,-92,LTE,2147483647,2147483647,2147483647,2147483647,0,92,0.0,0.0,50,4,-90,LTE
1521795784116,121.49761124,31.28639912,38.0,9.0,0.92439175,-111,true,-1,-1,5,53.0,4000.0,-39.4989013671875,24.664306640625,-10.47821044921875,2.2701058387756348,1.1737346649169922,-0.6682378053665161,460,1,6266,8898335,0,-1,0.0,0.0,0,0,0,,5,460,1,6266,8898335,0,246,0.0,0.0,55,4,-85,LTE,2147483647,2147483647,2147483647,2147483647,0,102,0.0,0.0,47,4,-93,LTE,2147483647,2147483647,2147483647,2147483647,0,247,0.0,0.0,44,3,-96,LTE,2147483647,2147483647,2147483647,2147483647,0,360,0.0,0.0,48,4,-92,LTE,2147483647,2147483647,2147483647,2147483647,0,92,0.0,0.0,50,4,-90,LTE
1521795785231,121.49761124,31.28639912,38.0,9.0,0.92439175,-111,true,-1,-1,5,53.0,4000.0,-33.258056640625,31.86492919921875,-12.2772216796875,1.7781407833099365,1.320022702217102,-0.08715475350618362,460,1,6266,8898335,0,-1,0.0,0.0,0,0,0,,4,460,1,6266,8898335,0,246,0.0,0.0,58,4,-82,LTE,2147483647,2147483647,2147483647,2147483647,0,360,0.0,0.0,41,3,-99,LTE,2147483647,2147483647,2147483647,2147483647,0,247,0.0,0.0,49,4,-91,LTE,2147483647,2147483647,2147483647,2147483647,0,102,0.0,0.0,48,4,-92,LTE
1521795786307,121.49757563,31.28640337,38.0,9.0,1.0323759,-111,true,-1,-1,5,53.0,4000.0,-37.93792724609375,24.06463623046875,-16.778564453125,2.550999641418457,1.2250990867614746,-0.7033660411834717,460,1,6266,8898335,0,-1,0.0,0.0,0,0,0,,4,460,1,6266,8898335,0,246,0.0,0.0,58,4,-82,LTE,2147483647,2147483647,2147483647,2147483647,0,360,0.0,0.0,41,3,-99,LTE,2147483647,2147483647,2147483647,2147483647,0,247,0.0,0.0,49,4,-91,LTE,2147483647,2147483647,2147483647,2147483647,0,102,0.0,0.0,48,4,-92,LTE
1521795787676,121.49757563,31.28640337,38.0,9.0,1.0323759,-111,true,-1,-1,5,53.0,4000.0,-35.33782958984375,27.6641845703125,-17.07763671875,2.369800567626953,1.3838894367218018,-0.4498640298843384,460,1,6266,8898335,0,-1,0.0,0.0,0,0,0,,4,460,1,6266,8898335,0,246,0.0,0.0,56,4,-84,LTE,2147483647,2147483647,2147483647,2147483647,0,360,0.0,0.0,36,3,-104,LTE,2147483647,2147483647,2147483647,2147483647,0,102,0.0,0.0,44,3,-96,LTE,2147483647,2147483647,2147483647,2147483647,0,247,0.0,0.0,45,4,-95,LTE
1521795788770,121.49753106,31.28640438,41.0,11.0,1.1100451,-111,true,-1,-1,5,53.0,4000.0,-31.878662109375,32.763671875,-15.277099609375,1.9811242818832397,1.3257274627685547,-0.1877623051404953,460,1,6266,8898335,0,-1,0.0,0.0,0,0,0,,4,460,1,6266,8898335,0,246,0.0,0.0,56,4,-84,LTE,2147483647,2147483647,2147483647,2147483647,0,360,0.0,0.0,36,3,-104,LTE,2147483647,2147483647,2147483647,2147483647,0,102,0.0,0.0,44,3,-96,LTE,2147483647,2147483647,2147483647,2147483647,0,247,0.0,0.0,45,4,-95,LTE
1521795789872,121.49753106,31.28640438,41.0,11.0,1.1100451,-111,true,-1,-1,5,53.0,4000.0,-36.20758056640625,21.9635009765625,-18.57757568359375,2.5910136699676514,1.2417176961898804,-0.6631505489349365,460,1,6266,8898335,0,-1,0.0,0.0,0,0,0,,4,460,1,6266,8898335,0,246,0.0,0.0,54,4,-86,LTE,2147483647,2147483647,2147483647,2147483647,0,247,0.0,0.0,48,4,-92,LTE,2147483647,2147483647,2147483647,2147483647,0,102,0.0,0.0,51,4,-89,LTE,2147483647,2147483647,2147483647,2147483647,0,360,0.0,0.0,52,4,-88,LTE
1521795790904,121.49748072,31.28641319,40.0,11.0,1.1064358,-111,true,-1,-1,5,53.0,4000.0,-31.5277099609375,30.364990234375,-14.67742919921875,2.033674478530884,1.3846843242645264,-0.18128933012485504,460,1,6266,8898335,0,-1,0.0,0.0,0,0,0,,4,460,1,6266,8898335,0,246,0.0,0.0,54,4,-86,LTE,2147483647,2147483647,2147483647,2147483647,0,247,0.0,0.0,48,4,-92,LTE,2147483647,2147483647,2147483647,2147483647,0,102,0.0,0.0,51,4,-89,LTE,2147483647,2147483647,2147483647,2147483647,0,360,0.0,0.0,52,4,-88,LTE
1521795792029,121.49748072,31.28641319,40.0,11.0,1.1064358,-111,true,-1,-1,5,53.0,4000.0,-30.66864013671875,33.96453857421875,-15.57769775390625,1.935395359992981,1.3851239681243896,-0.0741981789469719,460,1,6266,8898335,0,-1,0.0,0.0,0,0,0,,5,460,1,6266,8898335,0,246,0.0,0.0,56,4,-84,LTE,2147483647,2147483647,2147483647,2147483647,0,320,0.0,0.0,44,3,-96,LTE,2147483647,2147483647,2147483647,2147483647,0,319,0.0,0.0,48,4,-92,LTE,2147483647,2147483647,2147483647,2147483647,0,360,0.0,0.0,43,3,-97,LTE,2147483647,2147483647,2147483647,2147483647,0,102,0.0,0.0,48,4,-92,LTE
1521795793077,121.49746324,31.2864066,43.0,11.0,1.7029387,-111,true,-1,-1,5,53.0,4000.0,-35.16845703125,28.863525390625,-7.77740478515625,2.214974880218506,1.2926321029663086,-0.6267954111099243,460,1,6266,8898335,0,-1,0.0,0.0,0,0,0,,5,460,1,6266,8898335,0,246,0.0,0.0,56,4,-84,LTE,2147483647,2147483647,2147483647,2147483647,0,320,0.0,0.0,44,3,-96,LTE,2147483647,2147483647,2147483647,2147483647,0,319,0.0,0.0,48,4,-92,LTE,2147483647,2147483647,2147483647,2147483647,0,360,0.0,0.0,43,3,-97,LTE,2147483647,2147483647,2147483647,2147483647,0,102,0.0,0.0,48,4,-92,LTE
1521795794201,121.49746324,31.2864066,43.0,11.0,1.7029387,-111,true,-1,-1,5,53.0,4000.0,-36.5478515625,26.763916015625,-13.177490234375,2.26293683052063,1.299971342086792,-0.5099038481712341,460,1,6266,8898335,0,-1,0.0,0.0,0,0,0,,4,460,1,6266,8966933,0,319,0.0,0.0,62,4,-78,LTE,2147483647,2147483647,2147483647,2147483647,0,246,0.0,0.0,48,4,-92,LTE,2147483647,2147483647,2147483647,2147483647,0,102,0.0,0.0,44,3,-96,LTE,2147483647,2147483647,2147483647,2147483647,0,320,0.0,0.0,46,4,-94,LTE
1521795795226,121.49742538,31.2864051,34.0,9.0,0.9362158,-111,true,-1,-1,5,53.0,4000.0,-32.73773193359375,32.763671875,-11.9781494140625,1.5974315404891968,1.374301552772522,0.13546544313430786,460,1,6266,8898335,0,-1,0.0,0.0,0,0,0,,4,460,1,6266,8966933,0,319,0.0,0.0,62,4,-78,LTE,2147483647,2147483647,2147483647,2147483647,0,246,0.0,0.0,48,4,-92,LTE,2147483647,2147483647,2147483647,2147483647,0,102,0.0,0.0,44,3,-96,LTE,2147483647,2147483647,2147483647,2147483647,0,320,0.0,0.0,46,4,-94,LTE
1521795796314,121.49742538,31.2864051,34.0,9.0,0.9362158,-111,true,-1,-1,5,53.0,4000.0,-31.6986083984375,31.86492919921875,-15.57769775390625,1.8838375806808472,1.281642198562622,-0.12601861357688904,460,1,6266,8898335,0,-1,0.0,0.0,0,0,0,,3,460,1,6266,8966933,0,319,0.0,0.0,53,4,-87,LTE,2147483647,2147483647,2147483647,2147483647,0,246,0.0,0.0,51,4,-89,LTE,2147483647,2147483647,2147483647,2147483647,0,102,0.0,0.0,49,4,-91,LTE
1521795797393,121.49740596,31.28640231,36.0,8.0,1.4651281,-111,true,-1,-1,5,53.0,4000.0,-31.35833740234375,25.8636474609375,-14.97802734375,2.139049768447876,1.2634751796722412,-0.34215492010116577,460,1,6266,8898335,0,-1,0.0,0.0,0,0,0,,3,460,1,6266,8966933,0,319,0.0,0.0,53,4,-87,LTE,2147483647,2147483647,2147483647,2147483647,0,246,0.0,0.0,51,4,-89,LTE,2147483647,2147483647,2147483647,2147483647,0,102,0.0,0.0,49,4,-91,LTE
1521795798490,121.49740596,31.28640231,36.0,8.0,1.4651281,-111,true,-1,-1,5,53.0,4000.0,-38.97857666015625,23.4649658203125,-13.77716064453125,2.4067790508270264,1.190029501914978,-0.6795781850814819,460,1,6266,8898335,0,-1,0.0,0.0,0,0,0,,4,460,1,6266,8966933,0,319,0.0,0.0,56,4,-84,LTE,2147483647,2147483647,2147483647,2147483647,0,103,0.0,0.0,49,4,-91,LTE,2147483647,2147483647,2147483647,2147483647,0,246,0.0,0.0,50,4,-90,LTE,2147483647,2147483647,2147483647,2147483647,0,102,0.0,0.0,47,4,-93,LTE
1521795799565,121.49737094,31.28641534,38.0,9.0,2.0403922,-111,true,-1,-1,5,53.0,4000.0,-33.77838134765625,29.7637939453125,-15.57769775390625,2.0534472465515137,1.2304188013076782,-0.3255319893360138,460,1,6266,8898335,0,-1,0.0,0.0,0,0,0,,4,460,1,6266,8966933,0,319,0.0,0.0,56,4,-84,LTE,2147483647,2147483647,2147483647,2147483647,0,103,0.0,0.0,49,4,-91,LTE,2147483647,2147483647,2147483647,2147483647,0,246,0.0,0.0,50,4,-90,LTE,2147483647,2147483647,2147483647,2147483647,0,102,0.0,0.0,47,4,-93,LTE
1521795800691,121.49737094,31.28641534,38.0,9.0,2.0403922,-111,true,-1,-1,5,53.0,4000.0,-39.4989013671875,23.16436767578125,-9.27734375,2.175131320953369,1.231126308441162,-0.5649129748344421,460,1,6266,8898335,0,-1,0.0,0.0,0,0,0,,4,460,1,6266,8966933,0,319,0.0,0.0,57,4,-83,LTE,2147483647,2147483647,2147483647,2147483647,0,102,0.0,0.0,39,3,-101,LTE,2147483647,2147483647,2147483647,2147483647,0,246,0.0,0.0,48,4,-92,LTE,2147483647,2147483647,2147483647,2147483647,0,103,0.0,0.0,46,4,-94,LTE
1521795801719,121.49727654,31.28641694,42.0,10.0,2.0100248,-111,true,-1,-1,5,53.0,4000.0,-31.35833740234375,32.763671875,-16.1773681640625,1.8809542655944824,1.3054753541946411,-0.0861813873052597,460,1,6266,8898335,0,-1,0.0,0.0,0,0,0,,4,460,1,6266,8966933,0,319,0.0,0.0,57,4,-83,LTE,2147483647,2147483647,2147483647,2147483647,0,102,0.0,0.0,39,3,-101,LTE,2147483647,2147483647,2147483647,2147483647,0,246,0.0,0.0,48,4,-92,LTE,2147483647,2147483647,2147483647,2147483647,0,103,0.0,0.0,46,4,-94,LTE
1521795802815,121.49727654,31.28641694,42.0,10.0,2.0100248,-111,true,-1,-1,5,53.0,4000.0,-38.28887939453125,24.664306640625,-14.37835693359375,2.315541982650757,1.185970425605774,-0.5975005626678467,460,1,6266,8898335,0,-1,0.0,0.0,0,0,0,,3,460,1,6266,8966933,0,319,0.0,0.0,57,4,-83,LTE,2147483647,2147483647,2147483647,2147483647,0,103,0.0,0.0,35,3,-105,LTE,2147483647,2147483647,2147483647,2147483647,0,102,0.0,0.0,43,3,-97,LTE
1521795803876,121.49723285,31.28642263,45.0,9.0,2.120212,-111,true,-1,-1,5,53.0,4000.0,-35.68878173828125,26.763916015625,-17.07763671875,2.286151170730591,1.3013981580734253,-0.42645692825317383,460,1,6266,8898335,0,-1,0.0,0.0,0,0,0,,3,460,1,6266,8966933,0,319,0.0,0.0,57,4,-83,LTE,2147483647,2147483647,2147483647,2147483647,0,103,0.0,0.0,35,3,-105,LTE,2147483647,2147483647,2147483647,2147483647,0,102,0.0,0.0,43,3,-97,LTE
1521795804964,121.49723285,31.28642263,45.0,9.0,2.120212,-111,true,-1,-1,5,53.0,4000.0,-28.4088134765625,36.96441650390625,-10.47821044921875,1.8640557527542114,1.2717629671096802,-0.31973597407341003,460,1,6266,8898335,0,-1,0.0,0.0,0,0,0,,4,460,1,6266,8966933,0,319,0.0,0.0,58,4,-82,LTE,2147483647,2147483647,2147483647,2147483647,0,314,0.0,0.0,39,3,-101,LTE,2147483647,2147483647,2147483647,2147483647,0,416,0.0,0.0,37,3,-103,LTE,2147483647,2147483647,2147483647,2147483647,0,246,0.0,0.0,44,3,-96,LTE
1521795806058,121.4971749,31.28645648,48.0,8.0,2.0,-111,true,-1,-1,5,53.0,4000.0,-39.3280029296875,25.26397705078125,-4.1778564453125,2.17020583152771,1.1895670890808105,-0.7364226579666138,460,1,6266,8898335,0,-1,0.0,0.0,0,0,0,,4,460,1,6266,8966933,0,319,0.0,0.0,58,4,-82,LTE,2147483647,2147483647,2147483647,2147483647,0,314,0.0,0.0,39,3,-101,LTE,2147483647,2147483647,2147483647,2147483647,0,416,0.0,0.0,37,3,-103,LTE,2147483647,2147483647,2147483647,2147483647,0,246,0.0,0.0,44,3,-96,LTE
1521795807332,121.4971749,31.28645648,48.0,8.0,2.0,-111,true,-1,-1,5,53.0,4000.0,-38.62762451171875,28.863525390625,-4.77752685546875,1.7143194675445557,1.3363208770751953,-0.20057135820388794,460,1,6266,8898335,0,-1,0.0,0.0,0,0,0,,4,460,1,6266,8966933,0,319,0.0,0.0,60,4,-80,LTE,2147483647,2147483647,2147483647,2147483647,0,314,0.0,0.0,46,4,-94,LTE,2147483647,2147483647,2147483647,2147483647,0,246,0.0,0.0,49,4,-91,LTE,2147483647,2147483647,2147483647,2147483647,0,416,0.0,0.0,43,3,-97,LTE
1521795808221,121.49712598,31.28646993,51.0,7.0,2.060097,-111,true,-1,-1,5,53.0,4000.0,-36.02752685546875,30.96466064453125,-6.87713623046875,1.947763204574585,1.2679976224899292,-0.4506511390209198,460,1,6266,8898335,0,-1,0.0,0.0,0,0,0,,4,460,1,6266,8966933,0,319,0.0,0.0,60,4,-80,LTE,2147483647,2147483647,2147483647,2147483647,0,314,0.0,0.0,46,4,-94,LTE,2147483647,2147483647,2147483647,2147483647,0,246,0.0,0.0,49,4,-91,LTE,2147483647,2147483647,2147483647,2147483647,0,416,0.0,0.0,43,3,-97,LTE
1521795809304,121.49712598,31.28646993,51.0,7.0,2.060097,-111,true,-1,-1,5,53.0,4000.0,-38.28887939453125,29.4647216796875,-2.978515625,1.9419820308685303,1.2351007461547852,-0.5634564161300659,460,1,6266,8898335,0,-1,0.0,0.0,0,0,0,,3,460,1,6266,8966933,0,319,0.0,0.0,52,4,-88,LTE,2147483647,2147483647,2147483647,2147483647,0,246,0.0,0.0,50,4,-90,LTE,2147483647,2147483647,2147483647,2147483647,0,314,0.0,0.0,40,3,-100,LTE
1521795810383,121.49707083,31.2864784,52.0,8.0,1.9700254,-111,true,-1,-1,5,53.0,4000.0,-35.68878173828125,28.863525390625,-17.07763671875,1.7729047536849976,1.2313823699951172,-0.022108295932412148,460,1,6266,8898335,0,-1,0.0,0.0,0,0,0,,3,460,1,6266,8966933,0,319,0.0,0.0,52,4,-88,LTE,2147483647,2147483647,2147483647,2147483647,0,246,0.0,0.0,50,4,-90,LTE,2147483647,2147483647,2147483647,2147483647,0,314,0.0,0.0,40,3,-100,LTE
1521795811476,121.49707083,31.2864784,52.0,8.0,1.9700254,-111,true,-1,-1,5,53.0,4000.0,-39.84832763671875,18.66455078125,-13.47808837890625,2.24534010887146,1.065240740776062,-0.5966437458992004,460,1,6266,8898335,0,-1,0.0,0.0,0,0,0,,8,460,1,6266,8966933,0,319,0.0,0.0,61,4,-79,LTE,2147483647,2147483647,2147483647,2147483647,0,313,0.0,0.0,36,3,-104,LTE,2147483647,2147483647,2147483647,2147483647,0,246,0.0,0.0,47,4,-93,LTE,2147483647,2147483647,2147483647,2147483647,0,314,0.0,0.0,46,4,-94,LTE,2147483647,2147483647,2147483647,2147483647,0,102,0.0,0.0,46,4,-94,LTE,2147483647,2147483647,2147483647,2147483647,0,320,0.0,0.0,42,3,-98,LTE,2147483647,2147483647,2147483647,2147483647,0,416,0.0,0.0,44,3,-96,LTE,2147483647,2147483647,2147483647,2147483647,0,103,0.0,0.0,44,3,-96,LTE
1521795812558,121.49701673,31.28648696,54.0,9.0,1.7241809,-111,true,-1,-1,5,53.0,4000.0,-34.2987060546875,28.863525390625,-17.07763671875,1.9610832929611206,1.2651971578598022,-0.16527719795703888,460,1,6266,8898335,0,-1,0.0,0.0,0,0,0,,8,460,1,6266,8966933,0,319,0.0,0.0,61,4,-79,LTE,2147483647,2147483647,2147483647,2147483647,0,313,0.0,0.0,36,3,-104,LTE,2147483647,2147483647,2147483647,2147483647,0,246,0.0,0.0,47,4,-93,LTE,2147483647,2147483647,2147483647,2147483647,0,314,0.0,0.0,46,4,-94,LTE,2147483647,2147483647,2147483647,2147483647,0,102,0.0,0.0,46,4,-94,LTE,2147483647,2147483647,2147483647,2147483647,0,320,0.0,0.0,42,3,-98,LTE,2147483647,2147483647,2147483647,2147483647,0,416,0.0,0.0,44,3,-96,LTE,2147483647,2147483647,2147483647,2147483647,0,103,0.0,0.0,44,3,-96,LTE
1521795813633,121.49701673,31.28648696,54.0,9.0,1.7241809,-111,true,-1,-1,5,53.0,4000.0,-39.4989013671875,24.36370849609375,-13.47808837890625,2.2157437801361084,1.1342803239822388,-0.5751098990440369,460,1,6266,8898335,0,-1,0.0,0.0,0,0,0,,8,460,1,6266,8966933,0,319,0.0,0.0,52,4,-88,LTE,2147483647,2147483647,2147483647,2147483647,0,320,0.0,0.0,49,4,-91,LTE,2147483647,2147483647,2147483647,2147483647,0,416,0.0,0.0,43,3,-97,LTE,2147483647,2147483647,2147483647,2147483647,0,314,0.0,0.0,50,4,-90,LTE,2147483647,2147483647,2147483647,2147483647,0,246,0.0,0.0,52,4,-88,LTE,2147483647,2147483647,2147483647,2147483647,0,102,0.0,0.0,45,4,-95,LTE,2147483647,2147483647,2147483647,2147483647,0,313,0.0,0.0,45,4,-95,LTE,2147483647,2147483647,2147483647,2147483647,0,103,0.0,0.0,46,4,-94,LTE
1521795814707,121.4969153,31.28650128,60.0,9.0,1.9393297,-111,true,-1,-1,5,53.0,4000.0,-33.60748291015625,28.564453125,-18.878173828125,2.122053384780884,1.3344937562942505,-0.20350174605846405,460,1,6266,8898335,0,-1,0.0,0.0,0,0,0,,8,460,1,6266,8966933,0,319,0.0,0.0,52,4,-88,LTE,2147483647,2147483647,2147483647,2147483647,0,320,0.0,0.0,49,4,-91,LTE,2147483647,2147483647,2147483647,2147483647,0,416,0.0,0.0,43,3,-97,LTE,2147483647,2147483647,2147483647,2147483647,0,314,0.0,0.0,50,4,-90,LTE,2147483647,2147483647,2147483647,2147483647,0,246,0.0,0.0,52,4,-88,LTE,2147483647,2147483647,2147483647,2147483647,0,102,0.0,0.0,45,4,-95,LTE,2147483647,2147483647,2147483647,2147483647,0,313,0.0,0.0,45,4,-95,LTE,2147483647,2147483647,2147483647,2147483647,0,103,0.0,0.0,46,4,-94,LTE
1521795815810,121.4969153,31.28650128,60.0,9.0,1.9393297,-111,true,-1,-1,5,53.0,4000.0,-34.1278076171875,29.4647216796875,-14.97802734375,2.0749666690826416,1.2580000162124634,-0.33494675159454346,460,1,6266,8898335,0,-1,0.0,0.0,0,0,0,,8,460,1,6266,8966933,0,319,0.0,0.0,62,4,-78,LTE,2147483647,2147483647,2147483647,2147483647,0,246,0.0,0.0,51,4,-89,LTE,2147483647,2147483647,2147483647,2147483647,0,314,0.0,0.0,47,4,-93,LTE,2147483647,2147483647,2147483647,2147483647,0,320,0.0,0.0,49,4,-91,LTE,2147483647,2147483647,2147483647,2147483647,0,103,0.0,0.0,43,3,-97,LTE,2147483647,2147483647,2147483647,2147483647,0,313,0.0,0.0,43,3,-97,LTE,2147483647,2147483647,2147483647,2147483647,0,102,0.0,0.0,45,4,-95,LTE,2147483647,2147483647,2147483647,2147483647,0,416,0.0,0.0,46,4,-94,LTE
1521795816887,121.49686641,31.28650678,62.0,8.0,1.5805063,-111,true,-1,-1,5,53.0,4000.0,-39.66827392578125,21.6644287109375,-13.77716064453125,2.3356761932373047,1.1551897525787354,-0.6328190565109253,460,1,6266,8898335,0,-1,0.0,0.0,0,0,0,,8,460,1,6266,8966933,0,319,0.0,0.0,62,4,-78,LTE,2147483647,2147483647,2147483647,2147483647,0,246,0.0,0.0,51,4,-89,LTE,2147483647,2147483647,2147483647,2147483647,0,314,0.0,0.0,47,4,-93,LTE,2147483647,2147483647,2147483647,2147483647,0,320,0.0,0.0,49,4,-91,LTE,2147483647,2147483647,2147483647,2147483647,0,103,0.0,0.0,43,3,-97,LTE,2147483647,2147483647,2147483647,2147483647,0,313,0.0,0.0,43,3,-97,LTE,2147483647,2147483647,2147483647,2147483647,0,102,0.0,0.0,45,4,-95,LTE,2147483647,2147483647,2147483647,2147483647,0,416,0.0,0.0,46,4,-94,LTE
1521795818166,121.49686641,31.28650678,62.0,8.0,1.5805063,-111,true,-1,-1,5,53.0,4000.0,-36.7279052734375,27.36358642578125,-14.67742919921875,1.950307846069336,1.3273425102233887,-0.16935649514198303,460,1,6266,8898335,0,-1,0.0,0.0,0,0,0,,6,460,1,6266,8966933,0,319,0.0,0.0,55,4,-85,LTE,2147483647,2147483647,2147483647,2147483647,0,416,0.0,0.0,52,4,-88,LTE,2147483647,2147483647,2147483647,2147483647,0,102,0.0,0.0,49,4,-91,LTE,2147483647,2147483647,2147483647,2147483647,0,314,0.0,0.0,49,4,-91,LTE,2147483647,2147483647,2147483647,2147483647,0,320,0.0,0.0,51,4,-89,LTE,2147483647,2147483647,2147483647,2147483647,0,246,0.0,0.0,48,4,-92,LTE
1521795819056,121.49681667,31.28653374,63.0,8.0,1.9909043,-111,true,-1,-1,5,53.0,4000.0,-33.08868408203125,30.96466064453125,-14.37835693359375,2.168954849243164,1.259914755821228,-0.437459796667099,460,1,6266,8898335,0,-1,0.0,0.0,0,0,0,,6,460,1,6266,8966933,0,319,0.0,0.0,55,4,-85,LTE,2147483647,2147483647,2147483647,2147483647,0,416,0.0,0.0,52,4,-88,LTE,2147483647,2147483647,2147483647,2147483647,0,102,0.0,0.0,49,4,-91,LTE,2147483647,2147483647,2147483647,2147483647,0,314,0.0,0.0,49,4,-91,LTE,2147483647,2147483647,2147483647,2147483647,0,320,0.0,0.0,51,4,-89,LTE,2147483647,2147483647,2147483647,2147483647,0,246,0.0,0.0,48,4,-92,LTE
1521795820141,121.49681667,31.28653374,63.0,8.0,1.9909043,-111,true,-1,-1,5,53.0,4000.0,-39.66827392578125,24.96490478515625,-8.3770751953125,2.249917507171631,1.1917387247085571,-0.69345623254776,460,1,6266,8898335,0,-1,0.0,0.0,0,0,0,,6,460,1,6266,8966933,0,319,0.0,0.0,59,4,-81,LTE,2147483647,2147483647,2147483647,2147483647,0,246,0.0,0.0,47,4,-93,LTE,2147483647,2147483647,2147483647,2147483647,0,416,0.0,0.0,49,4,-91,LTE,2147483647,2147483647,2147483647,2147483647,0,320,0.0,0.0,48,4,-92,LTE,2147483647,2147483647,2147483647,2147483647,0,314,0.0,0.0,52,4,-88,LTE,2147483647,2147483647,2147483647,2147483647,0,102,0.0,0.0,37,3,-103,LTE
1521795821220,121.49677853,31.2865537,62.0,7.0,2.1814675,-111,true,-1,-1,5,53.0,4000.0,-37.4176025390625,27.06451416015625,-13.47808837890625,2.037421703338623,1.3199703693389893,-0.28909996151924133,460,1,6266,8898335,0,-1,0.0,0.0,0,0,0,,6,460,1,6266,8966933,0,319,0.0,0.0,59,4,-81,LTE,2147483647,2147483647,2147483647,2147483647,0,246,0.0,0.0,47,4,-93,LTE,2147483647,2147483647,2147483647,2147483647,0,416,0.0,0.0,49,4,-91,LTE,2147483647,2147483647,2147483647,2147483647,0,320,0.0,0.0,48,4,-92,LTE,2147483647,2147483647,2147483647,2147483647,0,314,0.0,0.0,52,4,-88,LTE,2147483647,2147483647,2147483647,2147483647,0,102,0.0,0.0,37,3,-103,LTE
1521795822326,121.49677853,31.2865537,62.0,7.0,2.1814675,-111,true,-1,-1,5,53.0,4000.0,-32.04803466796875,32.763671875,-11.9781494140625,1.8274306058883667,1.2943052053451538,-0.1738797426223755,460,1,6266,8898335,0,-1,0.0,0.0,0,0,0,,6,460,1,6266,8966933,0,319,0.0,0.0,61,4,-79,LTE,2147483647,2147483647,2147483647,2147483647,0,314,0.0,0.0,46,4,-94,LTE,2147483647,2147483647,2147483647,2147483647,0,416,0.0,0.0,45,4,-95,LTE,2147483647,2147483647,2147483647,2147483647,0,320,0.0,0.0,47,4,-93,LTE,2147483647,2147483647,2147483647,2147483647,0,246,0.0,0.0,48,4,-92,LTE,2147483647,2147483647,2147483647,2147483647,0,102,0.0,0.0,44,3,-96,LTE
1521795823404,121.49673641,31.28658099,55.0,8.0,2.3170023,-111,true,-1,-1,5,53.0,4000.0,-37.7685546875,25.26397705078125,-9.27734375,2.1658480167388916,1.1593519449234009,-0.6252893209457397,460,1,6266,8898335,0,-1,0.0,0.0,0,0,0,,6,460,1,6266,8966933,0,319,0.0,0.0,61,4,-79,LTE,2147483647,2147483647,2147483647,2147483647,0,314,0.0,0.0,46,4,-94,LTE,2147483647,2147483647,2147483647,2147483647,0,416,0.0,0.0,45,4,-95,LTE,2147483647,2147483647,2147483647,2147483647,0,320,0.0,0.0,47,4,-93,LTE,2147483647,2147483647,2147483647,2147483647,0,246,0.0,0.0,48,4,-92,LTE,2147483647,2147483647,2147483647,2147483647,0,102,0.0,0.0,44,3,-96,LTE
1521795824502,121.49673641,31.28658099,55.0,8.0,2.3170023,-111,true,-1,-1,5,53.0,4000.0,-28.5888671875,30.06439208984375,-20.37811279296875,2.1781537532806396,1.348396897315979,-0.1582013964653015,460,1,6266,8898335,0,-1,0.0,0.0,0,0,0,,4,460,1,6266,8966933,0,319,0.0,0.0,53,4,-87,LTE,2147483647,2147483647,2147483647,2147483647,0,320,0.0,0.0,45,4,-95,LTE,2147483647,2147483647,2147483647,2147483647,0,102,0.0,0.0,44,3,-96,LTE,2147483647,2147483647,2147483647,2147483647,0,314,0.0,0.0,51,4,-89,LTE
1521795825603,121.4966909,31.28661194,56.0,9.0,2.03,-111,true,-1,-1,5,53.0,4000.0,-31.878662109375,29.4647216796875,-15.8782958984375,2.2214391231536865,1.265993595123291,-0.4162825644016266,460,1,6266,8898335,0,-1,0.0,0.0,0,0,0,,4,460,1,6266,8966933,0,319,0.0,0.0,53,4,-87,LTE,2147483647,2147483647,2147483647,2147483647,0,320,0.0,0.0,45,4,-95,LTE,2147483647,2147483647,2147483647,2147483647,0,102,0.0,0.0,44,3,-96,LTE,2147483647,2147483647,2147483647,2147483647,0,314,0.0,0.0,51,4,-89,LTE
1521795826700,121.4966909,31.28661194,56.0,9.0,2.03,-111,true,-1,-1,5,53.0,4000.0,-38.97857666015625,23.7640380859375,-11.37847900390625,2.2254767417907715,1.1594218015670776,-0.610175371170044,460,1,6266,8898335,0,-1,0.0,0.0,0,0,0,,5,460,1,6266,8966933,0,319,0.0,0.0,56,4,-84,LTE,2147483647,2147483647,2147483647,2147483647,0,102,0.0,0.0,52,4,-88,LTE,2147483647,2147483647,2147483647,2147483647,0,314,0.0,0.0,56,4,-84,LTE,2147483647,2147483647,2147483647,2147483647,0,246,0.0,0.0,49,4,-91,LTE,2147483647,2147483647,2147483647,2147483647,0,313,0.0,0.0,46,4,-94,LTE
1521795827759,121.4966909,31.28661194,56.0,9.0,2.03,-111,true,-1,-1,5,53.0,4000.0,-30.8380126953125,31.86492919921875,-17.07763671875,1.939650297164917,1.3061517477035522,-0.10460032522678375,460,1,6266,8898335,0,-1,0.0,0.0,0,0,0,,5,460,1,6266,8966933,0,319,0.0,0.0,56,4,-84,LTE,2147483647,2147483647,2147483647,2147483647,0,102,0.0,0.0,52,4,-88,LTE,2147483647,2147483647,2147483647,2147483647,0,314,0.0,0.0,56,4,-84,LTE,2147483647,2147483647,2147483647,2147483647,0,246,0.0,0.0,49,4,-91,LTE,2147483647,2147483647,2147483647,2147483647,0,313,0.0,0.0,46,4,-94,LTE
1521795828836,121.4966909,31.28661194,56.0,9.0,2.03,-111,true,-1,-1,5,53.0,4000.0,-36.02752685546875,30.364990234375,-4.47845458984375,1.8803297281265259,1.2036834955215454,-0.5156010389328003,460,1,6266,8898335,0,-1,0.0,0.0,0,0,0,,5,460,1,6266,8966933,0,319,0.0,0.0,64,4,-76,LTE,2147483647,2147483647,2147483647,2147483647,0,246,0.0,0.0,51,4,-89,LTE,2147483647,2147483647,2147483647,2147483647,0,314,0.0,0.0,51,4,-89,LTE,2147483647,2147483647,2147483647,2147483647,0,102,0.0,0.0,48,4,-92,LTE,2147483647,2147483647,2147483647,2147483647,0,313,0.0,0.0,38,3,-102,LTE
1521795829935,121.4966909,31.28661194,56.0,9.0,2.03,-111,true,-1,-1,5,53.0,4000.0,-28.75823974609375,27.06451416015625,-23.67706298828125,2.005584239959717,1.2719123363494873,0.033704567700624466,460,1,6266,8898335,0,-1,0.0,0.0,0,0,0,,5,460,1,6266,8966933,0,319,0.0,0.0,64,4,-76,LTE,2147483647,2147483647,2147483647,2147483647,0,246,0.0,0.0,51,4,-89,LTE,2147483647,2147483647,2147483647,2147483647,0,314,0.0,0.0,51,4,-89,LTE,2147483647,2147483647,2147483647,2147483647,0,102,0.0,0.0,48,4,-92,LTE,2147483647,2147483647,2147483647,2147483647,0,313,0.0,0.0,38,3,-102,LTE
1521795831033,121.4966909,31.28661194,56.0,9.0,2.03,-111,true,-1,-1,5,53.0,4000.0,-20.098876953125,27.96478271484375,-29.0771484375,2.4935433864593506,1.343726634979248,-0.07796325534582138,460,1,6266,8898335,0,-1,0.0,0.0,0,0,0,,5,460,1,6266,8966933,0,319,0.0,0.0,57,4,-83,LTE,2147483647,2147483647,2147483647,2147483647,0,246,0.0,0.0,45,4,-95,LTE,2147483647,2147483647,2147483647,2147483647,0,313,0.0,0.0,52,4,-88,LTE,2147483647,2147483647,2147483647,2147483647,0,102,0.0,0.0,44,3,-96,LTE,2147483647,2147483647,2147483647,2147483647,0,314,0.0,0.0,44,3,-96,LTE
1521795832110,121.4966909,31.28661194,56.0,9.0,2.03,-111,true,-1,-1,5,53.0,4000.0,-34.478759765625,18.06488037109375,-22.7783203125,2.7055230140686035,1.1384831666946411,-0.6653811931610107,460,1,6266,8898335,0,-1,0.0,0.0,0,0,0,,5,460,1,6266,8966933,0,319,0.0,0.0,57,4,-83,LTE,2147483647,2147483647,2147483647,2147483647,0,246,0.0,0.0,45,4,-95,LTE,2147483647,2147483647,2147483647,2147483647,0,313,0.0,0.0,52,4,-88,LTE,2147483647,2147483647,2147483647,2147483647,0,102,0.0,0.0,44,3,-96,LTE,2147483647,2147483647,2147483647,2147483647,0,314,0.0,0.0,44,3,-96,LTE
1521795833225,121.4966909,31.28661194,56.0,9.0,2.03,-111,true,-1,-1,5,53.0,4000.0,-15.5975341796875,24.664306640625,-32.07855224609375,2.4463071823120117,1.2645963430404663,0.08288469165563583,460,1,6266,8898335,0,-1,0.0,0.0,0,0,0,,4,460,1,6266,8966933,0,319,0.0,0.0,59,4,-81,LTE,2147483647,2147483647,2147483647,2147483647,0,313,0.0,0.0,41,3,-99,LTE,2147483647,2147483647,2147483647,2147483647,0,314,0.0,0.0,54,4,-86,LTE,2147483647,2147483647,2147483647,2147483647,0,320,0.0,0.0,55,4,-85,LTE
1521795834285,121.4966909,31.28661194,56.0,9.0,2.03,-111,true,-1,-1,5,53.0,4000.0,-14.898681640625,16.26434326171875,-40.478515625,-2.7690675258636475,1.14289128780365,-0.6366322040557861,460,1,6266,8898335,0,-1,0.0,0.0,0,0,0,,4,460,1,6266,8966933,0,319,0.0,0.0,59,4,-81,LTE,2147483647,2147483647,2147483647,2147483647,0,313,0.0,0.0,41,3,-99,LTE,2147483647,2147483647,2147483647,2147483647,0,314,0.0,0.0,54,4,-86,LTE,2147483647,2147483647,2147483647,2147483647,0,320,0.0,0.0,55,4,-85,LTE
1521795835386,121.4966909,31.28661194,56.0,9.0,2.03,-111,true,-1,-1,5,53.0,4000.0,7.2723388671875,23.16436767578125,-37.47711181640625,-2.7752022743225098,1.3118103742599487,-0.10758783668279648,460,1,6266,8898335,0,-1,0.0,0.0,0,0,0,,4,460,1,6266,8966933,0,319,0.0,0.0,56,4,-84,LTE,2147483647,2147483647,2147483647,2147483647,0,320,0.0,0.0,42,3,-98,LTE,2147483647,2147483647,2147483647,2147483647,0,314,0.0,0.0,38,3,-102,LTE,2147483647,2147483647,2147483647,2147483647,0,313,0.0,0.0,44,3,-96,LTE
1521795836443,121.4966909,31.28661194,56.0,9.0,2.03,-111,true,-1,-1,5,53.0,4000.0,3.802490234375,24.06463623046875,-39.27764892578125,-2.470465660095215,1.2704014778137207,-0.4380154311656952,460,1,6266,8898335,0,-1,0.0,0.0,0,0,0,,4,460,1,6266,8966933,0,319,0.0,0.0,56,4,-84,LTE,2147483647,2147483647,2147483647,2147483647,0,320,0.0,0.0,42,3,-98,LTE,2147483647,2147483647,2147483647,2147483647,0,314,0.0,0.0,38,3,-102,LTE,2147483647,2147483647,2147483647,2147483647,0,313,0.0,0.0,44,3,-96,LTE
1521795837526,121.4966909,31.28661194,56.0,9.0,2.03,-111,true,-1,-1,5,53.0,4000.0,2.0721435546875,21.06475830078125,-42.877197265625,-2.1715705394744873,1.1334679126739502,-0.6908787488937378,460,1,6266,8898335,0,-1,0.0,0.0,0,0,0,,4,460,1,6266,8966933,0,319,0.0,0.0,61,4,-79,LTE,2147483647,2147483647,2147483647,2147483647,0,320,0.0,0.0,51,4,-89,LTE,2147483647,2147483647,2147483647,2147483647,0,314,0.0,0.0,49,4,-91,LTE,2147483647,2147483647,2147483647,2147483647,0,313,0.0,0.0,43,3,-97,LTE
1521795838583,121.4966909,31.28661194,56.0,9.0,2.03,-111,true,-1,-1,5,53.0,4000.0,10.73150634765625,32.464599609375,-37.47711181640625,-2.632249593734741,1.3499878644943237,-0.1304941624403,460,1,6266,8898335,0,-1,0.0,0.0,0,0,0,,4,460,1,6266,8966933,0,319,0.0,0.0,61,4,-79,LTE,2147483647,2147483647,2147483647,2147483647,0,320,0.0,0.0,51,4,-89,LTE,2147483647,2147483647,2147483647,2147483647,0,314,0.0,0.0,49,4,-91,LTE,2147483647,2147483647,2147483647,2147483647,0,313,0.0,0.0,43,3,-97,LTE
1521795839680,121.4966909,31.28661194,56.0,9.0,2.03,-111,true,-1,-1,5,53.0,4000.0,13.15155029296875,29.7637939453125,-35.07843017578125,-2.6538352966308594,1.3364520072937012,-0.030590081587433815,460,1,6266,8898335,0,-1,0.0,0.0,0,0,0,,4,460,1,6266,8966933,0,319,0.0,0.0,61,4,-79,LTE,2147483647,2147483647,2147483647,2147483647,0,320,0.0,0.0,50,4,-90,LTE,2147483647,2147483647,2147483647,2147483647,0,102,0.0,0.0,45,4,-95,LTE,2147483647,2147483647,2147483647,2147483647,0,314,0.0,0.0,45,4,-95,LTE
1521795840755,121.4966909,31.28661194,56.0,9.0,2.03,-111,true,-1,-1,5,53.0,4000.0,-2.42767333984375,23.7640380859375,-38.07830810546875,-2.2806320190429688,1.2003852128982544,-0.7109684944152832,460,1,6266,8898335,0,-1,0.0,0.0,0,0,0,,4,460,1,6266,8966933,0,319,0.0,0.0,61,4,-79,LTE,2147483647,2147483647,2147483647,2147483647,0,320,0.0,0.0,50,4,-90,LTE,2147483647,2147483647,2147483647,2147483647,0,102,0.0,0.0,45,4,-95,LTE,2147483647,2147483647,2147483647,2147483647,0,314,0.0,0.0,45,4,-95,LTE
1521795841855,121.4966909,31.28661194,56.0,9.0,2.03,-111,true,-1,-1,5,53.0,4000.0,3.97186279296875,26.16424560546875,-36.578369140625,-2.3583719730377197,1.2760920524597168,-0.5035858750343323,460,1,6266,8898335,0,-1,0.0,0.0,0,0,0,,4,460,1,6266,8966933,0,319,0.0,0.0,70,4,-70,LTE,2147483647,2147483647,2147483647,2147483647,0,320,0.0,0.0,49,4,-91,LTE,2147483647,2147483647,2147483647,2147483647,0,314,0.0,0.0,50,4,-90,LTE,2147483647,2147483647,2147483647,2147483647,0,102,0.0,0.0,44,3,-96,LTE
1521795842934,121.4966909,31.28661194,56.0,9.0,2.03,-111,true,-1,-1,5,53.0,4000.0,0.1617431640625,25.5645751953125,-37.7777099609375,-2.592639207839966,1.3638029098510742,-0.46206021308898926,460,1,6266,8898335,0,-1,0.0,0.0,0,0,0,,4,460,1,6266,8966933,0,319,0.0,0.0,70,4,-70,LTE,2147483647,2147483647,2147483647,2147483647,0,320,0.0,0.0,49,4,-91,LTE,2147483647,2147483647,2147483647,2147483647,0,314,0.0,0.0,50,4,-90,LTE,2147483647,2147483647,2147483647,2147483647,0,102,0.0,0.0,44,3,-96,LTE
1521795844033,121.4966909,31.28661194,56.0,9.0,2.03,-111,true,-1,-1,5,53.0,4000.0,-22.528076171875,30.6640625,-26.0772705078125,2.6431164741516113,1.2932440042495728,-0.3480921983718872,460,1,6266,8898335,0,-1,0.0,0.0,0,0,0,,4,460,1,6266,8966933,0,319,0.0,0.0,62,4,-78,LTE,2147483647,2147483647,2147483647,2147483647,0,314,0.0,0.0,46,4,-94,LTE,2147483647,2147483647,2147483647,2147483647,0,102,0.0,0.0,42,3,-98,LTE,2147483647,2147483647,2147483647,2147483647,0,320,0.0,0.0,52,4,-88,LTE
1521795845111,121.4966909,31.28661194,56.0,9.0,2.03,-111,true,-1,-1,5,53.0,4000.0,-34.1278076171875,18.66455078125,-20.37811279296875,2.711294174194336,1.1989457607269287,-0.7004836201667786,460,1,6266,8898335,0,-1,0.0,0.0,0,0,0,,4,460,1,6266,8966933,0,319,0.0,0.0,62,4,-78,LTE,2147483647,2147483647,2147483647,2147483647,0,314,0.0,0.0,46,4,-94,LTE,2147483647,2147483647,2147483647,2147483647,0,102,0.0,0.0,42,3,-98,LTE,2147483647,2147483647,2147483647,2147483647,0,320,0.0,0.0,52,4,-88,LTE
1521795846206,121.4966909,31.28661194,56.0,9.0,2.03,-111,true,-1,-1,5,53.0,4000.0,-11.08856201171875,24.36370849609375,-36.27777099609375,2.8710978031158447,1.2528762817382813,-0.09295309334993362,460,1,6266,8898335,0,-1,0.0,0.0,0,0,0,,5,460,1,6266,8966933,0,319,0.0,0.0,69,4,-71,LTE,2147483647,2147483647,2147483647,2147483647,0,314,0.0,0.0,49,4,-91,LTE,2147483647,2147483647,2147483647,2147483647,0,313,0.0,0.0,46,4,-94,LTE,2147483647,2147483647,2147483647,2147483647,0,320,0.0,0.0,48,4,-92,LTE,2147483647,2147483647,2147483647,2147483647,0,102,0.0,0.0,46,4,-94,LTE
1521795847289,121.4966909,31.28661194,56.0,9.0,2.03,-111,true,-1,-1,5,53.0,4000.0,-10.748291015625,28.26385498046875,-35.6781005859375,2.963773250579834,1.3503658771514893,-0.1483684778213501,460,1,6266,8898335,0,-1,0.0,0.0,0,0,0,,5,460,1,6266,8966933,0,319,0.0,0.0,69,4,-71,LTE,2147483647,2147483647,2147483647,2147483647,0,314,0.0,0.0,49,4,-91,LTE,2147483647,2147483647,2147483647,2147483647,0,313,0.0,0.0,46,4,-94,LTE,2147483647,2147483647,2147483647,2147483647,0,320,0.0,0.0,48,4,-92,LTE,2147483647,2147483647,2147483647,2147483647,0,102,0.0,0.0,46,4,-94,LTE
1521795848363,121.4966909,31.28661194,56.0,9.0,2.03,-111,true,-1,-1,5,53.0,4000.0,-25.6378173828125,32.16400146484375,-21.8780517578125,2.3730130195617676,1.3313428163528442,-0.2704332768917084,460,1,6266,8898335,0,-1,0.0,0.0,0,0,0,,5,460,1,6266,8966933,0,319,0.0,0.0,64,4,-76,LTE,2147483647,2147483647,2147483647,2147483647,0,314,0.0,0.0,45,4,-95,LTE,2147483647,2147483647,2147483647,2147483647,0,320,0.0,0.0,45,4,-95,LTE,2147483647,2147483647,2147483647,2147483647,0,313,0.0,0.0,41,3,-99,LTE,2147483647,2147483647,2147483647,2147483647,0,102,0.0,0.0,43,3,-97,LTE
1521795849500,121.4966909,31.28661194,56.0,9.0,2.03,-111,true,-1,-1,5,53.0,4000.0,-36.8988037109375,28.564453125,-3.57818603515625,1.9795949459075928,1.2519049644470215,-0.5648939609527588,460,1,6266,8898335,0,-1,0.0,0.0,0,0,0,,5,460,1,6266,8966933,0,319,0.0,0.0,64,4,-76,LTE,2147483647,2147483647,2147483647,2147483647,0,314,0.0,0.0,45,4,-95,LTE,2147483647,2147483647,2147483647,2147483647,0,320,0.0,0.0,45,4,-95,LTE,2147483647,2147483647,2147483647,2147483647,0,313,0.0,0.0,41,3,-99,LTE,2147483647,2147483647,2147483647,2147483647,0,102,0.0,0.0,43,3,-97,LTE
1521795850595,121.4966909,31.28661194,56.0,9.0,2.03,-111,true,-1,-1,5,53.0,4000.0,-31.18896484375,29.16412353515625,-17.67730712890625,2.1050593852996826,1.3546127080917358,-0.18241602182388306,460,1,6266,8898335,0,-1,0.0,0.0,0,0,0,,3,460,1,6266,8966933,0,319,0.0,0.0,69,4,-71,LTE,2147483647,2147483647,2147483647,2147483647,0,320,0.0,0.0,45,4,-95,LTE,2147483647,2147483647,2147483647,2147483647,0,313,0.0,0.0,41,3,-99,LTE
1521795851675,121.4966909,31.28661194,56.0,9.0,2.03,-111,true,-1,-1,5,53.0,4000.0,-28.5888671875,31.5643310546875,-20.977783203125,2.339238405227661,1.2958372831344604,-0.33266347646713257,460,1,6266,8898335,0,-1,0.0,0.0,0,0,0,,3,460,1,6266,8966933,0,319,0.0,0.0,69,4,-71,LTE,2147483647,2147483647,2147483647,2147483647,0,320,0.0,0.0,45,4,-95,LTE,2147483647,2147483647,2147483647,2147483647,0,313,0.0,0.0,41,3,-99,LTE
1521795852773,121.4966909,31.28661194,56.0,9.0,2.03,-111,true,-1,-1,5,53.0,4000.0,-36.37847900390625,27.96478271484375,-12.87841796875,2.476022720336914,1.2466752529144287,-0.7366443276405334,460,1,6266,8898335,0,-1,0.0,0.0,0,0,0,,3,460,1,6266,8966933,0,319,0.0,0.0,70,4,-70,LTE,2147483647,2147483647,2147483647,2147483647,0,320,0.0,0.0,54,4,-86,LTE,2147483647,2147483647,2147483647,2147483647,0,313,0.0,0.0,47,4,-93,LTE
1521795853851,121.4966909,31.28661194,56.0,9.0,2.03,-111,true,-1,-1,5,53.0,4000.0,-37.93792724609375,26.46484375,-8.978271484375,2.1805477142333984,1.2473655939102173,-0.586820125579834,460,1,6266,8898335,0,-1,0.0,0.0,0,0,0,,3,460,1,6266,8966933,0,319,0.0,0.0,70,4,-70,LTE,2147483647,2147483647,2147483647,2147483647,0,320,0.0,0.0,54,4,-86,LTE,2147483647,2147483647,2147483647,2147483647,0,313,0.0,0.0,47,4,-93,LTE
1521795854934,121.4966909,31.28661194,56.0,9.0,2.03,-111,true,-1,-1,5,53.0,4000.0,-30.48858642578125,31.5643310546875,-15.277099609375,2.018064022064209,1.3889106512069702,-0.14288650453090668,460,1,6266,8898335,0,-1,0.0,0.0,0,0,0,,3,460,1,6266,8966933,0,319,0.0,0.0,75,4,-65,LTE,2147483647,2147483647,2147483647,2147483647,0,320,0.0,0.0,46,4,-94,LTE,2147483647,2147483647,2147483647,2147483647,0,313,0.0,0.0,44,3,-96,LTE
1521795856027,121.4966909,31.28661194,56.0,9.0,2.03,-111,true,-1,-1,5,53.0,4000.0,-30.48858642578125,32.763671875,-15.277099609375,1.930174469947815,1.3335013389587402,-0.12279507517814636,460,1,6266,8898335,0,-1,0.0,0.0,0,0,0,,3,460,1,6266,8966933,0,319,0.0,0.0,75,4,-65,LTE,2147483647,2147483647,2147483647,2147483647,0,320,0.0,0.0,46,4,-94,LTE,2147483647,2147483647,2147483647,2147483647,0,313,0.0,0.0,44,3,-96,LTE
1521795857106,121.4966909,31.28661194,56.0,9.0,2.03,-111,true,-1,-1,5,53.0,4000.0,-30.31768798828125,33.06427001953125,-16.1773681640625,2.2740368843078613,1.2706570625305176,-0.4603181779384613,460,1,6266,8898335,0,-1,0.0,0.0,0,0,0,,1,460,1,6266,8966933,0,319,0.0,0.0,65,4,-75,LTE
1521795858203,121.4966909,31.28661194,56.0,9.0,2.03,-111,true,-1,-1,5,53.0,4000.0,-36.8988037109375,28.26385498046875,-10.1776123046875,2.332106351852417,1.279988408088684,-0.6709478497505188,460,1,6266,8898335,0,-1,0.0,0.0,0,0,0,,1,460,1,6266,8966933,0,319,0.0,0.0,65,4,-75,LTE
1521795859283,121.4966909,31.28661194,56.0,9.0,2.03,-111,true,-1,-1,5,53.0,4000.0,-38.28887939453125,27.06451416015625,-10.77728271484375,2.262369155883789,1.259304165840149,-0.6075818538665771,460,1,6266,8898335,0,-1,0.0,0.0,0,0,0,,1,460,1,6266,8966933,0,319,0.0,0.0,68,4,-72,LTE
1521795860360,121.4966909,31.28661194,56.0,9.0,2.03,-111,true,-1,-1,5,53.0,4000.0,-39.66827392578125,26.763916015625,-9.57794189453125,1.9004230499267578,1.3957430124282837,-0.20724725723266602,460,1,6266,8898335,0,-1,0.0,0.0,0,0,0,,1,460,1,6266,8966933,0,319,0.0,0.0,68,4,-72,LTE
1521795861436,121.4966909,31.28661194,56.0,9.0,2.03,-111,true,-1,-1,5,53.0,4000.0,-27.88848876953125,34.564208984375,-12.57781982421875,1.853877067565918,1.3531581163406372,-0.10764997452497482,460,1,6266,8898335,0,-1,0.0,0.0,0,0,0,,1,460,1,6266,8966933,0,319,0.0,0.0,71,4,-69,LTE
1521795862535,121.4966909,31.28661194,56.0,9.0,2.03,-111,true,-1,-1,5,53.0,4000.0,-35.51788330078125,31.26373291015625,-5.9783935546875,1.9310489892959595,1.2725189924240112,-0.4595562815666199,460,1,6266,8898335,0,-1,0.0,0.0,0,0,0,,1,460,1,6266,8966933,0,319,0.0,0.0,71,4,-69,LTE
1521795863613,121.4966909,31.28661194,56.0,9.0,2.03,-111,true,-1,-1,5,53.0,4000.0,-38.80767822265625,24.06463623046875,-8.67767333984375,2.3933908939361572,1.2335147857666016,-0.7717342972755432,460,1,6266,8898335,0,-1,0.0,0.0,0,0,0,,1,460,1,6266,8966933,0,319,0.0,0.0,75,4,-65,LTE
1521795864695,121.4966909,31.28661194,56.0,9.0,2.03,-111,true,-1,-1,5,53.0,4000.0,-37.7685546875,27.96478271484375,-9.8785400390625,2.108487844467163,1.3558558225631714,-0.426049143075943,460,1,6266,8898335,0,-1,0.0,0.0,0,0,0,,1,460,1,6266,8966933,0,319,0.0,0.0,75,4,-65,LTE
1521795865773,121.4966909,31.28661194,56.0,9.0,2.03,-111,true,-1,-1,5,53.0,4000.0,-30.31768798828125,34.26361083984375,-14.37835693359375,1.8265321254730225,1.33856201171875,-0.0550302229821682,460,1,6266,8898335,0,-1,0.0,0.0,0,0,0,,1,460,1,6266,8966933,0,319,0.0,0.0,75,4,-65,LTE
1521795866849,121.4966909,31.28661194,56.0,9.0,2.03,-111,true,-1,-1,5,53.0,4000.0,-33.60748291015625,35.7635498046875,-9.8785400390625,1.9387482404708862,1.2703289985656738,-0.3954433500766754,460,1,6266,8898335,0,-1,0.0,0.0,0,0,0,,1,460,1,6266,8966933,0,319,0.0,0.0,75,4,-65,LTE
1521795867947,121.4966909,31.28661194,56.0,9.0,2.03,-111,true,-1,-1,5,53.0,4000.0,-39.3280029296875,25.5645751953125,-10.1776123046875,2.3719241619110107,1.187609076499939,-0.7558366060256958,460,1,6266,8898335,0,-1,0.0,0.0,0,0,0,,1,460,1,6266,8966933,0,319,0.0,0.0,79,4,-61,LTE
1521795869027,121.4966909,31.28661194,56.0,9.0,2.03,-111,true,-1,-1,5,53.0,4000.0,-38.97857666015625,27.6641845703125,-8.978271484375,2.2179203033447266,1.2927320003509521,-0.5955320596694946,460,1,6266,8898335,0,-1,0.0,0.0,0,0,0,,1,460,1,6266,8966933,0,319,0.0,0.0,79,4,-61,LTE
1521795870102,121.4966909,31.28661194,56.0,9.0,2.03,-111,true,-1,-1,5,53.0,4000.0,-39.84832763671875,26.763916015625,-9.27734375,2.3162145614624023,1.2100130319595337,-0.7265178561210632,460,1,6266,8898335,0,-1,0.0,0.0,0,0,0,,1,460,1,6266,8966933,0,319,0.0,0.0,69,4,-71,LTE
1521795871181,121.4966909,31.28661194,56.0,9.0,2.03,-111,true,-1,-1,5,53.0,4000.0,-37.4176025390625,30.364990234375,-12.87841796875,1.8452357053756714,1.39139723777771,-0.0813969299197197,460,1,6266,8898335,0,-1,0.0,0.0,0,0,0,,1,460,1,6266,8966933,0,319,0.0,0.0,69,4,-71,LTE
1521795872277,121.4966909,31.28661194,56.0,9.0,2.03,-111,true,-1,-1,5,53.0,4000.0,-34.2987060546875,34.86480712890625,-14.0777587890625,1.9040882587432861,1.2993559837341309,-0.2043699473142624,460,1,6266,8898335,0,-1,0.0,0.0,0,0,0,,3,460,1,6266,8966933,0,319,0.0,0.0,73,4,-67,LTE,2147483647,2147483647,2147483647,2147483647,0,92,0.0,0.0,54,4,-86,LTE,2147483647,2147483647,2147483647,2147483647,0,318,0.0,0.0,96,4,-44,LTE
1521795873355,121.4966909,31.28661194,56.0,9.0,2.03,-111,true,-1,-1,5,53.0,4000.0,-41.748046875,28.564453125,-3.57818603515625,2.1762070655822754,1.253610372543335,-0.7259464859962463,460,1,6266,8898335,0,-1,0.0,0.0,0,0,0,,3,460,1,6266,8966933,0,319,0.0,0.0,73,4,-67,LTE,2147483647,2147483647,2147483647,2147483647,0,92,0.0,0.0,54,4,-86,LTE,2147483647,2147483647,2147483647,2147483647,0,318,0.0,0.0,96,4,-44,LTE
1521795874455,121.4966909,31.28661194,56.0,9.0,2.03,-111,true,-1,-1,5,53.0,4000.0,-45.7275390625,26.16424560546875,-3.277587890625,2.026506185531616,1.2721227407455444,-0.5592942833900452,460,1,6266,8898335,0,-1,0.0,0.0,0,0,0,,3,460,1,6266,8966933,0,319,0.0,0.0,77,4,-63,LTE,2147483647,2147483647,2147483647,2147483647,0,92,0.0,0.0,54,4,-86,LTE,2147483647,2147483647,2147483647,2147483647,0,318,0.0,0.0,96,4,-44,LTE
1521795875534,121.4966909,31.28661194,56.0,9.0,2.03,-111,true,-1,-1,5,53.0,4000.0,-36.5478515625,33.06427001953125,-9.57794189453125,1.6642940044403076,1.3580660820007324,-0.028630726039409637,460,1,6266,8898335,0,-1,0.0,0.0,0,0,0,,3,460,1,6266,8966933,0,319,0.0,0.0,77,4,-63,LTE,2147483647,2147483647,2147483647,2147483647,0,92,0.0,0.0,54,4,-86,LTE,2147483647,2147483647,2147483647,2147483647,0,318,0.0,0.0,96,4,-44,LTE
1521795876614,121.4966909,31.28661194,56.0,9.0,2.03,-111,true,-1,-1,5,53.0,4000.0,-35.858154296875,33.6639404296875,-11.9781494140625,1.7809524536132813,1.3307005167007446,-0.10835003852844238,460,1,6266,8898335,0,-1,0.0,0.0,0,0,0,,3,460,1,6266,8966933,0,319,0.0,0.0,70,4,-70,LTE,2147483647,2147483647,2147483647,2147483647,0,318,0.0,0.0,96,4,-44,LTE,2147483647,2147483647,2147483647,2147483647,0,92,0.0,0.0,54,4,-86,LTE
1521795877707,121.4966909,31.28661194,56.0,9.0,2.03,-111,true,-1,-1,5,53.0,4000.0,-40.35797119140625,27.06451416015625,-7.177734375,2.1024391651153564,1.2705140113830566,-0.550839900970459,460,1,6266,8898335,0,-1,0.0,0.0,0,0,0,,3,460,1,6266,8966933,0,319,0.0,0.0,70,4,-70,LTE,2147483647,2147483647,2147483647,2147483647,0,318,0.0,0.0,96,4,-44,LTE,2147483647,2147483647,2147483647,2147483647,0,92,0.0,0.0,54,4,-86,LTE
1521795878788,121.4966909,31.28661194,56.0,9.0,2.03,-111,true,-1,-1,5,53.0,4000.0,-48.5076904296875,20.76416015625,-7.47833251953125,2.421510934829712,1.2735695838928223,-0.8032779097557068,460,1,6266,8898335,0,-1,0.0,0.0,0,0,0,,3,460,1,6266,8966933,0,319,0.0,0.0,64,4,-76,LTE,2147483647,2147483647,2147483647,2147483647,0,318,0.0,0.0,96,4,-44,LTE,2147483647,2147483647,2147483647,2147483647,0,92,0.0,0.0,54,4,-86,LTE
1521795879865,121.4966909,31.28661194,56.0,9.0,2.03,-111,true,-1,-1,5,53.0,4000.0,-39.66827392578125,26.46484375,-8.3770751953125,1.9449013471603394,1.320090413093567,-0.3324694335460663,460,1,6266,8898335,0,-1,0.0,0.0,0,0,0,,3,460,1,6266,8966933,0,319,0.0,0.0,64,4,-76,LTE,2147483647,2147483647,2147483647,2147483647,0,318,0.0,0.0,96,4,-44,LTE,2147483647,2147483647,2147483647,2147483647,0,92,0.0,0.0,54,4,-86,LTE
1521795880945,121.4966909,31.28661194,56.0,9.0,2.03,-111,true,-1,-1,5,53.0,4000.0,-34.8175048828125,31.5643310546875,-13.77716064453125,1.8441518545150757,1.4218449592590332,-0.021476982161402702,460,1,6266,8898335,0,-1,0.0,0.0,0,0,0,,3,460,1,6266,8966933,0,319,0.0,0.0,70,4,-70,LTE,2147483647,2147483647,2147483647,2147483647,0,318,0.0,0.0,58,4,-82,LTE,2147483647,2147483647,2147483647,2147483647,0,92,0.0,0.0,54,4,-86,LTE
1521795882005,121.4966909,31.28661194,56.0,9.0,2.03,-111,true,-1,-1,5,53.0,4000.0,-35.858154296875,32.16400146484375,-13.177490234375,1.7487623691558838,1.3387434482574463,-0.02750328928232193,460,1,6266,8898335,0,-1,0.0,0.0,0,0,0,,3,460,1,6266,8966933,0,319,0.0,0.0,70,4,-70,LTE,2147483647,2147483647,2147483647,2147483647,0,318,0.0,0.0,58,4,-82,LTE,2147483647,2147483647,2147483647,2147483647,0,92,0.0,0.0,54,4,-86,LTE
1521795883101,121.4966909,31.28661194,56.0,9.0,2.03,-111,true,-1,-1,5,53.0,4000.0,-36.5478515625,32.763671875,-11.9781494140625,1.8651334047317505,1.321815013885498,-0.1946597695350647,460,1,6266,8898335,0,-1,0.0,0.0,0,0,0,,3,460,1,6266,8966933,0,319,0.0,0.0,67,4,-73,LTE,2147483647,2147483647,2147483647,2147483647,0,92,0.0,0.0,42,3,-98,LTE,2147483647,2147483647,2147483647,2147483647,0,320,0.0,0.0,45,4,-95,LTE
1521795884158,121.4966909,31.28661194,56.0,9.0,2.03,-111,true,-1,-1,5,53.0,4000.0,-41.058349609375,27.36358642578125,-10.1776123046875,2.244959831237793,1.2500903606414795,-0.6219576001167297,460,1,6266,8898335,0,-1,0.0,0.0,0,0,0,,3,460,1,6266,8966933,0,319,0.0,0.0,67,4,-73,LTE,2147483647,2147483647,2147483647,2147483647,0,92,0.0,0.0,42,3,-98,LTE,2147483647,2147483647,2147483647,2147483647,0,320,0.0,0.0,45,4,-95,LTE
1521795885238,121.4966909,31.28661194,56.0,9.0,2.03,-111,true,-1,-1,5,53.0,4000.0,-41.058349609375,24.664306640625,-6.57806396484375,2.210977792739868,1.2276833057403564,-0.6772945523262024,460,1,6266,8898335,0,-1,0.0,0.0,0,0,0,,3,460,1,6266,8966933,0,319,0.0,0.0,64,4,-76,LTE,2147483647,2147483647,2147483647,2147483647,0,320,0.0,0.0,51,4,-89,LTE,2147483647,2147483647,2147483647,2147483647,0,92,0.0,0.0,50,4,-90,LTE
1521795886319,121.4966909,31.28661194,56.0,9.0,2.03,-111,true,-1,-1,5,53.0,4000.0,-43.13812255859375,24.06463623046875,-8.978271484375,2.0173802375793457,1.2836109399795532,-0.40270790457725525,460,1,6266,8898335,0,-1,0.0,0.0,0,0,0,,3,460,1,6266,8966933,0,319,0.0,0.0,64,4,-76,LTE,2147483647,2147483647,2147483647,2147483647,0,320,0.0,0.0,51,4,-89,LTE,2147483647,2147483647,2147483647,2147483647,0,92,0.0,0.0,50,4,-90,LTE
1521795887396,121.4966909,31.28661194,56.0,9.0,2.03,-111,true,-1,-1,5,53.0,4000.0,-36.7279052734375,31.86492919921875,-12.2772216796875,1.7453148365020752,1.3681377172470093,-0.022671082988381386,460,1,6266,8898335,0,-1,0.0,0.0,0,0,0,,3,460,1,6266,8966933,0,319,0.0,0.0,64,4,-76,LTE,2147483647,2147483647,2147483647,2147483647,0,92,0.0,0.0,56,4,-84,LTE,2147483647,2147483647,2147483647,2147483647,0,320,0.0,0.0,54,4,-86,LTE
1521795888455,121.4966909,31.28661194,56.0,9.0,2.03,-111,true,-1,-1,5,53.0,4000.0,-34.64813232421875,33.06427001953125,-18.27850341796875,1.997484564781189,1.3416459560394287,-0.13066257536411285,460,1,6266,8898335,0,-1,0.0,0.0,0,0,0,,3,460,1,6266,8966933,0,319,0.0,0.0,64,4,-76,LTE,2147483647,2147483647,2147483647,2147483647,0,92,0.0,0.0,56,4,-84,LTE,2147483647,2147483647,2147483647,2147483647,0,320,0.0,0.0,54,4,-86,LTE
1521795889532,121.4966909,31.28661194,56.0,9.0,2.03,-111,true,-1,-1,5,53.0,4000.0,-40.35797119140625,29.4647216796875,-7.177734375,2.173621654510498,1.2853741645812988,-0.6184785962104797,460,1,6266,8898335,0,-1,0.0,0.0,0,0,0,,5,460,1,6266,8966943,0,318,0.0,0.0,63,4,-77,LTE,2147483647,2147483647,2147483647,2147483647,0,92,0.0,0.0,49,4,-91,LTE,2147483647,2147483647,2147483647,2147483647,0,320,0.0,0.0,53,4,-87,LTE,2147483647,2147483647,2147483647,2147483647,0,319,0.0,0.0,60,4,-80,LTE,2147483647,2147483647,2147483647,2147483647,0,314,0.0,0.0,49,4,-91,LTE
1521795890613,121.4966909,31.28661194,56.0,9.0,2.03,-111,true,-1,-1,5,53.0,4000.0,-42.26837158203125,25.5645751953125,-6.87713623046875,2.4218239784240723,1.2640283107757568,-0.8349188566207886,460,1,6266,8898335,0,-1,0.0,0.0,0,0,0,,5,460,1,6266,8966943,0,318,0.0,0.0,63,4,-77,LTE,2147483647,2147483647,2147483647,2147483647,0,92,0.0,0.0,49,4,-91,LTE,2147483647,2147483647,2147483647,2147483647,0,320,0.0,0.0,53,4,-87,LTE,2147483647,2147483647,2147483647,2147483647,0,319,0.0,0.0,60,4,-80,LTE,2147483647,2147483647,2147483647,2147483647,0,314,0.0,0.0,49,4,-91,LTE
1521795891691,121.4966909,31.28661194,56.0,9.0,2.03,-111,true,-1,-1,5,53.0,4000.0,-43.13812255859375,26.763916015625,0.02288818359375,2.086730480194092,1.2792357206344604,-0.6960778832435608,460,1,6266,8898335,0,-1,0.0,0.0,0,0,0,,5,460,1,6266,8966943,0,318,0.0,0.0,65,4,-75,LTE,2147483647,2147483647,2147483647,2147483647,0,319,0.0,0.0,62,4,-78,LTE,2147483647,2147483647,2147483647,2147483647,0,320,0.0,0.0,52,4,-88,LTE,2147483647,2147483647,2147483647,2147483647,0,92,0.0,0.0,56,4,-84,LTE,2147483647,2147483647,2147483647,2147483647,0,314,0.0,0.0,41,3,-99,LTE
1521795892767,121.4966909,31.28661194,56.0,9.0,2.03,-111,true,-1,-1,5,53.0,4000.0,-42.26837158203125,29.16412353515625,-9.27734375,1.6285347938537598,1.3803026676177979,0.027163168415427208,460,1,6266,8898335,0,-1,0.0,0.0,0,0,0,,5,460,1,6266,8966943,0,318,0.0,0.0,65,4,-75,LTE,2147483647,2147483647,2147483647,2147483647,0,319,0.0,0.0,62,4,-78,LTE,2147483647,2147483647,2147483647,2147483647,0,320,0.0,0.0,52,4,-88,LTE,2147483647,2147483647,2147483647,2147483647,0,92,0.0,0.0,56,4,-84,LTE,2147483647,2147483647,2147483647,2147483647,0,314,0.0,0.0,41,3,-99,LTE
1521795893848,121.4966909,31.28661194,56.0,9.0,2.03,-111,true,-1,-1,5,53.0,4000.0,-34.8175048828125,30.96466064453125,-15.57769775390625,1.7308961153030396,1.3273015022277832,0.05554821342229843,460,1,6266,8898335,0,-1,0.0,0.0,0,0,0,,5,460,1,6266,8966943,0,318,0.0,0.0,60,4,-80,LTE,2147483647,2147483647,2147483647,2147483647,0,319,0.0,0.0,58,4,-82,LTE,2147483647,2147483647,2147483647,2147483647,0,92,0.0,0.0,59,4,-81,LTE,2147483647,2147483647,2147483647,2147483647,0,320,0.0,0.0,59,4,-81,LTE,2147483647,2147483647,2147483647,2147483647,0,314,0.0,0.0,46,4,-94,LTE
1521795894927,121.4966909,31.28661194,56.0,9.0,2.03,-111,true,-1,-1,5,53.0,4000.0,-34.99755859375,29.16412353515625,-18.27850341796875,2.322591781616211,1.289576530456543,-0.4440157115459442,460,1,6266,8898335,0,-1,0.0,0.0,0,0,0,,5,460,1,6266,8966943,0,318,0.0,0.0,60,4,-80,LTE,2147483647,2147483647,2147483647,2147483647,0,319,0.0,0.0,58,4,-82,LTE,2147483647,2147483647,2147483647,2147483647,0,92,0.0,0.0,59,4,-81,LTE,2147483647,2147483647,2147483647,2147483647,0,320,0.0,0.0,59,4,-81,LTE,2147483647,2147483647,2147483647,2147483647,0,314,0.0,0.0,46,4,-94,LTE
1521795896002,121.4966909,31.28661194,56.0,9.0,2.03,-111,true,-1,-1,5,53.0,4000.0,-42.6177978515625,24.06463623046875,-11.67755126953125,2.350511312484741,1.1932696104049683,-0.6972365379333496,460,1,6266,8898335,0,-1,0.0,0.0,0,0,0,,5,460,1,6266,8966943,0,318,0.0,0.0,64,4,-76,LTE,2147483647,2147483647,2147483647,2147483647,0,320,0.0,0.0,54,4,-86,LTE,2147483647,2147483647,2147483647,2147483647,0,92,0.0,0.0,63,4,-77,LTE,2147483647,2147483647,2147483647,2147483647,0,319,0.0,0.0,62,4,-78,LTE,2147483647,2147483647,2147483647,2147483647,0,314,0.0,0.0,46,4,-94,LTE
1521795897103,121.4966909,31.28661194,56.0,9.0,2.03,-111,true,-1,-1,5,53.0,4000.0,-44.51751708984375,24.36370849609375,-10.1776123046875,2.2083733081817627,1.225968360900879,-0.5932324528694153,460,1,6266,8898335,0,-1,0.0,0.0,0,0,0,,5,460,1,6266,8966943,0,318,0.0,0.0,64,4,-76,LTE,2147483647,2147483647,2147483647,2147483647,0,320,0.0,0.0,54,4,-86,LTE,2147483647,2147483647,2147483647,2147483647,0,92,0.0,0.0,63,4,-77,LTE,2147483647,2147483647,2147483647,2147483647,0,319,0.0,0.0,62,4,-78,LTE,2147483647,2147483647,2147483647,2147483647,0,314,0.0,0.0,46,4,-94,LTE
1521795898181,121.4966909,31.28661194,56.0,9.0,2.03,-111,true,-1,-1,5,53.0,4000.0,-36.20758056640625,36.36474609375,-9.57794189453125,1.6915569305419922,1.3553369045257568,-0.07745672762393951,460,1,6266,8898335,0,-1,0.0,0.0,0,0,0,,5,460,1,6266,8966943,0,318,0.0,0.0,68,4,-72,LTE,2147483647,2147483647,2147483647,2147483647,0,319,0.0,0.0,66,4,-74,LTE,2147483647,2147483647,2147483647,2147483647,0,320,0.0,0.0,63,4,-77,LTE,2147483647,2147483647,2147483647,2147483647,0,92,0.0,0.0,65,4,-75,LTE,2147483647,2147483647,2147483647,2147483647,0,314,0.0,0.0,50,4,-90,LTE
1521795899237,121.4966909,31.28661194,56.0,9.0,2.03,-111,true,-1,-1,5,53.0,4000.0,-37.24822998046875,31.26373291015625,-13.177490234375,2.145191192626953,1.3031350374221802,-0.43219703435897827,460,1,6266,8898335,0,-1,0.0,0.0,0,0,0,,5,460,1,6266,8966943,0,318,0.0,0.0,68,4,-72,LTE,2147483647,2147483647,2147483647,2147483647,0,319,0.0,0.0,66,4,-74,LTE,2147483647,2147483647,2147483647,2147483647,0,320,0.0,0.0,63,4,-77,LTE,2147483647,2147483647,2147483647,2147483647,0,92,0.0,0.0,65,4,-75,LTE,2147483647,2147483647,2147483647,2147483647,0,314,0.0,0.0,50,4,-90,LTE
1521795900336,121.4966909,31.28661194,56.0,9.0,2.03,-111,true,-1,-1,5,53.0,4000.0,-40.0177001953125,25.8636474609375,-11.37847900390625,2.4062693119049072,1.2699838876724243,-0.707660436630249,460,1,6266,8898335,0,-1,0.0,0.0,0,0,0,,1,460,1,6166,8839189,0,92,0.0,0.0,67,4,-73,LTE
1521795901396,121.4966909,31.28661194,56.0,9.0,2.03,-111,true,-1,-1,5,53.0,4000.0,-38.97857666015625,26.46484375,-10.77728271484375,2.3393774032592773,1.2513787746429443,-0.6770065426826477,460,1,6266,8898335,0,-1,0.0,0.0,0,0,0,,1,460,1,6166,8839189,0,92,0.0,0.0,67,4,-73,LTE
1521795902478,121.4966909,31.28661194,56.0,9.0,2.03,-111,true,-1,-1,5,53.0,4000.0,-32.568359375,31.26373291015625,-11.67755126953125,1.7518854141235352,1.419066071510315,0.024850444868206978,460,1,6266,8898335,0,-1,0.0,0.0,0,0,0,,1,460,1,6166,8839189,0,92,0.0,0.0,66,4,-74,LTE
1521795903533,121.4966909,31.28661194,56.0,9.0,2.03,-111,true,-1,-1,5,53.0,4000.0,-37.24822998046875,24.96490478515625,-8.3770751953125,2.1912686824798584,1.2514712810516357,-0.5976040959358215,460,1,6266,8898335,0,-1,0.0,0.0,0,0,0,,1,460,1,6166,8839189,0,92,0.0,0.0,66,4,-74,LTE
1521795904610,121.4966909,31.28661194,56.0,9.0,2.03,-111,true,-1,-1,5,53.0,4000.0,-35.68878173828125,29.7637939453125,-17.07763671875,1.8817435503005981,1.3779786825180054,-0.010168773122131824,460,1,6266,8898335,0,-1,0.0,0.0,0,0,0,,1,460,1,6166,8839189,0,92,0.0,0.0,70,4,-70,LTE
1521795905689,121.4966909,31.28661194,56.0,9.0,2.03,-111,true,-1,-1,5,53.0,4000.0,-40.35797119140625,26.763916015625,-13.77716064453125,2.33058762550354,1.271585464477539,-0.5912590622901917,460,1,6266,8898335,0,-1,0.0,0.0,0,0,0,,1,460,1,6166,8839189,0,92,0.0,0.0,70,4,-70,LTE
1521795906769,121.4966909,31.28661194,56.0,9.0,2.03,-111,true,-1,-1,5,53.0,4000.0,-36.8988037109375,31.86492919921875,-14.37835693359375,1.9583024978637695,1.4237186908721924,-0.13016805052757263,460,1,6266,8898335,0,-1,0.0,0.0,0,0,0,,3,460,1,6166,8839189,0,92,0.0,0.0,69,4,-71,LTE,2147483647,2147483647,2147483647,2147483647,0,319,0.0,0.0,68,4,-72,LTE,2147483647,2147483647,2147483647,2147483647,0,320,0.0,0.0,60,4,-80,LTE
1521795907848,121.4966909,31.28661194,56.0,9.0,2.03,-111,true,-1,-1,5,53.0,4000.0,-36.20758056640625,32.464599609375,-12.57781982421875,2.0939245223999023,1.3306818008422852,-0.3807448148727417,460,1,6266,8898335,0,-1,0.0,0.0,0,0,0,,3,460,1,6166,8839189,0,92,0.0,0.0,69,4,-71,LTE,2147483647,2147483647,2147483647,2147483647,0,319,0.0,0.0,68,4,-72,LTE,2147483647,2147483647,2147483647,2147483647,0,320,0.0,0.0,60,4,-80,LTE
1521795908906,121.4966909,31.28661194,56.0,9.0,2.03,-111,true,-1,-1,5,53.0,4000.0,-39.84832763671875,26.46484375,-8.67767333984375,2.011615514755249,1.1660875082015991,-0.5096609592437744,460,1,6266,8898335,0,-1,0.0,0.0,0,0,0,,9,460,1,6166,8839189,0,92,0.0,0.0,60,4,-80,LTE,2147483647,2147483647,2147483647,2147483647,0,318,0.0,0.0,65,4,-75,LTE,2147483647,2147483647,2147483647,2147483647,0,319,0.0,0.0,63,4,-77,LTE,2147483647,2147483647,2147483647,2147483647,0,320,0.0,0.0,61,4,-79,LTE,2147483647,2147483647,2147483647,2147483647,0,313,0.0,0.0,47,4,-93,LTE,2147483647,2147483647,2147483647,2147483647,0,314,0.0,0.0,47,4,-93,LTE,2147483647,2147483647,2147483647,2147483647,0,312,0.0,0.0,47,4,-93,LTE,2147483647,2147483647,2147483647,2147483647,0,92,0.0,0.0,53,4,-87,LTE,2147483647,2147483647,2147483647,2147483647,0,0,0.0,0.0,97,4,0,LTE
1521795909984,121.4966909,31.28661194,56.0,9.0,2.03,-111,true,-1,-1,5,53.0,4000.0,-34.2987060546875,34.564208984375,-8.0780029296875,1.6443588733673096,1.1640760898590088,-0.28348779678344727,460,1,6266,8898335,0,-1,0.0,0.0,0,0,0,,9,460,1,6166,8839189,0,92,0.0,0.0,60,4,-80,LTE,2147483647,2147483647,2147483647,2147483647,0,318,0.0,0.0,65,4,-75,LTE,2147483647,2147483647,2147483647,2147483647,0,319,0.0,0.0,63,4,-77,LTE,2147483647,2147483647,2147483647,2147483647,0,320,0.0,0.0,61,4,-79,LTE,2147483647,2147483647,2147483647,2147483647,0,313,0.0,0.0,47,4,-93,LTE,2147483647,2147483647,2147483647,2147483647,0,314,0.0,0.0,47,4,-93,LTE,2147483647,2147483647,2147483647,2147483647,0,312,0.0,0.0,47,4,-93,LTE,2147483647,2147483647,2147483647,2147483647,0,92,0.0,0.0,53,4,-87,LTE,2147483647,2147483647,2147483647,2147483647,0,0,0.0,0.0,97,4,0,LTE
1521795911062,121.4966909,31.28661194,56.0,9.0,2.03,-111,true,-1,-1,5,53.0,4000.0,-36.8988037109375,32.763671875,-4.1778564453125,1.8906620740890503,1.1544296741485596,-0.6103638410568237,460,1,6266,8898335,0,-1,0.0,0.0,0,0,0,,8,460,1,6166,8839189,0,92,0.0,0.0,62,4,-78,LTE,2147483647,2147483647,2147483647,2147483647,0,320,0.0,0.0,63,4,-77,LTE,2147483647,2147483647,2147483647,2147483647,0,319,0.0,0.0,65,4,-75,LTE,2147483647,2147483647,2147483647,2147483647,0,318,0.0,0.0,60,4,-80,LTE,2147483647,2147483647,2147483647,2147483647,0,314,0.0,0.0,45,4,-95,LTE,2147483647,2147483647,2147483647,2147483647,0,92,0.0,0.0,51,4,-89,LTE,2147483647,2147483647,2147483647,2147483647,0,312,0.0,0.0,47,4,-93,LTE,2147483647,2147483647,2147483647,2147483647,0,90,0.0,0.0,38,3,-102,LTE
1521795912145,121.4966909,31.28661194,56.0,9.0,2.03,-111,true,-1,-1,5,53.0,4000.0,-28.5888671875,41.16363525390625,10.22186279296875,1.1774709224700928,1.3359957933425903,-0.24302862584590912,460,1,6266,8898335,0,-1,0.0,0.0,0,0,0,,8,460,1,6166,8839189,0,92,0.0,0.0,62,4,-78,LTE,2147483647,2147483647,2147483647,2147483647,0,320,0.0,0.0,63,4,-77,LTE,2147483647,2147483647,2147483647,2147483647,0,319,0.0,0.0,65,4,-75,LTE,2147483647,2147483647,2147483647,2147483647,0,318,0.0,0.0,60,4,-80,LTE,2147483647,2147483647,2147483647,2147483647,0,314,0.0,0.0,45,4,-95,LTE,2147483647,2147483647,2147483647,2147483647,0,92,0.0,0.0,51,4,-89,LTE,2147483647,2147483647,2147483647,2147483647,0,312,0.0,0.0,47,4,-93,LTE,2147483647,2147483647,2147483647,2147483647,0,90,0.0,0.0,38,3,-102,LTE
1521795913220,121.4966909,31.28661194,56.0,9.0,2.03,-111,true,-1,-1,5,53.0,4000.0,-22.528076171875,40.86456298828125,15.3228759765625,0.9181351065635681,1.2911101579666138,-0.26930809020996094,460,1,6266,8898335,0,-1,0.0,0.0,0,0,0,,1,460,1,6266,8966933,0,319,0.0,0.0,68,4,-72,LTE
1521795914278,121.4966909,31.28661194,56.0,9.0,2.03,-111,true,-1,-1,5,53.0,4000.0,-21.13800048828125,42.06390380859375,13.5223388671875,1.1327697038650513,1.2046693563461304,-0.7161558270454407,460,1,6266,8898335,0,-1,0.0,0.0,0,0,0,,1,460,1,6266,8966933,0,319,0.0,0.0,68,4,-72,LTE
1521795915356,121.4966909,31.28661194,56.0,9.0,2.03,-111,true,-1,-1,5,53.0,4000.0,-12.82806396484375,41.4642333984375,21.92230224609375,0.7974194884300232,1.2981536388397217,-0.5754815340042114,460,1,6266,8898335,0,-1,0.0,0.0,0,0,0,,2,460,1,6266,8966933,0,319,0.0,0.0,72,4,-68,LTE,2147483647,2147483647,2147483647,2147483647,0,92,0.0,0.0,62,4,-78,LTE
1521795916437,121.4966909,31.28661194,56.0,9.0,2.03,-111,true,-1,-1,5,53.0,4000.0,-6.5887451171875,42.364501953125,23.12164306640625,0.21911822259426117,1.3694863319396973,-0.013962054625153542,460,1,6266,8898335,0,-1,0.0,0.0,0,0,0,,2,460,1,6266,8966933,0,319,0.0,0.0,72,4,-68,LTE,2147483647,2147483647,2147483647,2147483647,0,92,0.0,0.0,62,4,-78,LTE
1521795917517,121.4966909,31.28661194,56.0,9.0,2.03,-111,true,-1,-1,5,53.0,4000.0,-11.26861572265625,40.56396484375,18.621826171875,0.4810710847377777,1.2560786008834839,-0.18963585793972015,460,1,6266,8898335,0,-1,0.0,0.0,0,0,0,,3,460,1,6266,8966933,0,319,0.0,0.0,71,4,-69,LTE,2147483647,2147483647,2147483647,2147483647,0,92,0.0,0.0,62,4,-78,LTE,2147483647,2147483647,2147483647,2147483647,0,318,0.0,0.0,96,4,-44,LTE
1521795918573,121.4966909,31.28661194,56.0,9.0,2.03,-111,true,-1,-1,5,53.0,4000.0,-13.86871337890625,41.76483154296875,15.92254638671875,0.7973563075065613,1.2345982789993286,-0.553165853023529,460,1,6266,8898335,0,-1,0.0,0.0,0,0,0,,3,460,1,6266,8966933,0,319,0.0,0.0,71,4,-69,LTE,2147483647,2147483647,2147483647,2147483647,0,92,0.0,0.0,62,4,-78,LTE,2147483647,2147483647,2147483647,2147483647,0,318,0.0,0.0,96,4,-44,LTE
1521795919653,121.4966909,31.28661194,56.0,9.0,2.03,-111,true,-1,-1,5,53.0,4000.0,-16.11785888671875,42.66357421875,18.02215576171875,0.9572610855102539,1.2098056077957153,-0.7571430802345276,460,1,6266,8898335,0,-1,0.0,0.0,0,0,0,,3,460,1,6266,8966933,0,319,0.0,0.0,68,4,-72,LTE,2147483647,2147483647,2147483647,2147483647,0,92,0.0,0.0,62,4,-78,LTE,2147483647,2147483647,2147483647,2147483647,0,318,0.0,0.0,96,4,-44,LTE
1521795920729,121.4966909,31.28661194,56.0,9.0,2.03,-111,true,-1,-1,5,53.0,4000.0,-15.7684326171875,40.86456298828125,19.82269287109375,0.7840839624404907,1.2502015829086304,-0.46311190724372864,460,1,6266,8898335,0,-1,0.0,0.0,0,0,0,,3,460,1,6266,8966933,0,319,0.0,0.0,68,4,-72,LTE,2147483647,2147483647,2147483647,2147483647,0,92,0.0,0.0,62,4,-78,LTE,2147483647,2147483647,2147483647,2147483647,0,318,0.0,0.0,96,4,-44,LTE
1521795921826,121.4966909,31.28661194,56.0,9.0,2.03,-111,true,-1,-1,5,53.0,4000.0,-13.51776123046875,42.66357421875,19.5220947265625,0.4926477074623108,1.3237866163253784,-0.08501753211021423,460,1,6266,8898335,0,-1,0.0,0.0,0,0,0,,3,460,1,6266,8966933,0,319,0.0,0.0,72,4,-68,LTE,2147483647,2147483647,2147483647,2147483647,0,318,0.0,0.0,96,4,-44,LTE,2147483647,2147483647,2147483647,2147483647,0,92,0.0,0.0,62,4,-78,LTE
1521795922905,121.4966909,31.28661194,56.0,9.0,2.03,-111,true,-1,-1,5,53.0,4000.0,-13.1683349609375,44.16351318359375,18.32275390625,0.46419477462768555,1.3224178552627563,-0.04714307188987732,460,1,6266,8898335,0,-1,0.0,0.0,0,0,0,,3,460,1,6266,8966933,0,319,0.0,0.0,72,4,-68,LTE,2147483647,2147483647,2147483647,2147483647,0,318,0.0,0.0,96,4,-44,LTE,2147483647,2147483647,2147483647,2147483647,0,92,0.0,0.0,62,4,-78,LTE
1521795924002,121.4966909,31.28661194,56.0,9.0,2.03,-111,true,-1,-1,5,53.0,4000.0,-13.51776123046875,42.96417236328125,19.5220947265625,0.5908294916152954,1.2992645502090454,-0.24497993290424347,460,1,6266,8898335,0,-1,0.0,0.0,0,0,0,,3,460,1,6266,8966933,0,319,0.0,0.0,74,4,-66,LTE,2147483647,2147483647,2147483647,2147483647,0,318,0.0,0.0,96,4,-44,LTE,2147483647,2147483647,2147483647,2147483647,0,92,0.0,0.0,62,4,-78,LTE
1521795925080,121.4966909,31.28661194,56.0,9.0,2.03,-111,true,-1,-1,5,53.0,4000.0,-13.68865966796875,42.364501953125,17.4224853515625,0.757667601108551,1.139328956604004,-0.654977560043335,460,1,6266,8898335,0,-1,0.0,0.0,0,0,0,,3,460,1,6266,8966933,0,319,0.0,0.0,74,4,-66,LTE,2147483647,2147483647,2147483647,2147483647,0,318,0.0,0.0,96,4,-44,LTE,2147483647,2147483647,2147483647,2147483647,0,92,0.0,0.0,62,4,-78,LTE
1521795926158,121.4966909,31.28661194,56.0,9.0,2.03,-111,true,-1,-1,5,53.0,4000.0,-12.82806396484375,43.5638427734375,18.32275390625,0.7346341013908386,1.1636000871658325,-0.6476705074310303,460,1,6266,8898335,0,-1,0.0,0.0,0,0,0,,3,460,1,6266,8966933,0,319,0.0,0.0,70,4,-70,LTE,2147483647,2147483647,2147483647,2147483647,0,318,0.0,0.0,96,4,-44,LTE,2147483647,2147483647,2147483647,2147483647,0,92,0.0,0.0,62,4,-78,LTE
1521795927258,121.4966909,31.28661194,56.0,9.0,2.03,-111,true,-1,-1,5,53.0,4000.0,-10.91766357421875,42.364501953125,17.4224853515625,0.6677537560462952,1.1452792882919312,-0.6392317414283752,460,1,6266,8898335,0,-1,0.0,0.0,0,0,0,,3,460,1,6266,8966933,0,319,0.0,0.0,70,4,-70,LTE,2147483647,2147483647,2147483647,2147483647,0,318,0.0,0.0,96,4,-44,LTE,2147483647,2147483647,2147483647,2147483647,0,92,0.0,0.0,62,4,-78,LTE
1521795928335,121.4966909,31.28661194,56.0,9.0,2.03,-111,true,-1,-1,5,53.0,4000.0,-8.837890625,42.364501953125,19.22149658203125,0.6017968654632568,1.2521169185638428,-0.516197681427002,460,1,6266,8898335,0,-1,0.0,0.0,0,0,0,,2,460,1,6266,8966933,0,319,0.0,0.0,74,4,-66,LTE,2147483647,2147483647,2147483647,2147483647,0,92,0.0,0.0,62,4,-78,LTE
1521795929412,121.4966909,31.28661194,56.0,9.0,2.03,-111,true,-1,-1,5,53.0,4000.0,-9.0179443359375,42.364501953125,20.12176513671875,0.5244438052177429,1.3400441408157349,-0.31488755345344543,460,1,6266,8898335,0,-1,0.0,0.0,0,0,0,,2,460,1,6266,8966933,0,319,0.0,0.0,74,4,-66,LTE,2147483647,2147483647,2147483647,2147483647,0,92,0.0,0.0,62,4,-78,LTE
1521795930511,121.4966909,31.28661194,56.0,9.0,2.03,-111,true,-1,-1,5,53.0,4000.0,-5.548095703125,43.86444091796875,20.12176513671875,0.3055126368999481,1.2894669771194458,-0.20218561589717865,460,1,6266,8898335,0,-1,0.0,0.0,0,0,0,,2,460,1,6266,8966933,0,319,0.0,0.0,75,4,-65,LTE,2147483647,2147483647,2147483647,2147483647,0,92,0.0,0.0,62,4,-78,LTE
1521795931592,121.4966909,31.28661194,56.0,9.0,2.03,-111,true,-1,-1,5,53.0,4000.0,-7.45849609375,42.66357421875,18.621826171875,0.7093640565872192,1.2185412645339966,-0.8099140524864197,460,1,6266,8898335,0,-1,0.0,0.0,0,0,0,,2,460,1,6266,8966933,0,319,0.0,0.0,75,4,-65,LTE,2147483647,2147483647,2147483647,2147483647,0,92,0.0,0.0,62,4,-78,LTE
1521795932666,121.4966909,31.28661194,56.0,9.0,2.03,-111,true,-1,-1,5,53.0,4000.0,-7.1075439453125,41.76483154296875,16.82281494140625,0.311091810464859,1.244897484779358,-0.1230817660689354,460,1,6266,8898335,0,-1,0.0,0.0,0,0,0,,2,460,1,6266,8966933,0,319,0.0,0.0,72,4,-68,LTE,2147483647,2147483647,2147483647,2147483647,0,92,0.0,0.0,62,4,-78,LTE
1521795933749,121.4966909,31.28661194,56.0,9.0,2.03,-111,true,-1,-1,5,53.0,4000.0,-13.51776123046875,38.16375732421875,17.7215576171875,0.626754879951477,1.1826175451278687,-0.33933067321777344,460,1,6266,8898335,0,-1,0.0,0.0,0,0,0,,2,460,1,6266,8966933,0,319,0.0,0.0,72,4,-68,LTE,2147483647,2147483647,2147483647,2147483647,0,92,0.0,0.0,62,4,-78,LTE
1521795934844,121.4966909,31.28661194,56.0,9.0,2.03,-111,true,-1,-1,5,53.0,4000.0,-9.0179443359375,44.76470947265625,13.5223388671875,0.5205883979797363,1.1511350870132446,-0.5006802082061768,460,1,6266,8898335,0,-1,0.0,0.0,0,0,0,,1,460,1,6266,8966933,0,319,0.0,0.0,74,4,-66,LTE
1521795935917,121.4966909,31.28661194,56.0,9.0,2.03,-111,true,-1,-1,5,53.0,4000.0,-17.15850830078125,42.66357421875,17.4224853515625,0.6254017949104309,1.3086811304092407,-0.10230886936187744,460,1,6266,8898335,0,-1,0.0,0.0,0,0,0,,1,460,1,6266,8966933,0,319,0.0,0.0,74,4,-66,LTE
1521795937020,121.4966909,31.28661194,56.0,9.0,2.03,-111,true,-1,-1,5,53.0,4000.0,-15.24810791015625,44.16351318359375,16.522216796875,0.721646785736084,1.246186375617981,-0.3870047628879547,460,1,6266,8898335,0,-1,0.0,0.0,0,0,0,,1,460,1,6266,8966933,0,319,0.0,0.0,71,4,-69,LTE
1521795938080,121.4966909,31.28661194,56.0,9.0,2.03,-111,true,-1,-1,5,53.0,4000.0,-13.1683349609375,45.3643798828125,12.32147216796875,0.7038861513137817,1.1917203664779663,-0.5185956358909607,460,1,6266,8898335,0,-1,0.0,0.0,0,0,0,,1,460,1,6266,8966933,0,319,0.0,0.0,71,4,-69,LTE
1521795939158,121.4966909,31.28661194,56.0,9.0,2.03,-111,true,-1,-1,5,53.0,4000.0,-15.24810791015625,50.4638671875,19.5220947265625,0.5282006859779358,1.332593321800232,-0.09920773655176163,460,1,6266,8898335,0,-1,0.0,0.0,0,0,0,,1,460,1,6266,8966933,0,319,0.0,0.0,73,4,-67,LTE
1521795940233,121.4966909,31.28661194,56.0,9.0,2.03,-111,true,-1,-1,5,53.0,4000.0,-10.5682373046875,44.16351318359375,18.02215576171875,0.5584325194358826,1.2539085149765015,-0.36709699034690857,460,1,6266,8898335,0,-1,0.0,0.0,0,0,0,,1,460,1,6266,8966933,0,319,0.0,0.0,73,4,-67,LTE
1521795941334,121.4966909,31.28661194,56.0,9.0,2.03,-111,true,-1,-1,5,53.0,4000.0,-10.5682373046875,45.06378173828125,16.22161865234375,0.6534686088562012,1.1612943410873413,-0.6544626355171204,460,1,6266,8898335,0,-1,0.0,0.0,0,0,0,,1,460,1,6266,8966933,0,319,0.0,0.0,72,4,-68,LTE
1521795942410,121.4966909,31.28661194,56.0,9.0,2.03,-111,true,-1,-1,5,53.0,4000.0,-13.68865966796875,44.464111328125,17.4224853515625,0.719329833984375,1.2293756008148193,-0.4951819181442261,460,1,6266,8898335,0,-1,0.0,0.0,0,0,0,,1,460,1,6266,8966933,0,319,0.0,0.0,72,4,-68,LTE
1521795943564,121.4966909,31.28661194,56.0,9.0,2.03,-111,true,-1,-1,5,53.0,4000.0,-15.41748046875,43.2647705078125,18.621826171875,0.5920275449752808,1.3197953701019287,-0.13899266719818115,460,1,6266,8898335,0,-1,0.0,0.0,0,0,0,,1,460,1,6266,8966933,0,319,0.0,0.0,73,4,-67,LTE
1521795944620,121.4966909,31.28661194,56.0,9.0,2.03,-111,true,-1,-1,5,53.0,4000.0,-14.37835693359375,45.3643798828125,20.42236328125,0.5587055087089539,1.2910470962524414,-0.19968487322330475,460,1,6266,8898335,0,-1,0.0,0.0,0,0,0,,1,460,1,6266,8966933,0,319,0.0,0.0,73,4,-67,LTE
1521795945719,121.4966909,31.28661194,56.0,9.0,2.03,-111,true,-1,-1,5,53.0,4000.0,-22.528076171875,40.86456298828125,19.5220947265625,0.9522709250450134,1.2141486406326294,-0.48337894678115845,460,1,6266,8898335,0,-1,0.0,0.0,0,0,0,,1,460,1,6266,8966933,0,319,0.0,0.0,69,4,-71,LTE
1521795946777,121.4966909,31.28661194,56.0,9.0,2.03,-111,true,-1,-1,5,53.0,4000.0,-25.29754638671875,39.06402587890625,14.12200927734375,1.1731042861938477,1.1577144861221313,-0.6461894512176514,460,1,6266,8898335,0,-1,0.0,0.0,0,0,0,,1,460,1,6266,8966933,0,319,0.0,0.0,69,4,-71,LTE
1521795947874,121.4966909,31.28661194,56.0,9.0,2.03,-111,true,-1,-1,5,53.0,4000.0,-23.73809814453125,40.264892578125,13.22174072265625,0.8856672048568726,1.3323614597320557,-0.08823437243700027,460,1,6266,8898335,0,-1,0.0,0.0,0,0,0,,3,460,1,6266,8966933,0,319,0.0,0.0,68,4,-72,LTE,2147483647,2147483647,2147483647,2147483647,0,314,0.0,0.0,44,3,-96,LTE,2147483647,2147483647,2147483647,2147483647,0,318,0.0,0.0,55,4,-85,LTE
1521795948952,121.4966909,31.28661194,56.0,9.0,2.03,-111,true,-1,-1,5,53.0,4000.0,-22.00775146484375,42.66357421875,13.82293701171875,0.8296831250190735,1.2847099304199219,-0.15595552325248718,460,1,6266,8898335,0,-1,0.0,0.0,0,0,0,,3,460,1,6266,8966933,0,319,0.0,0.0,68,4,-72,LTE,2147483647,2147483647,2147483647,2147483647,0,314,0.0,0.0,44,3,-96,LTE,2147483647,2147483647,2147483647,2147483647,0,318,0.0,0.0,55,4,-85,LTE
1521795950051,121.4966909,31.28661194,56.0,9.0,2.03,-111,true,-1,-1,5,53.0,4000.0,-18.88885498046875,44.464111328125,14.422607421875,0.7533900141716003,1.281872034072876,-0.19458641111850739,460,1,6266,8898335,0,-1,0.0,0.0,0,0,0,,3,460,1,6266,8966933,0,319,0.0,0.0,71,4,-69,LTE,2147483647,2147483647,2147483647,2147483647,0,318,0.0,0.0,50,4,-90,LTE,2147483647,2147483647,2147483647,2147483647,0,314,0.0,0.0,47,4,-93,LTE
1521795951132,121.4966909,31.28661194,56.0,9.0,2.03,-111,true,-1,-1,5,53.0,4000.0,-18.70880126953125,44.464111328125,18.32275390625,0.5549794435501099,1.3137307167053223,0.024086927995085716,460,1,6266,8898335,0,-1,0.0,0.0,0,0,0,,3,460,1,6266,8966933,0,319,0.0,0.0,71,4,-69,LTE,2147483647,2147483647,2147483647,2147483647,0,318,0.0,0.0,50,4,-90,LTE,2147483647,2147483647,2147483647,2147483647,0,314,0.0,0.0,47,4,-93,LTE
1521795952230,121.4966909,31.28661194,56.0,9.0,2.03,-111,true,-1,-1,5,53.0,4000.0,-23.2177734375,43.5638427734375,15.92254638671875,0.7040005326271057,1.2765687704086304,-0.012948324903845787,460,1,6266,8898335,0,-1,0.0,0.0,0,0,0,,2,460,1,6266,8966933,0,319,0.0,0.0,68,4,-72,LTE,2147483647,2147483647,2147483647,2147483647,0,318,0.0,0.0,56,4,-84,LTE
1521795953286,121.4966909,31.28661194,56.0,9.0,2.03,-111,true,-1,-1,5,53.0,4000.0,-27.3681640625,40.56396484375,9.92279052734375,0.9204908013343811,1.2979942560195923,0.009822564199566841,460,1,6266,8898335,0,-1,0.0,0.0,0,0,0,,2,460,1,6266,8966933,0,319,0.0,0.0,68,4,-72,LTE,2147483647,2147483647,2147483647,2147483647,0,318,0.0,0.0,56,4,-84,LTE
1521795954362,121.4966909,31.28661194,56.0,9.0,2.03,-111,true,-1,-1,5,53.0,4000.0,-30.66864013671875,39.3646240234375,4.82177734375,1.1626036167144775,1.2296628952026367,-0.1471787393093109,460,1,6266,8898335,0,-1,0.0,0.0,0,0,0,,2,460,1,6266,8966933,0,319,0.0,0.0,69,4,-71,LTE,2147483647,2147483647,2147483647,2147483647,0,318,0.0,0.0,44,3,-96,LTE
1521795955463,121.4966909,31.28661194,56.0,9.0,2.03,-111,true,-1,-1,5,53.0,4000.0,-23.907470703125,42.06390380859375,2.12249755859375,0.7661525011062622,1.1920616626739502,0.2692858576774597,460,1,6266,8898335,0,-1,0.0,0.0,0,0,0,,2,460,1,6266,8966933,0,319,0.0,0.0,69,4,-71,LTE,2147483647,2147483647,2147483647,2147483647,0,318,0.0,0.0,44,3,-96,LTE
1521795956541,121.4966909,31.28661194,56.0,9.0,2.03,-111,true,-1,-1,5,53.0,4000.0,-27.02789306640625,41.16363525390625,4.522705078125,1.0402065515518188,1.3223782777786255,0.04647231847047806,460,1,6266,8898335,0,-1,0.0,0.0,0,0,0,,2,460,1,6266,8966933,0,319,0.0,0.0,65,4,-75,LTE,2147483647,2147483647,2147483647,2147483647,0,318,0.0,0.0,49,4,-91,LTE
1521795957620,121.4966909,31.28661194,56.0,9.0,2.03,-111,true,-1,-1,5,53.0,4000.0,-26.678466796875,40.264892578125,5.12237548828125,0.9033836126327515,1.2929679155349731,0.16371701657772064,460,1,6266,8898335,0,-1,0.0,0.0,0,0,0,,2,460,1,6266,8966933,0,319,0.0,0.0,65,4,-75,LTE,2147483647,2147483647,2147483647,2147483647,0,318,0.0,0.0,49,4,-91,LTE
1521795958693,121.4966909,31.28661194,56.0,9.0,2.03,-111,true,-1,-1,5,53.0,4000.0,-25.81787109375,40.56396484375,6.622314453125,0.9057210087776184,1.3192899227142334,0.12077775597572327,460,1,6266,8898335,0,-1,0.0,0.0,0,0,0,,2,460,1,6266,8966933,0,319,0.0,0.0,66,4,-74,LTE,2147483647,2147483647,2147483647,2147483647,0,318,0.0,0.0,53,4,-87,LTE
1521795959772,121.4966909,31.28661194,56.0,9.0,2.03,-111,true,-1,-1,5,53.0,4000.0,-28.2379150390625,36.96441650390625,13.22174072265625,1.4247854948043823,1.4360291957855225,-0.45025870203971863,460,1,6266,8898335,0,-1,0.0,0.0,0,0,0,,2,460,1,6266,8966933,0,319,0.0,0.0,66,4,-74,LTE,2147483647,2147483647,2147483647,2147483647,0,318,0.0,0.0,53,4,-87,LTE
1521795960870,121.4966909,31.28661194,56.0,9.0,2.03,-111,true,-1,-1,5,53.0,4000.0,-28.75823974609375,35.4644775390625,12.32147216796875,1.5042423009872437,1.4444999694824219,-0.48180335760116577,460,1,6266,8898335,0,-1,0.0,0.0,0,0,0,,3,460,1,6266,8966933,0,319,0.0,0.0,67,4,-73,LTE,2147483647,2147483647,2147483647,2147483647,0,318,0.0,0.0,54,4,-86,LTE,2147483647,2147483647,2147483647,2147483647,0,314,0.0,0.0,47,4,-93,LTE
1521795961950,121.4966909,31.28661194,56.0,9.0,2.03,-111,true,-1,-1,5,53.0,4000.0,-30.66864013671875,35.16387939453125,9.6221923828125,0.8759939670562744,1.412744402885437,0.26331016421318054,460,1,6266,8898335,0,-1,0.0,0.0,0,0,0,,3,460,1,6266,8966933,0,319,0.0,0.0,67,4,-73,LTE,2147483647,2147483647,2147483647,2147483647,0,318,0.0,0.0,54,4,-86,LTE,2147483647,2147483647,2147483647,2147483647,0,314,0.0,0.0,47,4,-93,LTE
1521795963049,121.4966909,31.28661194,56.0,9.0,2.03,-111,true,-1,-1,5,53.0,4000.0,2.59246826171875,48.06365966796875,-7.177734375,0.25850391387939453,1.0077145099639893,1.176812767982483,460,1,6266,8898335,0,-1,0.0,0.0,0,0,0,,3,460,1,6266,8966933,0,319,0.0,0.0,68,4,-72,LTE,2147483647,2147483647,2147483647,2147483647,0,314,0.0,0.0,46,4,-94,LTE,2147483647,2147483647,2147483647,2147483647,0,318,0.0,0.0,46,4,-94,LTE
1521795964125,121.4966909,31.28661194,56.0,9.0,2.03,-111,true,-1,-1,5,53.0,4000.0,13.15155029296875,4.56390380859375,-45.27740478515625,-1.236811637878418,-0.15750820934772491,-0.39565038681030273,460,1,6266,8898335,0,-1,0.0,0.0,0,0,0,,3,460,1,6266,8966933,0,319,0.0,0.0,68,4,-72,LTE,2147483647,2147483647,2147483647,2147483647,0,314,0.0,0.0,46,4,-94,LTE,2147483647,2147483647,2147483647,2147483647,0,318,0.0,0.0,46,4,-94,LTE
1521795965203,121.4966909,31.28661194,56.0,9.0,2.03,-111,true,-1,-1,5,53.0,4000.0,44.50225830078125,-11.9354248046875,-19.7784423828125,-1.6497747898101807,-0.2924877107143402,0.2163756638765335,460,1,6266,8898335,0,-1,0.0,0.0,0,0,0,,2,460,1,6266,8966933,0,319,0.0,0.0,71,4,-69,LTE,2147483647,2147483647,2147483647,2147483647,0,314,0.0,0.0,46,4,-94,LTE
1521795966258,121.4966909,31.28661194,56.0,9.0,2.03,-109,true,-1,-1,5,53.0,4000.0,33.42132568359375,-9.23614501953125,-35.9771728515625,-1.8324815034866333,-8.160182042047381E-4,-0.026950577273964882,460,1,6266,8966933,0,-1,0.0,0.0,0,0,0,,2,460,1,6266,8966933,0,319,0.0,0.0,71,4,-69,LTE,2147483647,2147483647,2147483647,2147483647,0,314,0.0,0.0,46,4,-94,LTE
1521795967369,121.4966909,31.28661194,56.0,9.0,2.03,-109,true,-1,-1,5,53.0,4000.0,29.95147705078125,-8.935546875,-37.7777099609375,-1.640604853630066,-0.1891983449459076,-0.11970890313386917,460,1,6266,8966933,0,-1,0.0,0.0,0,0,0,,2,460,1,6266,8966933,0,319,0.0,0.0,71,4,-69,LTE,2147483647,2147483647,2147483647,2147483647,0,314,0.0,0.0,55,4,-85,LTE
1521795968408,121.4966909,31.28661194,56.0,9.0,2.03,-109,true,-1,-1,5,53.0,4000.0,28.9215087890625,-16.13616943359375,-36.578369140625,-1.868754506111145,-0.16282710433006287,-0.23310616612434387,460,1,6266,8966933,0,-1,0.0,0.0,0,0,0,,2,460,1,6266,8966933,0,319,0.0,0.0,71,4,-69,LTE,2147483647,2147483647,2147483647,2147483647,0,314,0.0,0.0,55,4,-85,LTE
1521795969459,121.4966909,31.28661194,56.0,9.0,2.03,-109,true,-1,-1,5,53.0,4000.0,14.5416259765625,-13.13629150390625,-44.677734375,-1.5751184225082397,-0.38875067234039307,-0.516290545463562,460,1,6266,8966933,0,-1,0.0,0.0,0,0,0,,2,460,1,6266,8966933,0,319,0.0,0.0,67,4,-73,LTE,2147483647,2147483647,2147483647,2147483647,0,314,0.0,0.0,55,4,-85,LTE
