1509265999,31.28397338,121.20887596,164316066,31.2839274169,121.208944098,0.940858942529,8.25021500704
1509266000,31.28397338,121.20887596,164316066,31.2839274169,121.208944098,0.940858942529,8.25021500704
1509266001,31.28398448,121.20887348,164316066,31.2839338958,121.208948469,0.938625382295,9.0796685584
1509266002,31.28398448,121.20887348,164316066,31.2839338958,121.208948469,0.938625382295,9.0796685584
1509266003,31.28398934,121.2088685,164316066,31.2839349272,121.208949165,0.938269819492,9.76688835041
1509266004,31.28398934,121.2088685,164316066,31.2839349272,121.208949165,0.938269819492,9.76688835041
1509266006,31.2839932,121.20886794,164316066,31.2839373205,121.208950779,0.937444771349,10.0301634209
1509266007,31.28399679,121.20887065,164316066,31.2839410442,121.208953291,0.936161074952,10.0061686407
1509266008,31.28399679,121.20887065,164316066,31.2839410442,121.208953291,0.936161074952,10.0061686407
1509266010,31.28399764,121.20887368,164316066,31.2839430331,121.208954632,0.935475422795,9.80173974674
1509266011,31.28399764,121.20887368,164316066,31.2839430331,121.208954632,0.935475422795,9.80173974674
1509266012,31.28399488,121.20887595,164316066,31.2839421886,121.208954063,0.935766551929,9.45791323833
1509266013,31.28399488,121.20887595,164316066,31.2839421886,121.208954063,0.935766551929,9.45791323833
1509266014,31.28399324,121.20887862,164316066,31.2839422993,121.208954137,0.935728390827,9.14366992296
1509266015,31.28399324,121.20887862,164316066,31.2839422993,121.208954137,0.935728390827,9.14366992296
1509266016,31.28399064,121.20887846,164316066,31.2839404382,121.208952882,0.936369979665,9.0110377756
1509266017,31.28399064,121.20887846,164316066,31.2839404382,121.208952882,0.936369979665,9.0110377756
1509266018,31.28398633,121.20888063,164316066,31.2839384821,121.208951562,0.937044332097,8.58852614893
1509266019,31.28398633,121.20888063,164316066,31.2839384821,121.208951562,0.937044332097,8.58852614893
1509266020,31.28398049,121.20888367,164316066,31.2839358778,121.208949806,0.937942141492,8.00773326934
1509266021,31.28398049,121.20888367,164316066,31.2839358778,121.208949806,0.937942141492,8.00773326934
1509266022,31.28397822,121.20888485,164316066,31.2839348647,121.208949122,0.938291381496,7.7821166592
1509266023,31.28397822,121.20888485,164316066,31.2839348647,121.208949122,0.938291381496,7.7821166592
1509266024,31.28397832,121.20888536,164316066,31.2839351699,121.208949328,0.938186179098,7.74529021365
1509266025,31.28397886,121.20888569,164316066,31.283935694,121.208949682,0.938005495656,7.7481411695
1509266027,31.28397886,121.20888569,164316066,31.283935694,121.208949682,0.938005495656,7.7481411695
1509266028,31.28397886,121.20888569,164316066,31.283935694,121.208949682,0.938005495656,7.7481411695
1509266029,31.28397909,121.20888592,164316066,31.2839359587,121.20894986,0.937914242669,7.74191232536
1509266030,31.28397909,121.20888592,164316066,31.2839359587,121.20894986,0.937914242669,7.74191232536
1509266031,31.2839791,121.20888613,164316066,31.2839360629,121.208949931,0.937878310666,7.72499845667
1509266032,31.2839791,121.20888613,164316066,31.2839360629,121.208949931,0.937878310666,7.72499845667
1509266033,31.28397849,121.20888626,164316066,31.2839357039,121.208949688,0.938002060877,7.67993915253
1509266034,31.28397849,121.20888626,164316066,31.2839357039,121.208949688,0.938002060877,7.67993915253
1509266035,31.28397778,121.20888618,164316066,31.2839351789,121.208949334,0.938183066767,7.64674172085
1509266036,31.28397778,121.20888618,164316066,31.2839351789,121.208949334,0.938183066767,7.64674172085
1509266037,31.28397744,121.20888612,164316066,31.2839349174,121.208949158,0.938273212212,7.63264930788
1509266038,31.28397744,121.20888612,164316066,31.2839349174,121.208949158,0.938273212212,7.63264930788
1509266039,31.28397676,121.20888558,164316066,31.2839341997,121.208948674,0.938520628518,7.63941489012
1509266040,31.28397676,121.20888558,164316066,31.2839341997,121.208948674,0.938520628518,7.63941489012
1509266041,31.28397778,121.20888644,164316066,31.2839352994,121.208949416,0.938141512939,7.6251057548
1509266042,31.28397778,121.20888644,164316066,31.2839352994,121.208949416,0.938141512939,7.6251057548
1509266043,31.28397825,121.20888685,164316066,31.2839358125,121.208949762,0.937964628786,7.61737016273
1509266045,31.28397825,121.20888685,164316066,31.2839358125,121.208949762,0.937964628786,7.61737016273
1509266046,31.28397729,121.20888793,164316066,31.2839356534,121.208949654,0.938019473108,7.47360971055
1509266047,31.28397729,121.20888793,164316066,31.2839356534,121.208949654,0.938019473108,7.47360971055
1509266048,31.28397654,121.20888881,164316066,31.2839355459,121.208949582,0.938056526671,7.35828030624
1509266049,31.28397654,121.20888881,164316066,31.2839355459,121.208949582,0.938056526671,7.35828030624
1509266050,31.28397655,121.2088888,164316066,31.2839355482,121.208949583,0.9380557556,7.35967379174
1509266051,31.28397655,121.2088888,164316066,31.2839355482,121.208949583,0.9380557556,7.35967379174
1509266052,31.28397655,121.2088888,164316066,31.2839355482,121.208949583,0.9380557556,7.35967379174
1509266053,31.28397655,121.2088888,164316066,31.2839355482,121.208949583,0.9380557556,7.35967379174
1509266054,31.28397655,121.2088888,164316066,31.2839355482,121.208949583,0.9380557556,7.35967379174
1509266055,31.28397655,121.2088888,164316066,31.2839355482,121.208949583,0.9380557556,7.35967379174
1509266056,31.28397809,121.20888842,164316066,31.2839364304,121.208950179,0.937751616358,7.47774089048
1509266057,31.28397809,121.20888842,164316066,31.2839364304,121.208950179,0.937751616358,7.47774089048
1509266058,31.28400747,121.20888753,164316066,31.2839562099,121.208963521,0.930932863345,9.20099896369
1509266059,31.28400747,121.20888753,164316066,31.2839562099,121.208963521,0.930932863345,9.20099896369
1509266060,31.28410403,121.20890105,164316066,31.2840536978,121.209014228,0.899418078045,12.13598469
1509266061,31.28410403,121.20890105,164316066,31.2840536978,121.209014228,0.899418078045,12.13598469
1509266063,31.28452228,121.20920233,164316066,31.284504,121.2090977,0.766772446011,10.1668888471
1509266064,31.28452228,121.20920233,164316066,31.284504,121.2090977,0.766772446011,10.1668888471
1509266065,31.28455607,121.20921469,164316066,31.2845333063,121.209092251,0.75825333389,11.9286120445
1509266066,31.28455607,121.20921469,164316066,31.2845333063,121.209092251,0.75825333389,11.9286120445
1509266067,31.28456547,121.20915416,164316066,31.2845532699,121.20908854,0.752450047,6.39303117605
1509266068,31.28456547,121.20915416,164316066,31.2845532699,121.20908854,0.752450047,6.39303117605
1509266069,31.28467871,121.20913701,164316066,31.2846658084,121.209067617,0.719735932009,6.7606187406
1509266070,31.28467871,121.20913701,164316066,31.2846658084,121.209067617,0.719735932009,6.7606187406
1509266071,31.28475226,121.20903308,164316066,31.2847547695,121.209038847,0.692845625818,0.615578850768
1509266072,31.28475226,121.20903308,164316066,31.2847547695,121.209038847,0.692845625818,0.615578850768
1509266073,31.28487082,121.2089512,164316066,31.2848877967,121.208974778,0.650504837861,2.92969310629
1509266074,31.28487082,121.2089512,164316066,31.2848877967,121.208974778,0.650504837861,2.92969310629
1509266075,31.28492305,121.20891864,164316066,31.2849376332,121.208938893,0.632953784459,2.51663807732
1509266076,31.28492305,121.20891864,164316066,31.2849376332,121.208938893,0.632953784459,2.51663807732
1509266078,31.28492305,121.20891864,164316066,31.2849376332,121.208938893,0.632953784459,2.51663807732
1509266080,31.28505257,121.20884087,164316066,31.2850598083,121.208850923,0.589927035753,1.24911533964
1509266081,31.28510061,121.20873637,164316066,31.2851393983,121.20877466,0.558362515174,5.63810103535
1509266082,31.28510061,121.20873637,164316066,31.2851393983,121.20877466,0.558362515174,5.63810103535
1509266083,31.28511664,121.20871411,164316066,31.2851584388,121.208755372,0.550616603183,6.07569420689
1509266084,31.28511664,121.20871411,164316066,31.2851584388,121.208755372,0.550616603183,6.07569420689
1509266085,31.28516307,121.20865501,164316066,31.285210885,121.208702248,0.529281684699,6.95246451206
1509266086,31.28516307,121.20865501,164316066,31.285210885,121.208702248,0.529281684699,6.95246451206
1509266087,31.28522541,121.2085662,164316066,31.2852891027,121.208599902,0.492077106907,7.75682109674
1509266088,31.28522541,121.2085662,164316066,31.2852891027,121.208599902,0.492077106907,7.75682109674
1509266089,31.28525764,121.2085005,164316066,31.2853233125,121.20853525,0.471172510373,7.99792920842
1509266090,31.28525764,121.2085005,164316066,31.2853233125,121.20853525,0.471172510373,7.99792920842
1509266091,31.28529033,121.20842366,164316066,31.2853652807,121.208455048,0.445297654368,8.83121007865
1509266092,31.28529033,121.20842366,164316066,31.2853652807,121.208455048,0.445297654368,8.83121007865
1509266093,31.28535799,121.20829028,164316066,31.2854229689,121.208317563,0.402686350871,7.65855859247
1509266095,31.28535799,121.20829028,164316066,31.2854229689,121.208317563,0.402686350871,7.65855859247
1509266096,31.28535799,121.20829028,164316066,31.2854229689,121.208317563,0.402686350871,7.65855859247
1509266097,31.28544913,121.20815315,164316066,31.2854550518,121.208154045,0.354848613394,0.662073279157
1509266098,31.28544913,121.20815315,164316066,31.2854550518,121.208154045,0.354848613394,0.662073279157
1509266099,31.28549179,121.20809648,164316066,31.2854643727,121.208092339,0.337013273123,3.06534552702
1509266100,31.28549179,121.20809648,164316066,31.2854643727,121.208092339,0.337013273123,3.06534552702
1509266101,31.28551314,121.20792805,164316066,31.2854782,121.20792805,0.289763626594,3.87395098174
1509266102,31.28551314,121.20792805,164316066,31.2854782,121.20792805,0.289763626594,3.87395098174
1509266103,31.28555808,121.20783682,164316066,31.2854782,121.20783682,0.263690531287,8.85664583652
1509266104,31.28555808,121.20783682,164316066,31.2854782,121.20783682,0.263690531287,8.85664583652
1509266105,31.28552075,121.2077348,164316066,31.2854680645,121.207749253,0.23827416344,6.00138510286
1509266106,31.28552075,121.2077348,164316066,31.2854680645,121.207749253,0.23827416344,6.00138510286
1509266107,31.2855054,121.2076082,164316066,31.2854346914,121.207627597,0.202221005801,8.05439019479
1509266108,31.2855054,121.2076082,164316066,31.2854346914,121.207627597,0.202221005801,8.05439019479
1509266109,31.28543636,121.20747818,164316066,31.2853969045,121.207492983,0.16225175346,4.59605972042
1509266110,31.28543636,121.20747818,164316066,31.2853969045,121.207492983,0.16225175346,4.59605972042
1509266111,31.28543772,121.2074182,164316066,31.2853773461,121.207440851,0.146338632431,7.03278535753
1509266112,31.28543772,121.2074182,164316066,31.2853773461,121.207440851,0.146338632431,7.03278535753
1509266114,31.28545565,121.20729498,164316066,31.2853390338,121.207338731,0.115166991283,13.5842865356
1509266115,31.28545565,121.20729498,164316066,31.2853390338,121.207338731,0.115166991283,13.5842865356
1509266116,31.28549217,121.20716462,164316066,31.2853121562,121.207272518,0.0947017611427,22.4479590879
1509266117,31.28549217,121.20716462,164316066,31.2853121562,121.207272518,0.0947017611427,22.4479590879
1509266118,31.28550655,121.2070424,164316066,31.2852620624,121.207188943,0.0668543705192,30.4879377954
1509266119,31.28550655,121.2070424,164316066,31.2852620624,121.207188943,0.0668543705192,30.4879377954
1509266120,31.28551962,121.20691004,164316066,31.2852071509,121.20709733,0.0363288461576,38.9653219456
1509266121,31.28551962,121.20691004,164316066,31.2852071509,121.20709733,0.0363288461576,38.9653219456
1509266122,31.2855289,121.20679895,164316066,31.285160617,121.207019694,0.0104604517418,45.9253933127
1509266123,31.2855289,121.20679895,164316066,31.285160617,121.207019694,0.0104604517418,45.9253933127
1509266124,31.28551372,121.20660345,164316021,31.285458929,121.20656263,0.335432235079,7.21191810347
1509266125,31.28551372,121.20660345,164316021,31.285458929,121.20656263,0.335432235079,7.21191810347
1509266127,31.28550599,121.20651175,164316021,31.2855000115,121.206507388,0.305315404267,0.782252907019
1509266128,31.28563362,121.20642003,164316021,31.2855880296,121.206386763,0.239992094506,5.96529493589
1509266129,31.28563362,121.20642003,164316021,31.2855880296,121.206386763,0.239992094506,5.96529493589
1509266131,31.28564726,121.20634998,164316021,31.2856261237,121.206334557,0.211720210707,2.76558592424
1509266132,31.28564726,121.20634998,164316021,31.2856261237,121.206334557,0.211720210707,2.76558592424
1509266133,31.28564202,121.20631521,164316021,31.2856408591,121.206314363,0.20078418416,0.151894412262
1509266134,31.28564202,121.20631521,164316021,31.2856408591,121.206314363,0.20078418416,0.151894412262
1509266135,31.28568016,121.20622768,164316021,31.285695789,121.206239084,0.160017528821,2.0449789457
1509266136,31.28568016,121.20622768,164316021,31.285695789,121.206239084,0.160017528821,2.0449789457
1509266137,31.28571873,121.20615813,164316021,31.2857423069,121.206175334,0.125493866484,3.08492569981
1509266138,31.28571873,121.20615813,164316021,31.2857423069,121.206175334,0.125493866484,3.08492569981
1509266139,31.28575679,121.20609484,164316021,31.2857856669,121.206115911,0.0933139070713,3.7783999022
1509266140,31.28575679,121.20609484,164316021,31.2857856669,121.206115911,0.0933139070713,3.7783999022
1509266141,31.28578428,121.20602158,164316021,31.2858301016,121.206055015,0.0603362825114,5.99553932608
1509266142,31.28578428,121.20602158,164316021,31.2858301016,121.206055015,0.0603362825114,5.99553932608
1509266143,31.28578373,121.20597439,164316021,31.2858523805,121.206024483,0.0438018393006,8.9825863785
1509266144,31.28578373,121.20597439,164316021,31.2858523805,121.206024483,0.0438018393006,8.9825863785
1509266146,31.28580607,121.20589023,164316021,31.285900216,121.205958927,0.00830029510276,12.3185539797
1509266148,31.28580607,121.20589023,164316021,31.285900216,121.205958927,0.00830029510276,12.3185539797
1509266149,31.28588887,121.20578778,164316021,31.2859112653,121.205943785,0.0001,15.0605765228
1509266150,31.28588887,121.20578778,164316021,31.2859112653,121.205943785,0.0001,15.0605765228
1509266151,31.28595627,121.20569304,164316021,31.2859112653,121.205943785,0.0001,24.3912905771
1509266152,31.28595627,121.20569304,164316021,31.2859112653,121.205943785,0.0001,24.3912905771
1509266153,31.28599333,121.20566189,164316021,31.2859112653,121.205943785,0.0001,28.3417378036
1509266154,31.28599333,121.20566189,164316021,31.2859112653,121.205943785,0.0001,28.3417378036
1509266155,31.2860748,121.20555455,164316021,31.2859112653,121.205943785,0.0001,41.2597466272
1509266156,31.2860748,121.20555455,164316021,31.2859112653,121.205943785,0.0001,41.2597466272
1509266157,31.28612474,121.20545648,164316012,31.2862213199,121.205528236,0.962999715235,12.7022785729
1509266158,31.28612474,121.20545648,164316012,31.2862213199,121.205528236,0.962999715235,12.7022785729
1509266159,31.28616766,121.20542116,164316012,31.2862534935,121.205484932,0.955504224421,11.2889036143
1509266160,31.28616766,121.20542116,164316012,31.2862534935,121.205484932,0.955504224421,11.2889036143
1509266161,31.28622624,121.20535386,164316012,31.2863065463,121.205413525,0.943144520092,10.5619536763
1509266162,31.28622624,121.20535386,164316012,31.2863065463,121.205413525,0.943144520092,10.5619536763
1509266164,31.28622624,121.20535386,164316012,31.2863065463,121.205413525,0.943144520092,10.5619536763
1509266165,31.28654415,121.20509514,164316012,31.2865434709,121.205094635,0.887948186325,0.089322284599
1509266166,31.28654415,121.20509514,164316012,31.2865434709,121.205094635,0.887948186325,0.089322284599
1509266167,31.2865762,121.20503355,164316012,31.2865843542,121.205039608,0.87842358887,1.07244696339
1509266168,31.2865762,121.20503355,164316012,31.2865843542,121.205039608,0.87842358887,1.07244696339
1509266169,31.2866176,121.20493307,164316012,31.2866471803,121.204955047,0.863786979973,3.8904279365
1509266170,31.2866176,121.20493307,164316012,31.2866471803,121.204955047,0.863786979973,3.8904279365
1509266171,31.28672382,121.20486219,164316012,31.286718891,121.204858528,0.847080533808,0.648261291585
1509266172,31.28672382,121.20486219,164316012,31.286718891,121.204858528,0.847080533808,0.648261291585
1509266173,31.2867461,121.20483292,164316012,31.2867408274,121.204829003,0.841970020187,0.69345801125
1509266174,31.2867461,121.20483292,164316012,31.2867408274,121.204829003,0.841970020187,0.69345801125
1509266175,31.28681582,121.20471334,164316012,31.2868228696,121.204718578,0.822856644305,0.927165446437
1509266176,31.28681582,121.20471334,164316012,31.2868228696,121.204718578,0.822856644305,0.927165446437
1509266177,31.28686463,121.20459507,164316012,31.2868968476,121.204619007,0.805621982402,4.23727813085
1509266178,31.28686463,121.20459507,164316012,31.2868968476,121.204619007,0.805621982402,4.23727813085
1509266179,31.2868962,121.20455789,164316012,31.2869258748,121.204579937,0.798859519653,3.9028436111
1509266180,31.2868962,121.20455789,164316012,31.2869258748,121.204579937,0.798859519653,3.9028436111
1509266182,31.28692653,121.20450104,164316012,31.2869638315,121.204529209,0.790056679419,4.92934383068
1509266183,31.28692653,121.20450104,164316012,31.2869638315,121.204529209,0.790056679419,4.92934383068
1509266184,31.28696973,121.20443455,164316012,31.2870114961,121.20446609,0.779067442128,5.51932660411
1509266185,31.28696973,121.20443455,164316012,31.2870114961,121.20446609,0.779067442128,5.51932660411
1509266186,31.28710883,121.20440968,164316012,31.2870739726,121.204383357,0.764663252767,4.60636141102
1509266187,31.28710883,121.20440968,164316012,31.2870739726,121.204383357,0.764663252767,4.60636141102
1509266188,31.28719715,121.2043591,164316012,31.2871652415,121.204307446,0.748075008162,6.05856696349
1509266189,31.28719715,121.2043591,164316012,31.2871652415,121.204307446,0.748075008162,6.05856696349
1509266190,31.28736119,121.20429802,164316012,31.287323371,121.204222883,0.723141166825,8.29256477425
1509266191,31.28736119,121.20429802,164316012,31.287323371,121.204222883,0.723141166825,8.29256477425
1509266192,31.28739735,121.20427561,164316012,31.2873612215,121.204203831,0.717253670535,7.92188422643
1509266193,31.28739735,121.20427561,164316012,31.2873612215,121.204203831,0.717253670535,7.92188422643
1509266194,31.28746995,121.20424242,164316012,31.2874571759,121.204180343,0.703470247932,6.07803923643
1509266195,31.28746995,121.20424242,164316012,31.2874571759,121.204180343,0.703470247932,6.07803923643
1509266196,31.28753586,121.20422841,164316012,31.2875231742,121.204166762,0.694108385175,6.03603258269
1509266197,31.28753586,121.20422841,164316012,31.2875231742,121.204166762,0.694108385175,6.03603258269
1509266198,31.28753586,121.20422841,164316012,31.2875231742,121.204166762,0.694108385175,6.03603258269
1509266200,31.28771199,121.20419599,164316012,31.28771199,121.2041626,0.667815634629,3.17925381475
1509266201,31.28771199,121.20419599,164316012,31.28771199,121.2041626,0.667815634629,3.17925381475
1509266202,31.28789019,121.20420633,164316012,31.2878916528,121.204202194,0.642119715875,0.425890253889
1509266203,31.28789019,121.20420633,164316012,31.2878916528,121.204202194,0.642119715875,0.425890253889
1509266204,31.28797227,121.2042851,164316012,31.2879910744,121.204256959,0.62628299711,3.39505426472
1509266205,31.28797227,121.2042851,164316012,31.2879910744,121.204256959,0.62628299711,3.39505426472
1509266206,31.28804802,121.20432994,164316012,31.2880629033,121.204310533,0.613828644223,2.47739603606
1509266207,31.28804802,121.20432994,164316012,31.2880629033,121.204310533,0.613828644223,2.47739603606
1509266208,31.28811017,121.20437996,164316012,31.2881245792,121.204363534,0.602526889563,2.23573822626
1509266209,31.28811017,121.20437996,164316012,31.2881245792,121.204363534,0.602526889563,2.23573822626
1509266210,31.28814912,121.20442634,164316012,31.2881690348,121.204409493,0.593618586085,2.72919856628
1509266211,31.28814912,121.20442634,164316012,31.2881690348,121.204409493,0.593618586085,2.72919856628
1509266212,31.28819357,121.20447495,164316012,31.2882115447,121.204459744,0.584473619615,2.4633255396
1509266213,31.28819357,121.20447495,164316012,31.2882115447,121.204459744,0.584473619615,2.4633255396
1509266214,31.28825795,121.20454364,164316012,31.2882722691,121.204531527,0.571410275164,1.96233945393
1509266215,31.28825795,121.20454364,164316012,31.2882722691,121.204531527,0.571410275164,1.96233945393
1509266216,31.28831161,121.2046076,164316012,31.2883261896,121.204595266,0.559810611604,1.99803724734
1509266218,31.28831161,121.2046076,164316012,31.2883261896,121.204595266,0.559810611604,1.99803724734
1509266219,31.28837382,121.20473636,164316012,31.2884152515,121.204702524,0.540439841995,5.61080255615
1509266220,31.28837382,121.20473636,164316012,31.2884152515,121.204702524,0.540439841995,5.61080255615
1509266221,31.28844356,121.20483096,164316012,31.2884895006,121.204793442,0.524130673833,6.22144881209
1509266222,31.28844356,121.20483096,164316012,31.2884895006,121.204793442,0.524130673833,6.22144881209
1509266223,31.28850125,121.20489819,164316012,31.2885455195,121.204862037,0.511825864084,5.99514280078
1509266224,31.28850125,121.20489819,164316012,31.2885455195,121.204862037,0.511825864084,5.99514280078
1509266225,31.28860524,121.20499114,164316012,31.2886326637,121.204968744,0.492684244258,3.71382136101
1509266226,31.28860524,121.20499114,164316012,31.2886326637,121.204968744,0.492684244258,3.71382136101
1509266227,31.28862849,121.20502558,164316012,31.2886588388,121.205000795,0.486934767504,4.10994639036
1509266228,31.28862849,121.20502558,164316012,31.2886588388,121.205000795,0.486934767504,4.10994639036
1509266229,31.28867911,121.20508709,164316012,31.2887092267,121.205062495,0.475866839672,4.07851113292
1509266230,31.28867911,121.20508709,164316012,31.2887092267,121.205062495,0.475866839672,4.07851113292
1509266231,31.28874192,121.20514652,164316012,31.2887634728,121.205128919,0.463951445506,2.91875108108
1509266233,31.28874192,121.20514652,164316012,31.2887634728,121.205128919,0.463951445506,2.91875108108
1509266234,31.28881279,121.20519629,164316012,31.288816211,121.205193496,0.452367248921,0.463285106422
1509266235,31.28881279,121.20519629,164316012,31.288816211,121.205193496,0.452367248921,0.463285106422
1509266236,31.28892554,121.20528228,164316012,31.2889034502,121.20530032,0.433204753719,2.99147137356
1509266237,31.28892554,121.20528228,164316012,31.2889034502,121.20530032,0.433204753719,2.99147137356
1509266238,31.28895899,121.20530145,164316012,31.2889262253,121.205328208,0.428202111263,4.43711022481
1509266239,31.28895899,121.20530145,164316012,31.2889262253,121.205328208,0.428202111263,4.43711022481
1509266240,31.2890273,121.20534614,164316012,31.2889754505,121.205388484,0.417389569471,7.02163678691
1509266241,31.2890273,121.20534614,164316012,31.2889754505,121.205388484,0.417389569471,7.02163678691
1509266242,31.28905623,121.2053982,164316012,31.2890125305,121.205433888,0.409244777135,5.91793474205
1509266243,31.28905623,121.2053982,164316012,31.2890125305,121.205433888,0.409244777135,5.91793474205
1509266244,31.28910188,121.20547751,164316012,31.2890696504,121.205503831,0.396698123585,4.36463710749
1509266245,31.28915624,121.20557465,164316012,31.2891389905,121.205588737,0.381467268517,2.33598998933
1509266246,31.28915624,121.20557465,164316012,31.2891389905,121.205588737,0.381467268517,2.33598998933
1509266247,31.28919594,121.20562573,164316012,31.2891798994,121.20563883,0.372481430499,2.17226942217
1509266248,31.28919594,121.20562573,164316012,31.2891798994,121.20563883,0.372481430499,2.17226942217
1509266249,31.28926245,121.20570422,164316012,31.2892530333,121.205716192,0.357610937998,1.54580146338
1509266251,31.28926245,121.20570422,164316012,31.2892530333,121.205716192,0.357610937998,1.54580146338
1509266252,31.28936218,121.20582338,164316012,31.2893750411,121.205804491,0.336673720545,2.29523800421
1509266253,31.28936218,121.20582338,164316012,31.2893750411,121.205804491,0.336673720545,2.29523800421
1509266254,31.28942522,121.2058708,164316012,31.2894401738,121.205848837,0.325725832354,2.66870026095
1509266255,31.28942522,121.2058708,164316012,31.2894401738,121.205848837,0.325725832354,2.66870026095
1509266256,31.28948811,121.20591441,164316012,31.2895034315,121.205891907,0.315093092421,2.73432668085
1509266257,31.28948811,121.20591441,164316012,31.2895034315,121.205891907,0.315093092421,2.73432668085
1509266258,31.2895293,121.20597519,164316012,31.2895598501,121.20593032,0.305609913093,5.45207517419
1509266259,31.2895293,121.20597519,164316012,31.2895598501,121.20593032,0.305609913093,5.45207517419
1509266260,31.28961135,121.20607379,164316012,31.2896617807,121.205999721,0.288476801144,9.00003335153
1509266261,31.28961135,121.20607379,164316012,31.2896617807,121.205999721,0.288476801144,9.00003335153
1509266262,31.28966525,121.20610101,164316012,31.2897112713,121.206033418,0.28015813722,8.21310096718
1509266263,31.28966525,121.20610101,164316012,31.2897112713,121.206033418,0.28015813722,8.21310096718
1509266264,31.28970173,121.20612021,164316012,31.2897451285,121.20605647,0.274467213754,7.74502828459
1509266266,31.28970173,121.20612021,164316012,31.2897451285,121.20605647,0.274467213754,7.74502828459
1509266267,31.28976139,121.20615589,164316012,31.2898024902,121.206095525,0.264825509881,7.33486917377
1509266269,31.28982933,121.20617827,164316012,31.2898593221,121.20613422,0.255272867743,5.35247658666
1509266270,31.28982933,121.20617827,164316012,31.2898593221,121.20613422,0.255272867743,5.35247658666
1509266271,31.28991579,121.20621037,164316012,31.2899333297,121.206184609,0.2428332236,3.13018526637
1509266272,31.28991579,121.20621037,164316012,31.2899333297,121.206184609,0.2428332236,3.13018526637
1509266273,31.28997259,121.20624859,164316012,31.2899899189,121.206223139,0.233321365495,3.09257032095
1509266274,31.28997259,121.20624859,164316012,31.2899899189,121.206223139,0.233321365495,3.09257032095
1509266275,31.29002494,121.20628139,164316012,31.2900409463,121.206257881,0.224744387369,2.85652014022
1509266276,31.29002494,121.20628139,164316012,31.2900409463,121.206257881,0.224744387369,2.85652014022
1509266277,31.29007902,121.20632638,164316012,31.2900988265,121.20629729,0.215015533514,3.53471577843
1509266278,31.29007902,121.20632638,164316012,31.2900988265,121.20629729,0.215015533514,3.53471577843
1509266279,31.29014439,121.20637693,164316012,31.2901670072,121.206343712,0.203555304765,4.03632722048
1509266280,31.29014439,121.20637693,164316012,31.2901670072,121.206343712,0.203555304765,4.03632722048
1509266281,31.29014439,121.20637693,164316012,31.2901670072,121.206343712,0.203555304765,4.03632722048
1509266282,31.29029817,121.20647923,164316012,31.2903194183,121.206447383,0.177944898493,3.8399155012
1509266284,31.29029817,121.20647923,164316012,31.2903194183,121.206447383,0.177944898493,3.8399155012
1509266285,31.29034754,121.20651866,164316012,31.2903717849,121.206482321,0.169198395997,4.38144215351
1509266286,31.29034754,121.20651866,164316012,31.2903717849,121.206482321,0.169198395997,4.38144215351
1509266287,31.29041592,121.20661346,164316012,31.290462869,121.206543092,0.153985117586,8.48443111827
1509266288,31.29041592,121.20661346,164316012,31.290462869,121.206543092,0.153985117586,8.48443111827
1509266289,31.29043714,121.2066739,164316012,31.2905054565,121.206571506,0.14687196227,12.3459207969
1509266290,31.29043714,121.2066739,164316012,31.2905054565,121.206571506,0.14687196227,12.3459207969
1509266291,31.29055901,121.20671607,164316012,31.2906092559,121.206640761,0.129534913449,9.08022248404
1509266292,31.29055901,121.20671607,164316012,31.2906092559,121.206640761,0.129534913449,9.08022248404
1509266293,31.2906298,121.20661095,164316012,31.2906097087,121.206641063,0.129459272526,3.63080902374
1509266294,31.2906298,121.20661095,164316012,31.2906097087,121.206641063,0.129459272526,3.63080902374
1509266295,31.29074239,121.20666133,164316012,31.290710877,121.206708562,0.112561681765,5.69488588688
1509266296,31.29074239,121.20666133,164316012,31.290710877,121.206708562,0.112561681765,5.69488588688
1509266297,31.29080952,121.20668461,164316012,31.2907680769,121.206746725,0.103007903785,7.48941802371
1509266298,31.29080952,121.20668461,164316012,31.2907680769,121.206746725,0.103007903785,7.48941802371
1509266299,31.29080952,121.20668461,164316012,31.2907680769,121.206746725,0.103007903785,7.48941802371
1509266301,31.29103255,121.20683091,164316012,31.2909899506,121.206894758,0.0659495428048,7.69836250801
1509266302,31.29103255,121.20683091,164316012,31.2909899506,121.206894758,0.0659495428048,7.69836250801
1509266303,31.29103255,121.20683091,164316012,31.2909899506,121.206894758,0.0659495428048,7.69836250801
1509266304,31.29117536,121.20690448,164316012,31.2911227366,121.206983353,0.0437710243817,9.50984863972
1509266305,31.29117536,121.20690448,164316012,31.2911227366,121.206983353,0.0437710243817,9.50984863972
1509266306,31.29126897,121.20699283,164316012,31.2912283012,121.207053785,0.0261391340332,7.34945533271
1509266307,31.29126897,121.20699283,164316012,31.2912283012,121.207053785,0.0261391340332,7.34945533271
1509266308,31.29127536,121.20702551,164316012,31.2912478106,121.207066801,0.0228805922695,4.97858954938
1509266309,31.29127536,121.20702551,164316012,31.2912478106,121.207066801,0.0228805922695,4.97858954938
1509266310,31.29133292,121.20715434,164316012,31.2913471185,121.207133059,0.00629373427685,2.56588262154
1509266311,31.29133292,121.20715434,164316012,31.2913471185,121.207133059,0.00629373427685,2.56588262154
1509266312,31.29138764,121.20728037,164316012,31.2913842013,121.207157801,0.0001,11.6763864482
1509266313,31.29138764,121.20728037,164316012,31.2913842013,121.207157801,0.0001,11.6763864482
1509266314,31.29138764,121.20728037,164316012,31.2913842013,121.207157801,0.0001,11.6763864482
1509266315,31.29141727,121.20734193,164316012,31.2913842013,121.207157801,0.0001,17.9107418252
1509266316,31.29141727,121.20734193,164316012,31.2913842013,121.207157801,0.0001,17.9107418252
1509266317,31.29141727,121.20734193,164316012,31.2913842013,121.207157801,0.0001,17.9107418252
1509266318,31.29168776,121.20743333,164316012,31.2913842013,121.207157801,0.0001,42.6732062735
1509266320,31.29168776,121.20743333,164316012,31.2913842013,121.207157801,0.0001,42.6732062735
1509266321,31.29169702,121.2075063,164316012,31.2913842013,121.207157801,0.0001,47.9996326037
1509266322,31.29169702,121.2075063,164316012,31.2913842013,121.207157801,0.0001,47.9996326037
1509266323,31.29170093,121.2075225,164316012,31.2913842013,121.207157801,0.0001,49.3858769333
1509266324,31.29170093,121.2075225,164316012,31.2913842013,121.207157801,0.0001,49.3858769333
1509266325,31.2916961,121.20759292,164316056,31.2913776378,121.207587608,0.647171976583,35.3129586179
1509266326,31.2916961,121.20759292,164316056,31.2913776378,121.207587608,0.647171976583,35.3129586179
1509266327,31.2916296,121.20779258,164316056,31.29137429,121.207788322,0.712363835388,28.3102677867
1509266328,31.2916296,121.20779258,164316056,31.29137429,121.207788322,0.712363835388,28.3102677867
1509266329,31.29157352,121.2080798,164316056,31.2913694989,121.20807642,0.805938303761,22.6230258972
1509266330,31.29157352,121.2080798,164316056,31.2913694989,121.20807642,0.805938303761,22.6230258972
1509266331,31.29159701,121.20815618,164316056,31.2913682402,121.20815239,0.830613368077,25.3672974403
1509266332,31.29159701,121.20815618,164316056,31.2913682402,121.20815239,0.830613368077,25.3672974403
1509266333,31.29159237,121.20826632,164316056,31.2913664147,121.208262576,0.866402010811,25.0552141798
1509266334,31.29159237,121.20826632,164316056,31.2913664147,121.208262576,0.866402010811,25.0552141798
1509266335,31.29150624,121.20834608,164316056,31.29136507,121.208343741,0.892764323861,15.6537375824
1509266336,31.29150624,121.20834608,164316056,31.29136507,121.208343741,0.892764323861,15.6537375824
1509266338,31.29150624,121.20834608,164316056,31.29136507,121.208343741,0.892764323861,15.6537375824
1509266339,31.29146349,121.20853849,164316056,31.2913618713,121.208536806,0.955471970222,11.268058281
1509266340,31.29146349,121.20853849,164316056,31.2913618713,121.208536806,0.955471970222,11.268058281
1509266341,31.29143181,121.20861784,164316056,31.2913605483,121.208616659,0.981408225818,7.90189877317
1509266342,31.29143181,121.20861784,164316056,31.2913605483,121.208616659,0.981408225818,7.90189877317
1509266343,31.29141403,121.20858186,164316056,31.2913611394,121.208580984,0.969820771823,5.86481035507
1509266344,31.29141403,121.20858186,164316056,31.2913611394,121.208580984,0.969820771823,5.86481035507
1509266345,31.2914364,121.20867366,164316056,31.2913596251,121.208672388,0.999508906627,8.51324459134
1509266346,31.2914364,121.20867366,164316056,31.2913596251,121.208672388,0.999508906627,8.51324459134
1509266347,31.29142784,121.2087594,266345024,31.2913563685,121.208756607,0.0541918063765,7.92882966894
1509266348,31.29142784,121.2087594,266345024,31.2913563685,121.208756607,0.0541918063765,7.92882966894
1509266349,31.29141538,121.20886969,266345024,31.2913520468,121.208867215,0.126664660267,7.02598856609
1509266350,31.29141538,121.20886969,266345024,31.2913520468,121.208867215,0.126664660267,7.02598856609
1509266351,31.29141538,121.20886969,266345024,31.2913520468,121.208867215,0.126664660267,7.02598856609
1509266352,31.29150019,121.20914263,266345024,31.291341528,121.209136431,0.303060635415,17.6014642404
1509266353,31.29150019,121.20914263,266345024,31.291341528,121.209136431,0.303060635415,17.6014642404
1509266354,31.29152941,121.20924362,266345024,31.2913376327,121.209236127,0.368383791321,21.2751746158
1509266356,31.29152941,121.20924362,266345024,31.2913376327,121.209236127,0.368383791321,21.2751746158
1509266357,31.29152266,121.20936955,266345024,31.2913327096,121.209362128,0.45094274915,21.0725060598
1509266358,31.29152266,121.20936955,266345024,31.2913327096,121.209362128,0.45094274915,21.0725060598
1509266359,31.29149777,121.20948846,266345024,31.2913280327,121.209481828,0.5293727462,18.8301280305
1509266360,31.29149777,121.20948846,266345024,31.2913280327,121.209481828,0.5293727462,18.8301280305
1509266361,31.29141573,121.20994755,266345024,31.2913100001,121.209943431,0.831825157471,11.7293071138
1509266362,31.29141573,121.20994755,266345024,31.2913100001,121.209943431,0.831825157471,11.7293071138
1509266363,31.29140973,121.20999813,266345024,31.2913080233,121.209994167,0.865068881406,11.2829824557
1509266364,31.29140973,121.20999813,266345024,31.2913080233,121.209994167,0.865068881406,11.2829824557
1509266365,31.29140539,121.21008762,266345024,31.2913045354,121.210083691,0.923726254924,11.1884553019
1509266366,31.29139849,121.2101678,266345024,31.2913014058,121.210164017,0.976358030368,10.7701823759
1509266367,31.29139849,121.2101678,266345024,31.2913014058,121.210164017,0.976358030368,10.7701823759
1509266368,31.29138925,121.21023168,164316011,31.2912986438,121.210227135,0.074108520785,10.0552311267
1509266370,31.29138925,121.21023168,164316011,31.2912986438,121.210227135,0.074108520785,10.0552311267
1509266371,31.29138925,121.21023168,164316011,31.2912986438,121.210227135,0.074108520785,10.0552311267
1509266372,31.29137402,121.21039982,164316011,31.2912901921,121.210395615,0.535950706229,9.30299491676
1509266373,31.29137402,121.21039982,164316011,31.2912901921,121.210395615,0.535950706229,9.30299491676
1509266374,31.29137756,121.21049971,164316011,31.2912852026,121.210495077,0.808599072073,10.2495720386
1509266375,31.29137756,121.21049971,164316011,31.2912852026,121.210495077,0.808599072073,10.2495720386
1509266376,31.29135725,121.21060301,164316046,31.2912804117,121.210600206,0.00989982807224,8.52358986941
1509266377,31.29135725,121.21060301,164316046,31.2912804117,121.210600206,0.00989982807224,8.52358986941
1509266378,31.29132999,121.21071038,164316046,31.2912764627,121.210708427,0.0402448018204,5.93771940386
1509266379,31.29132999,121.21071038,164316046,31.2912764627,121.210708427,0.0402448018204,5.93771940386
1509266380,31.29137135,121.21081983,164316046,31.2912725293,121.210816224,0.0704710656657,10.9620767384
1509266381,31.29137135,121.21081983,164316046,31.2912725293,121.210816224,0.0704710656657,10.9620767384
1509266382,31.29133393,121.21100807,164316046,31.2912656198,121.211005577,0.12356558579,7.57757462737
1509266383,31.29133393,121.21100807,164316046,31.2912656198,121.211005577,0.12356558579,7.57757462737
1509266384,31.29133138,121.21113487,164316046,31.2912609957,121.211132302,0.159098982678,7.8076560159
1509266385,31.29133138,121.21113487,164316046,31.2912609957,121.211132302,0.159098982678,7.8076560159
1509266386,31.29133138,121.21113487,164316046,31.2912609957,121.211132302,0.159098982678,7.8076560159
1509266388,31.29132858,121.21142156,164316046,31.2912505446,121.211418713,0.239408346696,8.65637840876
1509266389,31.29132858,121.21142156,164316046,31.2912505446,121.211418713,0.239408346696,8.65637840876
1509266390,31.29132491,121.21161596,164316046,31.2912271886,121.21160205,0.291231477687,10.915451572
1509266391,31.29132491,121.21161596,164316046,31.2912271886,121.21160205,0.291231477687,10.915451572
1509266392,31.29131851,121.21171833,164316046,31.2912081121,121.211686842,0.315640242975,12.6021123842
1509266393,31.29131851,121.21171833,164316046,31.2912081121,121.211686842,0.315640242975,12.6021123842
1509266394,31.29126041,121.21176916,164316046,31.2911903341,121.211749173,0.33380263381,7.99928670992
1509266395,31.29126041,121.21176916,164316046,31.2911903341,121.211749173,0.33380263381,7.99928670992
1509266396,31.29121597,121.21186791,164316046,31.291158245,121.211848003,0.362928775799,6.67498865248
1509266397,31.29121597,121.21186791,164316046,31.291158245,121.211848003,0.362928775799,6.67498865248
1509266398,31.29118439,121.21195707,164316046,31.2911274086,121.211937419,0.389432489338,6.58900015031
1509266399,31.29118439,121.21195707,164316046,31.2911274086,121.211937419,0.389432489338,6.58900015031
1509266400,31.29114155,121.21206001,164316046,31.2910911284,121.212042621,0.420615218961,5.83047227941
1509266401,31.29114155,121.21206001,164316046,31.2910911284,121.212042621,0.420615218961,5.83047227941
1509266403,31.29114155,121.21206001,164316046,31.2910911284,121.212042621,0.420615218961,5.83047227941
1509266404,31.29106536,121.21222223,164316046,31.2910330328,121.212211082,0.470548068302,3.73813383313
1509266405,31.29105623,121.21230012,164316046,31.2910080561,121.212283507,0.492015409213,5.57055501624
1509266407,31.29105623,121.21230012,164316046,31.2910080561,121.212283507,0.492015409213,5.57055501624
1509266408,31.29105385,121.21243438,164316046,31.2909664232,121.21240423,0.527798668167,10.1095360621
1509266409,31.29105385,121.21243438,164316046,31.2909664232,121.21240423,0.527798668167,10.1095360621
1509266410,31.2910565,121.21255832,164316046,31.2909285057,121.21251418,0.560388615867,14.800537768
1509266411,31.2910565,121.21255832,164316046,31.2909285057,121.21251418,0.560388615867,14.800537768
1509266412,31.29096697,121.21268348,164316046,31.2908804144,121.21265363,0.601722847306,10.0088006811
1509266413,31.29096697,121.21268348,164316046,31.2908804144,121.21265363,0.601722847306,10.0088006811
1509266414,31.2908958,121.21264786,164316046,31.2908838281,121.212643731,0.598788748017,1.38435796726
1509266415,31.2908958,121.21264786,164316046,31.2908838281,121.212643731,0.598788748017,1.38435796726
1509266416,31.29085051,121.21257244,164316046,31.2909022593,121.212590286,0.582947254984,5.98399694337
1509266417,31.29085051,121.21257244,164316046,31.2909022593,121.212590286,0.582947254984,5.98399694337
1509266418,31.29076049,121.2125375,164316046,31.2909034599,121.212586805,0.581915330973,16.5322340098
1509266419,31.29076049,121.2125375,164316046,31.2909034599,121.212586805,0.581915330973,16.5322340098
1509266421,31.29056277,121.21252893,164316046,31.2908850858,121.212640085,0.597707822515,37.270796155
1509266422,31.29046524,121.21243485,164316014,31.2903807539,121.212547651,0.564437053223,14.2512958864
1509266424,31.29046524,121.21243485,164316014,31.2903807539,121.212547651,0.564437053223,14.2512958864
1509266425,31.29037307,121.21244065,164316014,31.2903244904,121.212505511,0.552551171453,8.19449131419
1509266426,31.29037307,121.21244065,164316014,31.2903244904,121.212505511,0.552551171453,8.19449131419
1509266427,31.29034486,121.21244154,164316014,31.2903068454,121.212492295,0.548823596206,6.41237287733
1509266428,31.29034486,121.21244154,164316014,31.2903068454,121.212492295,0.548823596206,6.41237287733
1509266429,31.2903273,121.21218758,164316014,31.2901737416,121.212392603,0.520704933242,25.90258067
1509266430,31.2903273,121.21218758,164316014,31.2901737416,121.212392603,0.520704933242,25.90258067
1509266431,31.29019531,121.2121761,164316014,31.2900801399,121.212321811,0.50086049287,18.8557058076
1509266432,31.29019531,121.2121761,164316014,31.2900801399,121.212321811,0.50086049287,18.8557058076
1509266433,31.29008319,121.21216247,164316014,31.290004501,121.212262026,0.484558404978,12.8830155028
1509266434,31.29008319,121.21216247,164316014,31.290004501,121.212262026,0.484558404978,12.8830155028
1509266435,31.28999916,121.21214808,164316014,31.2899457813,121.212215614,0.471902841298,8.73917095164
1509266436,31.28999916,121.21214808,164316014,31.2899457813,121.212215614,0.471902841298,8.73917095164
1509266437,31.28992595,121.2120781,164316014,31.2898666777,121.21215309,0.454854039215,9.70407344404
1509266439,31.28992595,121.2120781,164316014,31.2898666777,121.21215309,0.454854039215,9.70407344404
1509266440,31.28978125,121.21193811,164316014,31.2897095146,121.212028868,0.42098145192,11.7445491682
1509266441,31.28978125,121.21193811,164316014,31.2897095146,121.212028868,0.42098145192,11.7445491682
1509266443,31.28969652,121.21187087,164316014,31.2896246536,121.211961794,0.402691778245,11.7660051719
1509266444,31.28964105,121.21179124,164316014,31.2895517742,121.21190419,0.38698444197,14.6163339207
1509266445,31.28964105,121.21179124,164316014,31.2895517742,121.21190419,0.38698444197,14.6163339207
1509266446,31.28956417,121.21174505,164316014,31.2894819851,121.211849029,0.371943155468,13.4554011336
1509266447,31.28956417,121.21174505,164316014,31.2894819851,121.211849029,0.371943155468,13.4554011336
1509266448,31.28949788,121.21171369,164316014,31.2894259286,121.211804722,0.359861565188,11.7799354647
1509266449,31.28949788,121.21171369,164316014,31.2894259286,121.211804722,0.359861565188,11.7799354647
1509266450,31.28942632,121.2117023,164316014,31.2893763434,121.211765529,0.349174724468,8.18220136282
1509266451,31.28942632,121.2117023,164316014,31.2893763434,121.211765529,0.349174724468,8.18220136282
1509266452,31.28920909,121.21166318,164316014,31.2892216971,121.211646621,0.316189161791,2.10702173388
1509266453,31.28920909,121.21166318,164316014,31.2892216971,121.211646621,0.316189161791,2.10702173388
1509266454,31.28916704,121.21161395,164316014,31.2891713501,121.211608289,0.305489639113,0.720341642645
1509266455,31.28916704,121.21161395,164316014,31.2891713501,121.211608289,0.305489639113,0.720341642645
1509266457,31.28909479,121.21154465,164316014,31.289092212,121.211548036,0.288671564523,0.430866065977
1509266458,31.28909479,121.21154465,164316014,31.289092212,121.211548036,0.288671564523,0.430866065977
1509266459,31.28898675,121.21141191,164316014,31.2889598408,121.211447253,0.260540640698,4.49733668167
1509266460,31.28898675,121.21141191,164316014,31.2889598408,121.211447253,0.260540640698,4.49733668167
1509266461,31.28889953,121.21136117,164316014,31.2888801716,121.211386596,0.24360968572,3.23537953947
1509266462,31.28889953,121.21136117,164316014,31.2888801716,121.211386596,0.24360968572,3.23537953947
1509266463,31.28883,121.21126384,164316014,31.2887892456,121.211317368,0.224286500418,6.81130235591
1509266464,31.28883,121.21126384,164316014,31.2887892456,121.211317368,0.224286500418,6.81130235591
1509266465,31.28870912,121.21118498,164316014,31.288674715,121.211230169,0.199946976951,5.75012044399
1509266466,31.28870912,121.21118498,164316014,31.288674715,121.211230169,0.199946976951,5.75012044399
1509266467,31.28867961,121.21118378,164316014,31.2886554556,121.211215505,0.195854053216,4.03693349919
1509266468,31.28867961,121.21118378,164316014,31.2886554556,121.211215505,0.195854053216,4.03693349919
1509266469,31.28859855,121.21117653,164316014,31.288600647,121.211173776,0.184206369523,0.350476315162
1509266470,31.28859855,121.21117653,164316014,31.288600647,121.211173776,0.184206369523,0.350476315162
1509266471,31.28852331,121.21118741,164316014,31.2885582609,121.211141504,0.175198662106,5.84137162063
1509266472,31.28852331,121.21118741,164316014,31.2885582609,121.211141504,0.175198662106,5.84137162063
1509266473,31.28845615,121.21123702,164316014,31.2885396567,121.21112734,0.171244971981,13.9565826089
1509266475,31.28845615,121.21123702,164316014,31.2885396567,121.21112734,0.171244971981,13.9565826089
1509266476,31.28842177,121.21131654,164316014,31.2885562194,121.21113995,0.174764807761,22.470709675
1509266477,31.28842177,121.21131654,164316014,31.2885562194,121.21113995,0.174764807761,22.470709675
1509266478,31.28839175,121.21142238,164316014,31.2885882278,121.21116432,0.181567083479,32.8375949559
1509266479,31.28839175,121.21142238,164316014,31.2885882278,121.21116432,0.181567083479,32.8375949559
1509266480,31.28831415,121.21155051,164316014,31.2886008593,121.211173937,0.184251475064,47.918118494
1509266481,31.28831415,121.21155051,164316014,31.2886008593,121.211173937,0.184251475064,47.918118494
1509266482,31.28819877,121.21144452,164316014,31.2884736461,121.211077391,0.157248213407,46.3765512792
1509266483,31.28819877,121.21144452,164316014,31.2884736461,121.211077391,0.157248213407,46.3765512792
1509266484,31.28816394,121.21152806,266157883,31.2882194013,121.211561261,0.806726310897,6.91421781651
1509266485,31.28816394,121.21152806,266157883,31.2882194013,121.211561261,0.806726310897,6.91421781651
1509266486,31.28812827,121.21160769,266157883,31.2881748979,121.211635603,0.799873629866,5.8129798088
1509266487,31.28812827,121.21160769,266157883,31.2881748979,121.211635603,0.799873629866,5.8129798088
1509266488,31.28808582,121.21176099,266157883,31.2880961393,121.211767167,0.787746305181,1.28648231861
1509266489,31.28808582,121.21176099,266157883,31.2880961393,121.211767167,0.787746305181,1.28648231861
1509266490,31.28805782,121.21191967,266157883,31.2880188219,121.211896325,0.775840895584,4.86179380649
1509266491,31.28805782,121.21191967,266157883,31.2880188219,121.211896325,0.775840895584,4.86179380649
1509266493,31.28803862,121.21203393,266157883,31.2879634021,121.211988902,0.767307292859,9.37723184635
1509266494,31.28803862,121.21203393,266157883,31.2879634021,121.211988902,0.767307292859,9.37723184635
1509266495,31.28793824,121.21205809,266157883,31.2879262728,121.212050926,0.761590082954,1.49192061757
1509266496,31.28793824,121.21205809,266157883,31.2879262728,121.212050926,0.761590082954,1.49192061757
1509266497,31.28794673,121.21214665,266157883,31.2878894841,121.212112381,0.755925319796,7.1367080512
1509266498,31.28794673,121.21214665,266157883,31.2878894841,121.212112381,0.755925319796,7.1367080512
1509266499,31.28789861,121.2122365,266157883,31.2878371922,121.212199733,0.747873358735,7.65680873189
1509266500,31.28789861,121.2122365,266157883,31.2878371922,121.212199733,0.747873358735,7.65680873189
1509266501,31.28785743,121.21233882,266157883,31.2877812357,121.212293208,0.73925711028,9.49896669452
1509266502,31.28785743,121.21233882,266157883,31.2877812357,121.212293208,0.73925711028,9.49896669452
1509266503,31.28781081,121.21243561,266157883,31.287726281,121.212385008,0.730795137471,10.5380269261
1509266504,31.28781081,121.21243561,266157883,31.287726281,121.212385008,0.730795137471,10.5380269261
1509266505,31.28775025,121.21257823,266157883,31.2876474515,121.212516692,0.71865687428,12.8156550816
1509266506,31.28775025,121.21257823,266157883,31.2876474515,121.212516692,0.71865687428,12.8156550816
1509266508,31.28775025,121.21257823,266157883,31.2876474515,121.212516692,0.71865687428,12.8156550816
1509266510,31.28767115,121.21272055,266157883,31.2875638629,121.212656325,0.705785821541,13.3752337509
1509266512,31.28764116,121.21292189,266157883,31.2874672202,121.212817764,0.6909046796,21.6846989618
1509266513,31.28761973,121.21295849,266157883,31.287445437,121.212854153,0.687550468768,21.7287412148
1509266514,31.28761973,121.21295849,266157883,31.287445437,121.212854153,0.687550468768,21.7287412148
1509266515,31.28759394,121.21306789,266157883,31.2873904204,121.212946057,0.679078959455,25.3723570827
1509266516,31.28759394,121.21306789,266157883,31.2873904204,121.212946057,0.679078959455,25.3723570827
1509266517,31.2875546,121.21318451,266157883,31.2873299888,121.213045832,0.669853011747,28.1877193458
1509266518,31.2875546,121.21318451,266157883,31.2873299888,121.213045832,0.669853011747,28.1877193458
1509266519,31.2875048,121.21327397,266157883,31.2872762548,121.213132863,0.661763523117,28.6814276646
1509266520,31.2875048,121.21327397,266157883,31.2872762548,121.213132863,0.661763523117,28.6814276646
1509266521,31.28745978,121.21336331,266157883,31.2872238936,121.213217671,0.65388071675,29.6027150042
1509266522,31.28745978,121.21336331,266157883,31.2872238936,121.213217671,0.65388071675,29.6027150042
1509266523,31.28740672,121.21342706,266157883,31.287180724,121.213287608,0.647380559757,28.3579317173
1509266524,31.28740672,121.21342706,266157883,31.287180724,121.213287608,0.647380559757,28.3579317173
1509266526,31.28730625,121.21348788,266157883,31.287125853,121.213376495,0.639118877667,22.6392826784
1509266527,31.28730625,121.21348788,266157883,31.287125853,121.213376495,0.639118877667,22.6392826784
1509266528,31.28716216,121.21360721,266157883,31.2870327397,121.213527301,0.625101445976,16.2418429217
1509266529,31.28716216,121.21360721,266157883,31.2870327397,121.213527301,0.625101445976,16.2418429217
1509266530,31.28713947,121.21364703,266157883,31.2870086766,121.213566273,0.621478953373,16.4141577651
1509266531,31.28713947,121.21364703,266157883,31.2870086766,121.213566273,0.621478953373,16.4141577651
1509266532,31.2870879,121.21373594,266157883,31.2869546981,121.213653696,0.613352939738,16.7164185752
1509266533,31.2870879,121.21373594,266157883,31.2869546981,121.213653696,0.613352939738,16.7164185752
1509266534,31.28700595,121.21377049,266157883,31.2869166345,121.213715343,0.607622785195,11.2088111559
1509266535,31.28700595,121.21377049,266157883,31.2869166345,121.213715343,0.607622785195,11.2088111559
1509266536,31.28695057,121.21384653,266157883,31.2868673576,121.213795151,0.600204553963,10.4428956399
1509266537,31.28695057,121.21384653,266157883,31.2868673576,121.213795151,0.600204553963,10.4428956399
1509266538,31.28691914,121.21397969,266157883,31.2867991573,121.213905608,0.589937555873,15.0574646758
1509266539,31.28691914,121.21397969,266157883,31.2867991573,121.213905608,0.589937555873,15.0574646758
1509266540,31.28692974,121.21405505,266157883,31.2867683954,121.213955429,0.585306616361,20.2482754586
1509266541,31.28692974,121.21405505,266157883,31.2867683954,121.213955429,0.585306616361,20.2482754586
1509266542,31.28691815,121.21415591,266157883,31.2867177429,121.214037673,0.577667236871,24.9093517256
1509266544,31.28691815,121.21415591,266157883,31.2867177429,121.214037673,0.577667236871,24.9093517256
1509266545,31.28690538,121.21427946,266157883,31.2866603744,121.214134911,0.568738072151,30.452679518
1509266546,31.28690538,121.21427946,266157883,31.2866603744,121.214134911,0.568738072151,30.452679518
1509266547,31.28685073,121.21439156,266157883,31.2865972032,121.214241983,0.5589057661,31.5118063426
1509266548,31.28685073,121.21439156,266157883,31.2865972032,121.214241983,0.5589057661,31.5118063426
1509266549,31.28679029,121.21445672,266157883,31.2865530803,121.21431677,0.55203822042,29.4837043068
1509266550,31.28679029,121.21445672,266157883,31.2865530803,121.21431677,0.55203822042,29.4837043068
1509266551,31.28673576,121.2145417,266157883,31.2865018091,121.214403673,0.544058092712,29.0786526954
1509266552,31.28673576,121.2145417,266157883,31.2865018091,121.214403673,0.544058092712,29.0786526954
1509266553,31.28670381,121.21463339,266157883,31.2864534316,121.214485671,0.536528348591,31.1204925367
1509266554,31.28670381,121.21463339,266157883,31.2864534316,121.214485671,0.536528348591,31.1204925367
1509266555,31.28670381,121.21463339,266157883,31.2864534316,121.214485671,0.536528348591,31.1204925367
1509266556,31.28666788,121.21491838,266157883,31.2863194293,121.2147128,0.515671476745,43.3102888332
1509266557,31.28666788,121.21491838,266157883,31.2863194293,121.2147128,0.515671476745,43.3102888332
1509266558,31.28662721,121.21497827,266157883,31.2862827174,121.214775025,0.509957436909,42.8183207795
1509266559,31.28662721,121.21497827,266157883,31.2862827174,121.214775025,0.509957436909,42.8183207795
1509266560,31.28657741,121.21507335,266157883,31.2862282473,121.21486735,0.501479410223,43.3987876396
1509266562,31.28657741,121.21507335,266157883,31.2862282473,121.21486735,0.501479410223,43.3987876396
1509266563,31.28652661,121.21516129,266157883,31.2861766438,121.214954816,0.493447556483,43.4986602656
1509266564,31.28652661,121.21516129,266157883,31.2861766438,121.214954816,0.493447556483,43.4986602656
1509266565,31.28643089,121.21528943,266157883,31.2860958484,121.215091761,0.480872102376,41.6436372349
1509266566,31.28643089,121.21528943,266157883,31.2860958484,121.215091761,0.480872102376,41.6436372349
1509266567,31.28639564,121.21532242,266157883,31.2860723087,121.21513166,0.477208253527,40.1881195268
1509266568,31.28639564,121.21532242,266157883,31.2860723087,121.21513166,0.477208253527,40.1881195268
1509266569,31.28632494,121.21539535,266157883,31.286022136,121.215216701,0.469399099181,37.6367019458
1509266570,31.28632494,121.21539535,266157883,31.286022136,121.215216701,0.469399099181,37.6367019458
1509266571,31.28626221,121.21545344,266157883,31.2859805159,121.215287245,0.462921115152,35.0128726881
1509266572,31.28626221,121.21545344,266157883,31.2859805159,121.215287245,0.462921115152,35.0128726881
1509266573,31.28617304,121.21552502,266157883,31.285926165,121.215379368,0.454461639974,30.6850719711
1509266574,31.28617304,121.21552502,266157883,31.285926165,121.215379368,0.454461639974,30.6850719711
1509266575,31.28617304,121.21552502,266157883,31.285926165,121.215379368,0.454461639974,30.6850719711
1509266577,31.28606665,121.21562428,266157883,31.2858552538,121.21549956,0.443424618672,26.2752811365
1509266579,31.28593698,121.2157095,266157883,31.2857844767,121.215619521,0.432408676311,18.9554039908
1509266580,31.28593698,121.2157095,266157883,31.2857844767,121.215619521,0.432408676311,18.9554039908
1509266581,31.28580595,121.2156493,266157883,31.2857769888,121.215632213,0.431243247403,3.59973883476
1509266582,31.28580595,121.2156493,266157883,31.2857769888,121.215632213,0.431243247403,3.59973883476
1509266583,31.28574105,121.21572128,266157883,31.2857287275,121.21571401,0.423731866058,1.53162059291
1509266584,31.28574105,121.21572128,266157883,31.2857287275,121.21571401,0.423731866058,1.53162059291
1509266585,31.28569992,121.21581553,266157883,31.2856768577,121.215801923,0.415658831149,2.86653681842
1509266586,31.28569992,121.21581553,266157883,31.2856768577,121.215801923,0.415658831149,2.86653681842
1509266587,31.28564398,121.21586825,266157883,31.2856393394,121.215865512,0.409819484087,0.576805637694
1509266588,31.28564398,121.21586825,266157883,31.2856393394,121.215865512,0.409819484087,0.576805637694
1509266589,31.2855686,121.21596396,266157883,31.2855779864,121.215969498,0.400270496928,1.16668210626
1509266590,31.2855686,121.21596396,266157883,31.2855779864,121.215969498,0.400270496928,1.16668210626
1509266591,31.28555954,121.21602856,266157883,31.2855459102,121.216019183,0.39559045114,1.75527220044
1509266592,31.28555954,121.21602856,266157883,31.2855459102,121.216019183,0.39559045114,1.75527220044
1509266593,31.28552644,121.21611553,266157883,31.2854946639,121.216093668,0.388439854457,4.0921881676
1509266595,31.28552644,121.21611553,266157883,31.2854946639,121.216093668,0.388439854457,4.0921881676
1509266596,31.2854768,121.2161881,266157883,31.2854417197,121.216152254,0.382169173562,5.17477687125
1509266597,31.2854768,121.2161881,266157883,31.2854417197,121.216152254,0.382169173562,5.17477687125
1509266598,31.28537088,121.2162231,266157883,31.2853701199,121.216222323,0.374245885597,0.112126655721
1509266599,31.28537088,121.2162231,266157883,31.2853701199,121.216222323,0.374245885597,0.112126655721
1509266600,31.28525451,121.21626275,266157883,31.2852718586,121.216288683,0.364864500274,3.13007479904
1509266601,31.28525451,121.21626275,266157883,31.2852718586,121.216288683,0.364864500274,3.13007479904
1509266602,31.28517732,121.21629064,266157883,31.2851929016,121.216332393,0.357682046783,4.33482254742
1509266603,31.28517732,121.21629064,266157883,31.2851929016,121.216332393,0.357682046783,4.33482254742
1509266604,31.28504493,121.21630936,266157883,31.2850453491,121.21638002,0.345333937813,6.72830523236
1509266605,31.28504493,121.21630936,266157883,31.2850453491,121.21638002,0.345333937813,6.72830523236
1509266606,31.28495108,121.21631172,266157883,31.2849514884,121.216380577,0.337910412406,6.55660084852
1509266607,31.28495108,121.21631172,266157883,31.2849514884,121.216380577,0.337910412406,6.55660084852
1509266608,31.28488279,121.21630436,266157883,31.2848832245,121.216380978,0.332511365106,7.29562928665
1509266609,31.28488279,121.21630436,266157883,31.2848832245,121.216380978,0.332511365106,7.29562928665
1509266610,31.28474391,121.21631214,266157883,31.2847443049,121.216381766,0.321524103224,6.62984580262
1509266611,31.28474391,121.21631214,266157883,31.2847443049,121.216381766,0.321524103224,6.62984580262
1509266613,31.28468733,121.21638805,266157883,31.2846872962,121.216382089,0.317015241949,0.567578361435
1509266614,31.28468733,121.21638805,266157883,31.2846872962,121.216382089,0.317015241949,0.567578361435
1509266615,31.28457566,121.21642348,266157883,31.2845754288,121.216382724,0.308167568044,3.88084402896
1509266616,31.28457566,121.21642348,266157883,31.2845754288,121.216382724,0.308167568044,3.88084402896
1509266617,31.28446176,121.21640879,266157883,31.2844616158,121.216383369,0.29916600893,2.42058585726
1509266618,31.28446176,121.21640879,266157883,31.2844616158,121.216383369,0.29916600893,2.42058585726
1509266619,31.28429271,121.21643396,266157883,31.2842924285,121.216384329,0.285784855069,4.7259390895
1509266620,31.28429271,121.21643396,266157883,31.2842924285,121.216384329,0.285784855069,4.7259390895
1509266621,31.28423574,121.21643137,266157883,31.284235475,121.216384652,0.281280360874,4.44856077295
1509266622,31.28423574,121.21643137,266157883,31.284235475,121.216384652,0.281280360874,4.44856077295
1509266623,31.28414808,121.21644593,266157883,31.2841477353,121.21638515,0.274340956476,5.7876043142
1509266624,31.28414808,121.21644593,266157883,31.2841477353,121.21638515,0.274340956476,5.7876043142
1509266625,31.28403856,121.21643904,266157883,31.2840405182,121.216382505,0.26585735334,5.38757158773
1509266627,31.28403856,121.21643904,266157883,31.2840405182,121.216382505,0.26585735334,5.38757158773
1509266628,31.28396154,121.21645283,266157883,31.2839653,121.2163799,0.259904814617,6.95686135667
1509266629,31.28396154,121.21645283,266157883,31.2839653,121.2163799,0.259904814617,6.95686135667
1509266631,31.28381623,121.21641501,266157883,31.2838278,121.2163692,0.248997131918,4.54673184251
1509266632,31.28381623,121.21641501,266157883,31.2838278,121.2163692,0.248997131918,4.54673184251
1509266633,31.28376216,121.21635888,266157883,31.2837643494,121.216351174,0.243780263331,0.77290324757
1509266634,31.28376216,121.21635888,266157883,31.2837643494,121.216351174,0.243780263331,0.77290324757
1509266635,31.2836749,121.21633159,266157883,31.2836810053,121.216320911,0.236724394227,1.22156219551
1509266636,31.2836749,121.21633159,266157883,31.2836810053,121.216320911,0.236724394227,1.22156219551
1509266637,31.28356225,121.21627789,266157883,31.2835786998,121.216257367,0.227178491323,2.67311526096
1509266638,31.28356225,121.21627789,266157883,31.2835786998,121.216257367,0.227178491323,2.67311526096
1509266639,31.28346967,121.21623535,266157883,31.2835015722,121.216195548,0.219360922081,5.18414040025
1509266640,31.28346967,121.21623535,266157883,31.2835015722,121.216195548,0.219360922081,5.18414040025
1509266641,31.28338485,121.21623082,266157883,31.2834477184,121.216152383,0.213902363741,10.2161843785
1509266642,31.28338485,121.21623082,266157883,31.2834477184,121.216152383,0.213902363741,10.2161843785
1509266643,31.28330914,121.21617667,266157883,31.2833751964,121.216094256,0.206551616287,10.7342412675
1509266645,31.28330914,121.21617667,266157883,31.2833751964,121.216094256,0.206551616287,10.7342412675
1509266646,31.28323394,121.21613367,266157883,31.2833084262,121.216040738,0.19978386373,12.1040955482
1509266647,31.28319161,121.216186,266157883,31.2833081907,121.216040549,0.199759997517,18.9445706912
1509266649,31.28319161,121.216186,266157883,31.2833081907,121.216040549,0.199759997517,18.9445706912
1509266650,31.28306658,121.21608713,266157883,31.2831838163,121.215940862,0.187153549377,19.051117897
1509266651,31.28306658,121.21608713,266157883,31.2831838163,121.215940862,0.187153549377,19.051117897
1509266652,31.28291489,121.21587149,266157883,31.2829862478,121.21578248,0.16712686469,11.5944596659
1509266653,31.28291489,121.21587149,266157883,31.2829862478,121.21578248,0.16712686469,11.5944596659
1509266654,31.28285866,121.2158421,266157883,31.2829376743,121.215743539,0.162203106244,12.8385536451
1509266655,31.28285866,121.2158421,266157883,31.2829376743,121.215743539,0.162203106244,12.8385536451
1509266656,31.28273879,121.21571816,266157883,31.2828042164,121.215636549,0.148674864647,10.630711173
1509266657,31.28273879,121.21571816,266157883,31.2828042164,121.215636549,0.148674864647,10.630711173
1509266658,31.28260371,121.21561154,266157883,31.282669952,121.215528911,0.135064867949,10.7632367555
1509266659,31.28260371,121.21561154,266157883,31.282669952,121.215528911,0.135064867949,10.7632367555
1509266660,31.28250287,121.21546625,266157883,31.2825376593,121.215422855,0.121654741136,5.65269286825
1509266661,31.28250287,121.21546625,266157883,31.2825376593,121.215422855,0.121654741136,5.65269286825
1509266662,31.28235912,121.21537634,266157883,31.2824062719,121.215317524,0.108336382034,7.66142379542
1509266664,31.28235912,121.21537634,266157883,31.2824062719,121.215317524,0.108336382034,7.66142379542
1509266665,31.28225515,121.21520715,266157883,31.282257612,121.215203706,0.0935231807229,0.426704300132
1509266666,31.28225515,121.21520715,266157883,31.282257612,121.215203706,0.0935231807229,0.426704300132
1509266667,31.28211338,121.21499273,266157883,31.2820718145,121.215015204,0.0722641691627,5.08116313314
1509266668,31.28211338,121.21499273,266157883,31.2820718145,121.215015204,0.0722641691627,5.08116313314
1509266669,31.2819704,121.21486792,266157883,31.2819976775,121.214856658,0.0584031838895,3.20886052901
1509266670,31.2819704,121.21486792,266157883,31.2819976775,121.214856658,0.0584031838895,3.20886052901
1509266671,31.2818733,121.21471374,266157883,31.2819404767,121.214693045,0.044680877817,7.7044503158
1509266672,31.2818733,121.21471374,266157883,31.2819404767,121.214693045,0.044680877817,7.7044503158
1509266673,31.28185607,121.21452958,266157883,31.2819075117,121.214523216,0.0309480211341,5.73566547822
1509266674,31.28185607,121.21452958,266157883,31.2819075117,121.214523216,0.0309480211341,5.73566547822
1509266675,31.28184671,121.21438403,266157883,31.2818973432,121.214383811,0.0198741918636,5.61396176982
1509266676,31.28184671,121.21438403,266157883,31.2818973432,121.214383811,0.0198741918636,5.61396176982
1509266677,31.28197438,121.21433814,266157883,31.2818971469,121.214338475,0.0162885411915,8.56323156486
1509266678,31.28197438,121.21433814,266157883,31.2818971469,121.214338475,0.0162885411915,8.56323156486
1509266679,31.28208329,121.21430548,266157883,31.2818970075,121.214306287,0.0137428086421,20.6540945973
1509266680,31.28208329,121.21430548,266157883,31.2818970075,121.214306287,0.0137428086421,20.6540945973
1509266682,31.28208329,121.21430548,266157883,31.2818970075,121.214306287,0.0137428086421,20.6540945973
1509266683,31.28227111,121.21417894,266157883,31.2818946914,121.214200953,0.00540730053947,41.7877626228
1509266684,31.28227111,121.21417894,266157883,31.2818946914,121.214200953,0.00540730053947,41.7877626228
1509266685,31.28244817,121.21419633,135420817,31.282448076,121.214131887,0.925460793698,6.13629958083
1509266686,31.28244817,121.21419633,135420817,31.282448076,121.214131887,0.925460793698,6.13629958083
1509266687,31.28249837,121.21419095,135420817,31.2824982838,121.214131814,0.918746395311,5.63097663562
1509266688,31.28249837,121.21419095,135420817,31.2824982838,121.214131814,0.918746395311,5.63097663562
1509266689,31.28258473,121.21417598,135420817,31.2825846654,121.214131688,0.907194375863,4.21750426332
1509266690,31.28258473,121.21417598,135420817,31.2825846654,121.214131688,0.907194375863,4.21750426332
1509266691,31.28270514,121.21417222,135420817,31.2827050807,121.214131513,0.891090965318,3.87618453741
1509266692,31.28270514,121.21417222,135420817,31.2827050807,121.214131513,0.891090965318,3.87618453741
1509266693,31.28287785,121.21420969,135420817,31.2828777357,121.214131261,0.868001406477,7.46806697011
1509266694,31.28287785,121.21420969,135420817,31.2828777357,121.214131261,0.868001406477,7.46806697011
1509266695,31.28306776,121.21419351,135420817,31.2830676688,121.214130984,0.842601196198,5.95375027208
1509266696,31.28306776,121.21419351,135420817,31.2830676688,121.214130984,0.842601196198,5.95375027208
1509266697,31.28319128,121.21420409,135420817,31.2831911732,121.214130804,0.826084674772,6.97831966328
1509266698,31.28319128,121.21420409,135420817,31.2831911732,121.214130804,0.826084674772,6.97831966328
1509266700,31.28328002,121.21420182,135420817,31.2832799163,121.214130675,0.814216849102,6.7744823794
1509266701,31.28328002,121.21420182,135420817,31.2832799163,121.214130675,0.814216849102,6.7744823794
1509266702,31.2833999,121.2141962,135420817,31.2833998042,121.2141305,0.79818395391,6.2559791446
1509266703,31.2833999,121.2141962,135420817,31.2833998042,121.2141305,0.79818395391,6.2559791446
1509266704,31.28354698,121.21420431,135420817,31.2835468721,121.214130285,0.778516223558,7.04862027456
1509266705,31.28354698,121.21420431,135420817,31.2835468721,121.214130285,0.778516223558,7.04862027456
1509266706,31.28366342,121.21421361,135420817,31.2836632983,121.214130116,0.762946275566,7.95031952859
1509266707,31.28366342,121.21421361,135420817,31.2836632983,121.214130116,0.762946275566,7.95031952859
1509266708,31.28374208,121.21418308,135420817,31.2837420026,121.214130001,0.752420959299,5.05417593949
1509266709,31.28374208,121.21418308,135420817,31.2837420026,121.214130001,0.752420959299,5.05417593949
1509266710,31.28390921,121.21422056,135420817,31.2839090776,121.214129757,0.730077627307,8.64619500854
1509266711,31.28390921,121.21422056,135420817,31.2839090776,121.214129757,0.730077627307,8.64619500854
1509266712,31.28400057,121.21422822,135420817,31.2840004263,121.214129624,0.71786135966,9.38830625375
1509266713,31.28400057,121.21422822,135420817,31.2840004263,121.214129624,0.71786135966,9.38830625375
1509266714,31.28400057,121.21422822,135420817,31.2840004263,121.214129624,0.71786135966,9.38830625375
1509266715,31.28419149,121.21418544,135420817,31.2841914082,121.214129346,0.692320893875,5.34125620278
1509266716,31.28419149,121.21418544,135420817,31.2841914082,121.214129346,0.692320893875,5.34125620278
1509266718,31.28435317,121.21424319,135420817,31.2843530037,121.21412911,0.6707103536,10.8626571321
1509266719,31.28435317,121.21424319,135420817,31.2843530037,121.21412911,0.6707103536,10.8626571321
1509266720,31.28442408,121.21423587,135420817,31.2844239242,121.214129007,0.661225985993,10.175485566
1509266721,31.28442408,121.21423587,135420817,31.2844239242,121.214129007,0.661225985993,10.175485566
1509266722,31.28450477,121.21421339,135420817,31.2845070332,121.214129164,0.650111150615,8.02381613782
1509266723,31.28450477,121.21421339,135420817,31.2845070332,121.214129164,0.650111150615,8.02381613782
1509266724,31.28459639,121.21422092,135420817,31.2845987893,121.21413163,0.637835977991,8.5062751713
1509266725,31.28459639,121.21422092,135420817,31.2845987893,121.21413163,0.637835977991,8.5062751713
1509266726,31.28469303,121.21420158,135420817,31.2846948403,121.214134211,0.624986234026,6.41795785617
1509266727,31.28469303,121.21420158,135420817,31.2846948403,121.214134211,0.624986234026,6.41795785617
1509266728,31.28479124,121.21418216,135420817,31.2847912,121.2141368,0.612095182629,4.31912172628
1509266729,31.28479124,121.21418216,135420817,31.2847912,121.2141368,0.612095182629,4.31912172628
1509266730,31.28488508,121.21415819,135420817,31.2848818359,121.214127286,0.599907644708,2.96456177037
1509266731,31.28488508,121.21415819,135420817,31.2848818359,121.214127286,0.599907644708,2.96456177037
1509266732,31.28488508,121.21415819,135420817,31.2848818359,121.214127286,0.599907644708,2.96456177037
1509266733,31.28497991,121.21414548,135420817,31.2849698563,121.214111564,0.587901943981,3.416395048
1509266734,31.28497991,121.21414548,135420817,31.2849698563,121.214111564,0.587901943981,3.416395048
1509266736,31.28508402,121.21414879,135420817,31.2850509917,121.214086806,0.576548814289,6.94580112763
1509266737,31.28508402,121.21414879,135420817,31.2850509917,121.214086806,0.576548814289,6.94580112763
1509266738,31.28515722,121.2141011,135420817,31.2851277962,121.21404588,0.564910405762,6.18777243316
1509266739,31.28515722,121.2141011,135420817,31.2851277962,121.21404588,0.564910405762,6.18777243316
1509266740,31.28520103,121.21406589,135420817,31.2851765307,121.214019912,0.557525530426,5.15216068506
1509266741,31.28520103,121.21406589,135420817,31.2851765307,121.214019912,0.557525530426,5.15216068506
1509266742,31.28521968,121.21403372,135420817,31.2852002,121.2140073,0.553938850553,3.3156381046
1509266743,31.28521968,121.21403372,135420817,31.2852002,121.2140073,0.553938850553,3.3156381046
1509266744,31.28536765,121.21388006,135420817,31.285357418,121.213871542,0.526051107252,1.39457810852
1509266745,31.28536765,121.21388006,135420817,31.285357418,121.213871542,0.526051107252,1.39457810852
1509266746,31.28540242,121.21384902,135420817,31.2853869138,121.213836111,0.519885866102,2.1134314512
1509266747,31.28540242,121.21384902,135420817,31.2853869138,121.213836111,0.519885866102,2.1134314512
1509266748,31.28545328,121.21377342,135420817,31.2854399293,121.213765583,0.508052968169,1.65772000742
1509266750,31.28545328,121.21377342,135420817,31.2854399293,121.213765583,0.508052968169,1.65772000742
1509266751,31.28550952,121.21370252,135420817,31.2854852966,121.2136883,0.496068596022,3.007746023
1509266752,31.28550952,121.21370252,135420817,31.2854852966,121.2136883,0.496068596022,3.007746023
1509266754,31.28555449,121.21354624,135420817,31.2855650511,121.21355244,0.475000436055,1.31133724831
1509266755,31.2856168,121.21346545,135420817,31.2856162919,121.213465152,0.461464510595,0.0630911834014
1509266756,31.2856168,121.21346545,135420817,31.2856162919,121.213465152,0.461464510595,0.0630911834014
1509266757,31.28573746,121.21343282,135420817,31.2856614613,121.213388206,0.449532428704,9.43654247421
1509266758,31.28573746,121.21343282,135420817,31.2856614613,121.213388206,0.449532428704,9.43654247421
1509266759,31.28576329,121.21341015,135420817,31.2856779785,121.213360069,0.44516918389,10.5928796441
1509266760,31.28576329,121.21341015,135420817,31.2856779785,121.213360069,0.44516918389,10.5928796441
1509266761,31.28577314,121.2133715,135420817,31.2856973769,121.213327025,0.440044856803,9.4072870298
1509266762,31.28577314,121.2133715,135420817,31.2856973769,121.213327025,0.440044856803,9.4072870298
1509266763,31.28572814,121.21332273,135420817,31.2857071361,121.2133104,0.437466843691,2.60799702652
1509266764,31.28572814,121.21332273,135420817,31.2857071361,121.2133104,0.437466843691,2.60799702652
1509266765,31.28566171,121.21324542,135420817,31.2857238631,121.213281906,0.433048191261,7.71736948282
1509266766,31.28566171,121.21324542,135420817,31.2857238631,121.213281906,0.433048191261,7.71736948282
1509266768,31.2855885,121.21316418,135420817,31.2857405682,121.213253449,0.428635314127,18.8818757978
1509266769,31.2855885,121.21316418,135420817,31.2857405682,121.213253449,0.428635314127,18.8818757978
1509266770,31.28548876,121.21305448,135420817,31.28576066,121.213220012,0.423418404776,34.0184913376
1509266771,31.28548876,121.21305448,135420817,31.28576066,121.213220012,0.423418404776,34.0184913376
1509266772,31.28543684,121.21302291,135420817,31.2857606428,121.21322004,0.423422834412,40.5122560696
1509266773,31.28543684,121.21302291,135420817,31.2857606428,121.21322004,0.423422834412,40.5122560696
1509266774,31.28536734,121.2129782,135420817,31.2857617082,121.21321829,0.423148850414,49.3409742709
1509266775,31.28536734,121.2129782,135420817,31.2857617082,121.21321829,0.423148850414,49.3409742709
1509266776,31.28529756,121.2129303,135420819,31.2853222417,121.212897363,0.360862070982,4.16229380226
1509266777,31.28529756,121.2129303,135420819,31.2853222417,121.212897363,0.360862070982,4.16229380226
1509266778,31.28521017,121.21289298,135420819,31.2852370743,121.212838153,0.429464439887,6.01269057129
1509266779,31.28521017,121.21289298,135420819,31.2852370743,121.212838153,0.429464439887,6.01269057129
1509266780,31.28513453,121.21285482,135420819,31.2851610219,121.212800833,0.485342126219,5.9205332542
1509266781,31.28513453,121.21285482,135420819,31.2851610219,121.212800833,0.485342126219,5.9205332542
1509266782,31.28506571,121.21280452,135420819,31.2850705592,121.212777127,0.547529255668,2.66315870184
1509266783,31.28506571,121.21280452,135420819,31.2850705592,121.212777127,0.547529255668,2.66315870184
1509266784,31.2849894,121.21275843,135420819,31.2849897396,121.212764749,0.601588265767,0.602889958207
1509266786,31.2849894,121.21275843,135420819,31.2849897396,121.212764749,0.601588265767,0.602889958207
1509266787,31.28489953,121.21273117,135420819,31.2849015891,121.212769486,0.659815517527,3.6555782397
1509266788,31.28489953,121.21273117,135420819,31.2849015891,121.212769486,0.659815517527,3.6555782397
1509266789,31.28477224,121.21274269,135420819,31.2847740484,121.212776341,0.744061776405,3.21042764139
1509266790,31.28477224,121.21274269,135420819,31.2847740484,121.212776341,0.744061776405,3.21042764139
1509266791,31.28474718,121.21273311,135420819,31.2847495739,121.212777656,0.760228249663,4.24989036224
1509266792,31.28474718,121.21273311,135420819,31.2847495739,121.212777656,0.760228249663,4.24989036224
1509266793,31.28466843,121.21272326,135420819,31.2846686351,121.212779298,0.81364066763,5.33590645576
1509266794,31.28466843,121.21272326,135420819,31.2846686351,121.212779298,0.81364066763,5.33590645576
1509266795,31.28457354,121.21269604,135420819,31.284573846,121.212779645,0.876163237823,7.96082510624
1509266796,31.28457354,121.21269604,135420819,31.284573846,121.212779645,0.876163237823,7.96082510624
1509266797,31.28451863,121.212654,135420819,31.2845190905,121.212779845,0.912279718909,11.9830235537
1509266798,31.28451863,121.212654,135420819,31.2845190905,121.212779845,0.912279718909,11.9830235537
1509266799,31.28448994,121.21257412,135420819,31.2844908122,121.212779956,0.930932047878,19.5998800994
1509266800,31.28448994,121.21257412,135420819,31.2844908122,121.212779956,0.930932047878,19.5998800994
1509266801,31.28447957,121.21250518,135420819,31.2844807345,121.212779999,0.93757927916,26.168465153
1509266802,31.28447957,121.21250518,135420819,31.2844807345,121.212779999,0.93757927916,26.168465153
1509266803,31.28447955,121.21238209,135420819,31.284481236,121.212779997,0.937248451972,37.8889817833
1509266805,31.28447955,121.21238209,135420819,31.284481236,121.212779997,0.937248451972,37.8889817833
1509266806,31.28444083,121.21222912,384531666,31.2845041,121.21222912,0.850420944166,7.01502116603
1509266807,31.28444083,121.21222912,384531666,31.2845041,121.21222912,0.850420944166,7.01502116603
1509266808,31.28447148,121.21217815,384531666,31.2845041,121.21217815,0.836578675971,3.61672184245
1509266809,31.28447148,121.21217815,384531666,31.2845041,121.21217815,0.836578675971,3.61672184245
1509266810,31.28445432,121.21208564,384531666,31.2845041,121.21208564,0.811455108565,5.51932596845
1509266811,31.28445432,121.21208564,384531666,31.2845041,121.21208564,0.811455108565,5.51932596845
1509266812,31.2844555,121.21201791,384531666,31.2845041,121.21201791,0.793061213632,5.38849421656
1509266813,31.2844555,121.21201791,384531666,31.2845041,121.21201791,0.793061213632,5.38849421656
1509266814,31.28446228,121.21192716,384531666,31.2845041,121.21192716,0.768415621351,4.63676601259
1509266815,31.28446228,121.21192716,384531666,31.2845041,121.21192716,0.768415621351,4.63676601259
1509266816,31.28447178,121.21180264,384531666,31.2845040933,121.211802637,0.734598171614,3.58271204675
1509266817,31.28447178,121.21180264,384531666,31.2845040933,121.211802637,0.734598171614,3.58271204675
1509266819,31.28448499,121.21168062,384531666,31.2845040834,121.211680618,0.701460663837,2.11696754223
1509266820,31.28448499,121.21168062,384531666,31.2845040834,121.211680618,0.701460663837,2.11696754223
1509266822,31.28449441,121.21157608,384531666,31.2845040749,121.211576079,0.673070234825,1.07159362268
1509266823,31.28447712,121.21142047,384531666,31.2845040624,121.211420468,0.630809793342,2.9872160929
1509266824,31.28447712,121.21142047,384531666,31.2845040624,121.211420468,0.630809793342,2.9872160929
1509266825,31.28444536,121.2112904,384531666,31.2845040518,121.211290395,0.595485104848,6.50741964096
1509266826,31.28444536,121.2112904,384531666,31.2845040518,121.211290395,0.595485104848,6.50741964096
1509266827,31.28443779,121.21119377,384531666,31.284504044,121.211193765,0.569242474956,7.34587212655
1509266828,31.28443779,121.21119377,384531666,31.284504044,121.211193765,0.569242474956,7.34587212655
1509266829,31.28442403,121.21107349,384531666,31.2845040343,121.211073484,0.536576918418,8.87042486694
1509266830,31.28442403,121.21107349,384531666,31.2845040343,121.211073484,0.536576918418,8.87042486694
1509266831,31.28441371,121.21096741,384531666,31.2845040257,121.210967403,0.507767827614,10.0136971179
1509266832,31.28441371,121.21096741,384531666,31.2845040257,121.210967403,0.507767827614,10.0136971179
1509266833,31.28440415,121.21086105,384531666,31.2845040171,121.210861042,0.47888271201,11.072702338
1509266834,31.28440415,121.21086105,384531666,31.2845040171,121.210861042,0.47888271201,11.072702338
1509266835,31.28439406,121.21074507,384531666,31.2845040077,121.210745061,0.447385016201,12.190384711
1509266837,31.28439406,121.21074507,384531666,31.2845040077,121.210745061,0.447385016201,12.190384711
1509266838,31.28438662,121.21063466,384531666,31.284504,121.21063466,0.417402639267,13.0144330798
1509266839,31.28438662,121.21063466,384531666,31.284504,121.21063466,0.417402639267,13.0144330798
1509266840,31.2844244,121.21049614,384531666,31.284504,121.21049614,0.379783824471,8.82559955804
1509266841,31.2844244,121.21049614,384531666,31.284504,121.21049614,0.379783824471,8.82559955804
1509266842,31.28442558,121.21040732,384531666,31.284504,121.21040732,0.355662375363,8.69476780707
1509266843,31.28442558,121.21040732,384531666,31.284504,121.21040732,0.355662375363,8.69476780707
1509266844,31.28443484,121.21032862,384531666,31.284504,121.21032862,0.334289283213,7.66807117978
1509266845,31.28443484,121.21032862,384531666,31.284504,121.21032862,0.334289283213,7.66807117978
1509266846,31.28451058,121.21020412,384531666,31.284504,121.21020412,0.300477974793,0.729553336599
1509266847,31.28451058,121.21020412,384531666,31.284504,121.21020412,0.300477974793,0.729553336599
1509266848,31.28448806,121.21011315,384531666,31.284504,121.21011315,0.275772635621,1.76733740742
1509266849,31.28448806,121.21011315,384531666,31.284504,121.21011315,0.275772635621,1.76733740742
1509266850,31.28444086,121.21002326,384531666,31.284504,121.21002326,0.251360599365,7.00060749745
1509266851,31.28444086,121.21002326,384531666,31.284504,121.21002326,0.251360599365,7.00060749745
1509266852,31.28441911,121.20997666,384531666,31.284504,121.20997666,0.238705121674,9.4121249518
1509266853,31.28441911,121.20997666,384531666,31.284504,121.20997666,0.238705121674,9.4121249518
1509266855,31.28441878,121.20993522,384531666,31.284504,121.20993522,0.227450980144,9.44871349302
1509266856,31.28441878,121.20993522,384531666,31.284504,121.20993522,0.227450980144,9.44871349302
1509266857,31.28439389,121.20984151,384531666,31.284504,121.20984151,0.202001520609,12.2083764456
1509266858,31.28439389,121.20984151,384531666,31.284504,121.20984151,0.202001520609,12.2083764456
1509266859,31.28434033,121.20980672,384531666,31.284504,121.20980672,0.192553364625,18.1468074159
1509266860,31.28434033,121.20980672,384531666,31.284504,121.20980672,0.192553364625,18.1468074159
1509266861,31.28434177,121.20976303,384531666,31.284504,121.20976303,0.18068817535,17.9871483321
1509266862,31.28434177,121.20976303,384531666,31.284504,121.20976303,0.18068817535,17.9871483321
1509266863,31.28434902,121.20974146,384531666,31.284504,121.20974146,0.174830264325,17.1833091906
1509266864,31.28434902,121.20974146,384531666,31.284504,121.20974146,0.174830264325,17.1833091906
1509266865,31.28435609,121.20973704,384531666,31.284504,121.20973704,0.173629894979,16.3994274346
1509266866,31.28435609,121.20973704,384531666,31.284504,121.20973704,0.173629894979,16.3994274346
1509266867,31.28436293,121.20972464,384531666,31.284504,121.20972464,0.170262342978,15.6410467811
1509266868,31.28436293,121.20972464,384531666,31.284504,121.20972464,0.170262342978,15.6410467811
1509266869,31.28436293,121.20972464,384531666,31.284504,121.20972464,0.170262342978,15.6410467811
1509266870,31.28437035,121.20971836,384531666,31.284504,121.20971836,0.168556840833,14.8183589949
1509266871,31.28437035,121.20971836,384531666,31.284504,121.20971836,0.168556840833,14.8183589949
1509266873,31.28437035,121.20971836,384531666,31.284504,121.20971836,0.168556840833,14.8183589949
1509266874,31.28440686,121.20971645,384531666,31.284504,121.20971645,0.168038129195,10.7703359289
1509266875,31.28440686,121.20971645,384531666,31.284504,121.20971645,0.168038129195,10.7703359289
1509266876,31.28458301,121.20973019,384531666,31.284504,121.20973019,0.171769594076,8.76018379232
1509266877,31.28458301,121.20973019,384531666,31.284504,121.20973019,0.171769594076,8.76018379232
1509266878,31.28463053,121.2097548,384531666,31.284504,121.2097548,0.178453098494,14.0289337967
1509266879,31.28463053,121.2097548,384531666,31.284504,121.2097548,0.178453098494,14.0289337967
1509266880,31.28463203,121.20976045,384531666,31.284504,121.20976045,0.179987507272,14.1952453505
1509266881,31.28463203,121.20976045,384531666,31.284504,121.20976045,0.179987507272,14.1952453505
1509266882,31.28463381,121.20976615,384531666,31.284504,121.20976615,0.181535494883,14.3926017281
1509266883,31.28463381,121.20976615,384531666,31.284504,121.20976615,0.181535494883,14.3926017281
1509266884,31.28463633,121.20977535,384531666,31.284504,121.20977535,0.18403400121,14.6720051389
1509266885,31.28463633,121.20977535,384531666,31.284504,121.20977535,0.18403400121,14.6720051389
1509266886,31.28463722,121.20977969,384531666,31.284504,121.20977969,0.185212644412,14.7706833276
1509266887,31.28463722,121.20977969,384531666,31.284504,121.20977969,0.185212644412,14.7706833276
1509266888,31.28463753,121.20978099,384531666,31.284504,121.20978099,0.185565694217,14.8050543822
1509266889,31.28463753,121.20978099,384531666,31.284504,121.20978099,0.185565694217,14.8050543822
1509266891,31.28463753,121.20978099,384531666,31.284504,121.20978099,0.185565694217,14.8050543822
1509266893,31.28463799,121.20978373,384531666,31.284504,121.20978373,0.186309814579,14.8560565915
Time_cost 0.763590097427
