1510999746,31.29223179,121.21336332,164316039,31.2918916279,121.213305945,0.088286719001,38.1088681851
1510999747,31.29223179,121.21336332,164316039,31.2918916279,121.213305945,0.088286719001,38.1088681851
1510999748,31.29223875,121.21336117,164316039,31.291892173,121.213302713,0.0869923545676,38.8275345508
1510999749,31.29223875,121.21336117,164316039,31.291892173,121.213302713,0.0869923545676,38.8275345508
1510999750,31.29224265,121.2133947,164316039,31.2918867819,121.213334676,0.0997929977952,39.8684380003
1510999751,31.29224265,121.2133947,164316039,31.2918867819,121.213334676,0.0997929977952,39.8684380003
1510999752,31.2922563,121.21338573,164316039,31.2918886306,121.213323715,0.0954034745304,41.1905542369
1510999753,31.2922563,121.21338573,164316039,31.2918886306,121.213323715,0.0954034745304,41.1905542369
1510999754,31.2922545,121.21338118,164316039,31.291889327,121.213319586,0.0937499009984,40.9108759775
1510999755,31.2922545,121.21338118,164316039,31.291889327,121.213319586,0.0937499009984,40.9108759775
1510999756,31.2922545,121.21338118,164316039,31.291889327,121.213319586,0.0937499009984,40.9108759775
1510999757,31.29226121,121.21334327,164316039,31.29189573,121.213281625,0.0785467808371,40.9452690716
1510999758,31.29226121,121.21334327,164316039,31.29189573,121.213281625,0.0785467808371,40.9452690716
1510999760,31.2922539,121.21333191,164316039,31.2918973909,121.213271778,0.0746032520062,39.940248937
1510999761,31.2922539,121.21333191,164316039,31.2918973909,121.213271778,0.0746032520062,39.940248937
1510999762,31.29224967,121.21332506,164316039,31.2918983973,121.213265811,0.0722136486386,39.3536056112
1510999763,31.29224967,121.21332506,164316039,31.2918983973,121.213265811,0.0722136486386,39.3536056112
1510999764,31.29224864,121.21331654,164316039,31.2918997661,121.213257696,0.0689635568966,39.0848620957
1510999765,31.29224864,121.21331654,164316039,31.2918997661,121.213257696,0.0689635568966,39.0848620957
1510999766,31.29224833,121.21331648,164316039,31.2918997674,121.213257688,0.0689605536533,39.0499906303
1510999767,31.29224833,121.21331648,164316039,31.2918997674,121.213257688,0.0689605536533,39.0499906303
1510999768,31.29224822,121.21332208,164316039,31.2918988459,121.213263151,0.071148454904,39.1409002607
1510999769,31.29224822,121.21332208,164316039,31.2918988459,121.213263151,0.071148454904,39.1409002607
1510999770,31.2922463,121.2133219,164316039,31.2918988223,121.213263291,0.071204469456,38.9284427715
1510999771,31.2922463,121.2133219,164316039,31.2918988223,121.213263291,0.071204469456,38.9284427715
1510999772,31.29223901,121.21332013,164316039,31.2918989109,121.213262766,0.0709940352226,38.101804171
1510999773,31.29223901,121.21332013,164316039,31.2918989109,121.213262766,0.0709940352226,38.101804171
1510999774,31.29208652,121.21332038,164316039,31.2918946517,121.213288018,0.0811070984088,21.4952932809
1510999775,31.29208652,121.21332038,164316039,31.2918946517,121.213288018,0.0811070984088,21.4952932809
1510999776,31.29201759,121.21335101,164316039,31.2918877215,121.213329105,0.0975620176343,14.5493652784
1510999778,31.29201759,121.21335101,164316039,31.2918877215,121.213329105,0.0975620176343,14.5493652784
1510999779,31.29196954,121.21340142,164316039,31.2918781248,121.213386001,0.120347975735,10.2413760769
1510999780,31.29196954,121.21340142,164316039,31.2918781248,121.213386001,0.120347975735,10.2413760769
1510999781,31.2919213,121.21345297,164316039,31.291868336,121.213444037,0.143590336645,5.93363561516
1510999782,31.2919213,121.21345297,164316039,31.291868336,121.213444037,0.143590336645,5.93363561516
1510999783,31.29187665,121.21356414,164316039,31.2918488686,121.213559454,0.189813317188,3.11239693898
1510999784,31.29187665,121.21356414,164316039,31.2918488686,121.213559454,0.189813317188,3.11239693898
1510999785,31.29185939,121.21367258,164316039,31.2918306065,121.213667725,0.233174212576,3.22465727369
1510999786,31.29185939,121.21367258,164316039,31.2918306065,121.213667725,0.233174212576,3.22465727369
1510999787,31.29185939,121.21367258,164316039,31.2918306065,121.213667725,0.233174212576,3.22465727369
1510999788,31.29183242,121.21383402,164316039,31.2918033837,121.213829122,0.297811415339,3.25298496138
1510999789,31.29183242,121.21383402,164316039,31.2918033837,121.213829122,0.297811415339,3.25298496138
1510999790,31.2918176,121.21390958,164316039,31.2917905816,121.213905023,0.328208363523,3.02691621668
1510999792,31.2918176,121.21390958,164316039,31.2917905816,121.213905023,0.328208363523,3.02691621668
1510999793,31.29179576,121.21409937,164316039,31.2917588511,121.214093145,0.403548296149,4.13495896777
1510999794,31.29179576,121.21409937,164316039,31.2917588511,121.214093145,0.403548296149,4.13495896777
1510999795,31.2917884,121.21415556,164316039,31.2917494321,121.214148987,0.425912459621,4.36562931302
1510999796,31.2917884,121.21415556,164316039,31.2917494321,121.214148987,0.425912459621,4.36562931302
1510999797,31.29177127,121.21424958,164316039,31.2917335386,121.214243216,0.463649574917,4.2271034569
1510999798,31.29177127,121.21424958,164316039,31.2917335386,121.214243216,0.463649574917,4.2271034569
1510999799,31.29174988,121.21433926,164316039,31.291718239,121.214333923,0.499976467558,3.54478403708
1510999800,31.29174988,121.21433926,164316039,31.291718239,121.214333923,0.499976467558,3.54478403708
1510999801,31.2917304,121.214393,164316039,31.2917088866,121.214389371,0.522182640119,2.41017811491
1510999802,31.2917304,121.214393,164316039,31.2917088866,121.214389371,0.522182640119,2.41017811491
1510999803,31.29168542,121.21441378,164316039,31.2917042343,121.214416953,0.533228842997,2.1077986055
1510999804,31.29168542,121.21441378,164316039,31.2917042343,121.214416953,0.533228842997,2.1077986055
1510999805,31.29161113,121.21442341,164316039,31.2916996619,121.214440863,0.542842424172,9.95558132293
1510999807,31.29161113,121.21442341,164316039,31.2916996619,121.214440863,0.542842424172,9.95558132293
1510999808,31.29155715,121.21438776,164316039,31.2917049535,121.21441269,0.531521401406,16.5586414954
1510999809,31.29155715,121.21438776,164316039,31.2917049535,121.21441269,0.531521401406,16.5586414954
1510999810,31.29143822,121.21438663,164316039,31.291700173,121.214438269,0.541798711106,29.4571305539
1510999811,31.29143822,121.21438663,164316039,31.291700173,121.214438269,0.541798711106,29.4571305539
1510999812,31.29136794,121.21432046,164316039,31.2917107569,121.214378283,0.517741866487,38.4062888197
1510999813,31.29136794,121.21432046,164316039,31.2917107569,121.214378283,0.517741866487,38.4062888197
1510999814,31.29122465,121.21428373,164316030,31.2912231604,121.214287788,0.287315999179,0.420193511621
1510999815,31.29122465,121.21428373,164316030,31.2912231604,121.214287788,0.287315999179,0.420193511621
1510999816,31.29117479,121.21426986,164316030,31.2911747343,121.214270012,0.295962497427,0.015683956395
1510999817,31.29117479,121.21426986,164316030,31.2911747343,121.214270012,0.295962497427,0.015683956395
1510999818,31.29106633,121.21423863,164316030,31.291069051,121.214231218,0.314832296374,0.767531444875
1510999819,31.29106633,121.21423863,164316030,31.291069051,121.214231218,0.314832296374,0.767531444875
1510999820,31.29095879,121.21420036,164316030,31.290961901,121.214191885,0.333963960638,0.877559033073
1510999822,31.29095879,121.21420036,164316030,31.290961901,121.214191885,0.333963960638,0.877559033073
1510999823,31.29085963,121.21418148,164316030,31.2908684084,121.214157566,0.350657094667,2.47624079924
1510999825,31.29073877,121.21416979,164316030,31.2907581186,121.214117081,0.370349393119,5.45789124484
1510999826,31.29073877,121.21416979,164316030,31.2907581186,121.214117081,0.370349393119,5.45789124484
1510999827,31.2906434,121.21410763,164316030,31.2906539653,121.214078848,0.388946000961,2.98028589706
1510999828,31.2906434,121.21410763,164316030,31.2906539653,121.214078848,0.388946000961,2.98028589706
1510999829,31.29057077,121.21418063,164316030,31.2906135747,121.214064021,0.396157763919,12.0745189668
1510999830,31.29057077,121.21418063,164316030,31.2906135747,121.214064021,0.396157763919,12.0745189668
1510999831,31.29054249,121.21423414,164316030,31.2906059628,121.214061227,0.397516867427,17.9046730213
1510999832,31.29054249,121.21423414,164316030,31.2906059628,121.214061227,0.397516867427,17.9046730213
1510999833,31.29056184,121.21431823,164316030,31.2906502173,121.214077472,0.389615200817,24.9298468479
1510999834,31.29056184,121.21431823,164316030,31.2906502173,121.214077472,0.389615200817,24.9298468479
1510999835,31.29058765,121.21440396,164316030,31.2907006953,121.214096002,0.380602340168,31.8882794475
1510999836,31.29058765,121.21440396,164316030,31.2907006953,121.214096002,0.380602340168,31.8882794475
1510999837,31.2906203,121.21449166,164316030,31.2907578383,121.214116978,0.370399432625,38.7973538461
1510999839,31.2906203,121.21449166,164316030,31.2907578383,121.214116978,0.370399432625,38.7973538461
1510999840,31.29064337,121.21458609,164316030,31.290808716,121.214135654,0.361315199748,46.6414447105
1510999841,31.29064337,121.21458609,164316030,31.290808716,121.214135654,0.361315199748,46.6414447105
1510999842,31.29066366,121.21470197,263922901,31.2907089126,121.215031107,0.9999,31.7373745008
1510999843,31.29066366,121.21470197,263922901,31.2907089126,121.215031107,0.9999,31.7373745008
1510999844,31.29068788,121.21480939,263922901,31.2907089126,121.215031107,0.9999,21.2388610769
1510999845,31.29068788,121.21480939,263922901,31.2907089126,121.215031107,0.9999,21.2388610769
1510999846,31.29070788,121.21492598,263922901,31.2907089126,121.215031107,0.9999,10.010183412
1510999847,31.29070788,121.21492598,263922901,31.2907089126,121.215031107,0.9999,10.010183412
1510999848,31.2907161,121.21505002,263922901,31.2907111908,121.215050594,0.981758400049,0.547037464434
1510999849,31.2907161,121.21505002,263922901,31.2907111908,121.215050594,0.981758400049,0.547037464434
1510999850,31.29072402,121.21518299,263922901,31.2907266342,121.215182684,0.858784761086,0.291309768963
1510999851,31.29072402,121.21518299,263922901,31.2907266342,121.215182684,0.858784761086,0.291309768963
1510999852,31.29069404,121.21532537,263922901,31.2907408958,121.215328073,0.723505122394,5.20148130833
1510999853,31.29069404,121.21532537,263922901,31.2907408958,121.215328073,0.723505122394,5.20148130833
1510999854,31.29068481,121.21544519,263922901,31.2907339754,121.215448026,0.612402013922,5.45787332451
1510999855,31.29068481,121.21544519,263922901,31.2907339754,121.215448026,0.612402013922,5.45787332451
1510999856,31.29066806,121.21556268,263922901,31.2907156424,121.215571865,0.496415947821,5.34766707598
1510999858,31.29066806,121.21556268,263922901,31.2907156424,121.215571865,0.496415947821,5.34766707598
1510999859,31.29066672,121.21569154,263922901,31.2906916129,121.215696345,0.379186417228,2.79764762176
1510999860,31.29066672,121.21569154,263922901,31.2906916129,121.215696345,0.379186417228,2.79764762176
1510999861,31.29061886,121.21581252,263922901,31.2906552005,121.215826528,0.253698792848,4.2442495575
1510999862,31.29061886,121.21581252,263922901,31.2906552005,121.215826528,0.253698792848,4.2442495575
1510999863,31.29054441,121.21590541,263922901,31.2906047334,121.215943271,0.135732716096,7.59795240484
1510999864,31.29054441,121.21590541,263922901,31.2906047334,121.215943271,0.135732716096,7.59795240484
1510999865,31.2905185,121.21599715,263922901,31.2905561038,121.216020752,0.0511455519557,4.73633900623
1510999866,31.2905185,121.21599715,263922901,31.2905561038,121.216020752,0.0511455519557,4.73633900623
1510999867,31.29045487,121.21608615,263922901,31.2905267575,121.216067508,0.0001,8.16572206941
1510999868,31.29045487,121.21608615,263922901,31.2905267575,121.216067508,0.0001,8.16572206941
1510999869,31.29039156,121.21620405,263922901,31.2905267575,121.216067508,0.0001,19.84224027
1510999870,31.29039156,121.21620405,263922901,31.2905267575,121.216067508,0.0001,19.84224027
1510999872,31.29030935,121.21631358,263922901,31.2905267575,121.216067508,0.0001,33.6152222065
1510999873,31.29030935,121.21631358,263922901,31.2905267575,121.216067508,0.0001,33.6152222065
1510999875,31.29025696,121.21639592,263922901,31.2905267575,121.216067508,0.0001,43.2734700691
1510999901,31.29020962,121.21696053,168458392,31.290223623,121.217458018,0.956346038803,47.3931886828
1510999902,31.29020962,121.21696053,168458392,31.290223623,121.217458018,0.956346038803,47.3931886828
1510999904,31.29020872,121.21702748,168458392,31.2902208407,121.217458097,0.952988745228,41.0226627095
1510999905,31.29020872,121.21702748,168458392,31.2902208407,121.217458097,0.952988745228,41.0226627095
1510999906,31.29020443,121.21713988,168458392,31.2902133929,121.217458306,0.944001576048,30.3348570028
1510999907,31.29020443,121.21713988,168458392,31.2902133929,121.217458306,0.944001576048,30.3348570028
1510999908,31.29022967,121.21723021,168458392,31.2902360723,121.217457668,0.971368382601,21.6687552891
1510999909,31.29022967,121.21723021,168458392,31.2902360723,121.217457668,0.971368382601,21.6687552891
1510999910,31.2902487,121.21732602,168458392,31.2902523926,121.217457208,0.991061676745,12.4976591206
1510999911,31.2902487,121.21732602,168458392,31.2902523926,121.217457208,0.991061676745,12.4976591206
1510999912,31.29027239,121.21741663,168458392,31.2902597171,121.217457002,0.9999,4.09273364748
1510999913,31.29027239,121.21741663,168458392,31.2902597171,121.217457002,0.9999,4.09273364748
1510999914,31.29028899,121.21750709,168458392,31.2902597171,121.217457002,0.9999,5.76865897552
1510999915,31.29028899,121.21750709,168458392,31.2902597171,121.217457002,0.9999,5.76865897552
1510999916,31.29029039,121.21760876,168458392,31.2902597171,121.217457002,0.9999,14.8442349008
1510999917,31.29029039,121.21760876,168458392,31.2902597171,121.217457002,0.9999,14.8442349008
1510999918,31.29029798,121.21770907,168458392,31.2902597171,121.217457002,0.9999,24.3723694789
1510999919,31.29029798,121.21770907,168458392,31.2902597171,121.217457002,0.9999,24.3723694789
1510999920,31.29031414,121.21782242,168458392,31.2902597171,121.217457002,0.9999,35.3121501197
1510999921,31.29031414,121.21782242,168458392,31.2902597171,121.217457002,0.9999,35.3121501197
1510999923,31.29030075,121.21792182,168458392,31.2902597171,121.217457002,0.9999,44.490250657
1510999924,31.29030075,121.21792182,168458392,31.2902597171,121.217457002,0.9999,44.490250657
1510999929,31.29020039,121.21812689,108718520,31.2902458266,121.218617308,0.0373223527901,46.9655154876
1510999930,31.29020039,121.21812689,108718520,31.2902458266,121.218617308,0.0373223527901,46.9655154876
1510999931,31.29016387,121.21811018,108718520,31.2902111524,121.21862052,0.044371974945,48.8734405881
1510999932,31.29016387,121.21811018,108718520,31.2902111524,121.21862052,0.044371974945,48.8734405881
1510999942,31.29014641,121.218081,164316047,31.2897563,121.2183433,0.913903111265,49.945726271
1510999943,31.29014641,121.218081,164316047,31.2897563,121.2183433,0.913903111265,49.945726271
1510999944,31.29014692,121.21808556,164316047,31.2897563,121.2183433,0.913903111265,49.7792333615
Time_cost 0.156913042068
