1512004245,31.29069382,121.21266457,164316014,31.290665718,121.212715842,0.620484685911,5.7913233414
1512004247,31.29070566,121.21267879,164316014,31.2906808163,121.212724117,0.62339589978,5.11985306588
1512004249,31.29070566,121.21267879,164316014,31.2906808163,121.212724117,0.62339589978,5.11985306588
1512004251,31.29070566,121.21267879,164316014,31.2906808163,121.212724117,0.62339589978,5.11985306588
1512004253,31.29045903,121.21259199,164316014,31.2904545765,121.212600115,0.57977284485,0.917785200155
1512004255,31.29045903,121.21259199,164316014,31.2904545765,121.212600115,0.57977284485,0.917785200155
1512004257,31.29046544,121.2125319,164316014,31.2904274483,121.212582624,0.574301414685,6.40850321981
1512004259,31.29046544,121.2125319,164316014,31.2904274483,121.212582624,0.574301414685,6.40850321981
1512004261,31.29045159,121.21270122,164316014,31.2904948936,121.212622213,0.587546699272,8.9241190298
1512004263,31.29045159,121.21270122,164316014,31.2904948936,121.212622213,0.587546699272,8.9241190298
1512004265,31.29045159,121.21270122,164316014,31.2904948936,121.212622213,0.587546699272,8.9241190298
1512004268,31.29031313,121.21262853,164316014,31.2903762393,121.21254427,0.563483327068,10.6453801342
1512004270,31.29031313,121.21262853,164316014,31.2903762393,121.21254427,0.563483327068,10.6453801342
1512004272,31.29028544,121.21263595,164316014,31.2903620606,121.21253365,0.560488027229,12.9245370215
1512004274,31.29022022,121.21244898,164316014,31.2902305676,121.212435164,0.532709636254,1.74545369916
1512004276,31.29021373,121.21245198,164316014,31.2902278494,121.212433129,0.532135404316,2.38168604178
1512004278,31.29017546,121.21250612,164316014,31.29022931,121.212434222,0.532443951409,9.08350660328
1512004280,31.29011748,121.21258343,164316014,31.2902292611,121.212434186,0.532433638347,18.8555090042
1512004282,31.29011748,121.21258343,164316014,31.2902292611,121.212434186,0.532433638347,18.8555090042
1512004284,31.29008508,121.21257005,164316014,31.2902020849,121.212413831,0.526692558944,19.7366714841
1512004286,31.29008508,121.21257005,164316014,31.2902020849,121.212413831,0.526692558944,19.7366714841
1512004288,31.29007004,121.21252956,164316014,31.2901730221,121.212392064,0.520552932591,17.3712734389
1512004291,31.29004891,121.21244253,164316014,31.2901177272,121.212350649,0.508871677254,11.6082179303
1512004293,31.29001913,121.2123915,164316014,31.2900764916,121.212318927,0.500074180029,9.39124425638
1512004295,31.29000465,121.21250553,164316014,31.2901196016,121.212352053,0.509267647808,19.3903219041
1512004297,31.28999268,121.21249552,164316014,31.2901071303,121.212342712,0.506633047687,19.3057698358
1512004299,31.28997187,121.21247644,164316014,31.2900887254,121.212328597,0.502710869727,19.1316391585
1512004301,31.28997187,121.21247644,164316014,31.2900887254,121.212328597,0.502710869727,19.1316391585
1512004303,31.28982376,121.21223186,164316014,31.2898785825,121.2121625,0.457419812929,8.97555095224
1512004305,31.28982376,121.21223186,164316014,31.2898785825,121.2121625,0.457419812929,8.97555095224
1512004307,31.28975698,121.21214583,164316014,31.2897956285,121.212096933,0.43954114507,6.32753837267
1512004309,31.28975698,121.21214583,164316014,31.2897956285,121.212096933,0.43954114507,6.32753837267
1512004311,31.28990347,121.21200845,164316014,31.2898189582,121.212115373,0.44456929941,13.8363329649
1512004313,31.28982778,121.21207205,164316014,31.2898033123,121.212103006,0.441197207007,4.00585939207
1512004316,31.28972659,121.21214412,164316014,31.289776092,121.212081491,0.435330543807,8.10448108164
1512004318,31.28970999,121.21218101,164316014,31.2897838212,121.2120876,0.436996380165,12.0876674628
1512004320,31.28968599,121.21214868,164316014,31.2897533216,121.212063493,0.43042296162,11.0235587725
1512004322,31.28967607,121.21214902,164316014,31.2897473814,121.212058798,0.429142697202,11.6751317858
1512004324,31.28965847,121.21214692,164316014,31.2897355272,121.212049429,0.426587830647,12.6158863636
1512004326,31.28963384,121.21213792,164316014,31.2897159895,121.212033986,0.422376960939,13.449599511
1512004328,31.2896126,121.21213552,164316014,31.2897017491,121.21202273,0.419307784614,14.5955719766
1512004330,31.2896156,121.21212581,164316014,31.2896988718,121.212020456,0.418687661393,13.6333398296
1512004332,31.2896156,121.21212581,164316014,31.2896988718,121.212020456,0.418687661393,13.6333398296
1512004334,31.28958069,121.21213151,164316014,31.2896801581,121.212005665,0.414654399538,16.2850234846
1512004336,31.28958069,121.21213151,164316014,31.2896801581,121.212005665,0.414654399538,16.2850234846
1512004338,31.28948228,121.21215924,164316014,31.2896330783,121.211968453,0.404507519451,24.6888629059
1512004340,31.28944762,121.21216315,164316014,31.2896136477,121.211953095,0.40031974157,27.1822431542
1512004343,31.28940884,121.21213911,164316014,31.2895780842,121.211924986,0.392654914452,27.7088559204
1512004345,31.28939068,121.21211124,164316014,31.2895533488,121.211905435,0.387323811763,26.6323234379
1512004347,31.28936863,121.21211618,164316014,31.2895421805,121.211896607,0.384916776278,28.4139004195
1512004349,31.28935011,121.21210734,164316014,31.2895264813,121.211884199,0.381533189242,28.8757154225
1512004351,31.28933309,121.21209837,164316014,31.289511642,121.21187247,0.378334950652,29.2327464025
1512004353,31.28933309,121.21209837,164316014,31.289511642,121.21187247,0.378334950652,29.2327464025
1512004355,31.28930916,121.21208898,164316014,31.2894923454,121.211857217,0.374176046716,29.9913332005
1512004357,31.28930916,121.21208898,164316014,31.2894923454,121.211857217,0.374176046716,29.9913332005
1512004359,31.28929026,121.21209372,164316014,31.2894830186,121.211849846,0.372165896924,31.5586787347
1512004361,31.28929026,121.21209372,164316014,31.2894830186,121.211849846,0.372165896924,31.5586787347
1512004363,31.28928123,121.21210186,164316014,31.2894814207,121.211848583,0.371821513023,32.7754751011
1512004366,31.28928123,121.21210186,164316014,31.2894814207,121.211848583,0.371821513023,32.7754751011
1512004368,31.28927713,121.21210225,164316014,31.289479087,121.211846738,0.371318528689,33.0646462452
1512004370,31.28927713,121.21210225,164316014,31.289479087,121.211846738,0.371318528689,33.0646462452
1512004372,31.28925368,121.21210625,164316014,31.2894665997,121.211836868,0.368627221913,34.8594911921
1512004374,31.28918554,121.21223307,164316014,31.289486356,121.211852483,0.372885190154,49.2499852226
1512004376,31.28917708,121.21230554,266233213,31.2891587425,121.2120936,0.0001,20.2820102484
1512004378,31.28918297,121.21233904,266233213,31.2891587425,121.2120936,0.0001,23.5234198677
1512004380,31.28917178,121.21236197,266233213,31.2891587425,121.2120936,0.0001,25.5936754447
1512004382,31.28917178,121.21236197,266233213,31.2891587425,121.2120936,0.0001,25.5936754447
1512004384,31.28913535,121.21238137,266233213,31.2891587425,121.2120936,0.0001,27.5224750146
1512004386,31.28913535,121.21238137,266233213,31.2891587425,121.2120936,0.0001,27.5224750146
1512004388,31.28908766,121.21244877,266233213,31.2889285368,121.212676044,0.566644098591,27.9204354646
1512004390,31.28904225,121.21257723,266233213,31.2889584186,121.212696966,0.58619007233,14.7094118881
1512004392,31.28905494,121.21262357,266233213,31.2889887062,121.212718171,0.606001476596,11.6216163335
1512004394,31.28905362,121.21264922,266233213,31.2889998716,121.212725988,0.613304837167,9.4308906042
1512004397,31.2890779,121.21268968,266233213,31.2890126,121.2127349,0.621630608202,8.42361083282
1512004399,31.28908951,121.21273977,266233213,31.2890126,121.2127349,0.621630608202,8.53995151287
1512004401,31.28910219,121.21281282,266233213,31.2889993758,121.212761281,0.63744277935,12.410862601
1512004403,31.28910838,121.21285868,266233213,31.2889822466,121.212795451,0.657924092182,15.2257567584
1512004405,31.2890978,121.21286681,266233213,31.2889768649,121.212806187,0.664359013874,14.5982660806
1512004407,31.2890978,121.21286681,266233213,31.2889768649,121.212806187,0.664359013874,14.5982660806
1512004409,31.28909229,121.21289571,266233213,31.2889641805,121.21283149,0.679525670559,15.4642946767
1512004411,31.28909229,121.21289571,266233213,31.2889641805,121.21283149,0.679525670559,15.4642946767
1512004413,31.28908864,121.21297596,266233213,31.28911528,121.213118484,0.935908799962,13.8881488126
1512004415,31.28908864,121.21297596,266233213,31.28911528,121.213118484,0.935908799962,13.8881488126
1512004417,31.28908644,121.21308802,266233213,31.2890929156,121.213122664,0.923717667381,3.37587493177
1512004419,31.28915336,121.21304616,266233213,31.2891651367,121.213109165,0.963086273354,6.13944442498
1512004421,31.28920656,121.21303313,266233213,31.289181,121.2131062,0.971733579651,7.51234867502
1512004424,31.28924355,121.21303524,266233213,31.2891979244,121.213115787,0.982156048273,9.18734193614
1512004426,31.28928445,121.21304562,266233213,31.2892267376,121.213132108,0.9999,10.4287283635
1512004428,31.2893068,121.21306677,266233213,31.2892267376,121.213132108,0.9999,10.8397892192
1512004430,31.2893068,121.21306677,266233213,31.2892267376,121.213132108,0.9999,10.8397892192
1512004432,31.2893068,121.21306677,266233213,31.2892267376,121.213132108,0.9999,10.8397892192
1512004434,31.2893068,121.21306677,266233213,31.2892267376,121.213132108,0.9999,10.8397892192
1512004436,31.2893068,121.21306677,266233213,31.2892267376,121.213132108,0.9999,10.8397892192
1512004438,31.2893068,121.21306677,266233213,31.2892267376,121.213132108,0.9999,10.8397892192
1512004440,31.2893068,121.21306677,266233213,31.2892267376,121.213132108,0.9999,10.8397892192
1512004442,31.2893068,121.21306677,266233213,31.2892267376,121.213132108,0.9999,10.8397892192
1512004445,31.2893068,121.21306677,266233213,31.2892267376,121.213132108,0.9999,10.8397892192
1512004448,31.2893068,121.21306677,266233213,31.2892267376,121.213132108,0.9999,10.8397892192
1512004449,31.2893068,121.21306677,266233213,31.2892267376,121.213132108,0.9999,10.8397892192
1512004451,31.2893068,121.21306677,266233213,31.2892267376,121.213132108,0.9999,10.8397892192
1512004453,31.2893068,121.21306677,266233213,31.2892267376,121.213132108,0.9999,10.8397892192
1512004455,31.2893068,121.21306677,266233213,31.2892267376,121.213132108,0.9999,10.8397892192
1512004457,31.2893068,121.21306677,266233213,31.2892267376,121.213132108,0.9999,10.8397892192
1512004459,31.2893068,121.21306677,266233213,31.2892267376,121.213132108,0.9999,10.8397892192
1512004461,31.2893068,121.21306677,266233213,31.2892267376,121.213132108,0.9999,10.8397892192
1512004463,31.2893068,121.21306677,266233213,31.2892267376,121.213132108,0.9999,10.8397892192
1512004465,31.2893068,121.21306677,266233213,31.2892267376,121.213132108,0.9999,10.8397892192
1512004467,31.2893068,121.21306677,266233213,31.2892267376,121.213132108,0.9999,10.8397892192
1512004469,31.2893068,121.21306677,266233213,31.2892267376,121.213132108,0.9999,10.8397892192
1512004471,31.2893068,121.21306677,266233213,31.2892267376,121.213132108,0.9999,10.8397892192
1512004474,31.2893068,121.21306677,266233213,31.2892267376,121.213132108,0.9999,10.8397892192
1512004476,31.2893068,121.21306677,266233213,31.2892267376,121.213132108,0.9999,10.8397892192
1512004478,31.2893068,121.21306677,266233213,31.2892267376,121.213132108,0.9999,10.8397892192
1512004480,31.2893068,121.21306677,266233213,31.2892267376,121.213132108,0.9999,10.8397892192
1512004482,31.2893068,121.21306677,266233213,31.2892267376,121.213132108,0.9999,10.8397892192
1512004484,31.2893068,121.21306677,266233213,31.2892267376,121.213132108,0.9999,10.8397892192
1512004486,31.2893068,121.21306677,266233213,31.2892267376,121.213132108,0.9999,10.8397892192
1512004488,31.2893068,121.21306677,266233213,31.2892267376,121.213132108,0.9999,10.8397892192
1512004490,31.2893068,121.21306677,266233213,31.2892267376,121.213132108,0.9999,10.8397892192
1512004492,31.2893068,121.21306677,266233213,31.2892267376,121.213132108,0.9999,10.8397892192
1512004494,31.2893068,121.21306677,266233213,31.2892267376,121.213132108,0.9999,10.8397892192
1512004496,31.2893068,121.21306677,266233213,31.2892267376,121.213132108,0.9999,10.8397892192
1512004499,31.2893068,121.21306677,266233213,31.2892267376,121.213132108,0.9999,10.8397892192
1512004501,31.2893068,121.21306677,266233213,31.2892267376,121.213132108,0.9999,10.8397892192
1512004503,31.2893068,121.21306677,266233213,31.2892267376,121.213132108,0.9999,10.8397892192
1512004505,31.2893068,121.21306677,266233213,31.2892267376,121.213132108,0.9999,10.8397892192
1512004507,31.2893068,121.21306677,266233213,31.2892267376,121.213132108,0.9999,10.8397892192
1512004509,31.2893068,121.21306677,266233213,31.2892267376,121.213132108,0.9999,10.8397892192
1512004511,31.2893068,121.21306677,266233213,31.2892267376,121.213132108,0.9999,10.8397892192
1512004513,31.2893068,121.21306677,266233213,31.2892267376,121.213132108,0.9999,10.8397892192
1512004515,31.2893068,121.21306677,266233213,31.2892267376,121.213132108,0.9999,10.8397892192
1512004517,31.2893068,121.21306677,266233213,31.2892267376,121.213132108,0.9999,10.8397892192
1512004519,31.2893068,121.21306677,266233213,31.2892267376,121.213132108,0.9999,10.8397892192
1512004521,31.2893068,121.21306677,266233213,31.2892267376,121.213132108,0.9999,10.8397892192
1512004524,31.2893068,121.21306677,266233213,31.2892267376,121.213132108,0.9999,10.8397892192
1512004526,31.2893068,121.21306677,266233213,31.2892267376,121.213132108,0.9999,10.8397892192
1512004528,31.2893068,121.21306677,266233213,31.2892267376,121.213132108,0.9999,10.8397892192
1512004530,31.2893068,121.21306677,266233213,31.2892267376,121.213132108,0.9999,10.8397892192
1512004532,31.2893068,121.21306677,266233213,31.2892267376,121.213132108,0.9999,10.8397892192
1512004534,31.2893068,121.21306677,266233213,31.2892267376,121.213132108,0.9999,10.8397892192
1512004536,31.2893068,121.21306677,266233213,31.2892267376,121.213132108,0.9999,10.8397892192
1512004538,31.2893068,121.21306677,266233213,31.2892267376,121.213132108,0.9999,10.8397892192
1512004540,31.2893068,121.21306677,266233213,31.2892267376,121.213132108,0.9999,10.8397892192
1512004542,31.2893068,121.21306677,266233213,31.2892267376,121.213132108,0.9999,10.8397892192
1512004545,31.2893068,121.21306677,266233213,31.2892267376,121.213132108,0.9999,10.8397892192
1512004547,31.2893068,121.21306677,266233213,31.2892267376,121.213132108,0.9999,10.8397892192
1512004548,31.2893068,121.21306677,266233213,31.2892267376,121.213132108,0.9999,10.8397892192
1512004551,31.2893068,121.21306677,266233213,31.2892267376,121.213132108,0.9999,10.8397892192
1512004553,31.2893068,121.21306677,266233213,31.2892267376,121.213132108,0.9999,10.8397892192
1512004555,31.2893068,121.21306677,266233213,31.2892267376,121.213132108,0.9999,10.8397892192
1512004557,31.2893068,121.21306677,266233213,31.2892267376,121.213132108,0.9999,10.8397892192
1512004559,31.2893068,121.21306677,266233213,31.2892267376,121.213132108,0.9999,10.8397892192
1512004561,31.2893068,121.21306677,266233213,31.2892267376,121.213132108,0.9999,10.8397892192
1512004563,31.2893068,121.21306677,266233213,31.2892267376,121.213132108,0.9999,10.8397892192
1512004565,31.2893068,121.21306677,266233213,31.2892267376,121.213132108,0.9999,10.8397892192
1512004567,31.2893068,121.21306677,266233213,31.2892267376,121.213132108,0.9999,10.8397892192
1512004569,31.2893068,121.21306677,266233213,31.2892267376,121.213132108,0.9999,10.8397892192
1512004571,31.2893068,121.21306677,266233213,31.2892267376,121.213132108,0.9999,10.8397892192
1512004573,31.2893068,121.21306677,266233213,31.2892267376,121.213132108,0.9999,10.8397892192
1512004575,31.2893068,121.21306677,266233213,31.2892267376,121.213132108,0.9999,10.8397892192
1512004578,31.2893068,121.21306677,266233213,31.2892267376,121.213132108,0.9999,10.8397892192
1512004580,31.2893068,121.21306677,266233213,31.2892267376,121.213132108,0.9999,10.8397892192
1512004582,31.2893068,121.21306677,266233213,31.2892267376,121.213132108,0.9999,10.8397892192
1512004584,31.2893068,121.21306677,266233213,31.2892267376,121.213132108,0.9999,10.8397892192
1512004586,31.2893068,121.21306677,266233213,31.2892267376,121.213132108,0.9999,10.8397892192
1512004588,31.2893068,121.21306677,266233213,31.2892267376,121.213132108,0.9999,10.8397892192
1512004590,31.2893068,121.21306677,266233213,31.2892267376,121.213132108,0.9999,10.8397892192
1512004592,31.2893068,121.21306677,266233213,31.2892267376,121.213132108,0.9999,10.8397892192
1512004594,31.2893068,121.21306677,266233213,31.2892267376,121.213132108,0.9999,10.8397892192
1512004596,31.2893068,121.21306677,266233213,31.2892267376,121.213132108,0.9999,10.8397892192
1512004598,31.2893068,121.21306677,266233213,31.2892267376,121.213132108,0.9999,10.8397892192
1512004600,31.28907859,121.21319276,266233213,31.2890664139,121.213127618,0.909271278648,6.34768007974
1512004602,31.28907701,121.21312819,266233213,31.289076549,121.213125724,0.914796028603,0.24033949037
1512004604,31.28910232,121.21304019,266233213,31.2891168979,121.213118182,0.936790720059,7.59979561462
1512004606,31.28911062,121.21305668,266233213,31.2891219395,121.213117239,0.93953896738,5.90112276338
1512004609,31.28913421,121.21306908,266233213,31.2891424936,121.213113397,0.950743280791,4.31845261663
1512004611,31.2890949,121.21304647,266233213,31.2891085942,121.213119734,0.93226425876,7.1390921154
1512004613,31.28908446,121.21303296,266233213,31.2891009466,121.213121163,0.928095468339,8.59484781761
1512004615,31.28911288,121.21304958,266233213,31.2891254055,121.213116591,0.941428332036,6.52984331808
1512004617,31.28910801,121.21304203,266233213,31.2891220635,121.213117216,0.939606553688,7.32641386662
1512004619,31.28908907,121.21303042,266233213,31.2891058597,121.213120245,0.930773668089,8.7528679735
1512004621,31.2890826,121.21302734,266233213,31.2891001644,121.213121309,0.927669078973,9.15672819404
1512004623,31.2890826,121.21302734,266233213,31.2891001644,121.213121309,0.927669078973,9.15672819404
1512004625,31.28907771,121.21302113,266233213,31.289096561,121.213121983,0.925704842668,9.82754076831
1512004627,31.28912341,121.21302909,266233213,31.2891392807,121.213113998,0.948991845366,8.27374377137
1512004629,31.28914366,121.21301431,266233213,31.2891615164,121.213109842,0.961112831923,9.30901508571
1512004632,31.28914359,121.21301445,266233213,31.2891614235,121.213109859,0.96106217911,9.29706537472
1512004634,31.28915713,121.21303006,266233213,31.2891716871,121.213107941,0.966657025863,7.5889769022
1512004636,31.28914384,121.21302103,266233213,31.2891604767,121.213110036,0.960546052063,8.6730785625
1512004638,31.28913403,121.21302684,266233213,31.2891499485,121.213112004,0.954807024468,8.29868932132
1512004640,31.28914005,121.21302812,266233213,31.2891555341,121.21311096,0.95785180487,8.07222624584
1512004642,31.28914364,121.21303134,266233213,31.2891584214,121.21311042,0.959425684712,7.70586978713
1512004644,31.28914334,121.21303336,266233213,31.2891577667,121.213110543,0.959068801441,7.52095823316
1512004646,31.28914254,121.2130373,266233213,31.2891562821,121.21311082,0.958259537856,7.16407031847
1512004648,31.28914076,121.21304018,266233213,31.289154042,121.213111239,0.957038455586,6.92423271631
1512004650,31.28913807,121.213041,266233213,31.2891512947,121.213111752,0.955540874925,6.89436757525
1512004652,31.28913807,121.213041,266233213,31.2891512947,121.213111752,0.955540874925,6.89436757525
1512004654,31.2891242,121.21304262,266233213,31.2891376004,121.213114312,0.948075910603,6.98593560596
1512004657,31.28911649,121.21304345,266233213,31.2891300008,121.213115733,0.943933258805,7.04347574466
1512004659,31.28911704,121.21305789,266233213,31.2891279242,121.213116121,0.942801323515,5.67421097544
1512004661,31.28911765,121.21307136,266233213,31.2891260809,121.213116465,0.941796487897,4.39521973685
1512004663,31.28911447,121.21306772,266233213,31.2891236656,121.213116917,0.940479908587,4.793905357
1512004665,31.28910956,121.21306647,266233213,31.2891191472,121.213117761,0.938016823305,4.99800884418
1512004667,31.28910539,121.21306993,266233213,31.289114493,121.213118631,0.935479801654,4.74562320784
1512004669,31.28910539,121.21306993,266233213,31.289114493,121.213118631,0.935479801654,4.74562320784
1512004671,31.28910271,121.21307005,266233213,31.2891118818,121.213119119,0.93405640349,4.78148989981
1512004673,31.28910271,121.21307005,266233213,31.2891118818,121.213119119,0.93405640349,4.78148989981
1512004675,31.28910148,121.21307378,266233213,31.2891100197,121.213119467,0.933041329012,4.45194171486
1512004677,31.28910148,121.21307378,266233213,31.2891100197,121.213119467,0.933041329012,4.45194171486
1512004679,31.28910251,121.21308145,266233213,31.2891096297,121.21311954,0.932828725032,3.71165264519
1512004681,31.28910253,121.21308733,266233213,31.289108587,121.213119735,0.932260369963,3.15767439301
1512004683,31.2891028,121.21308904,266233213,31.2891085391,121.213119744,0.932234231338,2.99191911977
1512004686,31.28910312,121.21309018,266233213,31.2891086424,121.213119725,0.932290545058,2.8789517526
1512004688,31.28910298,121.21309151,266233213,31.2891082669,121.213119795,0.932085866348,2.7561906112
1512004690,31.28910313,121.21309194,266233213,31.2891083342,121.213119782,0.932122539181,2.71306449658
1512004692,31.28910313,121.21309194,266233213,31.2891083342,121.213119782,0.932122539181,2.71306449658
1512004694,31.28910365,121.21309385,266233213,31.2891084917,121.213119753,0.932208388067,2.52407866739
1512004696,31.28910365,121.21309385,266233213,31.2891084917,121.213119753,0.932208388067,2.52407866739
1512004698,31.28910409,121.21309529,266233213,31.2891086567,121.213119722,0.932298371876,2.38075319712
1512004700,31.28910409,121.21309529,266233213,31.2891086567,121.213119722,0.932298371876,2.38075319712
1512004702,31.28910406,121.21309626,266233213,31.2891084526,121.21311976,0.932187073521,2.28995165745
1512004704,31.28910406,121.21309626,266233213,31.2891084526,121.21311976,0.932187073521,2.28995165745
1512004706,31.2891031,121.2130977,266233213,31.2891072649,121.213119982,0.931539662652,2.17126467811
1512004708,31.28910227,121.21309936,266233213,31.2891061631,121.213120188,0.930939065025,2.02957593175
1512004711,31.28909958,121.21310698,266233213,31.2891021877,121.213120931,0.928772020569,1.35946253226
1512004713,31.28908661,121.21312285,266233213,31.2890867893,121.213123809,0.920378175232,0.0934941902497
1512004715,31.28906311,121.21313872,266233213,31.2890612164,121.213128589,0.906438068496,0.987158105149
1512004717,31.28889102,121.2133557,266233213,31.2890419,121.2131322,0.895908436757,27.0686733726
1512004719,31.28885513,121.21337934,266233213,31.2890419,121.2131322,0.895908436757,31.345676072
1512004721,31.28882129,121.21342496,266233213,31.2890419,121.2131322,0.895908436757,37.0852703132
1512004723,31.28879554,121.2134808,266233213,31.2890419,121.2131322,0.895908436757,42.9862614752
1512004725,31.28877022,121.21353444,266233213,31.2890419,121.2131322,0.895908436757,48.7257193078
1512004727,31.28877022,121.21353444,266233213,31.2890419,121.2131322,0.895908436757,48.7257193078
1512004729,31.28873543,121.21358087,164316030,31.2886974197,121.213818485,0.732356828156,23.0137363461
1512004731,31.28865824,121.21368189,164316030,31.2886379122,121.213808966,0.742457944609,12.3076806322
1512004733,31.2886069,121.21372769,164316030,31.2885949968,121.213802101,0.749742630776,7.20686855123
1512004735,31.28856427,121.21374531,164316030,31.2885561787,121.213795891,0.756331818102,4.89891235741
1512004738,31.28855013,121.21375283,164316030,31.2885435645,121.213793873,0.75847303101,3.97514574092
1512004740,31.28853825,121.21375859,164316030,31.2885328793,121.213792164,0.760286788919,3.25172740534
1512004742,31.28848643,121.2137376,164316030,31.2884723615,121.213773697,0.770947491129,3.7743607171
1512004744,31.28845252,121.21374025,164316030,31.2884438198,121.213762573,0.776081997328,2.33413547814
1512004746,31.28842861,121.21372988,164316030,31.2884195541,121.213753116,0.780447266555,2.4295644907
1512004748,31.28842861,121.21372988,164316030,31.2884195541,121.213753116,0.780447266555,2.4295644907
1512004750,31.28839578,121.21373003,164316030,31.2883911041,121.213742027,0.785565273743,1.25448082702
1512004753,31.28839578,121.21373003,164316030,31.2883911041,121.213742027,0.785565273743,1.25448082702
1512004754,31.28832924,121.21371892,164316030,31.2883295795,121.213718049,0.79663321036,0.0910933864568
1512004756,31.28824246,121.21365146,164316030,31.2882301697,121.213674847,0.814826925645,2.61067125502
1512004759,31.28817765,121.21364735,164316030,31.2881776923,121.21364727,0.824763506462,0.00896939124804
1512004761,31.28813738,121.21364018,164316030,31.2881431843,121.213629135,0.831297588229,1.23293293451
1512004763,31.28809186,121.21364532,164316030,31.2881096316,121.213611503,0.837650788517,3.77498874136
1512004765,31.28805355,121.21364917,164316030,31.2880811974,121.21359656,0.843034797784,5.87277986026
1512004767,31.28802761,121.21366426,164316030,31.2880670848,121.213589144,0.845707008188,8.3851328838
1512004769,31.28802761,121.21366426,164316030,31.2880670848,121.213589144,0.845707008188,8.3851328838
1512004771,31.2879676,121.21367586,164316030,31.2880487587,121.213576474,0.84945949125,13.0584562538
1512004773,31.2879676,121.21367586,164316030,31.2880487587,121.213576474,0.84945949125,13.0584562538
1512004775,31.28793567,121.21366341,164316030,31.2880235032,121.21355585,0.854924774429,14.1323914265
1512004777,31.28793567,121.21366341,164316030,31.2880235032,121.21355585,0.854924774429,14.1323914265
1512004779,31.28796262,121.2136164,164316030,31.2880166409,121.213550246,0.856409772738,8.69195754798
1512004781,31.28796262,121.2136164,164316030,31.2880166409,121.213550246,0.856409772738,8.69195754798
1512004783,31.28794158,121.21354568,164316030,31.2879693718,121.213511646,0.866638822612,4.47168838548
1512004786,31.28794158,121.21354568,164316030,31.2879693718,121.213511646,0.866638822612,4.47168838548
1512004788,31.28794877,121.21349591,164316030,31.2879493025,121.213495258,0.870981808854,0.0856796844716
1512004790,31.28788373,121.2134873,164316030,31.2879060643,121.21345995,0.880338561859,3.5935793595
1512004792,31.28788373,121.2134873,164316030,31.2879060643,121.21345995,0.880338561859,3.5935793595
1512004794,31.28785066,121.21346766,164316030,31.2878766024,121.213435891,0.886714106708,4.17412933222
1512004796,31.28785066,121.21346766,164316030,31.2878766024,121.213435891,0.886714106708,4.17412933222
1512004798,31.28760488,121.21325794,164316030,31.2876264051,121.21323158,0.940856783136,3.4633958404
1512004800,31.28760488,121.21325794,164316030,31.2876264051,121.21323158,0.940856783136,3.4633958404
1512004802,31.28760488,121.21325794,164316030,31.2876264051,121.21323158,0.940856783136,3.4633958404
1512004804,31.28722726,121.21306693,164316030,31.2873535621,121.213008777,0.9999,15.0586189595
1512004806,31.28722726,121.21306693,164316030,31.2873535621,121.213008777,0.9999,15.0586189595
1512004808,31.28741447,121.21304609,164316030,31.287408383,121.213053544,0.988036751562,0.979392429141
1512004810,31.28741766,121.21305101,164316030,31.2874127072,121.213057075,0.987101001981,0.796904593739
1512004812,31.28741094,121.21304915,164316030,31.2874077644,121.213053039,0.988170630435,0.510957709231
1512004815,31.2873876,121.21300722,164316030,31.2873732198,121.21302483,0.995646066623,2.31377119695
1512004817,31.28737945,121.212981,164316030,31.2873554849,121.213010347,0.999483910396,3.85599385603
1512004819,31.28734935,121.21299519,164316030,31.2873535621,121.213008777,0.9999,1.37544672108
1512004821,31.28734027,121.21298566,164316030,31.2873535621,121.213008777,0.9999,2.64896040908
1512004823,31.2873151,121.21297182,164316030,31.2873535621,121.213008777,0.9999,5.52888445132
1512004825,31.28731375,121.21297108,164316030,31.2873535621,121.213008777,0.9999,5.68932633415
1512004827,31.28730715,121.21296821,164316030,31.2873535621,121.213008777,0.9999,6.43433276395
1512004829,31.28728204,121.21296068,164316030,31.2873535621,121.213008777,0.9999,9.1573795277
1512004831,31.28725699,121.21298268,164316030,31.2873535621,121.213008777,0.9999,10.9919323864
1512004833,31.28725699,121.21298268,164316030,31.2873535621,121.213008777,0.9999,10.9919323864
1512004835,31.28723532,121.21301483,164316030,31.2873535621,121.213008777,0.9999,13.1226855173
1512004837,31.2871774,121.21303372,164316030,31.2873535621,121.213008777,0.9999,19.6757293273
1512004839,31.28712075,121.21306414,164316030,31.2873535621,121.213008777,0.9999,26.3456639117
1512004842,31.2870918,121.21307384,164316030,31.2873535621,121.213008777,0.9999,29.6765322643
1512004844,31.28704983,121.21307837,164316030,31.2873535621,121.213008777,0.9999,34.3218522632
1512004846,31.2870213,121.21308178,164316030,31.2873535621,121.213008777,0.9999,37.4894099598
1512004848,31.28699424,121.21310042,164316030,31.2873535621,121.213008777,0.9999,40.7840261754
1512004850,31.28698244,121.21310081,164316030,31.2873535621,121.213008777,0.9999,42.07069933
1512004852,31.28696616,121.21309981,164316030,31.2873535621,121.213008777,0.9999,43.8188225384
1512004854,31.28696605,121.21309154,164316030,31.2873535621,121.213008777,0.9999,43.6818776027
1512004856,31.28690629,121.2130229,164316030,31.2873535621,121.213008777,0.9999,49.609260198
1512004858,31.28690629,121.2130229,164316030,31.2873535621,121.213008777,0.9999,49.609260198
1512004860,31.28685408,121.21298068,266221576,31.2868543861,121.212980302,0.623958600368,0.0494836837911
1512004863,31.28685408,121.21298068,266221576,31.2868543861,121.212980302,0.623958600368,0.0494836837911
1512004864,31.28670467,121.21282292,266221576,31.286686961,121.212844801,0.440999510883,2.86288029591
1512004866,31.28670467,121.21282292,266221576,31.286686961,121.212844801,0.440999510883,2.86288029591
1512004869,31.28662096,121.21285279,266221576,31.2866509878,121.212815688,0.40168864025,4.85436622809
1512004871,31.2865645,121.21281032,266221576,31.2865961045,121.212771269,0.341713152129,5.10925819492
1512004873,31.28653768,121.21279352,266221576,31.2865716836,121.212751505,0.31502642622,5.49710178493
1512004875,31.28651664,121.21278515,266221576,31.2865548775,121.212737904,0.29666106957,6.18157185385
1512004877,31.2865065,121.21277908,266221576,31.2865457823,121.212730543,0.286721982337,6.35047448977
1512004879,31.28651743,121.21282337,266221576,31.286574045,121.212753416,0.317606976098,9.15252704667
1512004881,31.28651743,121.21282337,266221576,31.286574045,121.212753416,0.317606976098,9.15252704667
1512004883,31.28651564,121.21285237,266221576,31.2865871449,121.212764018,0.331922280822,11.5596620708
1512004885,31.28651564,121.21285237,266221576,31.2865871449,121.212764018,0.331922280822,11.5596620708
1512004887,31.28645274,121.21284398,266221576,31.286545036,121.212729939,0.285906427867,14.9208539078
1512004889,31.28641004,121.21285756,266221576,31.2865258762,121.212714432,0.26496895154,18.7264397368
1512004891,31.28640391,121.21289132,266221576,31.2865386814,121.212724796,0.278962273231,21.787568155
1512004893,31.28641944,121.21289352,266221576,31.2865491409,121.212733261,0.290392254277,20.967858169
1512004896,31.28644692,121.21288059,266221576,31.2865594222,121.212741582,0.30162744329,18.1874564521
1512004898,31.28646443,121.21283325,266221576,31.2865468523,121.212731409,0.287891263372,13.3246426587
1512004900,31.28646937,121.21280601,266221576,31.2865365164,121.212723044,0.276596398698,10.8550615307
1512004902,31.28646788,121.21275188,266221576,31.2865091457,121.212700892,0.24668618877,6.67111957986
1512004904,31.28646788,121.21275188,266221576,31.2865091457,121.212700892,0.24668618877,6.67111957986
1512004906,31.28644411,121.21265621,266221576,31.286447999,121.212651405,0.17986623943,0.628711978501
1512004908,31.28641272,121.21262152,266221576,31.2864120679,121.212622326,0.140601826442,0.105428814135
1512004910,31.28641272,121.21262152,266221576,31.2864120679,121.212622326,0.140601826442,0.105428814135
1512004912,31.28639265,121.21260684,266221576,31.2863927616,121.212606702,0.119504932942,0.0180243408776
1512004914,31.28639265,121.21260684,266221576,31.2863927616,121.212606702,0.119504932942,0.0180243408776
1512004916,31.28634214,121.21256099,266221576,31.2863398192,121.212563858,0.06165206929,0.375203745449
1512004918,31.2862601,121.21245902,266221576,31.2862834915,121.212518274,0.0001,6.20955448249
1512004920,31.2862364,121.2124623,266221576,31.2862834915,121.212518274,0.0001,7.46103280256
1512004923,31.28619953,121.21242462,266221576,31.2862834915,121.212518274,0.0001,12.8911718074
1512004925,31.28615022,121.21241493,266221576,31.2862834915,121.212518274,0.0001,17.7530676067
1512004927,31.28610332,121.21240054,266221576,31.2862834915,121.212518274,0.0001,22.9069760779
1512004929,31.28608673,121.21241035,266221576,31.2862834915,121.212518274,0.0001,24.1149748907
1512004931,31.28607954,121.21244117,266221576,31.2862834915,121.212518274,0.0001,23.7749335632
1512004933,31.28605905,121.21244744,266221576,31.2862834915,121.212518274,0.0001,25.7826321199
1512004935,31.28605905,121.21244744,266221576,31.2862834915,121.212518274,0.0001,25.7826321199
1512004937,31.28602856,121.21241969,266221576,31.2862834915,121.212518274,0.0001,29.7833287327
1512004939,31.28602856,121.21241969,266221576,31.2862834915,121.212518274,0.0001,29.7833287327
1512004941,31.28598777,121.2123931,266221576,31.2862834915,121.212518274,0.0001,34.8870652337
1512004943,31.28592127,121.21234,266221576,31.2862834915,121.212518274,0.0001,43.6011472082
1512004945,31.28594618,121.21233203,266221576,31.2862834915,121.212518274,0.0001,41.3906701805
1512004948,31.28591106,121.21229688,266221576,31.2862834915,121.212518274,0.0001,46.3628835055
1512004950,31.28590713,121.21227286,266221576,31.2862834915,121.212518274,0.0001,47.8262732955
1512004952,31.28589078,121.21225651,135372842,31.2856367,121.2119412,0.313532128767,41.1703811114
1512004954,31.28584518,121.21225124,135372842,31.2856367,121.2119412,0.313532128767,37.4943379046
1512004956,31.28583025,121.21222567,135372842,31.2856367,121.2119412,0.313532128767,34.5573793942
1512004958,31.28581928,121.21217707,135372842,31.2856367,121.2119412,0.313532128767,30.2359094144
1512004960,31.28580283,121.21214117,135372842,31.2856367,121.2119412,0.313532128767,26.4921237598
1512004962,31.28580283,121.21214117,135372842,31.2856367,121.2119412,0.313532128767,26.4921237598
1512004964,31.28576,121.21210349,135372842,31.2856367,121.2119412,0.313532128767,20.6321554592
1512004966,31.28576,121.21210349,135372842,31.2856367,121.2119412,0.313532128767,20.6321554592
1512004968,31.28570985,121.21203893,135372842,31.2856367,121.2119412,0.313532128767,12.3440459527
1512004970,31.28567286,121.21198709,135372842,31.2856367,121.2119412,0.313532128767,5.93015646751
1512004972,31.28564344,121.21196951,135372842,31.2856316765,121.211943469,0.31684553126,2.80164921438
1512004975,31.28561375,121.21195229,135372842,31.2856134789,121.21195169,0.32884817374,0.0645690378038
1512004977,31.28557633,121.21191021,135372842,31.2855981883,121.211958597,0.33893345004,5.20585401318
1512004979,31.28554288,121.21185108,135372842,31.2855925916,121.211961125,0.342624869029,11.8395640754
1512004981,31.28551195,121.21187013,135372842,31.2855597566,121.211975958,0.364282022857,11.3858496247
1512004983,31.28548273,121.21187415,135372842,31.2855339806,121.211987602,0.381283184293,12.2061002165
1512004985,31.2854548,121.21188164,135372842,31.2854849943,121.212005129,0.41268779527,12.2257813863
1512004987,31.28542819,121.21189072,135372842,31.2854577905,121.212011781,0.429521367779,11.9853625395
1512004989,31.28540335,121.21189298,135372842,31.2854338303,121.21201764,0.444347796547,12.3416227735
1512004991,31.28537735,121.21189265,135372842,31.2854093732,121.21202362,0.459481772293,12.96633131
1512004993,31.28537735,121.21189265,135372842,31.2854093732,121.21202362,0.459481772293,12.96633131
1512004995,31.28535946,121.21190666,135372842,31.2853892601,121.212028537,0.471927676118,12.0661844826
1512004997,31.28536358,121.21192645,135372842,31.2853885818,121.212028703,0.47234739035,10.1233400682
1512005000,31.28533223,121.21195119,135372842,31.2853532924,121.212037332,0.494184302642,8.52821970984
1512005002,31.2853185,121.21199869,135372842,31.2853342,121.212042,0.505998594884,4.47623355025
1512005004,31.28531029,121.21205687,135372842,31.2853104631,121.212057141,0.522922210033,0.0321940601694
1512005006,31.28528407,121.21206598,135372842,31.2852876959,121.212071664,0.539154482438,0.674221949647
1512005008,31.28526803,121.21207744,135372842,31.285271099,121.212082251,0.550987542619,0.570668215893
1512005010,31.28525041,121.21207555,135372842,31.285259432,121.212089694,0.559305787382,1.67757814228
1512005012,31.28521815,121.21206576,135372842,31.2852566,121.2120915,0.561324887757,4.91743705184
1512005014,31.2851826,121.21204992,135372842,31.2852530073,121.212096886,0.565216465276,8.99656571603
1512005016,31.28514447,121.2120297,135372842,31.2852505998,121.212100495,0.567824202534,13.5611520631
1512005018,31.28514447,121.2120297,135372842,31.2852505998,121.212100495,0.567824202534,13.5611520631
1512005020,31.28508041,121.21200174,135372842,31.2852437805,121.212110718,0.575210804827,20.8753347646
1512005022,31.28500472,121.21196799,135372842,31.2852360527,121.212122303,0.583581450669,29.5594865684
1512005025,31.28496323,121.21195617,135372842,31.2852287327,121.212133276,0.59151032718,33.9257058725
1512005027,31.28491583,121.21193354,135372842,31.2852245831,121.212139497,0.596005058072,39.4522134777
1512005029,31.28490286,121.21191155,135372842,31.2852307407,121.212130266,0.589335344274,41.896309716
1512005031,31.28485092,121.21189447,135372842,31.2852226309,121.212142424,0.598119687267,47.4969070894
1512005033,31.28483113,121.21188877,135372842,31.2852191681,121.212147615,0.601870585086,49.5831790496
1512005035,31.28481509,121.21188643,384531666,31.2845041,121.21188643,0.757354299328,34.4808202321
1512005037,31.28479506,121.21190432,384531666,31.2845041,121.21190432,0.762212807822,32.2600065569
1512005039,31.28476867,121.21192623,384531666,31.2845041,121.21192623,0.768163054951,29.3340318844
1512005041,31.28473632,121.21193269,384531666,31.2845041,121.21193269,0.769917440912,25.7472459735
1512005043,31.28473632,121.21193269,384531666,31.2845041,121.21193269,0.769917440912,25.7472459735
1512005045,31.28469877,121.21193857,384531666,31.2845041,121.21193857,0.771514312347,21.5839133533
1512005047,31.28466962,121.21192834,384531666,31.2845041,121.21192834,0.768736081944,18.351925464
1512005049,31.28465151,121.21193225,384531666,31.2845041,121.21193225,0.769797947133,16.3439906292
1512005052,31.284578,121.21191496,384531666,31.2845041,121.21191496,0.765102384702,8.19361576909
1512005054,31.28452685,121.21191019,384531666,31.2845041,121.21191019,0.763806963487,2.52239185412
1512005056,31.28449788,121.21193941,384531666,31.2845041,121.21193941,0.771742436837,0.6896385626
1512005058,31.28448875,121.21193725,384531666,31.2845041,121.21193725,0.771155831006,1.70192153137
1512005060,31.28447208,121.21193487,384531666,31.2845041,121.21193487,0.770509478279,3.55019722209
1512005062,31.28445785,121.21192504,384531666,31.2845041,121.21192504,0.767839878587,5.12793945536
1512005064,31.28444437,121.21189557,384531666,31.2845041,121.21189557,0.759836511044,6.62252591063
1512005066,31.28444062,121.21185973,384531666,31.2845040979,121.211859725,0.750101805239,7.03806919606
1512005068,31.28444312,121.21182549,384531666,31.2845040951,121.211825485,0.740803071419,6.76057625932
1512005070,31.28445755,121.21175374,384531666,31.2845040893,121.211753736,0.721317754849,5.16001579716
1512005072,31.28447226,121.21173651,384531666,31.2845040879,121.211736507,0.716638810118,3.52889937661
1512005074,31.28448236,121.21175273,384531666,31.2845040892,121.211752728,0.721044007217,2.40921372125
1512005077,31.28449257,121.21171354,384531666,31.2845040861,121.211713539,0.710401137708,1.27683503315
1512005079,31.28453217,121.21165245,384531666,31.2845040811,121.211652452,0.693811382359,3.11433766961
1512005081,31.28454539,121.21166213,384531666,31.2845040819,121.211662133,0.69644053588,4.58001000586
1512005083,31.28454612,121.21161532,384531666,31.2845040781,121.211615323,0.683728043146,4.66136802861
1512005085,31.28455323,121.21157495,384531666,31.2845040748,121.211574954,0.672764644954,5.45004677054
1512005087,31.28455624,121.21153456,384531666,31.2845040716,121.211534564,0.661795725181,5.78414078484
1512005089,31.28455919,121.21148974,384531666,31.284504068,121.211489744,0.649623718982,6.1116220608
1512005091,31.28455987,121.21145163,384531666,31.2845040649,121.211451635,0.639273943074,6.18735835349
1512005093,31.28455611,121.21141738,384531666,31.2845040621,121.211417384,0.629972355998,5.77077784526
1512005095,31.28454929,121.2113811,384531666,31.2845040592,121.211381104,0.620119400862,5.01493997562
1512005097,31.2845406,121.21134653,384531666,31.2845040564,121.211346533,0.610730800939,4.05175170531
1512005099,31.28453873,121.21129572,384531666,31.2845040523,121.211295723,0.596931944001,3.84487224207
1512005102,31.28454718,121.211232,384531666,31.2845040471,121.211232003,0.57962725758,4.78233200766
1512005104,31.28453125,121.21118992,384531666,31.2845040437,121.211189922,0.568198957072,3.01648066295
1512005106,31.2845198,121.21117465,384531666,31.2845040425,121.211174651,0.564051728262,1.74710608422
1512005108,31.284516,121.21111854,384531666,31.2845040379,121.211118541,0.548813472035,1.32628661643
1512005110,31.28451258,121.21108362,384531666,31.2845040351,121.211083621,0.539329935986,0.94740940276
1512005112,31.28450946,121.21106692,384531666,31.2845040338,121.21106692,0.534794535341,0.601631124757
1512005114,31.28450148,121.21103215,384531666,31.2845040309,121.21103215,0.525351635657,0.282834546717
1512005116,31.28449526,121.2110006,384531666,31.2845040284,121.211000599,0.516783251842,0.972190202144
1512005118,31.28449292,121.2109733,384531666,31.2845040262,121.210973299,0.50936915453,1.23139142583
1512005120,31.28449142,121.21094123,384531666,31.2845040236,121.210941229,0.500659654455,1.39741541053
1512005122,31.2844974,121.21087601,384531666,31.2845040183,121.210876009,0.482947548625,0.733801886213
1512005124,31.28449818,121.21084899,384531666,31.2845040161,121.21084899,0.475609561334,0.647077596987
1512005126,31.28449712,121.21079417,384531666,31.2845040117,121.210794169,0.460721699325,0.764112866913
1512005129,31.2844652,121.21093565,384531666,31.2845040231,121.210935647,0.499143680178,4.30449125693
1512005131,31.28445875,121.2108963,384531666,31.28450402,121.210896296,0.488456992476,5.01927807197
1512005133,31.28442677,121.21088467,384531666,31.284504019,121.210884664,0.485297852211,8.564935998
1512005135,31.28441868,121.21085559,384531666,31.2845040167,121.210855583,0.477400221951,9.46164885634
1512005137,31.28442242,121.21080686,384531666,31.2845040127,121.210806853,0.464166367921,9.04654178028
1512005139,31.28442779,121.21075816,384531666,31.2845040088,121.210758154,0.450940696989,8.45070975536
1512005141,31.28443157,121.21072841,384531666,31.2845040064,121.210728404,0.442861370998,8.03133789418
1512005143,31.28443668,121.21068989,384531666,31.2845040033,121.210689885,0.432400345912,7.46442448623
1512005145,31.28443556,121.21065678,384531666,31.2845040006,121.210656774,0.423408414339,7.58830688415
1512005147,31.28443197,121.21062455,384531666,31.284504,121.21062455,0.414656998079,7.9862806099
1512005149,31.28442177,121.21056743,384531666,31.284504,121.21056743,0.39914453272,9.11719913928
1512005151,31.28442844,121.21053078,384531666,31.284504,121.21053078,0.389191243937,8.37766712105
1512005154,31.28443598,121.21049767,384531666,31.284504,121.21049767,0.380199336934,7.54167440299
1512005156,31.28445909,121.21047469,384531666,31.284504,121.21047469,0.373958502657,4.97936780425
1512005158,31.28440602,121.21041317,384531666,31.284504,121.21041317,0.357251099492,10.8634703953
1512005160,31.28438067,121.21041811,384531666,31.284504,121.21041811,0.358592688761,13.6741355518
1512005162,31.28438323,121.2103772,384531666,31.284504,121.2103772,0.347482482915,13.3902971768
1512005164,31.28444912,121.21028861,384531666,31.284504,121.21028861,0.323423496469,6.08478523401
1512005166,31.28446334,121.21023466,384531666,31.284504,121.21023466,0.308771929485,4.50815174723
1512005169,31.28449026,121.2102098,384531666,31.284504,121.2102098,0.302020530873,1.52341380097
1512005171,31.28455665,121.2101188,384531666,31.284504,121.2101188,0.277307044398,5.83753544803
1512005173,31.2845472,121.21008532,384531666,31.284504,121.21008532,0.268214653989,4.78977267165
1512005175,31.28445387,121.21007225,384531666,31.284504,121.21007225,0.264665145545,5.55813199489
1512005177,31.28444584,121.21006652,384531666,31.284504,121.21006652,0.263109010628,6.44845315558
1512005179,31.2844379,121.21003768,384531666,31.284504,121.21003768,0.255276736453,7.3287956202
1512005181,31.28443669,121.21002781,384531666,31.284504,121.21002781,0.252596273689,7.46295360363
1512005183,31.28443028,121.21002151,384531666,31.284504,121.21002151,0.250885340011,8.17365828827
1512005185,31.28442146,121.21001103,384531666,31.284504,121.21001103,0.248039215415,9.15157019356
1512005187,31.2844186,121.20998917,384531666,31.284504,121.20998917,0.242102547124,9.46867087911
1512005189,31.28442723,121.20994121,384531666,31.284504,121.20994121,0.22907772502,8.51182510336
1512005191,31.28443687,121.20989175,384531666,31.284504,121.20989175,0.215645537756,7.44299621752
1512005194,31.28443734,121.20984821,384531666,31.284504,121.20984821,0.203821084998,7.39088526618
1512005196,31.28441762,121.20983655,384531666,31.284504,121.20983655,0.200654499808,9.57732775629
1512005198,31.2843975,121.20983001,384531666,31.284504,121.20983001,0.198878387703,11.808119987
1512005200,31.28435894,121.20980182,384531666,31.284504,121.20980182,0.191222638428,16.0834354955
1512005202,31.28434886,121.20978223,384531666,31.284504,121.20978223,0.185902449419,17.2010490894
1512005204,31.28435138,121.20974236,384531666,31.284504,121.20974236,0.175074683422,16.9216456915
1512005206,31.28435454,121.2096957,384531666,31.284504,121.2096957,0.162402911124,16.5712827001
1512005208,31.28434733,121.20968084,384531666,31.284504,121.20968084,0.158367280257,17.3706868671
1512005210,31.28432694,121.20966391,384531666,31.284504,121.20966391,0.153769485465,19.6314151505
1512005212,31.28432694,121.20966391,384531666,31.284504,121.20966391,0.153769485465,19.6314151505
1512005214,31.28427056,121.2096517,384531666,31.284504,121.2096517,0.150453533047,25.8825117639
1512005216,31.28427056,121.2096517,384531666,31.284504,121.2096517,0.150453533047,25.8825117639
1512005219,31.28423348,121.20960169,384531666,31.284504,121.20960169,0.136871978558,29.9937331302
1512005221,31.28423462,121.20954625,384531666,31.284504,121.20954625,0.121815762183,29.8673363568
1512005223,31.2842401,121.20958575,384531666,31.284504,121.20958575,0.132543044774,29.2597448518
1512005225,31.28423991,121.20958444,384531666,31.284504,121.20958444,0.132187279199,29.2808109803
1512005227,31.28423992,121.20958445,384531666,31.284504,121.20958445,0.132189994965,29.2797022356
1512005229,31.28423992,121.20958445,384531666,31.284504,121.20958445,0.132189994965,29.2797022356
1512005231,31.28423992,121.20958445,384531666,31.284504,121.20958445,0.132189994965,29.2797022356
1512005233,31.28423986,121.20958447,384531666,31.284504,121.20958447,0.132195426501,29.2863546978
1512005235,31.28423986,121.20958447,384531666,31.284504,121.20958447,0.132195426501,29.2863546978
1512005237,31.28423986,121.20958447,384531666,31.284504,121.20958447,0.132195426501,29.2863546978
1512005239,31.28423986,121.20958447,384531666,31.284504,121.20958447,0.132195426501,29.2863546978
1512005241,31.28423986,121.20958447,384531666,31.284504,121.20958447,0.132195426501,29.2863546978
1512005243,31.28423986,121.20958447,384531666,31.284504,121.20958447,0.132195426501,29.2863546978
1512005246,31.28423986,121.20958447,384531666,31.284504,121.20958447,0.132195426501,29.2863546978
1512005248,31.28422056,121.20959124,384531666,31.284504,121.20959124,0.134034001263,31.4262298899
1512005250,31.28422056,121.20959124,384531666,31.284504,121.20959124,0.134034001263,31.4262298899
1512005252,31.28422056,121.20959124,384531666,31.284504,121.20959124,0.134034001263,31.4262298899
1512005254,31.28421764,121.20958989,384531666,31.284504,121.20958989,0.13366737262,31.7499830276
Time_cost 0.760217905045
