1510752686,31.28375019,121.20911251,164316066,31.28388369,121.208914602,0.955933294077,23.9628638263
1510752687,31.28375019,121.20911251,164316066,31.28388369,121.208914602,0.955933294077,23.9628638263
1510752688,31.28375019,121.20911251,164316066,31.28388369,121.208914602,0.955933294077,23.9628638263
1510752689,31.28375019,121.20911251,164316066,31.28388369,121.208914602,0.955933294077,23.9628638263
1510752690,31.28375019,121.20911251,164316066,31.28388369,121.208914602,0.955933294077,23.9628638263
1510752691,31.28375019,121.20911251,164316066,31.28388369,121.208914602,0.955933294077,23.9628638263
1510752692,31.28375019,121.20911251,164316066,31.28388369,121.208914602,0.955933294077,23.9628638263
1510752693,31.28375019,121.20911251,164316066,31.28388369,121.208914602,0.955933294077,23.9628638263
1510752694,31.28375019,121.20911251,164316066,31.28388369,121.208914602,0.955933294077,23.9628638263
1510752695,31.28375019,121.20911251,164316066,31.28388369,121.208914602,0.955933294077,23.9628638263
1510752696,31.28375019,121.20911251,164316066,31.28388369,121.208914602,0.955933294077,23.9628638263
1510752697,31.28375019,121.20911251,164316066,31.28388369,121.208914602,0.955933294077,23.9628638263
1510752698,31.28375019,121.20911251,164316066,31.28388369,121.208914602,0.955933294077,23.9628638263
1510752699,31.28375019,121.20911251,164316066,31.28388369,121.208914602,0.955933294077,23.9628638263
1510752700,31.28375019,121.20911251,164316066,31.28388369,121.208914602,0.955933294077,23.9628638263
1510752702,31.28375019,121.20911251,164316066,31.28388369,121.208914602,0.955933294077,23.9628638263
1510752703,31.28375019,121.20911251,164316066,31.28388369,121.208914602,0.955933294077,23.9628638263
1510752704,31.28375019,121.20911251,164316066,31.28388369,121.208914602,0.955933294077,23.9628638263
1510752705,31.28375019,121.20911251,164316066,31.28388369,121.208914602,0.955933294077,23.9628638263
1510752706,31.28375019,121.20911251,164316066,31.28388369,121.208914602,0.955933294077,23.9628638263
1510752707,31.28423866,121.20934018,164316066,31.2842967934,121.209091595,0.826192411418,24.532106273
1510752708,31.28423866,121.20934018,164316066,31.2842967934,121.209091595,0.826192411418,24.532106273
1510752709,31.28423866,121.20934018,164316066,31.2842967934,121.209091595,0.826192411418,24.532106273
1510752710,31.28426343,121.20944417,164316066,31.2843229,121.2090977,0.81852995516,33.6432603991
1510752711,31.28426343,121.20944417,164316066,31.2843229,121.2090977,0.81852995516,33.6432603991
1510752712,31.28427063,121.20950263,164316066,31.2843229,121.2090977,0.81852995516,38.9904433781
1510752713,31.28427063,121.20950263,164316066,31.2843229,121.2090977,0.81852995516,38.9904433781
1510752714,31.28426965,121.20954182,164316066,31.2843229,121.2090977,0.81852995516,42.6991463386
1510752715,31.28426965,121.20954182,164316066,31.2843229,121.2090977,0.81852995516,42.6991463386
1510752716,31.28426965,121.20954182,164316066,31.2843229,121.2090977,0.81852995516,42.6991463386
1510752717,31.28429103,121.20962825,384531666,31.284504,121.20962825,0.144085057686,23.6129135493
1510752718,31.28429103,121.20962825,384531666,31.284504,121.20962825,0.144085057686,23.6129135493
1510752720,31.28436247,121.20962793,384531666,31.284504,121.20962793,0.143998153119,15.6920489893
1510752721,31.28436247,121.20962793,384531666,31.284504,121.20962793,0.143998153119,15.6920489893
1510752722,31.28437109,121.20964684,384531666,31.284504,121.20964684,0.149133669926,14.7363119652
1510752723,31.28437109,121.20964684,384531666,31.284504,121.20964684,0.149133669926,14.7363119652
1510752724,31.2843359,121.20970723,384531666,31.284504,121.20970723,0.165534191336,18.6379808492
1510752725,31.2843359,121.20970723,384531666,31.284504,121.20970723,0.165534191336,18.6379808492
1510752726,31.28432885,121.20977362,384531666,31.284504,121.20977362,0.183564173392,19.4196451161
1510752727,31.28432885,121.20977362,384531666,31.284504,121.20977362,0.183564173392,19.4196451161
1510752728,31.28435841,121.20980183,384531666,31.284504,121.20980183,0.191225354198,16.1421989092
1510752729,31.28435841,121.20980183,384531666,31.284504,121.20980183,0.191225354198,16.1421989092
1510752730,31.28441276,121.20981304,384531666,31.284504,121.20981304,0.194269729839,10.1161771728
1510752731,31.28441276,121.20981304,384531666,31.284504,121.20981304,0.194269729839,10.1161771728
1510752732,31.28446934,121.20982373,384531666,31.284504,121.20982373,0.197172885557,3.8429055491
1510752733,31.28446934,121.20982373,384531666,31.284504,121.20982373,0.197172885557,3.8429055491
1510752734,31.28446934,121.20982373,384531666,31.284504,121.20982373,0.197172885557,3.8429055491
1510752735,31.28450277,121.20987529,384531666,31.284504,121.20987529,0.211175384049,0.136375470499
1510752736,31.28450277,121.20987529,384531666,31.284504,121.20987529,0.211175384049,0.136375470499
1510752738,31.2845166,121.20991999,384531666,31.284504,121.20991999,0.223314865868,1.3970170258
1510752739,31.2845166,121.20991999,384531666,31.284504,121.20991999,0.223314865868,1.3970170258
1510752740,31.28451634,121.20992869,384531666,31.284504,121.20992869,0.225677583804,1.3681896914
1510752741,31.28451634,121.20992869,384531666,31.284504,121.20992869,0.225677583804,1.3681896914
1510752742,31.28451541,121.20993976,384531666,31.284504,121.20993976,0.228683938697,1.26507653019
1510752743,31.28451541,121.20993976,384531666,31.284504,121.20993976,0.228683938697,1.26507653019
1510752744,31.28451519,121.20995463,384531666,31.284504,121.20995463,0.232722285334,1.24068416902
1510752745,31.28451519,121.20995463,384531666,31.284504,121.20995463,0.232722285334,1.24068416902
1510752746,31.28451629,121.20996513,384531666,31.284504,121.20996513,0.235573841466,1.36264597276
1510752747,31.28451629,121.20996513,384531666,31.284504,121.20996513,0.235573841466,1.36264597276
1510752748,31.28451606,121.20997234,384531666,31.284504,121.20997234,0.237531910008,1.33714486864
1510752749,31.28451606,121.20997234,384531666,31.284504,121.20997234,0.237531910008,1.33714486864
1510752750,31.28451519,121.20997637,384531666,31.284504,121.20997637,0.238626364413,1.24068416902
1510752752,31.28451519,121.20997637,384531666,31.284504,121.20997637,0.238626364413,1.24068416902
1510752753,31.28451558,121.2099839,384531666,31.284504,121.2099839,0.240671337522,1.28392517202
1510752754,31.28451558,121.2099839,384531666,31.284504,121.2099839,0.240671337522,1.28392517202
1510752756,31.28451761,121.20998792,384531666,31.284504,121.20998792,0.241763076157,1.50900013804
1510752757,31.28451761,121.20998792,384531666,31.284504,121.20998792,0.241763076157,1.50900013804
1510752758,31.28451919,121.20998851,384531666,31.284504,121.20998851,0.241923306453,1.68418163808
1510752759,31.28451919,121.20998851,384531666,31.284504,121.20998851,0.241923306453,1.68418163808
1510752760,31.28451913,121.20998859,384531666,31.284504,121.20998859,0.241945032593,1.67752917578
1510752761,31.28451913,121.20998859,384531666,31.284504,121.20998859,0.241945032593,1.67752917578
1510752762,31.28451961,121.20998894,384531666,31.284504,121.20998894,0.242040084467,1.73074887206
1510752763,31.28451961,121.20998894,384531666,31.284504,121.20998894,0.242040084467,1.73074887206
1510752764,31.28452331,121.20999437,384531666,31.284504,121.20999437,0.243514746352,2.14098403078
1510752765,31.28452331,121.20999437,384531666,31.284504,121.20999437,0.243514746352,2.14098403078
1510752766,31.28452331,121.20999437,384531666,31.284504,121.20999437,0.243514746352,2.14098403078
1510752767,31.28453705,121.2100015,384531666,31.284504,121.2100015,0.245451088754,3.66439783967
1510752768,31.28453705,121.2100015,384531666,31.284504,121.2100015,0.245451088754,3.66439783967
1510752770,31.28455138,121.21000518,384531666,31.284504,121.21000518,0.246450491282,5.25322752944
1510752771,31.28455138,121.21000518,384531666,31.284504,121.21000518,0.246450491282,5.25322752944
1510752772,31.28459054,121.21005417,384531666,31.284504,121.21005417,0.259755037465,9.5950677865
1510752773,31.28459054,121.21005417,384531666,31.284504,121.21005417,0.259755037465,9.5950677865
1510752774,31.28465296,121.21004517,384531666,31.284504,121.21004517,0.257310846494,16.5158459018
1510752775,31.28465296,121.21004517,384531666,31.284504,121.21004517,0.257310846494,16.5158459018
1510752776,31.28469685,121.21004528,384531666,31.284504,121.21004528,0.257340719939,21.382122
1510752777,31.28469685,121.21004528,384531666,31.284504,121.21004528,0.257340719939,21.382122
1510752778,31.28474169,121.21003232,384531666,31.284504,121.21003232,0.253821084941,26.3537287837
1510752779,31.28474169,121.21003232,384531666,31.284504,121.21003232,0.253821084941,26.3537287837
1510752780,31.28477412,121.21002447,384531666,31.284504,121.21002447,0.251689207261,29.9493846482
1510752781,31.28477412,121.21002447,384531666,31.284504,121.21002447,0.251689207261,29.9493846482
1510752782,31.28480415,121.21001724,384531666,31.284504,121.21001724,0.249725707183,33.2789420365
1510752783,31.28480415,121.21001724,384531666,31.284504,121.21001724,0.249725707183,33.2789420365
1510752784,31.28480415,121.21001724,384531666,31.284504,121.21001724,0.249725707183,33.2789420365
1510752785,31.28485834,121.210014,384531666,31.284504,121.210014,0.248845798434,39.2872242923
1510752786,31.28485834,121.210014,384531666,31.284504,121.210014,0.248845798434,39.2872242923
1510752787,31.28493845,121.2100252,384531666,31.284504,121.2100252,0.251887458309,48.1693703789
1510752789,31.28493845,121.2100252,384531666,31.284504,121.2100252,0.251887458309,48.1693703789
1510752790,31.28502734,121.21003476,263913987,31.2850450202,121.210094214,0.181664804925,5.99094497024
1510752791,31.28502734,121.21003476,263913987,31.2850450202,121.210094214,0.181664804925,5.99094497024
1510752792,31.28505082,121.2100248,263913987,31.2850693137,121.21008699,0.177985624047,6.26661207349
1510752793,31.28505082,121.2100248,263913987,31.2850693137,121.21008699,0.177985624047,6.26661207349
1510752794,31.28522613,121.21001601,263913987,31.2852306974,121.210023862,0.152731314631,0.903018754837
1510752795,31.28522613,121.21001601,263913987,31.2852306974,121.210023862,0.152731314631,0.903018754837
1510752796,31.28527573,121.2099995,263913987,31.2852749334,121.209998131,0.145302457177,0.157491298165
1510752797,31.28527573,121.2099995,263913987,31.2852749334,121.209998131,0.145302457177,0.157491298165
1510752798,31.28533579,121.20997812,263913987,31.2853291016,121.209966622,0.136205621076,1.32235655599
1510752799,31.28533579,121.20997812,263913987,31.2853291016,121.209966622,0.136205621076,1.32235655599
1510752800,31.28533579,121.20997812,263913987,31.2853291016,121.209966622,0.136205621076,1.32235655599
1510752801,31.28540105,121.20996254,263913987,31.2853841278,121.209934141,0.126929872135,3.2912746735
1510752803,31.28540105,121.20996254,263913987,31.2853841278,121.209934141,0.126929872135,3.2912746735
1510752804,31.28540105,121.20996254,263913987,31.2853841278,121.209934141,0.126929872135,3.2912746735
1510752805,31.2854616,121.20993029,263913987,31.2854429935,121.209899064,0.116982630698,3.61884694575
1510752806,31.2854616,121.20993029,263913987,31.2854429935,121.209899064,0.116982630698,3.61884694575
1510752807,31.28551422,121.20991211,263913987,31.2854801238,121.209873268,0.110393412422,5.28868969452
1510752808,31.28551422,121.20991211,263913987,31.2854801238,121.209873268,0.110393412422,5.28868969452
1510752809,31.28556755,121.2098978,263913987,31.2855173391,121.2098406,0.10320496353,7.78825315659
1510752810,31.28556755,121.2098978,263913987,31.2855173391,121.2098406,0.10320496353,7.78825315659
1510752811,31.28561773,121.20985148,263913987,31.2855686454,121.209795563,0.0932947354643,7.61356126014
1510752812,31.28561773,121.20985148,263913987,31.2855686454,121.209795563,0.0932947354643,7.61356126014
1510752813,31.28566828,121.20979228,263913987,31.2856265463,121.209744737,0.0821106921764,6.47335610244
1510752814,31.28566828,121.20979228,263913987,31.2856265463,121.209744737,0.0821106921764,6.47335610244
1510752815,31.28572014,121.20972197,263913987,31.2856897,121.2096893,0.0699120160026,4.58994449024
1510752816,31.28572014,121.20972197,263913987,31.2856897,121.2096893,0.0699120160026,4.58994449024
1510752817,31.28574984,121.20969479,263913987,31.2857099938,121.209663476,0.0651443131747,5.32992414384
1510752818,31.28574984,121.20969479,263913987,31.2857099938,121.209663476,0.0651443131747,5.32992414384
1510752819,31.28578525,121.20965904,263913987,31.2857408813,121.209624172,0.0578877713641,5.93486246083
1510752821,31.28578525,121.20965904,263913987,31.2857408813,121.209624172,0.0578877713641,5.93486246083
1510752822,31.28582055,121.2096272,263913987,31.2857698272,121.209587339,0.0510873727995,6.78479635817
1510752823,31.28582055,121.2096272,263913987,31.2857698272,121.209587339,0.0510873727995,6.78479635817
1510752824,31.28583904,121.20960689,263913987,31.2857867536,121.2095658,0.0471107663183,6.99394052144
1510752825,31.28583904,121.20960689,263913987,31.2857867536,121.2095658,0.0471107663183,6.99394052144
1510752826,31.28589695,121.20954142,263913987,31.2858406702,121.209497192,0.0344439055109,7.52811109388
1510752827,31.28589695,121.20954142,263913987,31.2858406702,121.209497192,0.0344439055109,7.52811109388
1510752828,31.285944,121.20951638,263913987,31.2858645871,121.209462456,0.0283205905214,10.1925697116
1510752829,31.285944,121.20951638,263913987,31.2858645871,121.209462456,0.0283205905214,10.1925697116
1510752830,31.28601481,121.20949955,263913987,31.2858947547,121.209418029,0.0205250056677,15.4089810006
1510752831,31.28601481,121.20949955,263913987,31.2858947547,121.209418029,0.0205250056677,15.4089810006
1510752832,31.2860678,121.20948782,263913987,31.2859169286,121.209385374,0.0147950830679,19.3642335083
1510752833,31.2860678,121.20948782,263913987,31.2859169286,121.209385374,0.0147950830679,19.3642335083
1510752834,31.28610421,121.2095027,263913987,31.2859215033,121.209378636,0.0136129322483,23.4502658314
1510752835,31.28610421,121.2095027,263913987,31.2859215033,121.209378636,0.0136129322483,23.4502658314
1510752837,31.28610421,121.2095027,263913987,31.2859215033,121.209378636,0.0136129322483,23.4502658314
1510752839,31.28612761,121.20953867,263913987,31.2859121709,121.20939238,0.016024507046,27.6514431414
1510752840,31.28618042,121.2095623,263913987,31.2859178546,121.20938401,0.0145557980954,33.700070864
1510752841,31.28618042,121.2095623,263913987,31.2859178546,121.20938401,0.0145557980954,33.700070864
1510752842,31.28622601,121.20961037,263913987,31.2859099014,121.209395722,0.0166109691421,40.5722935916
1510752843,31.28622601,121.20961037,263913987,31.2859099014,121.209395722,0.0166109691421,40.5722935916
1510752844,31.28626739,121.20968185,263913987,31.28588974,121.209425414,0.0218208642584,48.4710865616
1510752845,31.28626739,121.20968185,263913987,31.28588974,121.209425414,0.0218208642584,48.4710865616
1510752846,31.28631488,121.20971349,135404400,31.286389798,121.209616316,0.0666187488495,12.4342368648
1510752847,31.28631488,121.20971349,135404400,31.286389798,121.209616316,0.0666187488495,12.4342368648
1510752848,31.28635507,121.20973058,135404400,31.286423269,121.209642121,0.0996048542287,11.3190366416
1510752849,31.28635507,121.20973058,135404400,31.286423269,121.209642121,0.0996048542287,11.3190366416
1510752850,31.2863833,121.20974851,135404400,31.2864496449,121.209662456,0.125598626268,11.0113055744
1510752851,31.2863833,121.20974851,135404400,31.2864496449,121.209662456,0.125598626268,11.0113055744
1510752853,31.2863833,121.20974851,135404400,31.2864496449,121.209662456,0.125598626268,11.0113055744
1510752854,31.28646378,121.20982234,135404400,31.2865358224,121.209728896,0.210527639649,11.9569121757
1510752855,31.28646378,121.20982234,135404400,31.2865358224,121.209728896,0.210527639649,11.9569121757
1510752856,31.28657265,121.20986871,135404400,31.2866265278,121.209798827,0.299918966103,8.94211586297
1510752857,31.28657265,121.20986871,135404400,31.2866265278,121.209798827,0.299918966103,8.94211586297
1510752858,31.28659718,121.20987528,135404400,31.2866450899,121.209813137,0.318212174204,7.95162315215
1510752859,31.28659718,121.20987528,135404400,31.2866450899,121.209813137,0.318212174204,7.95162315215
1510752860,31.2866258,121.20988964,135404400,31.2866699841,121.20983233,0.342745746249,7.3332521608
1510752861,31.2866258,121.20988964,135404400,31.2866699841,121.20983233,0.342745746249,7.3332521608
1510752862,31.28663094,121.20986352,135404400,31.2866605776,121.209825078,0.333475503165,4.91896186939
1510752863,31.28663094,121.20986352,135404400,31.2866605776,121.209825078,0.333475503165,4.91896186939
1510752864,31.28668684,121.20987338,135404400,31.2867004058,121.209855784,0.372726745752,2.25152483177
1510752865,31.28668684,121.20987338,135404400,31.2867004058,121.209855784,0.372726745752,2.25152483177
1510752866,31.28672281,121.20990741,135404400,31.2867394214,121.209885864,0.411177079165,2.75699566186
1510752867,31.28672281,121.20990741,135404400,31.2867394214,121.209885864,0.411177079165,2.75699566186
1510752868,31.28673963,121.20992532,135404400,31.2867586312,121.209900674,0.430108651667,3.15364215161
1510752869,31.28673963,121.20992532,135404400,31.2867586312,121.209900674,0.430108651667,3.15364215161
1510752870,31.2867869,121.2099562,135404400,31.286803211,121.209935043,0.474042545976,2.70713539528
1510752872,31.2867869,121.2099562,135404400,31.286803211,121.209935043,0.474042545976,2.70713539528
1510752873,31.2868433,121.20996061,135404400,31.2868407175,121.20996396,0.511005677244,0.428624482458
1510752874,31.2868433,121.20996061,135404400,31.2868407175,121.20996396,0.511005677244,0.428624482458
1510752875,31.28693958,121.21003079,135404400,31.2869350397,121.210036679,0.603961487477,0.753550397119
1510752876,31.28693958,121.21003079,135404400,31.2869350397,121.210036679,0.603961487477,0.753550397119
1510752877,31.28699249,121.21012209,135404400,31.2870123729,121.2100963,0.680174360357,3.29996908572
1510752878,31.28699249,121.21012209,135404400,31.2870123729,121.2100963,0.680174360357,3.29996908572
1510752879,31.28702407,121.21013914,135404400,31.2870404244,121.210117927,0.707819451541,2.71433911241
1510752880,31.28702407,121.21013914,135404400,31.2870404244,121.210117927,0.707819451541,2.71433911241
1510752881,31.28705103,121.21016331,135404400,31.2870690211,121.210139974,0.736001858127,2.98597971178
1510752882,31.28705103,121.21016331,135404400,31.2870690211,121.210139974,0.736001858127,2.98597971178
1510752883,31.28710582,121.21020512,135404400,31.2871236025,121.210182055,0.789792593655,2.95136729416
1510752884,31.28710582,121.21020512,135404400,31.2871236025,121.210182055,0.789792593655,2.95136729416
1510752886,31.28710582,121.21020512,135404400,31.2871236025,121.210182055,0.789792593655,2.95136729416
1510752887,31.28720375,121.21023725,135404400,31.2872005606,121.210241387,0.865635770188,0.529341496151
1510752888,31.28720375,121.21023725,135404400,31.2872005606,121.210241387,0.865635770188,0.529341496151
1510752889,31.28735524,121.21032768,135404400,31.2873367985,121.210346422,0.9999,2.71389981925
1510752890,31.28735524,121.21032768,135404400,31.2873367985,121.210346422,0.9999,2.71389981925
1510752891,31.28735524,121.21032768,135404400,31.2873367985,121.210346422,0.9999,2.71389981925
1510752892,31.28765231,121.21055493,135404400,31.2873367985,121.210346422,0.9999,40.2232473069
1510752893,31.28765231,121.21055493,135404400,31.2873367985,121.210346422,0.9999,40.2232473069
1510752894,31.28770282,121.21048687,135404400,31.2873367985,121.210346422,0.9999,42.7290242871
1510752895,31.28770282,121.21048687,135404400,31.2873367985,121.210346422,0.9999,42.7290242871
1510752896,31.28770643,121.21050816,135404400,31.2873367985,121.210346422,0.9999,43.780637566
1510752897,31.28770643,121.21050816,135404400,31.2873367985,121.210346422,0.9999,43.780637566
1510752898,31.28771417,121.21052653,135404400,31.2873367985,121.210346422,0.9999,45.2189538461
1510752899,31.28771417,121.21052653,135404400,31.2873367985,121.210346422,0.9999,45.2189538461
1510752900,31.28772516,121.21056241,135404400,31.2873367985,121.210346422,0.9999,47.7184820017
1510752901,31.28772516,121.21056241,135404400,31.2873367985,121.210346422,0.9999,47.7184820017
1510752902,31.28772516,121.21056241,135404400,31.2873367985,121.210346422,0.9999,47.7184820017
1510752904,31.28796353,121.21063504,164316014,31.2879345792,121.21067372,0.0433764563434,4.88543658221
1510752905,31.28796353,121.21063504,164316014,31.2879345792,121.21067372,0.0433764563434,4.88543658221
1510752906,31.28799175,121.21062954,164316014,31.2879499672,121.21068525,0.0466277412493,7.04265825995
1510752907,31.28799175,121.21062954,164316014,31.2879499672,121.21068525,0.0466277412493,7.04265825995
1510752908,31.28801103,121.21063002,164316014,31.2879625368,121.210694678,0.0492844140993,8.17372228178
1510752909,31.28801103,121.21063002,164316014,31.2879625368,121.210694678,0.0492844140993,8.17372228178
1510752910,31.28805072,121.21063069,164316014,31.2879883216,121.210714013,0.0547339424662,10.5265064104
1510752911,31.28805072,121.21063069,164316014,31.2879883216,121.210714013,0.0547339424662,10.5265064104
1510752912,31.28807182,121.21075315,164316014,31.2880605999,121.210768136,0.0700016936745,1.89303538759
1510752913,31.28807182,121.21075315,164316014,31.2880605999,121.210768136,0.0700016936745,1.89303538759
1510752914,31.28808836,121.21077802,164316014,31.2880831304,121.210785005,0.0747607435436,0.8823318802
1510752915,31.28808836,121.21077802,164316014,31.2880831304,121.210785005,0.0747607435436,0.8823318802
1510752916,31.28811313,121.21079971,164316014,31.2881094089,121.21080468,0.0803114760504,0.627818081648
1510752917,31.28811313,121.21079971,164316014,31.2881094089,121.21080468,0.0803114760504,0.627818081648
1510752918,31.28811313,121.21079971,164316014,31.2881094089,121.21080468,0.0803114760504,0.627818081648
1510752919,31.28818596,121.21084235,164316014,31.2881765348,121.210854938,0.0944902908931,1.59018982053
1510752920,31.28818596,121.21084235,164316014,31.2881765348,121.210854938,0.0944902908931,1.59018982053
1510752922,31.28822971,121.21087292,164316014,31.2882192359,121.210886909,0.103509900647,1.76716954407
1510752923,31.28822971,121.21087292,164316014,31.2882192359,121.210886909,0.103509900647,1.76716954407
1510752924,31.28837578,121.21095946,164316014,31.288354355,121.210988076,0.132050713274,3.61476687291
1510752925,31.28837578,121.21095946,164316014,31.288354355,121.210988076,0.132050713274,3.61476687291
1510752926,31.28848106,121.21100972,164316014,31.2884459304,121.21105664,0.151393904339,5.92697254885
1510752927,31.28848106,121.21100972,164316014,31.2884459304,121.21105664,0.151393904339,5.92697254885
1510752928,31.28853129,121.21111022,164316014,31.2885261089,121.211117025,0.168365862241,0.865919670387
1510752929,31.28853129,121.21111022,164316014,31.2885261089,121.211117025,0.168365862241,0.865919670387
1510752930,31.2885885,121.2111654,164316014,31.2885889206,121.211164848,0.181714317519,0.0702908027099
1510752931,31.2885885,121.2111654,164316014,31.2885889206,121.211164848,0.181714317519,0.0702908027099
1510752932,31.2885885,121.2111654,164316014,31.2885889206,121.211164848,0.181714317519,0.0702908027099
1510752933,31.28878363,121.211273,164316014,31.2887643064,121.21129838,0.21898652937,3.22956561022
1510752934,31.28878363,121.211273,164316014,31.2887643064,121.21129838,0.21898652937,3.22956561022
1510752935,31.28878363,121.211273,164316014,31.2887643064,121.21129838,0.21898652937,3.22956561022
1510752937,31.28916977,121.21155422,164316014,31.2891442899,121.211587686,0.299738930643,4.25849511386
1510752938,31.28916977,121.21155422,164316014,31.2891442899,121.211587686,0.299738930643,4.25849511386
1510752939,31.2892935,121.21170831,164316014,31.2892968836,121.211703866,0.332167467802,0.565501687845
1510752940,31.2892935,121.21170831,164316014,31.2892968836,121.211703866,0.332167467802,0.565501687845
1510752941,31.28926383,121.21171256,164316014,31.2892801497,121.211691125,0.328611247482,2.72750757133
1510752942,31.28926383,121.21171256,164316014,31.2892801497,121.211691125,0.328611247482,2.72750757133
1510752943,31.2892807,121.21171347,164316014,31.2892912677,121.21169959,0.330973994945,1.76617515818
1510752944,31.2892807,121.21171347,164316014,31.2892912677,121.21169959,0.330973994945,1.76617515818
1510752945,31.28931352,121.21171067,164316014,31.2893106945,121.211714381,0.335102507526,0.472218338862
1510752946,31.28931352,121.21171067,164316014,31.2893106945,121.211714381,0.335102507526,0.472218338862
1510752947,31.28931803,121.21171674,164316014,31.2893164751,121.211718782,0.33633097579,0.259862254738
1510752948,31.28931803,121.21171674,164316014,31.2893164751,121.211718782,0.33633097579,0.259862254738
1510752949,31.28933896,121.21173569,164316014,31.2893388182,121.211735869,0.34108709828,0.0231869050536
1510752950,31.28933896,121.21173569,164316014,31.2893388182,121.211735869,0.34108709828,0.0231869050536
1510752951,31.28935612,121.21175489,164316014,31.2893587203,121.2117516,0.345376510315,0.425729607111
1510752952,31.28935612,121.21175489,164316014,31.2893587203,121.2117516,0.345376510315,0.425729607111
1510752953,31.28937004,121.21176413,164316014,31.289371783,121.211761925,0.348191835248,0.285361232023
1510752955,31.28937004,121.21176413,164316014,31.289371783,121.211761925,0.348191835248,0.285361232023
1510752956,31.28959004,121.21191249,164316014,31.289579364,121.211925997,0.392930740637,1.74788155926
1510752957,31.28959004,121.21191249,164316014,31.289579364,121.211925997,0.392930740637,1.74788155926
1510752958,31.28959426,121.21192041,164316014,31.2895858143,121.211931095,0.394320935881,1.38274007161
1510752959,31.28959426,121.21192041,164316014,31.2895858143,121.211931095,0.394320935881,1.38274007161
1510752960,31.28969806,121.21206768,164316014,31.2897213456,121.212038219,0.42353133367,3.8123302024
1510752961,31.28969806,121.21206768,164316014,31.2897213456,121.212038219,0.42353133367,3.8123302024
1510752962,31.28976316,121.21218059,164316014,31.2898163422,121.212113305,0.444005478069,8.70700949103
1510752963,31.28976316,121.21218059,164316014,31.2898163422,121.212113305,0.444005478069,8.70700949103
1510752964,31.28983061,121.21221852,164316014,31.2898763089,121.212160703,0.456929801157,7.48183695297
1510752965,31.28983061,121.21221852,164316014,31.2898763089,121.212160703,0.456929801157,7.48183695297
1510752966,31.2898763,121.21224667,164316014,31.2899181249,121.212193754,0.465942185285,6.8475748225
1510752967,31.2898763,121.21224667,164316014,31.2899181249,121.212193754,0.465942185285,6.8475748225
1510752968,31.2898763,121.21224667,164316014,31.2899181249,121.212193754,0.465942185285,6.8475748225
1510752969,31.28998747,121.21228957,164316014,31.2900074184,121.212264332,0.485187174422,3.26595061308
1510752971,31.28998747,121.21228957,164316014,31.2900074184,121.212264332,0.485187174422,3.26595061308
1510752973,31.29008607,121.21234131,164316014,31.2900932757,121.212332193,0.50369158383,1.17972240161
1510752974,31.29008607,121.21234131,164316014,31.2900932757,121.212332193,0.50369158383,1.17972240161
1510752975,31.29019924,121.21240266,164316014,31.2901949022,121.212408452,0.52517517529,0.731714503564
1510752976,31.29019924,121.21240266,164316014,31.2901949022,121.212408452,0.52517517529,0.731714503564
1510752977,31.29024443,121.21240211,164316014,31.2902235881,121.212429937,0.531235195152,3.51564225395
1510752978,31.29024443,121.21240211,164316014,31.2902235881,121.212429937,0.531235195152,3.51564225395
1510752979,31.29034057,121.21246971,164316014,31.2903176135,121.21250036,0.551098411043,3.87233693089
1510752980,31.29034057,121.21246971,164316014,31.2903176135,121.21250036,0.551098411043,3.87233693089
1510752981,31.29038368,121.2125051,164316014,31.2903622116,121.212533763,0.560519926903,3.6213210489
1510752982,31.29038368,121.2125051,164316014,31.2903622116,121.212533763,0.560519926903,3.6213210489
1510752983,31.29048209,121.21259124,164316014,31.2904719932,121.212609661,0.583131099649,2.08076580517
1510752984,31.29048209,121.21259124,164316014,31.2904719932,121.212609661,0.583131099649,2.08076580517
1510752985,31.29051994,121.21262176,164316014,31.290513963,121.212632665,0.591223614536,1.23175791143
1510752986,31.29051994,121.21262176,164316014,31.290513963,121.212632665,0.591223614536,1.23175791143
1510752988,31.29055435,121.21264192,164316014,31.2905489209,121.212651825,0.59796411855,1.11884738133
1510752989,31.29055435,121.21264192,164316014,31.2905489209,121.212651825,0.59796411855,1.11884738133
1510752990,31.29056587,121.21259555,164316014,31.2905382355,121.212645969,0.595903794399,5.69497807944
1510752991,31.29056587,121.21259555,164316014,31.2905382355,121.212645969,0.595903794399,5.69497807944
1510752992,31.29062165,121.21264726,164316014,31.2906029244,121.212681425,0.608376959067,3.85901739086
1510752993,31.29062165,121.21264726,164316014,31.2906029244,121.212681425,0.608376959067,3.85901739086
1510752994,31.29068492,121.21264855,164316014,31.2906521219,121.21270839,0.617863114392,6.75910788645
1510752995,31.29068492,121.21264855,164316014,31.2906521219,121.21270839,0.617863114392,6.75910788645
1510752996,31.29077477,121.21266273,164316014,31.290727192,121.212749536,0.63233795974,9.80498555461
1510752997,31.29077477,121.21266273,164316014,31.290727192,121.212749536,0.63233795974,9.80498555461
1510752998,31.2908484,121.21268294,164316014,31.2907923306,121.212785238,0.64489784731,11.5549498577
1510752999,31.2908484,121.21268294,164316014,31.2907923306,121.212785238,0.64489784731,11.5549498577
1510753000,31.2908484,121.21268294,164316014,31.2907923306,121.212785238,0.64489784731,11.5549498577
1510753002,31.29096932,121.21271258,164316014,31.2909144984,121.212841981,0.667699983168,13.7384788188
1510753003,31.29096932,121.21271258,164316014,31.2909144984,121.212841981,0.667699983168,13.7384788188
1510753004,31.29106431,121.21277904,164316014,31.2910189052,121.212886214,0.686872600468,11.3785892555
1510753005,31.29106431,121.21277904,164316014,31.2910189052,121.212886214,0.686872600468,11.3785892555
1510753006,31.29114696,121.21281969,164316014,31.2911035791,121.212922087,0.702421604423,10.8713675659
1510753007,31.29114696,121.21281969,164316014,31.2911035791,121.212922087,0.702421604423,10.8713675659
1510753008,31.29120962,121.21280401,164316014,31.291151072,121.212942207,0.711142901111,14.6722867294
1510753009,31.29120962,121.21280401,164316014,31.291151072,121.212942207,0.711142901111,14.6722867294
1510753010,31.2912559,121.21282001,164316014,31.2911960565,121.212961265,0.719403574529,14.996938819
1510753011,31.2912559,121.21282001,164316014,31.2911960565,121.212961265,0.719403574529,14.996938819
1510753012,31.29129812,121.21282779,164316014,31.2912346463,121.212977614,0.726489964543,15.9066735914
1510753013,31.29129812,121.21282779,164316014,31.2912346463,121.212977614,0.726489964543,15.9066735914
1510753014,31.29135762,121.21285256,164316014,31.2912939892,121.213002755,0.737387318714,15.9460466169
1510753015,31.29135762,121.21285256,164316014,31.2912939892,121.213002755,0.737387318714,15.9460466169
1510753016,31.29142259,121.21288918,164316014,31.2913713715,121.213035019,0.751565610795,15.0020359214
1510753017,31.29142259,121.21288918,164316014,31.2913713715,121.213035019,0.751565610795,15.0020359214
1510753018,31.29148808,121.21291091,164316014,31.2914364644,121.213057879,0.763230920189,15.1183308802
1510753020,31.29148808,121.21291091,164316014,31.2914364644,121.213057879,0.763230920189,15.1183308802
1510753021,31.29162265,121.21293892,164316014,31.2915650158,121.213103026,0.786268630473,16.8811708554
1510753022,31.29162265,121.21293892,164316014,31.2915650158,121.213103026,0.786268630473,16.8811708554
1510753023,31.29166078,121.21298039,164316014,31.2916119243,121.213119501,0.794675107075,14.3099233329
1510753024,31.29166078,121.21298039,164316014,31.2916119243,121.213119501,0.794675107075,14.3099233329
1510753025,31.29171238,121.21297714,164316014,31.2916568427,121.213135276,0.802724923092,16.2669947546
1510753026,31.29171238,121.21297714,164316014,31.2916568427,121.213135276,0.802724923092,16.2669947546
1510753027,31.29175586,121.2129852,164316014,31.2917159212,121.213152555,0.813146694353,16.5381483651
1510753028,31.29175586,121.2129852,164316014,31.2917159212,121.213152555,0.813146694353,16.5381483651
1510753029,31.2918137,121.21301609,164316014,31.2917776192,121.213167279,0.823871886103,14.9406069025
1510753030,31.2918137,121.21301609,164316014,31.2917776192,121.213167279,0.823871886103,14.9406069025
1510753031,31.29186674,121.21309572,164316014,31.2918457807,121.213183546,0.835720655924,8.67894166585
1510753032,31.29186674,121.21309572,164316014,31.2918457807,121.213183546,0.835720655924,8.67894166585
1510753033,31.29189624,121.21314292,164316014,31.2918843483,121.21319275,0.842425010152,4.92418253361
1510753034,31.29189624,121.21314292,164316014,31.2918843483,121.21319275,0.842425010152,4.92418253361
1510753036,31.29194904,121.21318522,164316014,31.2919460352,121.213204471,0.853050142065,1.86297809633
1510753037,31.29194904,121.21318522,164316014,31.2919460352,121.213204471,0.853050142065,1.86297809633
1510753038,31.29198068,121.21320256,164316014,31.2919795648,121.213209705,0.858788163686,0.691406411932
1510753039,31.29198068,121.21320256,164316014,31.2919795648,121.213209705,0.858788163686,0.691406411932
1510753040,31.2919773,121.21319298,164316014,31.2919748055,121.213208962,0.857973685752,1.54658978457
1510753041,31.2919773,121.21319298,164316014,31.2919748055,121.213208962,0.857973685752,1.54658978457
1510753042,31.29200676,121.21320825,164316014,31.2920058916,121.213213814,0.863293533604,0.538426778061
1510753043,31.29200676,121.21320825,164316014,31.2920058916,121.213213814,0.863293533604,0.538426778061
1510753044,31.29203181,121.21321121,164316014,31.2920307968,121.213217701,0.867555642043,0.628162508369
1510753045,31.29203181,121.21321121,164316014,31.2920307968,121.213217701,0.867555642043,0.628162508369
1510753046,31.29204334,121.21322087,164316014,31.2920435245,121.213219688,0.869733768222,0.114404720838
1510753047,31.29204334,121.21322087,164316014,31.2920435245,121.213219688,0.869733768222,0.114404720838
1510753048,31.29205126,121.21323084,164316014,31.2920527753,121.213221132,0.871316881009,0.939487541697
1510753049,31.29205126,121.21323084,164316014,31.2920527753,121.213221132,0.871316881009,0.939487541697
1510753050,31.29206575,121.21323071,164316014,31.2920669009,121.213223336,0.873734231789,0.713548748612
1510753051,31.29206575,121.21323071,164316014,31.2920669009,121.213223336,0.873734231789,0.713548748612
1510753053,31.29207042,121.21324058,164316014,31.2920729637,121.213224283,0.874771782756,1.5771062022
1510753054,31.29207042,121.21324058,164316014,31.2920729637,121.213224283,0.874771782756,1.5771062022
1510753055,31.29207928,121.21324501,164316014,31.292082288,121.213225738,0.876367475058,1.86496524305
1510753056,31.29207928,121.21324501,164316014,31.292082288,121.213225738,0.876367475058,1.86496524305
1510753057,31.29208352,121.21326307,164316014,31.292089179,121.213226814,0.87754674925,3.50857091162
1510753058,31.29208352,121.21326307,164316014,31.292089179,121.213226814,0.87754674925,3.50857091162
1510753059,31.29207698,121.21326702,164316014,31.2920833964,121.213225911,0.876557157387,3.97816044755
1510753060,31.29207698,121.21326702,164316014,31.2920833964,121.213225911,0.876557157387,3.97816044755
1510753061,31.29207791,121.21326343,164316014,31.2920837573,121.213225967,0.876618913953,3.62530066739
1510753062,31.29207791,121.21326343,164316014,31.2920837573,121.213225967,0.876618913953,3.62530066739
1510753063,31.29208637,121.2132694,164316014,31.2920929257,121.213227398,0.878187937745,4.06454112092
1510753064,31.29208637,121.2132694,164316014,31.2920929257,121.213227398,0.878187937745,4.06454112092
1510753065,31.29209484,121.21327602,164316014,31.292102203,121.213228847,0.879775581392,4.56503942591
1510753067,31.29209484,121.21327602,164316014,31.292102203,121.213228847,0.879775581392,4.56503942591
1510753068,31.29209919,121.21327878,164316014,31.2921068701,121.213229575,0.88057427379,4.76163444251
1510753069,31.29209919,121.21327878,164316014,31.2921068701,121.213229575,0.88057427379,4.76163444251
1510753070,31.29210636,121.21328055,164316014,31.2921141393,121.21323071,0.881818268436,4.82312281592
1510753071,31.29210636,121.21328055,164316014,31.2921141393,121.21323071,0.881818268436,4.82312281592
1510753072,31.29210055,121.21327839,164316014,31.2921081383,121.213229773,0.880791309724,4.70473772063
1510753073,31.29210055,121.21327839,164316014,31.2921081383,121.213229773,0.880791309724,4.70473772063
1510753074,31.29210082,121.21327833,164316014,31.2921083928,121.213229813,0.880834852148,4.69508832347
1510753075,31.29210082,121.21327833,164316014,31.2921083928,121.213229813,0.880834852148,4.69508832347
1510753076,31.2921189,121.21326739,164316014,31.2921243758,121.213232307,0.883570079874,3.39499523582
1510753077,31.2921189,121.21326739,164316014,31.2921243758,121.213232307,0.883570079874,3.39499523582
1510753078,31.29212206,121.21326686,164316014,31.2921273799,121.213232776,0.884084178327,3.2983314112
1510753079,31.29212206,121.21326686,164316014,31.2921273799,121.213232776,0.884084178327,3.2983314112
1510753080,31.29213184,121.21326182,164316014,31.2921361594,121.213234147,0.88558663126,2.67799563421
1510753081,31.29213184,121.21326182,164316014,31.2921361594,121.213234147,0.88558663126,2.67799563421
1510753082,31.29214168,121.21325942,164316014,31.2921453997,121.213235589,0.887167947898,2.30617549141
1510753083,31.29214168,121.21325942,164316014,31.2921453997,121.213235589,0.887167947898,2.30617549141
1510753085,31.29216339,121.21325412,164316014,31.2921657858,121.213238771,0.890656680883,1.48536783555
1510753086,31.29216339,121.21325412,164316014,31.2921657858,121.213238771,0.890656680883,1.48536783555
1510753087,31.29217493,121.21325398,164316014,31.29217703,121.213240526,0.892580935514,1.30198277494
1510753088,31.29217493,121.21325398,164316014,31.29217703,121.213240526,0.892580935514,1.30198277494
1510753089,31.29218124,121.21325374,164316014,31.2921831533,121.213241482,0.893628843891,1.18626801335
1510753090,31.29218124,121.21325374,164316014,31.2921831533,121.213241482,0.893628843891,1.18626801335
1510753091,31.29218734,121.21325331,164316014,31.2921890428,121.213242401,0.894636714681,1.05570050013
1510753092,31.29218734,121.21325331,164316014,31.2921890428,121.213242401,0.894636714681,1.05570050013
1510753093,31.29218812,121.21325335,164316014,31.2921898103,121.213242521,0.894768066729,1.04797806126
1510753094,31.29218812,121.21325335,164316014,31.2921898103,121.213242521,0.894768066729,1.04797806126
1510753095,31.29218906,121.21325324,164316014,31.2921907112,121.213242661,0.894922237473,1.02372593443
1510753096,31.29218906,121.21325324,164316014,31.2921907112,121.213242661,0.894922237473,1.02372593443
1510753097,31.29219008,121.21325345,164316014,31.2921917389,121.213242822,0.895098117479,1.02852450906
1510753098,31.29219008,121.21325345,164316014,31.2921917389,121.213242822,0.895098117479,1.02852450906
1510753100,31.29219039,121.21325372,164316014,31.2921920827,121.213242875,0.895156947408,1.04946033739
1510753101,31.29219039,121.21325372,164316014,31.2921920827,121.213242875,0.895156947408,1.04946033739
1510753102,31.29219059,121.21325401,164316014,31.2921923221,121.213242913,0.89519792194,1.07390752876
1510753103,31.29219059,121.21325401,164316014,31.2921923221,121.213242913,0.89519792194,1.07390752876
1510753104,31.29219064,121.21325421,164316014,31.2921924014,121.213242925,0.895211490229,1.09206421853
1510753105,31.29219064,121.21325421,164316014,31.2921924014,121.213242925,0.895211490229,1.09206421853
1510753106,31.29219085,121.21325434,164316014,31.2921926262,121.21324296,0.895249963272,1.10124879793
1510753107,31.29219085,121.21325434,164316014,31.2921926262,121.21324296,0.895249963272,1.10124879793
1510753108,31.29219145,121.21325566,164316014,31.2921934131,121.213243083,0.895384620945,1.21710175125
1510753109,31.29219145,121.21325566,164316014,31.2921934131,121.213243083,0.895384620945,1.21710175125
1510753110,31.29220569,121.21326541,164316014,31.2922088,121.213245485,0.898017834251,1.92821038417
1510753111,31.29220569,121.21326541,164316014,31.2922088,121.213245485,0.898017834251,1.92821038417
1510753112,31.29223531,121.21328518,164316014,31.292240728,121.213250468,0.903481752955,3.35912431338
1510753113,31.29223531,121.21328518,164316014,31.292240728,121.213250468,0.903481752955,3.35912431338
1510753114,31.29228273,121.21330448,164316014,31.292289961,121.213258152,0.911907134707,4.48317223965
1510753115,31.29228273,121.21330448,164316014,31.292289961,121.213258152,0.911907134707,4.48317223965
1510753116,31.29228273,121.21330448,164316014,31.292289961,121.213258152,0.911907134707,4.48317223965
1510753118,31.2923291,121.21333983,164316014,31.2923365311,121.213264606,0.919859387781,7.20941127025
1510753119,31.2923291,121.21333983,164316014,31.2923365311,121.213264606,0.919859387781,7.20941127025
1510753120,31.29240112,121.21337559,164316014,31.2924113535,121.213271997,0.932572360446,9.9282824238
1510753121,31.29240112,121.21337559,164316014,31.2924113535,121.213271997,0.932572360446,9.9282824238
1510753122,31.29242146,121.21339261,164316014,31.292433162,121.213274152,0.936277814541,11.3529947045
1510753123,31.29242146,121.21339261,164316014,31.292433162,121.213274152,0.936277814541,11.3529947045
1510753124,31.29241529,121.21339848,164316014,31.2924276259,121.213273605,0.935337182989,11.967986762
1510753125,31.29241529,121.21339848,164316014,31.2924276259,121.213273605,0.935337182989,11.967986762
1510753126,31.29241529,121.21339848,164316014,31.2924276259,121.213273605,0.935337182989,11.967986762
1510753127,31.29241529,121.21339848,164316014,31.2924276259,121.213273605,0.935337182989,11.967986762
1510753128,31.29241529,121.21339848,164316014,31.2924276259,121.213273605,0.935337182989,11.967986762
1510753129,31.29241487,121.21340442,164316014,31.2924277911,121.213273621,0.935365247733,12.5357096145
1510753130,31.29241487,121.21340442,164316014,31.2924277911,121.213273621,0.935365247733,12.5357096145
1510753131,31.29241487,121.21340442,164316014,31.2924277911,121.213273621,0.935365247733,12.5357096145
1510753132,31.29241448,121.21340999,164316014,31.2924279498,121.213273637,0.935392210207,13.0680332706
1510753133,31.29241448,121.21340999,164316014,31.2924279498,121.213273637,0.935392210207,13.0680332706
1510753134,31.29241443,121.21341043,164316014,31.2924279433,121.213273636,0.935391110708,13.1102639199
Time_cost 0.437294960022
