1523511763,31.28765059,121.21326059,266157883,31.2873224725,121.213058006,0.668721451652,41.1773071178
1523511766,31.28765059,121.21326059,266157883,31.2873224725,121.213058006,0.668721451652,41.1773071178
1523511769,31.28742554,121.21307419,266157883,31.2873436838,121.213023651,0.671914752748,10.2725775616
1523511773,31.28742554,121.21307419,266157883,31.2873436838,121.213023651,0.671914752748,10.2725775616
1523511776,31.28737986,121.21284915,266157883,31.2874303414,121.21287937,0.685226042945,6.29340592115
1523511779,31.28737986,121.21284915,266157883,31.2874303414,121.21287937,0.685226042945,6.29340592115
1523511782,31.28754462,121.21257043,266157883,31.2875966402,121.212601571,0.710832905093,6.48523967733
1523511785,31.28754462,121.21257043,266157883,31.2875966402,121.212601571,0.710832905093,6.48523967733
1523511788,31.28773863,121.21237659,266157883,31.2877332489,121.212373369,0.731868057762,0.670847933818
1523511791,31.28773863,121.21237659,266157883,31.2877332489,121.212373369,0.731868057762,0.670847933818
1523511794,31.28790773,121.21203575,266157883,31.287928069,121.212047926,0.761866664817,2.53561693649
1523511797,31.28790773,121.21203575,266157883,31.287928069,121.212047926,0.761866664817,2.53561693649
1523511800,31.28801401,121.21180352,266157883,31.2880584516,121.211830124,0.781943107936,5.54042273812
1523511803,31.28801401,121.21180352,266157883,31.2880584516,121.211830124,0.781943107936,5.54042273812
1523511806,31.28818666,121.21162932,266157883,31.2881807698,121.211625794,0.800777793125,0.734321415639
1523511809,31.28818666,121.21162932,266157883,31.2881807698,121.211625794,0.800777793125,0.734321415639
1523511812,31.28834002,121.21138861,266157883,31.28832731,121.211381001,0.823342209407,1.58452785277
1523511815,31.28834002,121.21138861,266157883,31.28832731,121.211381001,0.823342209407,1.58452785277
1523511818,31.28845126,121.21112382,266157883,31.2884733503,121.211137044,0.845829652185,2.75393993532
1523511822,31.28845126,121.21112382,266157883,31.2884733503,121.211137044,0.845829652185,2.75393993532
1523511825,31.2885763,121.21087943,266157883,31.28861354,121.210901699,0.867495099353,4.64156771045
1523511828,31.2885763,121.21087943,266157883,31.28861354,121.210901699,0.867495099353,4.64156771045
1523511831,31.28877467,121.21058484,266157883,31.2887955495,121.210597326,0.89554351063,2.6024091615
1523511834,31.28877467,121.21058484,266157883,31.2887955495,121.210597326,0.89554351063,2.6024091615
1523511837,31.28893246,121.21040632,266157883,31.2889170072,121.210396953,0.914075000629,1.93157556849
1523511840,31.28893246,121.21040632,266157883,31.2889170072,121.210396953,0.914075000629,1.93157556849
1523511843,31.28905912,121.21019004,266157883,31.2890469208,121.210182645,0.933895609943,1.52488135006
1523511846,31.28905912,121.21019004,266157883,31.2890469208,121.210182645,0.933895609943,1.52488135006
1523511849,31.28924895,121.20991221,266157883,31.2892210949,121.209895324,0.960468945138,3.48184147299
1523511852,31.28940382,121.20970767,266157883,31.2893533527,121.209677086,0.980651477815,6.3079100616
1523511855,31.2894828,121.20959115,266157883,31.2894262414,121.209556835,0.99177282542,7.07102663187
1523511858,31.28954333,121.20948171,164316017,31.2894901158,121.209450819,0.0816111461492,6.59259259815
1523511861,31.28960189,121.2093851,164316017,31.2895468229,121.209353133,0.548336450452,6.82214038037
1523511864,31.28966105,121.20926536,164316006,31.2896131522,121.209238317,0.00546445633538,5.90195894087
1523511868,31.2897418,121.20913064,164316006,31.2896904348,121.209101576,0.0423120825132,6.3318371764
1523511871,31.28983022,121.20901211,164316006,31.2897663497,121.208974066,0.077125441761,7.95423544048
1523511874,31.28983022,121.20901211,164316006,31.2897663497,121.208974066,0.077125441761,7.95423544048
1523511877,31.28993285,121.20884268,164316006,31.2898676961,121.208803883,0.123592795883,8.11361131995
1523511880,31.28993285,121.20884268,164316006,31.2898676961,121.208803883,0.123592795883,8.11361131995
1523511883,31.29012296,121.2084908,164316006,31.2900721466,121.208460542,0.217337791629,6.32779463493
1523511886,31.29012296,121.2084908,164316006,31.2900721466,121.208460542,0.217337791629,6.32779463493
1523511889,31.2902573,121.20825212,164316006,31.2902122357,121.208225285,0.281571731714,5.61185152384
1523511892,31.29020199,121.20803781,164316006,31.2902702542,121.208047272,0.325867194985,7.62218916483
1523511895,31.29012183,121.20795071,164316006,31.2902805884,121.207972715,0.343525055232,17.7265155615
1523511898,31.29007244,121.20788848,164316006,31.2902881205,121.207918375,0.356394857227,24.0822659485
1523511901,31.28998072,121.20779934,164316006,31.2902947445,121.207803345,0.3834737268,34.8193820485
1523511904,31.28991999,121.20773267,164316006,31.2902955847,121.20773746,0.398931230615,41.6463610179
1523511907,31.28991999,121.20773267,164316006,31.2902955847,121.20773746,0.398931230615,41.6463610179
1523511910,31.28982438,121.20765325,266345023,31.289785851,121.207702886,0.728698446526,6.37059234292
1523511914,31.28982438,121.20765325,266345023,31.289785851,121.207702886,0.728698446526,6.37059234292
1523511917,31.2896436,121.20748973,266345023,31.2895938367,121.207553839,0.822220172751,8.22814203413
1523511920,31.2896436,121.20748973,266345023,31.2895938367,121.207553839,0.822220172751,8.22814203413
1523511923,31.28953324,121.20734792,266345023,31.2894562811,121.207447065,0.889217413804,12.7248483493
1523511926,31.28953324,121.20734792,266345023,31.2894562811,121.207447065,0.889217413804,12.7248483493
1523511929,31.2893426,121.20733206,266345023,31.2893296371,121.20734876,0.950900140015,2.14335363843
1523511932,31.2893426,121.20733206,266345023,31.2893296371,121.20734876,0.950900140015,2.14335363843
1523511935,31.28917895,121.20750327,266345023,31.2893104476,121.207333864,0.960246523935,21.7426497484
1523511938,31.28905451,121.20775232,266345023,31.2893534295,121.207367228,0.93931194064,49.4252614145
1523511941,31.28897405,121.20786045,164316033,31.2889857487,121.207867868,0.871014629006,1.47692776213
1523511944,31.28890878,121.20796853,164316033,31.2889181515,121.207974472,0.894595102616,1.18311743249
1523511947,31.28884758,121.20807383,164316033,31.2888529786,121.208077253,0.917329843704,0.681558782645
1523511950,31.28884758,121.20807383,164316033,31.2888529786,121.208077253,0.917329843704,0.681558782645
1523511953,31.28877466,121.20818679,164316033,31.2887809805,121.208190798,0.942445485174,0.797948867648
1523511956,31.28877466,121.20818679,164316033,31.2887809805,121.208190798,0.942445485174,0.797948867648
1523511960,31.28867742,121.20834231,164316033,31.2886827626,121.208345697,0.976708357666,0.674461721627
1523511963,31.28867742,121.20834231,164316033,31.2886827626,121.208345697,0.976708357666,0.674461721627
1523511966,31.28856103,121.20853327,164316074,31.2885650342,121.20853568,0.358661508274,0.499758159184
1523511969,31.28856103,121.20853327,164316074,31.2885650342,121.20853568,0.358661508274,0.499758159184
1523511972,31.28846132,121.2087551,164316038,31.2884405068,121.208742571,0.0403790578362,2.59778214655
1523511975,31.28846132,121.2087551,164316038,31.2884405068,121.208742571,0.0403790578362,2.59778214655
1523511978,31.28831212,121.20898731,164316038,31.2882982137,121.208978938,0.212440103853,1.73570265514
1523511981,31.28831212,121.20898731,164316038,31.2882982137,121.208978938,0.212440103853,1.73570265514
1523511984,31.28819098,121.20921423,164316038,31.2881657221,121.209199025,0.372649171371,3.15254910761
1523511987,31.28812771,121.20934903,164316038,31.2880893287,121.209325925,0.465024216117,4.7905429917
1523511990,31.28812771,121.20934903,164316038,31.2880893287,121.209325925,0.465024216117,4.7905429917
1523511993,31.28806733,121.20940137,164316038,31.2880501402,121.209391022,0.51241095371,2.1455305338
1523511996,31.28806733,121.20940137,164316038,31.2880501402,121.209391022,0.51241095371,2.1455305338
1523511999,31.28795866,121.20954738,164316038,31.2879567364,121.209546222,0.625378673797,0.240082489917
1523512002,31.28795866,121.20954738,164316038,31.2879567364,121.209546222,0.625378673797,0.240082489917
1523512006,31.28780164,121.20982918,164316038,31.2877904891,121.209822469,0.826452126562,1.39169845903
Time_cost 0.0961520671844
