1509178610,31.28396545,121.20952146
1509178613,31.28396637,121.20939111
1509178616,31.28395547,121.20937499
1509178619,31.28398246,121.20932755
1509178622,31.28400945,121.20930474
1509178625,31.28401411,121.20929799
1509178628,31.284016,121.20930646
1509178631,31.28402128,121.20929803
1509178634,31.28402186,121.20928247
1509178637,31.28402175,121.20928479
1509178640,31.28402215,121.20928358
1509178644,31.2840283,121.20925832
1509178646,31.28403691,121.20924773
1509178649,31.28398472,121.20910676
1509178653,31.28391669,121.20903078
1509178656,31.28388383,121.20900626
1509178659,31.28390984,121.20900957
1509178662,31.28392195,121.20899875
1509178665,31.28392924,121.20896408
1509178668,31.28387477,121.2088981
1509178671,31.28386022,121.2088824
1509178674,31.28384696,121.20887835
1509178677,31.28384071,121.20887013
1509178680,31.28383937,121.20887031
1509178683,31.2838329,121.20888149
1509178687,31.28383173,121.20888539
1509178690,31.28383294,121.20888762
1509178692,31.28383389,121.20888863
1509178696,31.28383171,121.20888916
1509178699,31.28383129,121.20888915
1509178702,31.28383233,121.2088886
1509178705,31.28380098,121.20888011
1509178708,31.28369977,121.2089106
1509178711,31.28354126,121.2090577
1509178714,31.28350346,121.2091486
1509178717,31.28339267,121.20934932
1509178720,31.28333104,121.20945884
1509178723,31.28328674,121.20961475
1509178726,31.2832358,121.20973343
1509178729,31.28309197,121.20984079
1509178732,31.28289682,121.21003786
1509178735,31.28279815,121.21016302
1509178738,31.28267717,121.21036081
1509178742,31.28262593,121.21040487
1509178745,31.28254689,121.2105635
1509178748,31.28234048,121.21079039
1509178751,31.28225747,121.21095485
1509178754,31.28220737,121.21105272
1509178757,31.28213735,121.21123166
1509178760,31.28207582,121.21139853
1509178763,31.28200928,121.21165782
1509178766,31.28198886,121.21178196
1509178769,31.28190292,121.2119158
1509178772,31.28192467,121.21208171
1509178775,31.28184656,121.21224379
1509178778,31.28182495,121.2125783
1509178781,31.28183051,121.21268568
1509178785,31.28177084,121.21284012
1509178787,31.28180054,121.21304969
1509178791,31.28181473,121.21326101
1509178794,31.2818304,121.21335515
1509178797,31.28182243,121.21353494
1509178800,31.28185594,121.21382028
1509178803,31.28182538,121.21405399
1509178806,31.2817908,121.21421837
1509178809,31.28179432,121.2143187
1509178812,31.28175691,121.2145261
1509178815,31.28181602,121.21475484
1509178818,31.28188345,121.21489365
1509178821,31.28193448,121.21498506
1509178824,31.28205148,121.21514888
1509178828,31.28210917,121.21527369
1509178831,31.28225054,121.21536996
1509178834,31.28238772,121.21542916
1509178837,31.28246846,121.21549706
1509178840,31.28261623,121.21562006
1509178843,31.28270714,121.21571552
1509178846,31.28283207,121.21578437
1509178849,31.28294316,121.21588882
1509178852,31.28301327,121.21597783
1509178855,31.28311874,121.21607212
1509178858,31.28321231,121.21620067
1509178861,31.28330792,121.21627831
1509178864,31.283432,121.21635587
1509178868,31.28357692,121.21639932
1509178871,31.28369466,121.21640223
1509178874,31.28382801,121.21640586
1509178877,31.28401548,121.2163956
1509178880,31.2842069,121.21645445
1509178883,31.28436502,121.21646359
1509178886,31.28448498,121.21646961
1509178889,31.28455679,121.2164687
1509178892,31.28468967,121.21650329
1509178895,31.28485657,121.21649051
1509178898,31.28497985,121.21648559
1509178901,31.285193,121.21644636
1509178904,31.2852708,121.21638264
1509178908,31.28538688,121.21622052
1509178911,31.28544951,121.21612523
1509178914,31.28562974,121.21590079
1509178917,31.28569262,121.21574988
1509178920,31.28578592,121.21559322
1509178923,31.28592564,121.21539486
1509178926,31.28598081,121.21533472
1509178929,31.28605408,121.21520035
1509178932,31.28618249,121.21494793
1509178935,31.28622436,121.2148581
1509178938,31.28637935,121.2146847
1509178941,31.28644977,121.21458928
1509178944,31.2865261,121.21444975
1509178947,31.2865796,121.21436982
1509178950,31.28670723,121.21428912
1509178954,31.28667481,121.21425583
1509178956,31.28670507,121.21420198
1509178959,31.28671842,121.21417365
1509178963,31.28672559,121.21415966
1509178966,31.28673148,121.21416535
1509178969,31.28672955,121.21417087
1509178972,31.28672059,121.21417095
1509178975,31.28672314,121.21417097
1509178978,31.28673468,121.2141749
1509178981,31.28673785,121.21417461
1509178984,31.28674524,121.2141674
1509178987,31.28674984,121.21416142
1509178990,31.28675559,121.21416229
1509178993,31.28675748,121.21416507
1509178996,31.2867568,121.21416788
1509178999,31.28675398,121.21416716
1509179003,31.28674725,121.21416322
1509179006,31.28674568,121.21416274
1509179009,31.28674638,121.2141634
1509179012,31.28674625,121.21416401
1509179015,31.2867487,121.21416584
1509179018,31.2867487,121.21416581
1509179021,31.28674925,121.21416587
1509179024,31.28679314,121.21415262
1509179027,31.28689032,121.21408079
1509179030,31.28692912,121.21395174
1509179033,31.28697333,121.21387791
1509179036,31.28703427,121.21370804
1509179040,31.2870717,121.21360019
1509179043,31.28716741,121.21344462
1509179046,31.28729696,121.21325939
1509179049,31.28730531,121.21310527
1509179052,31.28743076,121.21293912
1509179055,31.28754031,121.21281114
1509179058,31.28765923,121.21268207
1509179061,31.28769425,121.21260864
1509179064,31.28780952,121.21241643
1509179067,31.28786219,121.21233491
1509179070,31.28784689,121.21212142
1509179073,31.28787999,121.21202583
1509179076,31.28799453,121.21187608
1509179080,31.28810834,121.21174789
1509179082,31.28819195,121.21157549
1509179085,31.28829071,121.21142056
1509179089,31.2884099,121.21129346
1509179092,31.28856894,121.21122664
1509179095,31.28874656,121.21130056
1509179098,31.2888732,121.21138318
1509179101,31.28900515,121.21149014
1509179104,31.28904977,121.21154153
1509179107,31.28921133,121.21165858
1509179110,31.28934144,121.21173178
1509179113,31.28945532,121.21183402
1509179116,31.28951357,121.21188162
1509179119,31.28969521,121.2120008
1509179122,31.28985249,121.21211282
1509179125,31.28996772,121.21222898
1509179129,31.29007739,121.21230316
1509179132,31.29020495,121.21238661
1509179135,31.29041082,121.21248648
1509179138,31.29051306,121.21259539
1509179141,31.29065268,121.21266485
1509179144,31.29077053,121.21273992
1509179147,31.29088038,121.21281157
1509179150,31.29095692,121.21283933
1509179153,31.29107581,121.21291864
1509179156,31.29121002,121.21298301
1509179159,31.29133389,121.21298562
1509179162,31.29157162,121.21305231
1509179165,31.2916286,121.21309881
1509179168,31.29183602,121.21315874
1509179171,31.29195946,121.21318217
1509179175,31.29209596,121.21321985
1509179178,31.29223079,121.21326797
1509179181,31.29239038,121.2132608
1509179184,31.29255392,121.21334575
1509179187,31.29264484,121.21343961
1509179190,31.29272756,121.21346819
1509179193,31.29285395,121.21336635
1509179196,31.29285714,121.21328988
1509179199,31.29282404,121.21312539
1509179202,31.29291362,121.21282686
1509179205,31.29296005,121.21263997
1509179208,31.29298526,121.21247562
1509179212,31.29298954,121.21226262
1509179215,31.29300535,121.21205806
1509179218,31.29304639,121.21182536
1509179221,31.29309347,121.21168011
1509179224,31.29310836,121.21150365
1509179227,31.29312235,121.21132818
1509179230,31.29304128,121.21112175
1509179233,31.29297212,121.21095913
1509179236,31.2929457,121.21084266
1509179239,31.29295605,121.21071573
1509179242,31.29296513,121.21056267
1509179245,31.29297401,121.21041711
1509179248,31.29302833,121.210272
1509179251,31.293062,121.21012123
1509179255,31.29309933,121.20995607
1509179257,31.29312436,121.20976325
1509179261,31.29314724,121.20956432
1509179264,31.29316614,121.20941838
1509179267,31.29319932,121.20922062
1509179270,31.29322679,121.20906353
1509179273,31.2932282,121.20894948
1509179276,31.29322287,121.20879179
1509179279,31.29324002,121.20859606
1509179282,31.29326943,121.20843569
1509179285,31.29329238,121.20826227
1509179288,31.29330495,121.20809578
1509179291,31.29331069,121.20790423
1509179294,31.29332867,121.20771654
1509179297,31.29336473,121.20752613
1509179300,31.29337375,121.20736552
1509179304,31.29333867,121.20720518
1509179307,31.29329865,121.2070501
1509179310,31.29319784,121.20676563
1509179313,31.2931277,121.20657717
1509179316,31.29311868,121.20640863
1509179319,31.29309717,121.20631887
1509179322,31.29303459,121.20609108
1509179325,31.29300329,121.20591635
1509179328,31.29293797,121.20574122
1509179331,31.29288195,121.20557079
1509179334,31.29289521,121.20540158
1509179337,31.29291396,121.20526607
1509179340,31.29294021,121.20510533
1509179343,31.29297856,121.20491056
1509179346,31.29296069,121.20475228
1509179350,31.29296401,121.20461158
1509179353,31.2929841,121.20435364
1509179356,31.29299816,121.20412279
1509179359,31.29300782,121.20400053
1509179362,31.29305192,121.20383075
1509179365,31.29303368,121.20364952
1509179368,31.2930296,121.20345493
1509179371,31.29303012,121.20325655
1509179374,31.29301641,121.20306797
1509179377,31.29303812,121.2028873
1509179380,31.29304086,121.20269699
1509179383,31.2930119,121.20250264
1509179387,31.29296021,121.2023304
1509179390,31.29281984,121.2021714
1509179392,31.29278193,121.20210531
1509179396,31.29263129,121.20192056
1509179399,31.29257671,121.20187103
1509179402,31.29240256,121.20174578
1509179405,31.2923314,121.20168922
1509179408,31.292225,121.20157435
1509179411,31.29207208,121.20141291
1509179414,31.29199048,121.20139002
1509179417,31.29186694,121.20140233
1509179420,31.29171614,121.20138154
1509179423,31.29156253,121.20133764
1509179426,31.2913475,121.20138542
1509179430,31.29096784,121.20156258
1509179432,31.29094221,121.20160091
1509179436,31.29094585,121.20164889
1509179439,31.29082246,121.20177867
1509179442,31.29061878,121.20194772
1509179445,31.29053074,121.20205156
1509179448,31.29035063,121.20237887
1509179451,31.29022025,121.20246271
1509179454,31.29011719,121.20252816
1509179457,31.28998559,121.20266349
1509179460,31.28992962,121.20269778
1509179463,31.2897651,121.20285738
1509179466,31.28966042,121.20290089
1509179469,31.2895042,121.2030446
1509179472,31.28935414,121.20319773
1509179476,31.2893003,121.20331525
1509179479,31.28919551,121.20344639
1509179482,31.28903882,121.20372149
1509179485,31.28895103,121.20383041
1509179488,31.2888573,121.20396497
1509179491,31.28874025,121.20413114
1509179494,31.28863505,121.20425187
1509179497,31.28853544,121.20434469
1509179500,31.2883572,121.20444862
1509179503,31.28830728,121.20446669
1509179506,31.28819328,121.20436089
1509179509,31.28809477,121.20418801
1509179512,31.28801357,121.20416155
1509179516,31.28784314,121.20408926
1509179518,31.28768105,121.20410908
1509179522,31.28748051,121.20413194
1509179525,31.28727481,121.20424735
1509179528,31.28723076,121.20428026
1509179531,31.28709734,121.20442803
1509179534,31.28695545,121.2045677
1509179537,31.28689437,121.20463414
1509179540,31.28680035,121.20477234
1509179543,31.28669153,121.20489009
1509179546,31.28658797,121.20506235
1509179549,31.2864273,121.20526084
1509179552,31.28636533,121.20534064
1509179555,31.28625568,121.20545045
1509179559,31.28615007,121.20558647
1509179561,31.28612299,121.20567973
1509179564,31.28603979,121.20577531
1509179568,31.28596851,121.20583698
1509179571,31.28587428,121.20601223
1509179574,31.28576457,121.20614259
1509179577,31.28567275,121.20628341
1509179580,31.28555529,121.20644281
1509179583,31.2854319,121.20661059
1509179586,31.28532879,121.20669425
1509179589,31.28522064,121.2068323
1509179592,31.28513415,121.2069602
1509179595,31.28503131,121.20711118
1509179598,31.28491873,121.2072012
1509179601,31.28484339,121.20733379
1509179605,31.28476864,121.20747385
1509179608,31.284635,121.2076234
1509179611,31.28451554,121.20770837
1509179614,31.28445176,121.20782547
1509179617,31.28435839,121.20789719
1509179620,31.2843004,121.20802755
1509179623,31.28417902,121.20819722
1509179626,31.2841263,121.20827946
1509179629,31.2840293,121.20840988
1509179632,31.28393359,121.20853851
1509179635,31.28386497,121.20866542
1509179638,31.28386488,121.20879295
1509179641,31.28392715,121.20888811
1509179645,31.28399197,121.20894833
1509179647,31.28403837,121.20902867
1509179651,31.28402856,121.20903256
