1514650481,31.28384557,121.49654536,183383510,31.2838646555,121.49651138,0.625494587251,3.8660945886
1514650483,31.28381545,121.49652782,183383510,31.2838342697,121.496494313,0.633940199913,3.81225652313
1514650485,31.28384831,121.496549,183383510,31.2838682926,121.496513423,0.624483675292,4.04781272911
1514650487,31.28384831,121.496549,183383510,31.2838682926,121.496513423,0.624483675292,4.04781272911
1514650489,31.2838705,121.49653461,183383510,31.2838790169,121.496519446,0.621502891432,1.72524625002
1514650491,31.28387663,121.49650889,183383510,31.2838726951,121.496515896,0.623260012338,0.797075420987
1514650493,31.28387663,121.49650889,183383510,31.2838726951,121.496515896,0.623260012338,0.797075420987
1514650495,31.283812,121.49643002,183383510,31.2837898892,121.496469386,0.646275589013,4.47890609981
1514650497,31.28388039,121.49649678,183383510,31.2838703828,121.496514597,0.623902719944,2.02713094
1514650499,31.28388039,121.49649678,183383510,31.2838703828,121.496514597,0.623902719944,2.02713094
1514650501,31.28386856,121.49651009,183383510,31.2838670728,121.496512738,0.624822710735,0.301253829639
1514650504,31.28386847,121.49649253,183383510,31.2838595068,121.496508488,0.626925664178,1.81565245847
1514650506,31.28387377,121.49648539,183383510,31.2838604872,121.496509039,0.626653169505,2.69066272017
1514650508,31.28387377,121.49648539,183383510,31.2838604872,121.496509039,0.626653169505,2.69066272017
1514650510,31.28387377,121.49648539,183383510,31.2838604872,121.496509039,0.626653169505,2.69066272017
1514650512,31.28387163,121.49648701,183383510,31.2838595521,121.496508514,0.626913075778,2.44658912959
1514650514,31.28387163,121.49648701,183383510,31.2838595521,121.496508514,0.626913075778,2.44658912959
1514650516,31.28387112,121.49648284,183383510,31.2838573839,121.496507296,0.627515709362,2.78247862581
1514650518,31.28386873,121.49648578,183383510,31.2838568224,121.49650698,0.627671786756,2.41209297631
1514650520,31.28385328,121.49649372,183383510,31.2838484677,121.496502288,0.629993932709,0.974812732678
1514650522,31.28375071,121.49644703,183383510,31.2837505605,121.496447296,0.657206874942,0.0302909360554
1514650524,31.2836525,121.49636634,183383510,31.2836414506,121.496386012,0.687533552087,2.23824982714
1514650526,31.28360678,121.49633679,183383510,31.283594078,121.496359405,0.700700575376,2.57300567138
1514650528,31.28357587,121.49626925,183383510,31.2835417431,121.49633001,0.715246869397,6.91299566369
1514650531,31.2835533,121.49625345,183383510,31.2835178396,121.496316584,0.721890749129,7.18311526425
1514650533,31.2835214,121.49623859,183383510,31.283487245,121.4962994,0.73039440797,6.91869018731
1514650535,31.2835026,121.49623338,183383510,31.283470729,121.496290123,0.734984954273,6.45601779626
1514650537,31.2835026,121.49623338,183383510,31.283470729,121.496290123,0.734984954273,6.45601779626
1514650539,31.2834538,121.49622333,183383510,31.2834293411,121.496266877,0.746488582807,4.95458408915
1514650541,31.2834538,121.49622333,183383510,31.2834293411,121.496266877,0.746488582807,4.95458408915
1514650543,31.28335995,121.49621973,183383510,31.2833564642,121.496225934,0.766745564207,0.705969436126
1514650545,31.28326053,121.4961881,183383510,31.2832673898,121.49617589,0.7915050933,1.38930665802
1514650547,31.28323404,121.4962041,183383510,31.2832540878,121.496168417,0.795202589806,4.06024645225
1514650549,31.28321772,121.49623091,183383510,31.283253132,121.49616788,0.795468263113,7.17194226484
1514650551,31.28319393,121.49619834,183383510,31.2832211412,121.496149906,0.80436057694,5.51104130887
1514650553,31.2831665,121.4961499,183383510,31.2831796066,121.496126571,0.815905704929,2.65446751202
1514650555,31.28315529,121.49615902,183383510,31.2831749806,121.496123972,0.817191562735,3.98792189325
1514650557,31.283151,121.49615424,183383510,31.2831696787,121.496120994,0.818665322485,3.78296881054
1514650560,31.283138,121.49614247,183383510,31.2831547714,121.496112618,0.822809008433,3.39669658159
1514650562,31.28312937,121.49615507,183383510,31.2831535925,121.496111956,0.823136698292,4.905761338
1514650564,31.28312937,121.49615507,183383510,31.2831535925,121.496111956,0.823136698292,4.905761338
1514650566,31.2831198,121.49617242,183383510,31.2831537276,121.496112032,0.823099162153,6.87131212951
1514650568,31.2831198,121.49617242,183383510,31.2831537276,121.496112032,0.823099162153,6.87131212951
1514650570,31.28311513,121.49617024,183383510,31.2831492471,121.496109515,0.824344586562,6.9096884169
1514650572,31.28311724,121.49615998,183383510,31.2831464695,121.496107954,0.825116657161,5.9198109779
1514650574,31.28311724,121.49615998,183383510,31.2831464695,121.496107954,0.825116657161,5.9198109779
1514650576,31.28312289,121.49615406,183383510,31.2831482359,121.496108946,0.824625652933,5.13327530071
1514650578,31.28312847,121.49614771,183383510,31.2831497655,121.496109806,0.824200479042,4.31295178263
1514650580,31.28313713,121.49614212,183383510,31.2831539607,121.496112163,0.823034363453,3.4086998771
1514650582,31.28313985,121.49614288,183383510,31.2831563527,121.496113507,0.822369481065,3.34226396817
1514650585,31.28313804,121.49614178,183383510,31.2831545072,121.49611247,0.822882460442,3.3350772666
1514650587,31.28313672,121.49614211,183383510,31.2831536448,121.496111985,0.823122173558,3.42775704324
1514650589,31.28313695,121.49614345,183383510,31.2831543918,121.496112405,0.822914522022,3.53247321888
1514650591,31.28313687,121.49614341,183383510,31.2831543139,121.496112361,0.822936172094,3.53290098302
1514650593,31.28313687,121.49614341,183383510,31.2831543139,121.496112361,0.822936172094,3.53290098302
1514650595,31.28313684,121.49614293,183383510,31.2831540862,121.496112233,0.8229994864,3.49284515825
1514650597,31.28313674,121.49614269,183383510,31.2831539077,121.496112133,0.823049102002,3.4769474221
1514650599,31.28313667,121.49614285,183383510,31.2831539228,121.496112142,0.823044899302,3.49418659059
1514650601,31.28313667,121.49614285,183383510,31.2831539228,121.496112142,0.823044899302,3.49418659059
1514650603,31.28313671,121.49614271,183383510,31.2831538934,121.496112125,0.823053066277,3.48013486164
1514650605,31.28311531,121.49605601,183383510,31.2831006039,121.496082186,0.837865665305,2.97841598
1514650607,31.28313674,121.49614257,183383510,31.2831538564,121.496112104,0.82306334601,3.46656904083
1514650609,31.28313677,121.49614296,183383510,31.2831540458,121.496112211,0.823010714709,3.49884107784
1514650612,31.28313685,121.4961428,183383510,31.2831540382,121.496112206,0.82301280465,3.48111600605
1514650614,31.28313687,121.49614242,183383510,31.2831538912,121.496112124,0.823053685158,3.44727931823
1514650616,31.28313686,121.49614236,183383510,31.283153858,121.496112105,0.823062919921,3.44257602961
1514650618,31.28313686,121.49614235,183383510,31.2831538537,121.496112103,0.823064106921,3.44171116554
1514650620,31.28313686,121.49614235,183383510,31.2831538537,121.496112103,0.823064106921,3.44171116554
1514650622,31.28313685,121.49614241,183383510,31.2831538717,121.496112113,0.823059097675,3.44738625954
1514650624,31.28313685,121.49614248,183383510,31.2831539016,121.49611213,0.823050788671,3.45344031816
1514650626,31.28313685,121.49614256,183383510,31.2831539358,121.496112149,0.823041292666,3.46035923958
1514650628,31.28317598,121.49610117,183383510,31.2831660029,121.496118928,0.819687063928,2.02065634482
1514650630,31.2831368,121.49614259,183383510,31.2831539106,121.496112135,0.823048295456,3.46538335079
1514650632,31.28313677,121.49614254,183383510,31.2831538664,121.49611211,0.823060568737,3.46251673558
1514650634,31.28313657,121.49614327,183383510,31.2831540261,121.4961122,0.823016172861,3.5353699635
1514650637,31.28313657,121.49614327,183383510,31.2831540261,121.4961122,0.823016172861,3.5353699635
1514650638,31.28313621,121.49614449,183383510,31.2831542735,121.496112339,0.822947418091,3.65837604454
1514650641,31.28313621,121.49614449,183383510,31.2831542735,121.496112339,0.822947418091,3.65837604454
1514650643,31.2831361,121.4961447,183383510,31.2831542795,121.496112342,0.822945731423,3.68188314995
1514650645,31.2831361,121.4961447,183383510,31.2831542795,121.496112342,0.822945731423,3.68188314995
1514650647,31.28313605,121.49614476,183383510,31.2831542672,121.496112335,0.822949173211,3.68950185617
1514650649,31.28313605,121.49614476,183383510,31.2831542672,121.496112335,0.822949173211,3.68950185617
1514650651,31.28313596,121.49614498,183383510,31.2831542927,121.496112349,0.822942074026,3.71290202206
1514650653,31.28313583,121.49614515,183383510,31.2831542665,121.496112335,0.822949360876,3.7339214727
1514650655,31.28313585,121.49614515,183383510,31.2831542817,121.496112343,0.822945135358,3.73294966506
1514650657,31.28313589,121.49614509,183383510,31.2831542865,121.496112346,0.822943806328,3.72581686083
1514650659,31.28313589,121.49614509,183383510,31.2831542865,121.496112346,0.822943806328,3.72581686083
1514650662,31.2831358,121.49614549,183383510,31.2831543889,121.496112403,0.822915341129,3.7647846023
1514650663,31.2831358,121.49614549,183383510,31.2831543889,121.496112403,0.822915341129,3.7647846023
1514650666,31.28313575,121.49614585,183383510,31.2831545046,121.496112468,0.822883172899,3.79834926808
1514650668,31.28313575,121.49614585,183383510,31.2831545046,121.496112468,0.822883172899,3.79834926808
1514650672,31.28313578,121.49614584,183383510,31.2831545231,121.496112479,0.822878021625,3.79602669373
1514650674,31.28313578,121.49614584,183383510,31.2831545231,121.496112479,0.822878021625,3.79602669373
1514650676,31.28313587,121.49614583,183383510,31.2831545873,121.496112515,0.822860193797,3.79078869975
1514650678,31.28313587,121.49614583,183383510,31.2831545873,121.496112515,0.822860193797,3.79078869975
1514650680,31.28313596,121.49614582,183383510,31.2831546514,121.496112551,0.822842365971,3.78555070337
1514650682,31.28313596,121.49614582,183383510,31.2831546514,121.496112551,0.822842365971,3.78555070337
1514650684,31.28313608,121.49614582,183383510,31.2831547426,121.496112602,0.822817012868,3.77971986509
1514650686,31.28313609,121.49614611,183383510,31.2831548741,121.496112676,0.822780477091,3.80431505487
1514650688,31.28314567,121.49614947,183383510,31.2831635905,121.496117573,0.820357622129,3.62941450648
1514650691,31.28317644,121.49617041,183383510,31.2831959203,121.496135737,0.811371084548,3.94531809484
1514650692,31.28317644,121.49617041,183383510,31.2831959203,121.496135737,0.811371084548,3.94531809484
1514650695,31.2832408,121.49619894,183383510,31.2832570224,121.496170065,0.794386857324,3.28550596945
1514650697,31.2832408,121.49619894,183383510,31.2832570224,121.496170065,0.794386857324,3.28550596945
1514650699,31.28338307,121.49622328,183383510,31.2833755533,121.496236659,0.761439481086,1.52234842823
1514650701,31.28347901,121.49626426,183383510,31.2834659812,121.496287456,0.73630458901,2.63920455118
1514650703,31.28347901,121.49626426,183383510,31.2834659812,121.496287456,0.73630458901,2.63920455118
1514650705,31.28369082,121.49639951,183383510,31.2836847434,121.496410329,0.675500468924,1.23091309464
1514650707,31.28384696,121.49655414,183383510,31.283869461,121.496514079,0.624158925747,4.55795497263
1514650709,31.28388121,121.49655734,183383510,31.2838968636,121.49652947,0.616542489269,3.17088971312
1514650711,31.2839389,121.49653044,183383510,31.2839292329,121.496547651,0.60754554483,1.95822677684
1514650713,31.28398443,121.49655997,183383510,31.2839764525,121.496574173,0.594421040106,1.61597175501
1514650715,31.28401833,121.49657981,183383510,31.2840106922,121.496593407,0.584904018648,1.5470241216
1514650717,31.28404986,121.49664404,183383510,31.2840620855,121.496622277,0.570618968546,2.47624079513
1514650719,31.28404986,121.49664404,183383510,31.2840620855,121.496622277,0.570618968546,2.47624079513
1514650722,31.28406282,121.49674746,183383510,31.2841160974,121.496652618,0.555606077491,10.791184991
1514650724,31.28406282,121.49674746,183383510,31.2841160974,121.496652618,0.555606077491,10.791184991
1514650726,31.2841407,121.49681579,183383510,31.2842044736,121.496702263,0.531041446063,12.9172077795
1514650728,31.2841407,121.49681579,183383510,31.2842044736,121.496702263,0.531041446063,12.9172077795
1514650730,31.28417685,121.49693001,183383510,31.284280728,121.496745099,0.509846044177,21.0395591587
1514650732,31.2841394,121.49700706,183383510,31.284285163,121.496747591,0.508613297056,29.5229981535
1514650734,31.28411371,121.4970379,183383510,31.2842788047,121.496744019,0.510380638641,33.4384674751
1514650736,31.2840825,121.49706358,183383510,31.2842660472,121.496736852,0.513926698265,37.1758603406
1514650738,31.28403206,121.49712383,183383510,31.2842534345,121.496729766,0.517432507007,44.8374550262
1514650740,31.28401257,121.49714173,183383510,31.2842462549,121.496725733,0.519428109603,47.3323994342
1514650743,31.2839779,121.49718321,183383504,31.284012879,121.497200697,0.854629865829,4.22062706144
1514650744,31.28394365,121.49723183,183383504,31.2839865839,121.497253294,0.838471002303,5.18047635308
1514650747,31.28391282,121.49729904,183383504,31.2839535372,121.497319396,0.818163166545,4.91300706646
1514650749,31.28390061,121.49739139,183383504,31.2839141585,121.497398163,0.793964199219,1.63478899345
1514650751,31.28390061,121.49739139,183383504,31.2839141585,121.497398163,0.793964199219,1.63478899345
1514650753,31.28383016,121.49746771,183383504,31.2838695457,121.4974874,0.766548764761,4.75234924421
1514650755,31.28383016,121.49746771,183383504,31.2838695457,121.4974874,0.766548764761,4.75234924421
1514650757,31.28374494,121.49755978,183383504,31.283815676,121.497595148,0.7334461256,8.53529437245
1514650759,31.28371779,121.49763208,183383504,31.283781326,121.497663848,0.712339530559,7.66651335173
1514650761,31.28369226,121.49767851,183383504,31.2837618892,121.49770646,0.699458791955,8.16595885557
1514650763,31.28381167,121.49786616,183383504,31.2837135879,121.497826789,0.663828762139,11.5028518548
1514650765,31.28380897,121.49790166,183383504,31.2837009406,121.497858296,0.654499341513,12.6694490411
1514650768,31.28381748,121.49795623,183383504,31.2836832562,121.497902351,0.641454308728,15.7414599537
1514650769,31.28381748,121.49795623,183383504,31.2836832562,121.497902351,0.641454308728,15.7414599537
1514650772,31.28373361,121.49804016,183383504,31.2836426023,121.498003628,0.611465457448,10.673182725
1514650774,31.28365224,121.49810696,183383504,31.2836082187,121.498089283,0.586102526785,5.16291179377
1514650776,31.28365224,121.49810696,183383504,31.2836082187,121.498089283,0.586102526785,5.16291179377
1514650778,31.28354369,121.49822344,183383504,31.2835528676,121.498227125,0.545284610493,1.07636484
1514650780,31.28351635,121.49829543,183383504,31.2835241774,121.498298573,0.524127441508,0.918011737566
1514650782,31.28349571,121.49836687,183383504,31.2834966077,121.49836723,0.503796586117,0.105285302559
1514650784,31.28349571,121.49836687,183383504,31.2834966077,121.49836723,0.503796586117,0.105285302559
1514650786,31.28347379,121.49846801,183383504,31.2834586039,121.498461916,0.475760107462,1.78093997809
1514650788,31.28343654,121.49850032,183383504,31.2834422696,121.498502619,0.463708029341,0.671930169498
1514650790,31.28341923,121.49859095,183383504,31.2834085434,121.498586661,0.438823598452,1.25326816452
1514650792,31.28342427,121.49862083,183383504,31.2833989148,121.498610655,0.431719259787,2.97351887581
1514650795,31.28341161,121.49867317,183383504,31.283379068,121.498660111,0.417075616811,3.81633686526
1514650797,31.28338843,121.49873546,183383504,31.283354323,121.498721773,0.398817842824,3.99987129233
1514650799,31.28336284,121.49877486,183383504,31.2833371554,121.498764553,0.386150942827,3.01214173171
1514650801,31.28331424,121.4988404,183383504,31.2833077612,121.4988378,0.364462813029,0.759794871667
1514650803,31.28325778,121.49886555,183383504,31.2832912371,121.498878976,0.352270728918,3.92366297072
1514650805,31.28325778,121.49886555,183383504,31.2832912371,121.498878976,0.352270728918,3.92366297072
1514650807,31.28321572,121.49896866,183383504,31.2832497644,121.498982322,0.321670632338,3.99253704524
1514650809,31.28316546,121.49910622,183383504,31.2831952471,121.499118174,0.281445730099,3.49326085103
1514650811,31.28314072,121.49912466,183383504,31.2831854419,121.499142607,0.274211140085,5.2447377899
1514650813,31.28310635,121.49918072,183383504,31.2831612982,121.499202771,0.256396967249,6.44401126121
1514650815,31.28307706,121.49923979,183383504,31.2831368186,121.499263771,0.238335065479,7.00815607366
1514650817,31.28305852,121.49933642,183383504,31.283100848,121.499353406,0.211794605602,4.96398972488
1514650820,31.28306296,121.49939599,183383504,31.2830808742,121.499403179,0.197057175964,2.10087294183
1514650822,31.28305841,121.49943907,183383504,31.283065353,121.499441856,0.185605053476,0.814230974751
1514650824,31.28304638,121.49946407,183383504,31.2830550434,121.499467547,0.177998263472,1.01599193545
1514650826,31.28304638,121.49946407,183383504,31.2830550434,121.499467547,0.177998263472,1.01599193545
1514650828,31.28300753,121.49959321,183383504,31.2830050189,121.499592202,0.141088388405,0.294483179584
1514650830,31.28300753,121.49959321,183383504,31.2830050189,121.499592202,0.141088388405,0.294483179584
1514650832,31.28298663,121.49971872,183383504,31.2829587389,121.499707527,0.106941286294,3.27090881161
1514650834,31.28294847,121.49985473,183383504,31.2829064357,121.499837862,0.0683500066842,4.9295519033
1514650836,31.28291459,121.49986511,183383504,31.2828981486,121.499858512,0.0622355136035,1.928154561
1514650838,31.28291579,121.49991431,183383504,31.2828813096,121.499900473,0.0498111040124,4.0436632875
1514650841,31.28291579,121.49991431,183383504,31.2828813096,121.499900473,0.0498111040124,4.0436632875
1514650843,31.2829002,121.49996851,183383504,31.2828604136,121.499952544,0.034393253838,4.66592296254
1514650844,31.2829134,121.50001909,183383504,31.2828447621,121.499991546,0.0228450100768,8.04946361178
1514650847,31.28293758,121.50006699,183383504,31.2828315599,121.500024444,0.0131039442816,12.4334378408
1514650849,31.28293758,121.50006699,183383504,31.2828315599,121.500024444,0.0131039442816,12.4334378408
1514650851,31.28304158,121.50020015,183383504,31.2828139355,121.500068362,0.0001,28.1874240722
1514650853,31.28304158,121.50020015,183383504,31.2828139355,121.500068362,0.0001,28.1874240722
1514650855,31.28313218,121.50026164,183383504,31.2828139355,121.500068362,0.0001,39.796393369
1514650857,31.28325962,121.50032175,379035417,31.28326806,121.500305564,0.887541363751,1.80311337892
1514650859,31.28329331,121.50031703,379035417,31.2832926132,121.500318366,0.881462867926,0.148857463218
1514650861,31.28332798,121.50031649,379035417,31.2833196506,121.500332464,0.874769383044,1.779482356
1514650863,31.28334868,121.50032541,379035417,31.2833395825,121.500342857,0.869834949613,1.94357422522
1514650865,31.28338495,121.50032973,379035417,31.2833698702,121.50035865,0.862336781828,3.22161062251
1514650867,31.28343342,121.50033012,379035417,31.2834081389,121.500378605,0.852862828412,5.40100634023
1514650869,31.28344988,121.50034626,379035417,31.2834276971,121.500388803,0.848020908065,4.73910857526
1514650871,31.28348076,121.50038489,379035417,31.2834678129,121.50040972,0.838089663137,2.76599336899
1514650874,31.28346936,121.50038148,379035417,31.2834574518,121.500404318,0.840654688482,2.54403275713
1514650876,31.28346936,121.50038148,379035417,31.2834574518,121.500404318,0.840654688482,2.54403275713
1514650878,31.28353442,121.50043554,379035417,31.2835307668,121.500442546,0.822504499687,0.780452173249
1514650880,31.28353442,121.50043554,379035417,31.2835307668,121.500442546,0.822504499687,0.780452173249
1514650882,31.28364387,121.5004944,379035417,31.2836409506,121.500499999,0.79522692136,0.623695911991
1514650884,31.28364387,121.5004944,379035417,31.2836409506,121.500499999,0.79522692136,0.623695911991
1514650886,31.28372458,121.50051372,379035417,31.283712328,121.500537217,0.777556408951,2.61748173344
1514650888,31.28374398,121.50051325,379035417,31.2837273883,121.50054507,0.773828026132,3.5446133027
1514650890,31.28382394,121.50050494,379035417,31.2837868487,121.500576074,0.759107732556,7.92407624238
1514650892,31.28390038,121.50048181,379035417,31.283837466,121.500602467,0.746576702168,13.4408276515
1514650894,31.28393116,121.500479,379035417,31.2838605142,121.500614485,0.740870768419,15.0926142324
1514650896,31.28399727,121.5004986,379035417,31.2839205274,121.500645778,0.726013633504,16.3951137834
1514650899,31.28407153,121.50057736,379035417,31.2840112037,121.500693058,0.703565539561,12.8882343952
1514650901,31.28407153,121.50057736,379035417,31.2840112037,121.500693058,0.703565539561,12.8882343952
1514650903,31.28418018,121.50064358,379035417,31.2841237763,121.500751755,0.675696712568,12.0501780825
1514650905,31.28418018,121.50064358,379035417,31.2841237763,121.500751755,0.675696712568,12.0501780825
1514650907,31.2843759,121.50081997,379035417,31.2843499662,121.500869694,0.619700356826,5.53940927029
1514650909,31.2845435,121.50092073,379035417,31.284523039,121.500959961,0.576851465747,4.37042705053
1514650911,31.28462605,121.50101318,379035417,31.2846258423,121.501013578,0.551399709941,0.0443681559955
1514650913,31.2846847,121.50107402,379035417,31.2846968958,121.501050636,0.533808481252,2.60498782921
1514650915,31.28470751,121.5011531,379035417,31.2847472216,121.501076881,0.521349243493,8.48865654626
1514650917,31.28472464,121.50122884,379035417,31.2847917311,121.501100071,0.510332117346,14.3412773987
1514650920,31.28475152,121.50128843,379035417,31.2848373753,121.501123874,0.499031993589,18.3338058863
1514650921,31.2847214,121.50133264,379035417,31.2848318307,121.501120981,0.500404816499,23.5817161175
1514650924,31.28467582,121.50138538,379035417,31.2848176322,121.501113573,0.503920305933,30.2830316852
1514650926,31.28467582,121.50138538,379035417,31.2848176322,121.501113573,0.503920305933,30.2830316852
1514650928,31.28466193,121.50152005,379035417,31.2848619429,121.501136692,0.492949145918,42.7113949136
1514650930,31.28466193,121.50152005,379035417,31.2848619429,121.501136692,0.492949145918,42.7113949136
1514650932,31.28468359,121.50158174,379035417,31.2849041242,121.501158684,0.482506768227,47.1232865185
1514650934,31.28472652,121.50158337,379035417,31.2849385492,121.50117663,0.473984849544,45.3059392886
1514650936,31.28473733,121.5016051,379035417,31.2849559565,121.501185704,0.469675663358,46.7156328744
1514650938,31.28473705,121.50162767,379035417,31.2849649878,121.501190412,0.467439960463,48.7052503164
1514650940,31.28471879,121.50163396,183389273,31.284606915,121.501586903,0.541629355148,13.1885476485
1514650942,31.2847025,121.50162652,183389273,31.2846071252,121.501586403,0.541063544032,11.2434010643
1514650944,31.2847025,121.50162652,183389273,31.2846071252,121.501586403,0.541063544032,11.2434010643
1514650946,31.28468707,121.50160956,183389273,31.284610867,121.501577507,0.530989840477,8.98330303935
1514650949,31.28467515,121.50159959,183389273,31.2846126383,121.501573296,0.526221162213,7.36928420259
1514650951,31.28467515,121.50159959,183389273,31.2846126383,121.501573296,0.526221162213,7.36928420259
1514650953,31.28466704,121.50160334,183389273,31.2846100789,121.501579381,0.53311148894,6.71494004259
1514650955,31.28466704,121.50160334,183389273,31.2846100789,121.501579381,0.53311148894,6.71494004259
1514650957,31.28465944,121.5016227,183389273,31.2846020173,121.501598547,0.554814860699,6.76935500906
1514650959,31.28465944,121.5016227,183389273,31.2846020173,121.501598547,0.554814860699,6.76935500906
1514650961,31.28465628,121.50163628,183389273,31.2845966889,121.501611215,0.5691599887,7.02498149158
1514650963,31.28461533,121.50165829,183389273,31.2845826678,121.501644556,0.606914584555,3.85027999341
1514650965,31.28461329,121.50166404,183389273,31.2845803068,121.501650171,0.61327270338,3.88812195793
1514650967,31.28461028,121.5016773,183389273,31.2845751167,121.501662514,0.627249525508,4.14512057143
1514650969,31.28461553,121.50169423,183389273,31.2845698562,121.501675025,0.641415727801,5.38411405741
1514650971,31.28461268,121.50169193,183389273,31.2845702498,121.501674089,0.640355725466,5.00174981176
1514650973,31.28463757,121.50168512,183389273,31.2845764226,121.501659409,0.623732661882,7.20817132368
1514650975,31.28466718,121.50167461,183389273,31.2845846266,121.501639898,0.601639708823,9.73155586597
1514650978,31.28468258,121.50165831,183389273,31.2845927692,121.501620534,0.579712691079,10.5874801536
1514650980,31.28468315,121.50165387,183389273,31.2845944417,121.501616557,0.575209979352,10.4575096657
1514650982,31.28468315,121.50165387,183389273,31.2845944417,121.501616557,0.575209979352,10.4575096657
1514650984,31.28468367,121.50166338,183389273,31.2845911167,121.501624463,0.584162245972,10.9103683188
1514650986,31.28469178,121.50166862,183389273,31.2845904628,121.501626018,0.585922995353,11.9434661448
1514650988,31.28468327,121.50164378,183389273,31.2845980658,121.501607941,0.565453136153,10.0444211427
1514650990,31.28464382,121.50161918,183389273,31.2846009273,121.501601138,0.557749593789,5.05647488476
1514650992,31.28460835,121.50161844,183389273,31.2845958596,121.501613186,0.571392642187,1.47244610161
1514650995,31.28457066,121.50161547,183389273,31.2845912565,121.50162413,0.583785730206,2.42795244619
1514650997,31.28457066,121.50161547,183389273,31.2845912565,121.50162413,0.583785730206,2.42795244619
1514650999,31.28451995,121.5016263,183389273,31.2845797681,121.501651452,0.61472354656,7.05147052367
1514651001,31.28451995,121.5016263,183389273,31.2845797681,121.501651452,0.61472354656,7.05147052367
1514651003,31.28446309,121.50169016,183389273,31.2845484076,121.501726035,0.699175964835,10.0574076189
1514651005,31.28446309,121.50169016,183389273,31.2845484076,121.501726035,0.699175964835,10.0574076189
1514651007,31.28443328,121.50172326,183389273,31.284532102,121.501764813,0.743086308397,11.6493318658
1514651009,31.28441765,121.50175384,183389273,31.2845188272,121.501796383,0.778834709504,11.9269717478
1514651011,31.28441244,121.50180185,183389273,31.2845008901,121.501839042,0.827138665141,10.4266728598
1514651013,31.28441412,121.50182052,183389273,31.2844944716,121.501854306,0.844423528261,9.47200115795
1514651015,31.28441329,121.50182962,183389273,31.2844910954,121.501862336,0.853515512553,9.171849422
1514651017,31.28438825,121.5018558,183389273,31.284477979,121.501893529,0.888837399653,10.5774289812
1514651019,31.28436004,121.50187085,183389273,31.2844683632,121.501916398,0.914732382802,12.7693490938
1514651022,31.28435624,121.50187806,183389273,31.2844652161,121.501923882,0.923207424919,12.8463129571
1514651024,31.28435624,121.50187806,183389273,31.2844652161,121.501923882,0.923207424919,12.8463129571
1514651026,31.28435024,121.50191583,183389273,31.2844508191,121.501958122,0.961977913284,11.856460089
1514651028,31.28435024,121.50191583,183389273,31.2844508191,121.501958122,0.961977913284,11.856460089
1514651030,31.28432598,121.50199623,24474442,31.2844215115,121.502032124,0.007722467139,11.129766895
1514651032,31.28430195,121.50213131,24474442,31.2843740639,121.502158405,0.0318468387389,8.40153320468
1514651034,31.28430285,121.50214601,24474442,31.2843694685,121.50217073,0.0341991646697,7.75228424319
1514651036,31.28423266,121.50227335,24474442,31.2843194398,121.502305552,0.0599157303184,10.0984185601
1514651038,31.28421567,121.50229061,24474442,31.284311754,121.502326264,0.0638665504774,11.1811229053
1514651040,31.28419321,121.50232092,24474442,31.2842991496,121.502360231,0.0703456379535,12.3280088035
1514651042,31.28417244,121.50235349,24474442,31.2842860127,121.502395634,0.0770984940214,13.2162562151
1514651044,31.28414999,121.50241296,24474442,31.2842638986,121.502455229,0.0884659097386,13.2553514643
1514651047,31.28413075,121.50247834,24474442,31.2842402455,121.502518971,0.100624485709,12.7418005056
1514651049,31.28413075,121.50247834,24474442,31.2842402455,121.502518971,0.100624485709,12.7418005056
1514651051,31.28410386,121.50256419,24474442,31.2842089899,121.502603201,0.116690989067,12.2337843968
1514651053,31.28410386,121.50256419,24474442,31.2842089899,121.502603201,0.116690989067,12.2337843968
1514651055,31.28408851,121.50270007,24474442,31.2841628131,121.502727642,0.140427545397,8.64652013905
1514651057,31.28408851,121.50270007,24474442,31.2841628131,121.502727642,0.140427545397,8.64652013905
1514651059,31.28418622,121.50289382,24474442,31.2841114449,121.502866073,0.166832629539,8.70144702208
1514651061,31.28405429,121.50292849,24474442,31.2840839441,121.502939748,0.180896054029,3.45823449577
1514651063,31.28399663,121.50297009,24474442,31.2840628762,121.502995241,0.191510897007,7.72556196275
1514651065,31.28398143,121.50299613,24474442,31.2840523205,121.503023044,0.196829236201,8.2671821017
1514651067,31.2839526,121.50307433,24474442,31.2840227397,121.503100959,0.211733181292,8.17962460565
1514651069,31.2839293,121.5031431,24474442,31.2839969847,121.503168797,0.224709547232,7.89332362001
1514651071,31.28390244,121.50321351,24474442,31.283970237,121.503239249,0.238186064551,7.90642064855
1514651074,31.28389848,121.50324942,24474442,31.2839578223,121.50327195,0.244441097657,6.92043525314
1514651076,31.28389848,121.50324942,24474442,31.2839578223,121.50327195,0.244441097657,6.92043525314
1514651078,31.28385261,121.50335538,24474442,31.2839168833,121.503379782,0.265067734171,7.49548505165
1514651080,31.28382207,121.50341529,24474442,31.2838931562,121.503442278,0.277022371645,8.28999590868
1514651082,31.28379542,121.50347055,24474442,31.2838714621,121.50349942,0.28795267921,8.86795140972
1514651084,31.28375148,121.50355281,24474442,31.2838386305,121.503585897,0.304494484543,10.1634061094
1514651086,31.28367449,121.50361982,24474442,31.2838066957,121.503670013,0.320584483795,15.4176946273
1514651088,31.28366148,121.50364016,24474442,31.2837983073,121.503692107,0.324810851551,15.9566682581
1514651090,31.28371376,121.50368548,24474442,31.2837898552,121.50371437,0.329069373588,8.87414435449
1514651092,31.28369435,121.50374054,24474442,31.2837691396,121.503768934,0.33950669701,8.72188495747
1514651094,31.28365265,121.50381588,24474442,31.2837388864,121.50384862,0.354749389315,10.0568073172
1514651096,31.28363056,121.5039056,24474442,31.2837063321,121.503934367,0.371151516474,8.83646680107
1514651098,31.28363056,121.5039056,24474442,31.2837063321,121.503934367,0.371151516474,8.83646680107
1514651101,31.28361567,121.50401233,24474442,31.2836690404,121.504032592,0.389940483636,6.22400866084
1514651103,31.28361567,121.50401233,24474442,31.2836690404,121.504032592,0.389940483636,6.22400866084
1514651105,31.28358615,121.50412346,24474442,31.2836284457,121.504139518,0.410393687371,4.93248055705
1514651107,31.28358615,121.50412346,24474442,31.2836284457,121.504139518,0.410393687371,4.93248055705
1514651109,31.28353341,121.50423749,24474442,31.2835839634,121.504256683,0.432805583194,5.8954849858
1514651111,31.28347118,121.50435789,24474442,31.2835384695,121.504382137,0.456670524368,7.80975378018
1514651113,31.28345658,121.50438104,24474442,31.2835294085,121.504407283,0.46145040996,8.45262204055
1514651115,31.28344553,121.50443909,24474442,31.283509625,121.504462186,0.471886699046,7.43898826292
1514651117,31.28344027,121.50450796,24474442,31.283487056,121.504524819,0.483792347732,5.4300774191
1514651119,31.28342787,121.50454492,24474442,31.2834738435,121.504561486,0.490762272246,5.33577237592
1514651121,31.28342658,121.50458656,24474442,31.2834604151,121.504598752,0.497846038771,3.92697193166
1514651123,31.28341148,121.50462832,24474442,31.2834453615,121.504640529,0.505787204238,3.93234864396
1514651126,31.28338664,121.50466945,24474442,31.2834289532,121.504685126,0.514285327192,4.92319485975
1514651128,31.2833818,121.50469197,24474442,31.2834210328,121.504706505,0.518362441307,4.56478172993
1514651130,31.2833818,121.50469197,24474442,31.2834210328,121.504706505,0.518362441307,4.56478172993
1514651132,31.28335508,121.50477526,24474442,31.2833915334,121.50478834,0.533918857444,4.22929130807
1514651134,31.28335508,121.50477526,24474442,31.2833915334,121.50478834,0.533918857444,4.22929130807
1514651136,31.28331282,121.50490166,24474442,31.2833465331,121.504913756,0.557747216149,3.91136431269
1514651138,31.28325551,121.5050434,24474442,31.28329494,121.505057548,0.585066602973,4.57462484428
1514651140,31.28325877,121.50509857,24474442,31.2832777743,121.505105389,0.594156103721,2.2048564208
1514651142,31.28325919,121.50518016,24474442,31.2832518862,121.505177539,0.607864225722,0.847376737973
1514651144,31.28324159,121.50523845,24474442,31.2832313495,121.505234776,0.618738742556,1.18809312786
1514651146,31.28317942,121.50528047,24474442,31.2832109011,121.505291766,0.629566463687,3.65241071014
1514651148,31.2831442,121.50530996,24474442,31.2831975097,121.505329088,0.636657439723,6.18493853063
1514651150,31.28311339,121.50537278,24474442,31.2831740263,121.505394537,0.649092283613,7.03495937489
1514651153,31.28308386,121.50542612,24474442,31.2831537023,121.50545118,0.659854117682,8.10303918907
1514651155,31.28308386,121.50542612,24474442,31.2831537023,121.50545118,0.659854117682,8.10303918907
1514651157,31.28302782,121.50552114,24474442,31.2831133195,121.505555832,0.679918254571,10.0387937181
1514651159,31.28302782,121.50552114,24474442,31.2831133195,121.505555832,0.679918254571,10.0387937181
1514651161,31.28296866,121.50563525,24474442,31.2830652004,121.505674422,0.702805064821,11.3351447916
1514651163,31.28295956,121.50578095,24474442,31.2830469827,121.505769438,0.720664777483,9.75472824608
1514651165,31.28303658,121.5057983,24474442,31.2830505414,121.505796461,0.725539196859,1.55783210415
1514651167,31.28305371,121.5058289,24474442,31.2830547944,121.505828757,0.731364518695,0.120990875232
1514651169,31.28307763,121.5059098,24474442,31.283065674,121.505911374,0.746266545847,1.33406407041
1514651171,31.28308884,121.50602501,24474442,31.2830791119,121.506025978,0.766904104942,1.08252356911
1514651173,31.28308477,121.5060725,24474442,31.2830837508,121.506072601,0.775282969189,0.11341099153
1514651175,31.2830858,121.50612023,24474442,31.2830884633,121.506119965,0.783794840443,0.296372146394
1514651178,31.28309713,121.50617254,24474442,31.2830937281,121.506172878,0.793304098235,0.378562774482
1514651180,31.28309713,121.50617254,24474442,31.2830937281,121.506172878,0.793304098235,0.378562774482
1514651182,31.28312526,121.50626381,24474442,31.283101988,121.506265446,0.809925343707,2.58497063396
1514651184,31.28312526,121.50626381,24474442,31.283101988,121.506265446,0.809925343707,2.58497063396
1514651186,31.28320148,121.50640604,24474442,31.2831123123,121.506412308,0.836253617681,9.90441539494
1514651188,31.28320148,121.50640604,24474442,31.2831123123,121.506412308,0.836253617681,9.90441539494
1514651190,31.28325933,121.50650203,24474442,31.2831193116,121.506511873,0.854102761329,15.5527168958
1514651192,31.28323786,121.50664032,24474442,31.2831292375,121.506650682,0.878989817251,12.0838014189
1514651194,31.28321049,121.50666716,24474442,31.2831315281,121.506674693,0.883303101677,8.78418612302
1514651196,31.28320954,121.5067325,24474442,31.2831376967,121.506739354,0.894918931619,7.99227253741
1514651198,31.28320218,121.50682052,24474442,31.2831459516,121.506825884,0.910463440798,6.25517794671
1514651200,31.28320616,121.50688878,24474442,31.2831524407,121.506893905,0.922682822179,5.97605028222
1514651202,31.28322902,121.50692494,24474442,31.2831560654,121.5069319,0.929508335988,8.11589845494
1514651204,31.28325162,121.50695094,24474442,31.2831587272,121.506959802,0.934520729654,10.3339366673
1514651207,31.28328055,121.5069967,24474442,31.2831633142,121.507007884,0.943158343307,13.0419934515
1514651209,31.28328055,121.5069967,24474442,31.2831633142,121.507007884,0.943158343307,13.0419934515
1514651211,31.28329143,121.50710383,24474442,31.2831735403,121.507115077,0.962414627375,13.1147420272
1514651213,31.28329143,121.50710383,24474442,31.2831735403,121.507115077,0.962414627375,13.1147420272
1514651215,31.28311992,121.50728854,39676332,31.2831645908,121.507346558,0.0155175777217,7.41964238677
1514651217,31.28299355,121.50740334,39676332,31.2830297603,121.50745037,0.0878903560389,6.01439232906
1514651219,31.28296995,121.50743004,39676332,31.2830020373,121.507471715,0.102771185827,5.32958030495
1514651221,31.28292825,121.5074677,39676332,31.2829576528,121.507505888,0.126595374547,4.88370190858
1514651223,31.28282856,121.50753937,39676332,31.282860421,121.507580751,0.178786348365,5.29200569742
1514651225,31.28276901,121.5075569,39676332,31.2828145605,121.507616061,0.203402842114,7.56578125318
1514651227,31.2827215,121.50758356,39676332,31.2827718456,121.507648949,0.226330843078,8.36223862885
1514651230,31.28267926,121.5076224,39676332,31.2827265518,121.507683823,0.250643179239,7.85500120931
1514651232,31.28265784,121.50764898,39676332,31.2827002554,121.507704069,0.264758224033,7.04506048746
1514651234,31.28262777,121.50769499,39676332,31.2826591363,121.507735729,0.286829704246,5.20983185844
1514651236,31.28262777,121.50769499,39676332,31.2826591363,121.507735729,0.286829704246,5.20983185844
1514651238,31.28256455,121.50774476,39676332,31.2825953873,121.507784811,0.321048160875,5.12197113586
1514651240,31.28252862,121.50785121,39676332,31.2825213732,121.507841798,0.360776570712,1.20366215399
1514651242,31.28249812,121.50789622,39676332,31.2824804675,121.507873293,0.382733492533,2.93202371515
1514651244,31.28244353,121.50794082,39676332,31.2824246357,121.50791628,0.412702242118,3.13828051443
1514651246,31.28239975,121.50793219,39676332,31.2824013213,121.507934231,0.425216688494,0.260989631842
1514651248,31.28233463,121.50790666,39676332,31.2823727784,121.507956207,0.440537628288,6.33633300606
1514651251,31.28233463,121.50790666,39676332,31.2823727784,121.507956207,0.440537628288,6.33633300606
1514651252,31.28222719,121.5079207,39676332,31.2822985385,121.508013368,0.48038727419,11.8507765063
1514651255,31.28222719,121.5079207,39676332,31.2822985385,121.508013368,0.48038727419,11.8507765063
1514651257,31.28211991,121.5080171,39676332,31.2821845874,121.508101103,0.541552639785,10.7427373347
1514651259,31.28211991,121.5080171,39676332,31.2821845874,121.508101103,0.541552639785,10.7427373347
1514651261,31.28201016,121.50810786,39676332,31.2820718119,121.508187934,0.602086993412,10.2402168501
1514651263,31.28201016,121.50810786,39676332,31.2820718119,121.508187934,0.602086993412,10.2402168501
1514651265,31.28192837,121.50819855,39676332,31.2819766242,121.508261223,0.653180804935,8.01488791992
1514651267,31.28189508,121.50833656,39676332,31.2818890119,121.508328679,0.700208302328,1.00789020939
1514651269,31.28188104,121.50828024,39676332,31.2819074216,121.508314504,0.690326573565,4.38191409969
1514651271,31.28183141,121.50832452,39676332,31.2818548585,121.508354975,0.718540798884,3.89473466975
1514651273,31.28179374,121.50834876,39676332,31.2818194912,121.508382206,0.737524861022,4.27720688202
1514651275,31.28176851,121.50833078,39676332,31.2818123425,121.50838771,0.741362041358,7.28047150556
1514651277,31.28174727,121.50833608,39676332,31.2817964456,121.508399949,0.749894985638,8.16795205599
1514651280,31.28172904,121.50833402,39676332,31.2817859962,121.508407995,0.755503903576,9.46028884666
1514651281,31.28172904,121.50833402,39676332,31.2817859962,121.508407995,0.755503903576,9.46028884666
1514651284,31.28167126,121.50838408,39676332,31.2817255224,121.508454556,0.787964352755,9.01285560069
1514651286,31.28162014,121.50847189,39676332,31.2816509821,121.508511948,0.827975265674,5.1227969909
1514651288,31.28162014,121.50847189,39676332,31.2816509821,121.508511948,0.827975265674,5.1227969909
1514651290,31.28154505,121.50853708,39676332,31.281572327,121.508572507,0.870194821949,4.53065534657
1514651292,31.28142576,121.50868438,39676332,31.2814262315,121.508684992,0.948614328402,0.0783161627173
1514651294,31.28140296,121.50867043,39676332,31.2814186604,121.508690822,0.952678259866,2.60780322854
1514651296,31.28137206,121.5086971,39676332,31.2813863688,121.508715684,0.970011368978,2.37666481926
1514651298,31.28131259,121.50874522,39676345,31.2813240994,121.508741047,0.00328180506478,1.33653479139
1514651300,31.2812614,121.50876984,39676345,31.2813260412,121.508746403,0.0022861656352,7.50649073144
1514651302,31.28122304,121.50879661,39676345,31.2813301627,121.50875777,0.000172939941822,12.439671331
1514651305,31.28118136,121.50884254,39676345,31.281330305,121.508758162,0.0001,18.3650068781
1514651307,31.28116396,121.5088597,39676345,31.281330305,121.508758162,0.0001,20.8240881561
1514651309,31.28115159,121.50887476,39676345,31.281330305,121.508758162,0.0001,22.7134756117
1514651311,31.28115159,121.50887476,39676345,31.281330305,121.508758162,0.0001,22.7134756117
1514651313,31.28106823,121.50889903,39676345,31.281330305,121.508758162,0.0001,32.0041036043
1514651315,31.28094152,121.5089361,39676345,31.281330305,121.508758162,0.0001,46.3167499371
1514651317,31.28094152,121.5089361,39676345,31.281330305,121.508758162,0.0001,46.3167499371
1514651319,31.28083073,121.50904318,238492235,31.2808720813,121.509098913,0.84940048779,7.01319231562
1514651321,31.28081044,121.50919287,238492235,31.2807873644,121.509161769,0.821571850261,3.91362747167
1514651323,31.28080418,121.50921214,238492235,31.2807741058,121.509171606,0.817216523004,5.10059859271
1514651325,31.28075923,121.50926278,238492235,31.2807208825,121.509211096,0.799733204908,6.50375541703
1514651327,31.28074742,121.50926123,238492235,31.2807140073,121.509216197,0.797474774839,5.66680936133
1514651329,31.28068427,121.50927427,238492235,31.2806670385,121.509251046,0.782045985771,2.92247691681
1514651331,31.28066775,121.50927963,238492235,31.2806538189,121.509260854,0.777703498486,2.36271813078
1514651334,31.28061499,121.50932673,238492235,31.2805972525,121.509302824,0.759122004642,3.00828700214
1514651336,31.28057859,121.5093354,238492235,31.2805696274,121.50932332,0.750047419956,1.52006801385
1514651338,31.28057859,121.5093354,238492235,31.2805696274,121.50932332,0.750047419956,1.52006801385
1514651340,31.28047256,121.50936564,238492235,31.2804867722,121.509384795,0.722830345193,2.41040659815
1514651342,31.28038351,121.50943171,238492235,31.2803977228,121.509450866,0.693578499933,2.41050260896
1514651344,31.28038351,121.50943171,238492235,31.2803977228,121.509450866,0.693578499933,2.41050260896
1514651346,31.28031051,121.50946762,238492235,31.2803334589,121.509498548,0.672468352981,3.89195645602
1514651348,31.28024663,121.50951492,238492235,31.280269627,121.509545912,0.651499529011,3.90010750152
1514651350,31.28019897,121.50952906,238492235,31.2802321239,121.50957374,0.639179748338,5.62264237858
1514651352,31.28016701,121.50953679,238492235,31.2802078134,121.509591779,0.631193732069,6.91993629658
1514651354,31.28010057,121.50960923,238492235,31.2801303,121.509649296,0.605730539795,5.04197338817
1514651356,31.28003227,121.50968734,238492235,31.2800488737,121.509709716,0.578981971823,2.81585978569
1514651358,31.2800097,121.50972864,238492235,31.2800145543,121.509735182,0.567708042698,0.82325600309
1514651360,31.27997768,121.50976225,238492235,31.2799778205,121.509762439,0.555640964885,0.0237940181148
1514651363,31.27997768,121.50976225,238492235,31.2799778205,121.509762439,0.555640964885,0.0237940181148
1514651365,31.27994807,121.50981564,238492235,31.2799331754,121.509795567,0.540975028445,2.52601301023
1514651367,31.27994807,121.50981564,238492235,31.2799331754,121.509795567,0.540975028445,2.52601301023
1514651369,31.2798987,121.50988222,238492235,31.2798694749,121.509842834,0.520049380343,4.95636221666
1514651371,31.2798987,121.50988222,238492235,31.2798694749,121.509842834,0.520049380343,4.95636221666
1514651373,31.27981176,121.50994086,238492235,31.279785388,121.509904714,0.492507199625,4.51624166282
1514651375,31.27974064,121.51007078,238492235,31.2796771143,121.509983711,0.457149462445,10.8788638431
1514651377,31.27971931,121.51017457,238492235,31.2796137754,121.510029924,0.436465572752,18.0730186314
1514651379,31.27969741,121.51019332,238492235,31.2795905557,121.510046865,0.428882970786,18.2990229532
1514651381,31.27965205,121.51019406,238492235,31.2795606013,121.51006872,0.419101075715,15.6607940631
1514651383,31.27964008,121.51020052,238492235,31.2795497137,121.510076664,0.415545648527,15.4754233306
1514651385,31.27964068,121.51019911,238492235,31.2795507766,121.510075888,0.415892755817,15.3961465522
1514651388,31.27964147,121.51018687,238492235,31.2795571202,121.51007126,0.417964297753,14.4450894082
1514651390,31.27964754,121.51018641,238492235,31.2795613005,121.51006821,0.419329422193,14.7686989019
1514651392,31.27965239,121.51018839,238492235,31.2795635229,121.510066588,0.420055155502,15.2186866736
1514651394,31.27965239,121.51018839,238492235,31.2795635229,121.510066588,0.420055155502,15.2186866736
1514651396,31.27966135,121.51020017,238492235,31.2795637612,121.510066414,0.420132996095,16.7122847547
1514651398,31.27966135,121.51020017,238492235,31.2795637612,121.510066414,0.420132996095,16.7122847547
1514651400,31.27966758,121.51021726,238492235,31.2795596897,121.510069385,0.418803391319,18.4764490713
1514651402,31.27967062,121.51022959,238492235,31.2795558028,121.510072221,0.417534080529,19.6627001879
1514651404,31.27968793,121.5102418,238492235,31.2795612856,121.510068221,0.419324559616,21.6881207102
1514651406,31.27969823,121.51024476,238492235,31.2795665981,121.510064345,0.421059383139,22.5422506449
1514651408,31.27969965,121.51024651,238492235,31.2795666915,121.510064276,0.421089899172,22.7694255194
1514651411,31.27969867,121.51024686,238492235,31.2795658853,121.510064865,0.420826626774,22.7396623176
1514651412,31.27969959,121.51024904,238492235,31.2795654477,121.510065184,0.420683725841,22.9721535009
1514651415,31.2797026,121.5102524,238492235,31.2795658122,121.510064918,0.420802755644,23.4252012488
1514651417,31.27970392,121.51025385,238492235,31.2795659832,121.510064793,0.420858606937,23.6219647358
1514651419,31.279705,121.51025494,238492235,31.279566169,121.510064658,0.42091928691,23.775095504
1514651421,31.279705,121.51025494,238492235,31.279566169,121.510064658,0.42091928691,23.775095504
1514651423,31.27971765,121.51028546,238492235,31.2795598926,121.510069237,0.418869657732,27.0162887272
1514651425,31.27971765,121.51028546,238492235,31.2795598926,121.510069237,0.418869657732,27.0162887272
1514651427,31.27976379,121.51041708,238492235,31.2795273338,121.510092992,0.40823729174,40.4936221729
1514651429,31.2798248,121.51059515,297471511,31.2798339081,121.510539886,0.899364759634,5.35846259212
1514651431,31.27986557,121.51061112,297471511,31.2798912661,121.510605957,0.881445657512,2.89114662233
1514651433,31.27987996,121.5106216,297471511,31.2798931393,121.510612694,0.880248669381,1.68950855009
1514651435,31.27988482,121.51060759,297471511,31.2798913314,121.510606282,0.881389605632,0.732613352929
1514651437,31.27986092,121.51062367,297471511,31.2798924,121.5106116,0.880472007017,3.67469113113
1514651440,31.27982714,121.51064086,297471511,31.2798924,121.5106116,0.880472007017,7.75357148249
1514651441,31.2798186,121.51062042,297471511,31.2798912394,121.510605824,0.881468526182,8.17289227811
1514651444,31.27982316,121.51057678,297471511,31.279829364,121.510539137,0.900143785432,3.64990331242
1514651446,31.27982626,121.51054963,297471511,31.2798280257,121.510538916,0.900373210228,1.03879443147
1514651448,31.27982409,121.51052628,297471511,31.2798221665,121.510537951,0.901377679714,1.13161684934
1514651450,31.2798096,121.51050166,297471511,31.2798041094,121.510534975,0.904473312355,3.23024279273
1514651452,31.2798096,121.51050166,297471511,31.2798041094,121.510534975,0.904473312355,3.23024279273
1514651454,31.27977229,121.51047852,297471511,31.2797640731,121.510528376,0.911336931313,4.83413725176
1514651456,31.27977826,121.51054918,297471511,31.2797812228,121.510531203,0.908396870393,1.74308352769
1514651458,31.27979214,121.51057961,297471511,31.2797996183,121.510534235,0.905243231045,4.39964648356
1514651460,31.27979273,121.51059251,297471511,31.2798022626,121.51053467,0.904789916344,5.60818982652
1514651462,31.2798081,121.51060823,297471511,31.2798197484,121.510537552,0.901792224152,6.85298982753
1514651464,31.27982021,121.51061993,297471511,31.2798912073,121.510605664,0.881496137523,7.98812810773
1514651466,31.27982801,121.51061054,297471511,31.2798896964,121.510598145,0.88279344441,6.94053481962
1514651468,31.27983643,121.51061346,297471511,31.2798905872,121.510602578,0.882028618741,6.09339203123
1514651471,31.2798401,121.51063523,297471511,31.2798924,121.5106116,0.880472007017,6.21999347551
1514651473,31.27985236,121.51065173,297471511,31.2798984645,121.510620574,0.878639855808,5.91034562642
1514651475,31.27985236,121.51065173,297471511,31.2798984645,121.510620574,0.878639855808,5.91034562642
1514651477,31.27988284,121.51068988,297471511,31.2799257181,121.510660905,0.870406261324,5.4967424436
1514651479,31.27988284,121.51068988,297471511,31.2799257181,121.510660905,0.870406261324,5.4967424436
1514651481,31.27991341,121.51071301,297471511,31.279946032,121.510690965,0.864269240243,4.18196184344
1514651483,31.27992354,121.51076674,297471511,31.2799741338,121.510732551,0.855779410419,6.48584504883
1514651485,31.27994445,121.51082594,297471511,31.280010889,121.510800454,0.842634945204,7.75584990907
1514651487,31.27994091,121.5108464,297471511,31.2800172766,121.510817106,0.839618115599,8.91476261721
1514651489,31.2799358,121.51087798,297471511,31.2800271813,121.510842926,0.834940195036,10.6675211758
1514651491,31.27993252,121.51088571,297471511,31.2800293454,121.510848568,0.833918090432,11.3030487574
1514651493,31.27992321,121.51089888,297471511,31.2800325552,121.510856935,0.832402148128,12.764557858
1514651496,31.27992965,121.51091548,297471511,31.2800389322,121.510873559,0.829390321988,12.7572049434
1514651497,31.2799355,121.51094459,297471511,31.2800494168,121.510900892,0.824438508195,13.2982307786
1514651500,31.2799179,121.51098777,297471511,31.2800615983,121.510932647,0.818685251611,16.7748159447
1514651502,31.2799179,121.51098777,297471511,31.2800615983,121.510932647,0.818685251611,16.7748159447
1514651504,31.27987631,121.51099838,297471511,31.2800598113,121.510927989,0.819529223122,21.4212780966
1514651506,31.27987631,121.51099838,297471511,31.2800598113,121.510927989,0.819529223122,21.4212780966
Time_cost 0.595227956772
