IMEI:862305032225518
IMSI:460091042103139
OSVersion:3.10.73-perf-g94fc9a6
apiLevel:5.1.1
model:Redmi Note 3
device:kenzo
product:kenzo
62
1524196702464,121.20975497,31.28428932,30.0,58.0,0.21377558,-73,true,-1,-1,5,37.0,4000.0,113.09967041015625,-66.3238525390625,2.06756591796875,-2.07932186126709,-0.23609541356563568,0.07632901519536972,460,1,5198,42507,0,-1,0.0,0.0,0,0,0,,5,460,1,5198,42507,0,2147483647,0.0,0.0,20,4,-73,GSM,460,1,5198,42509,0,2147483647,0.0,0.0,15,4,-83,GSM,460,1,5198,42508,0,2147483647,0.0,0.0,15,4,-83,GSM,460,1,5198,42518,0,2147483647,0.0,0.0,11,3,-91,GSM,0,0,0,-1,0,2147483647,0.0,0.0,10,3,-93,GSM
1524196705524,121.20975497,31.28428932,30.0,58.0,0.21377558,-73,true,-1,-1,5,37.0,4000.0,113.6199951171875,-105.3253173828125,6.56890869140625,-2.2147152423858643,-0.485389769077301,0.2271210253238678,460,1,5198,42507,0,-1,0.0,0.0,0,0,0,,4,460,1,5198,42507,0,2147483647,0.0,0.0,18,4,-77,GSM,460,1,5198,42509,0,2147483647,0.0,0.0,15,4,-83,GSM,460,1,5198,42508,0,2147483647,0.0,0.0,14,4,-85,GSM,460,1,5198,42518,0,2147483647,0.0,0.0,12,4,-89,GSM
1524196708588,121.20974387,31.28425298,32.0,24.0,0.5024938,-73,true,-1,-1,5,37.0,4000.0,118.64013671875,-87.32452392578125,106.46820068359375,2.0026485919952393,-0.2933841347694397,-2.700770378112793,460,1,5198,42507,0,-1,0.0,0.0,0,0,0,,5,460,1,5198,42507,0,2147483647,0.0,0.0,19,4,-75,GSM,460,1,5198,42509,0,2147483647,0.0,0.0,15,4,-83,GSM,460,1,5198,42508,0,2147483647,0.0,0.0,14,4,-85,GSM,460,1,5198,42518,0,2147483647,0.0,0.0,11,3,-91,GSM,460,1,5198,49989,0,2147483647,0.0,0.0,12,4,-89,GSM
1524196711654,121.20980702,31.2842898,32.0,13.0,2.3255105,-73,true,-1,-1,5,37.0,4000.0,111.18927001953125,-99.6246337890625,113.9678955078125,2.0391223430633545,-0.4212162494659424,-2.524226665496826,460,1,5198,42507,0,-1,0.0,0.0,0,0,0,,5,460,1,5198,42507,0,2147483647,0.0,0.0,19,4,-75,GSM,460,1,5198,42509,0,2147483647,0.0,0.0,17,4,-79,GSM,460,1,5198,42508,0,2147483647,0.0,0.0,13,4,-87,GSM,460,1,5198,42518,0,2147483647,0.0,0.0,11,3,-91,GSM,460,1,5198,49989,0,2147483647,0.0,0.0,11,3,-91,GSM
1524196714728,121.20990044,31.28437015,29.0,12.0,2.8211346,-73,true,-1,-1,5,37.0,4000.0,121.759033203125,-96.02508544921875,107.66754150390625,2.027177333831787,-0.432052344083786,-2.5346341133117676,460,1,5198,42507,0,-1,0.0,0.0,0,0,0,,4,460,1,5198,42507,0,2147483647,0.0,0.0,22,4,-69,GSM,460,1,5198,42509,0,2147483647,0.0,0.0,19,4,-75,GSM,460,1,5198,42508,0,2147483647,0.0,0.0,13,4,-87,GSM,460,1,5198,42518,0,2147483647,0.0,0.0,11,3,-91,GSM
1524196717805,121.20999349,31.28442561,28.0,12.0,2.250089,-65,true,-1,-1,5,37.0,4000.0,117.25006103515625,-98.724365234375,112.46795654296875,2.048949718475342,-0.35325270891189575,-2.5501811504364014,460,1,5198,42507,0,-1,0.0,0.0,0,0,0,,4,460,1,5198,42507,0,2147483647,0.0,0.0,26,4,-61,GSM,460,1,5198,42509,0,2147483647,0.0,0.0,19,4,-75,GSM,460,1,5198,42508,0,2147483647,0.0,0.0,15,4,-83,GSM,460,1,5198,42518,0,2147483647,0.0,0.0,12,4,-89,GSM
1524196720866,121.21005089,31.28446339,34.0,9.0,1.7901117,-57,true,-1,-1,5,37.0,4000.0,100.10986328125,-86.724853515625,89.36767578125,2.1390016078948975,-0.08667609095573425,-2.585089921951294,460,1,5198,42507,0,-1,0.0,0.0,0,0,0,,4,460,1,5198,42507,0,2147483647,0.0,0.0,30,4,-53,GSM,460,1,5198,42509,0,2147483647,0.0,0.0,21,4,-71,GSM,460,1,5198,42508,0,2147483647,0.0,0.0,15,4,-83,GSM,460,1,5198,42518,0,2147483647,0.0,0.0,12,4,-89,GSM
1524196723954,121.21010614,31.2844971,28.0,12.0,2.530494,-57,true,-1,-1,5,37.0,4000.0,130.76019287109375,-104.12445068359375,121.46759033203125,2.0908753871917725,-0.3261066973209381,-2.333709478378296,460,1,5198,42507,0,-1,0.0,0.0,0,0,0,,4,460,1,5198,42507,0,2147483647,0.0,0.0,25,4,-63,GSM,460,1,5198,42509,0,2147483647,0.0,0.0,22,4,-69,GSM,460,1,5198,42508,0,2147483647,0.0,0.0,15,4,-83,GSM,460,1,5198,42518,0,2147483647,0.0,0.0,13,4,-87,GSM
1524196727022,121.21011806,31.28457433,31.0,16.0,0.0,-65,true,-1,-1,5,37.0,4000.0,94.0399169921875,-137.1246337890625,44.6685791015625,-2.8605265617370605,-0.1636115163564682,-0.6962096095085144,460,1,5198,42507,0,-1,0.0,0.0,0,0,0,,5,460,1,5198,42507,0,2147483647,0.0,0.0,22,4,-69,GSM,460,1,5198,42509,0,2147483647,0.0,0.0,22,4,-69,GSM,460,1,5198,42508,0,2147483647,0.0,0.0,15,4,-83,GSM,460,1,5198,42518,0,2147483647,0.0,0.0,12,4,-89,GSM,460,1,5198,42519,0,2147483647,0.0,0.0,9,3,-95,GSM
1524196730214,121.21007751,31.2845639,33.0,11.0,0.0,-71,true,-1,-1,5,37.0,4000.0,107.379150390625,-67.8253173828125,34.7686767578125,-2.045104742050171,0.27945247292518616,-0.31339889764785767,460,1,5198,42507,0,-1,0.0,0.0,0,0,0,,5,460,1,5198,42507,0,2147483647,0.0,0.0,21,4,-71,GSM,460,1,5198,42509,0,2147483647,0.0,0.0,21,4,-71,GSM,460,1,5198,42508,0,2147483647,0.0,0.0,16,4,-81,GSM,460,1,5198,42518,0,2147483647,0.0,0.0,12,4,-89,GSM,460,1,5198,42519,0,2147483647,0.0,0.0,10,3,-93,GSM
1524196733291,121.21007213,31.28456372,33.0,11.0,0.0,-71,true,-1,-1,5,37.0,4000.0,122.09930419921875,-70.2239990234375,7.4676513671875,-2.063941478729248,0.2197728008031845,-0.06281975656747818,460,1,5198,42507,0,-1,0.0,0.0,0,0,0,,5,460,1,5198,42507,0,2147483647,0.0,0.0,26,4,-61,GSM,460,1,5198,42509,0,2147483647,0.0,0.0,21,4,-71,GSM,460,1,5198,42508,0,2147483647,0.0,0.0,17,4,-79,GSM,460,1,5198,42518,0,2147483647,0.0,0.0,14,4,-85,GSM,460,1,5198,42519,0,2147483647,0.0,0.0,12,4,-89,GSM
1524196736369,121.21009026,31.28456516,36.0,10.0,0.0,-61,true,-1,-1,5,37.0,4000.0,108.25042724609375,-97.22442626953125,99.267578125,1.8556509017944336,-0.582689642906189,-3.0006425380706787,460,1,5198,42507,0,-1,0.0,0.0,0,0,0,,5,460,1,5198,42507,0,2147483647,0.0,0.0,25,4,-63,GSM,460,1,5198,42509,0,2147483647,0.0,0.0,21,4,-71,GSM,460,1,5198,42508,0,2147483647,0.0,0.0,17,4,-79,GSM,460,1,5198,42518,0,2147483647,0.0,0.0,15,4,-83,GSM,460,1,5198,42519,0,2147483647,0.0,0.0,12,4,-89,GSM
1524196739450,121.21010439,31.28459469,36.0,7.0,2.250089,-61,true,-1,-1,5,37.0,4000.0,95.42999267578125,-94.525146484375,86.66839599609375,2.2243263721466064,-0.3524366021156311,-2.2171032428741455,460,1,5198,42507,0,-1,0.0,0.0,0,0,0,,5,460,1,5198,42507,0,2147483647,0.0,0.0,24,4,-65,GSM,460,1,5198,42509,0,2147483647,0.0,0.0,21,4,-71,GSM,460,1,5198,42508,0,2147483647,0.0,0.0,17,4,-79,GSM,460,1,5198,42518,0,2147483647,0.0,0.0,15,4,-83,GSM,460,1,5198,42519,0,2147483647,0.0,0.0,13,4,-87,GSM
1524196742510,121.21010759,31.28463236,39.0,9.0,2.1305869,-61,true,-1,-1,5,37.0,4000.0,97.67913818359375,-92.12493896484375,81.56890869140625,2.1777286529541016,-0.23343151807785034,-2.4919395446777344,460,1,5198,42507,0,-1,0.0,0.0,0,0,0,,5,460,1,5198,42507,0,2147483647,0.0,0.0,23,4,-67,GSM,460,1,5198,42509,0,2147483647,0.0,0.0,19,4,-75,GSM,460,1,5198,42508,0,2147483647,0.0,0.0,15,4,-83,GSM,460,1,5198,42518,0,2147483647,0.0,0.0,15,4,-83,GSM,460,1,5198,42519,0,2147483647,0.0,0.0,13,4,-87,GSM
1524196745596,121.21007324,31.2847564,36.0,15.0,3.6504931,-67,true,-1,-1,5,37.0,4000.0,96.29974365234375,-94.525146484375,80.96771240234375,2.206475257873535,-0.11451940983533859,-2.5695712566375732,460,1,5198,42507,0,-1,0.0,0.0,0,0,0,,5,460,1,5198,42507,0,2147483647,0.0,0.0,20,4,-73,GSM,460,1,5198,42509,0,2147483647,0.0,0.0,19,4,-75,GSM,460,1,5198,42508,0,2147483647,0.0,0.0,14,4,-85,GSM,460,1,5198,42518,0,2147483647,0.0,0.0,17,4,-79,GSM,460,1,5198,42519,0,2147483647,0.0,0.0,13,4,-87,GSM
1524196748656,121.2101348,31.28489067,36.0,11.0,3.8104722,-73,true,-1,-1,5,37.0,4000.0,95.07904052734375,-99.02496337890625,79.4677734375,2.233048915863037,-0.14384478330612183,-2.557760715484619,460,1,5198,42507,0,-1,0.0,0.0,0,0,0,,5,460,1,5198,42507,0,2147483647,0.0,0.0,19,4,-75,GSM,460,1,5198,42509,0,2147483647,0.0,0.0,17,4,-79,GSM,460,1,5198,42508,0,2147483647,0.0,0.0,14,4,-85,GSM,460,1,5198,42518,0,2147483647,0.0,0.0,17,4,-79,GSM,460,1,5198,42519,0,2147483647,0.0,0.0,14,4,-85,GSM
1524196751723,121.21013935,31.28500505,30.0,10.0,3.6413734,-73,true,-1,-1,5,37.0,4000.0,94.56024169921875,-103.8238525390625,82.1685791015625,2.1786484718322754,-0.4281524121761322,-2.5894970893859863,460,1,5198,42507,0,-1,0.0,0.0,0,0,0,,5,460,1,5198,42507,0,2147483647,0.0,0.0,21,4,-71,GSM,460,1,5198,42509,0,2147483647,0.0,0.0,18,4,-77,GSM,460,1,5198,42508,0,2147483647,0.0,0.0,14,4,-85,GSM,460,1,5198,42518,0,2147483647,0.0,0.0,19,4,-75,GSM,460,1,5198,42519,0,2147483647,0.0,0.0,14,4,-85,GSM
1524196754805,121.2101043,31.2850982,29.0,9.0,3.9800503,-73,true,-1,-1,5,37.0,4000.0,91.78924560546875,-100.823974609375,80.96771240234375,2.2456257343292236,-0.15596793591976166,-2.553210735321045,460,1,5198,42507,0,-1,0.0,0.0,0,0,0,,6,460,1,5198,42507,0,2147483647,0.0,0.0,21,4,-71,GSM,460,1,5198,42509,0,2147483647,0.0,0.0,18,4,-77,GSM,460,1,5198,42508,0,2147483647,0.0,0.0,14,4,-85,GSM,460,1,5198,42518,0,2147483647,0.0,0.0,20,4,-73,GSM,460,1,5198,42519,0,2147483647,0.0,0.0,13,4,-87,GSM,0,0,0,-1,0,2147483647,0.0,0.0,13,4,-87,GSM
1524196757896,121.21004373,31.28518348,24.0,11.0,3.0800161,-73,true,-1,-1,5,37.0,4000.0,91.27044677734375,-104.72412109375,74.66888427734375,2.281949281692505,-0.22161240875720978,-2.478878974914551,460,1,5198,42507,0,-1,0.0,0.0,0,0,0,,7,460,1,5198,42507,0,2147483647,0.0,0.0,21,4,-71,GSM,460,1,5198,42509,0,2147483647,0.0,0.0,17,4,-79,GSM,460,1,5198,42508,0,2147483647,0.0,0.0,14,4,-85,GSM,460,1,5198,42518,0,2147483647,0.0,0.0,20,4,-73,GSM,460,1,5198,42519,0,2147483647,0.0,0.0,13,4,-87,GSM,0,0,0,-1,0,2147483647,0.0,0.0,13,4,-87,GSM,0,0,0,-1,0,2147483647,0.0,0.0,11,3,-91,GSM
1524196760962,121.20994825,31.2852399,27.0,13.0,3.3163986,-73,true,-1,-1,5,37.0,4000.0,100.799560546875,-102.02484130859375,79.168701171875,2.196573257446289,-0.3279591202735901,-2.5854415893554688,460,1,5198,42507,0,-1,0.0,0.0,0,0,0,,6,460,1,5198,42507,0,2147483647,0.0,0.0,24,4,-65,GSM,460,1,5198,42509,0,2147483647,0.0,0.0,17,4,-79,GSM,460,1,5198,42508,0,2147483647,0.0,0.0,15,4,-83,GSM,460,1,5198,42518,0,2147483647,0.0,0.0,20,4,-73,GSM,460,1,5198,42519,0,2147483647,0.0,0.0,13,4,-87,GSM,0,0,0,-1,0,2147483647,0.0,0.0,13,4,-87,GSM
1524196764037,121.20979598,31.28531182,33.0,14.0,3.8927882,-65,true,-1,-1,5,37.0,4000.0,89.70947265625,-112.225341796875,74.96795654296875,2.2561123371124268,-0.4030860364437103,-2.6635446548461914,460,1,5198,42507,0,-1,0.0,0.0,0,0,0,,6,460,1,5198,42507,0,2147483647,0.0,0.0,22,4,-69,GSM,460,1,5198,42509,0,2147483647,0.0,0.0,17,4,-79,GSM,460,1,5198,42508,0,2147483647,0.0,0.0,15,4,-83,GSM,460,1,5198,42518,0,2147483647,0.0,0.0,23,4,-67,GSM,460,1,5198,42519,0,2147483647,0.0,0.0,15,4,-83,GSM,0,0,0,-1,0,2147483647,0.0,0.0,13,4,-87,GSM
1524196767115,121.20969247,31.28537617,33.0,17.0,3.4548519,-65,true,-1,-1,5,37.0,4000.0,90.0604248046875,-114.6240234375,71.96807861328125,2.3233230113983154,-0.3152311444282532,-2.497680902481079,460,1,5198,42507,0,-1,0.0,0.0,0,0,0,,7,460,1,5198,42507,0,2147483647,0.0,0.0,22,4,-69,GSM,460,1,5198,42509,0,2147483647,0.0,0.0,18,4,-77,GSM,460,1,5198,42508,0,2147483647,0.0,0.0,15,4,-83,GSM,460,1,5198,42518,0,2147483647,0.0,0.0,23,4,-67,GSM,460,1,5198,42519,0,2147483647,0.0,0.0,15,4,-83,GSM,0,0,0,-1,0,2147483647,0.0,0.0,13,4,-87,GSM,460,1,5198,42517,0,2147483647,0.0,0.0,13,4,-87,GSM
1524196770172,121.20961622,31.28548627,31.0,20.0,4.540892,-65,true,-1,-1,5,37.0,4000.0,90.0604248046875,-112.82501220703125,74.3682861328125,2.3188059329986572,-0.2462805211544037,-2.4911108016967773,460,1,5198,42507,0,-1,0.0,0.0,0,0,0,,7,460,1,5198,42507,0,2147483647,0.0,0.0,22,4,-69,GSM,460,1,5198,42509,0,2147483647,0.0,0.0,19,4,-75,GSM,460,1,5198,42508,0,2147483647,0.0,0.0,16,4,-81,GSM,460,1,5198,42518,0,2147483647,0.0,0.0,23,4,-67,GSM,460,1,5198,42519,0,2147483647,0.0,0.0,15,4,-83,GSM,0,0,0,-1,0,2147483647,0.0,0.0,13,4,-87,GSM,460,1,5198,42517,0,2147483647,0.0,0.0,13,4,-87,GSM
1524196773223,121.20954759,31.28562635,29.0,12.0,4.8933115,-65,true,-1,-1,5,37.0,4000.0,89.8895263671875,-111.6241455078125,69.268798828125,2.3374087810516357,-0.29394668340682983,-2.417684555053711,460,1,5198,42507,0,-1,0.0,0.0,0,0,0,,7,460,1,5198,42507,0,2147483647,0.0,0.0,22,4,-69,GSM,460,1,5198,42509,0,2147483647,0.0,0.0,19,4,-75,GSM,460,1,5198,42508,0,2147483647,0.0,0.0,16,4,-81,GSM,460,1,5198,42518,0,2147483647,0.0,0.0,24,4,-65,GSM,460,1,5198,42519,0,2147483647,0.0,0.0,15,4,-83,GSM,0,0,0,-1,0,2147483647,0.0,0.0,12,4,-89,GSM,460,1,5198,42517,0,2147483647,0.0,0.0,13,4,-87,GSM
1524196776300,121.20946677,31.28577307,30.0,8.0,4.363313,-65,true,-1,-1,5,37.0,4000.0,89.70947265625,-113.12408447265625,71.368408203125,2.3308095932006836,-0.3070580065250397,-2.4385993480682373,460,1,5198,42507,0,-1,0.0,0.0,0,0,0,,7,460,1,5198,42507,0,2147483647,0.0,0.0,20,4,-73,GSM,460,1,5198,42509,0,2147483647,0.0,0.0,19,4,-75,GSM,460,1,5198,42508,0,2147483647,0.0,0.0,16,4,-81,GSM,460,1,5198,42518,0,2147483647,0.0,0.0,25,4,-63,GSM,460,1,5198,42519,0,2147483647,0.0,0.0,15,4,-83,GSM,0,0,0,-1,0,2147483647,0.0,0.0,12,4,-89,GSM,460,1,5198,42517,0,2147483647,0.0,0.0,14,4,-85,GSM
1524196779357,121.20940444,31.28585253,27.0,9.0,4.7746205,-71,true,-1,-1,5,37.0,4000.0,85.72998046875,-99.32403564453125,69.268798828125,2.302752733230591,-0.2791629731655121,-2.3615355491638184,460,1,5198,42518,0,-1,0.0,0.0,0,0,0,,6,460,1,5198,42518,0,2147483647,0.0,0.0,29,4,-55,GSM,460,1,5198,42509,0,2147483647,0.0,0.0,19,4,-75,GSM,460,1,5198,42508,0,2147483647,0.0,0.0,16,4,-81,GSM,460,1,5198,42519,0,2147483647,0.0,0.0,17,4,-79,GSM,460,1,5198,42517,0,2147483647,0.0,0.0,14,4,-85,GSM,460,1,5198,42507,0,2147483647,0.0,0.0,19,4,-75,GSM
1524196782418,121.20941312,31.28602949,24.0,6.0,3.3,-55,true,-1,-1,5,37.0,4000.0,90.7501220703125,-112.5244140625,107.36846923828125,2.2561347484588623,-0.445557177066803,-2.0839695930480957,460,1,5198,42518,0,-1,0.0,0.0,0,0,0,,6,460,1,5198,42518,0,2147483647,0.0,0.0,25,4,-63,GSM,460,1,5198,42509,0,2147483647,0.0,0.0,19,4,-75,GSM,460,1,5198,42508,0,2147483647,0.0,0.0,14,4,-85,GSM,460,1,5198,42519,0,2147483647,0.0,0.0,17,4,-79,GSM,460,1,5198,42517,0,2147483647,0.0,0.0,15,4,-83,GSM,460,1,5198,42507,0,2147483647,0.0,0.0,21,4,-71,GSM
1524196785504,121.20944377,31.28605351,25.0,6.0,2.950017,-61,true,-1,-1,5,37.0,4000.0,110.67047119140625,-93.32427978515625,96.868896484375,2.1229166984558105,-0.2517284154891968,-2.4166338443756104,460,1,5198,42518,0,-1,0.0,0.0,0,0,0,,6,460,1,5198,42518,0,2147483647,0.0,0.0,25,4,-63,GSM,460,1,5198,42509,0,2147483647,0.0,0.0,19,4,-75,GSM,460,1,5198,42508,0,2147483647,0.0,0.0,14,4,-85,GSM,460,1,5198,42519,0,2147483647,0.0,0.0,17,4,-79,GSM,460,1,5198,42517,0,2147483647,0.0,0.0,15,4,-83,GSM,460,1,5198,42507,0,2147483647,0.0,0.0,21,4,-71,GSM
1524196788553,121.20951859,31.28616577,26.0,6.0,3.8903215,-61,true,-1,-1,5,37.0,4000.0,114.9993896484375,-91.8243408203125,91.76788330078125,2.103358030319214,-0.3153589367866516,-2.481062889099121,460,1,5198,42518,0,-1,0.0,0.0,0,0,0,,6,460,1,5198,42518,0,2147483647,0.0,0.0,24,4,-65,GSM,460,1,5198,42509,0,2147483647,0.0,0.0,18,4,-77,GSM,460,1,5198,42508,0,2147483647,0.0,0.0,14,4,-85,GSM,460,1,5198,42519,0,2147483647,0.0,0.0,17,4,-79,GSM,460,1,5198,42517,0,2147483647,0.0,0.0,15,4,-83,GSM,460,1,5198,42507,0,2147483647,0.0,0.0,21,4,-71,GSM
1524196791611,121.2095932,31.28630534,26.0,7.0,3.9515314,-61,true,-1,-1,5,37.0,4000.0,104.60968017578125,-81.6253662109375,92.3675537109375,2.0955686569213867,-0.24257831275463104,-2.374235153198242,460,1,5198,42518,0,-1,0.0,0.0,0,0,0,,5,460,1,5198,42518,0,2147483647,0.0,0.0,21,4,-71,GSM,460,1,5198,42509,0,2147483647,0.0,0.0,17,4,-79,GSM,460,1,5198,42519,0,2147483647,0.0,0.0,15,4,-83,GSM,460,1,5198,42517,0,2147483647,0.0,0.0,14,4,-85,GSM,460,1,5198,42507,0,2147483647,0.0,0.0,21,4,-71,GSM
1524196794690,121.20966288,31.28639085,27.0,10.0,3.7302146,-71,true,-1,-1,5,37.0,4000.0,106.16912841796875,-83.12530517578125,93.86749267578125,2.0928568840026855,-0.19759522378444672,-2.4168708324432373,460,1,5198,42518,0,-1,0.0,0.0,0,0,0,,5,460,1,5198,42518,0,2147483647,0.0,0.0,21,4,-71,GSM,460,1,5198,42509,0,2147483647,0.0,0.0,17,4,-79,GSM,460,1,5198,42519,0,2147483647,0.0,0.0,15,4,-83,GSM,460,1,5198,42517,0,2147483647,0.0,0.0,13,4,-87,GSM,460,1,5198,42507,0,2147483647,0.0,0.0,23,4,-67,GSM
1524196797750,121.20970194,31.28645051,28.0,8.0,3.920115,-71,true,-1,-1,5,37.0,4000.0,104.60968017578125,-84.32464599609375,95.9686279296875,2.103872299194336,-0.19889694452285767,-2.361980676651001,460,1,5198,42518,0,-1,0.0,0.0,0,0,0,,6,460,1,5198,42518,0,2147483647,0.0,0.0,20,4,-73,GSM,460,1,5198,42509,0,2147483647,0.0,0.0,17,4,-79,GSM,460,1,5198,42519,0,2147483647,0.0,0.0,14,4,-85,GSM,460,1,5198,42517,0,2147483647,0.0,0.0,12,4,-89,GSM,460,1,5198,42507,0,2147483647,0.0,0.0,23,4,-67,GSM,460,1,5198,42508,0,2147483647,0.0,0.0,13,4,-87,GSM
1524196800824,121.20975626,31.28655496,20.0,9.0,4.04,-71,true,-1,-1,5,37.0,4000.0,104.08935546875,-94.82421875,99.8687744140625,2.09496808052063,-0.3995741307735443,-2.4516947269439697,460,1,5198,42507,0,-1,0.0,0.0,0,0,0,,4,460,1,5198,42507,0,2147483647,0.0,0.0,24,4,-65,GSM,460,1,5198,42509,0,2147483647,0.0,0.0,17,4,-79,GSM,460,1,5198,42519,0,2147483647,0.0,0.0,14,4,-85,GSM,460,1,5198,42508,0,2147483647,0.0,0.0,13,4,-87,GSM
1524196803897,121.20982794,31.28669631,22.0,10.0,4.08,-63,true,-1,-1,5,37.0,4000.0,103.56903076171875,-85.8245849609375,91.168212890625,2.1249024868011475,-0.20707117021083832,-2.374060869216919,460,1,5198,42507,0,-1,0.0,0.0,0,0,0,,5,460,1,5198,42507,0,2147483647,0.0,0.0,24,4,-65,GSM,460,1,5198,42509,0,2147483647,0.0,0.0,17,4,-79,GSM,460,1,5198,42519,0,2147483647,0.0,0.0,14,4,-85,GSM,460,1,5198,50807,0,2147483647,0.0,0.0,13,4,-87,GSM,460,1,5198,42518,0,2147483647,0.0,0.0,19,4,-75,GSM
1524196806969,121.20984915,31.28679942,20.0,9.0,3.4900572,-63,true,-1,-1,5,37.0,4000.0,105.29937744140625,-88.824462890625,96.56829833984375,2.110048770904541,-0.288931280374527,-2.390751838684082,460,1,5198,42507,0,-1,0.0,0.0,0,0,0,,6,460,1,5198,42507,0,2147483647,0.0,0.0,24,4,-65,GSM,460,1,5198,42509,0,2147483647,0.0,0.0,17,4,-79,GSM,460,1,5198,42519,0,2147483647,0.0,0.0,13,4,-87,GSM,460,1,5198,50807,0,2147483647,0.0,0.0,11,3,-91,GSM,460,1,5198,42518,0,2147483647,0.0,0.0,19,4,-75,GSM,460,1,5198,20609,0,2147483647,0.0,0.0,18,4,-77,GSM
1524196810046,121.20982233,31.2868913,22.0,11.0,3.38,-63,true,-1,-1,5,37.0,4000.0,105.1300048828125,-91.22467041015625,97.46856689453125,2.1332204341888428,-0.28911516070365906,-2.327261209487915,460,1,5198,42507,0,-1,0.0,0.0,0,0,0,,7,460,1,5198,42507,0,2147483647,0.0,0.0,22,4,-69,GSM,460,1,5198,42509,0,2147483647,0.0,0.0,17,4,-79,GSM,460,1,5198,42519,0,2147483647,0.0,0.0,13,4,-87,GSM,460,1,5198,42518,0,2147483647,0.0,0.0,19,4,-75,GSM,460,1,5198,20609,0,2147483647,0.0,0.0,18,4,-77,GSM,460,1,5198,44572,0,2147483647,0.0,0.0,14,4,-85,GSM,460,1,5198,42508,0,2147483647,0.0,0.0,13,4,-87,GSM
1524196813105,121.20985305,31.28699071,24.0,14.0,3.3817894,-67,true,-1,-1,5,37.0,4000.0,106.5093994140625,-91.5252685546875,99.8687744140625,2.1395888328552246,-0.2788323760032654,-2.271009922027588,460,1,5198,42507,0,-1,0.0,0.0,0,0,0,,7,460,1,5198,42507,0,2147483647,0.0,0.0,22,4,-69,GSM,460,1,5198,42509,0,2147483647,0.0,0.0,16,4,-81,GSM,460,1,5198,42518,0,2147483647,0.0,0.0,18,4,-77,GSM,460,1,5198,20609,0,2147483647,0.0,0.0,18,4,-77,GSM,460,1,5198,44572,0,2147483647,0.0,0.0,16,4,-81,GSM,460,1,5198,42508,0,2147483647,0.0,0.0,13,4,-87,GSM,0,0,0,-1,0,2147483647,0.0,0.0,14,4,-85,GSM
1524196816161,121.209953,31.28708438,22.0,15.0,4.4700446,-67,true,-1,-1,5,37.0,4000.0,105.1300048828125,-85.52398681640625,92.66815185546875,2.127639055252075,-0.12699776887893677,-2.3114917278289795,460,1,5198,42507,0,-1,0.0,0.0,0,0,0,,7,460,1,5198,42507,0,2147483647,0.0,0.0,21,4,-71,GSM,460,1,5198,42509,0,2147483647,0.0,0.0,16,4,-81,GSM,460,1,5198,42518,0,2147483647,0.0,0.0,17,4,-79,GSM,460,1,5198,20609,0,2147483647,0.0,0.0,17,4,-79,GSM,460,1,5198,44572,0,2147483647,0.0,0.0,17,4,-79,GSM,460,1,5198,42508,0,2147483647,0.0,0.0,13,4,-87,GSM,460,1,5198,49989,0,2147483647,0.0,0.0,14,4,-85,GSM
1524196819365,121.209953,31.28708438,22.0,15.0,4.4700446,-81,true,-1,-1,5,37.0,4000.0,110.3302001953125,-85.22491455078125,99.8687744140625,2.066452980041504,-0.2728278636932373,-2.447870969772339,460,1,5198,42507,0,-1,0.0,0.0,0,0,0,,7,460,1,5198,42507,0,2147483647,0.0,0.0,16,4,-81,GSM,460,1,5198,42509,0,2147483647,0.0,0.0,14,4,-85,GSM,460,1,5198,42518,0,2147483647,0.0,0.0,18,4,-77,GSM,460,1,5198,20609,0,2147483647,0.0,0.0,16,4,-81,GSM,0,0,0,-1,0,2147483647,0.0,0.0,17,4,-79,GSM,460,1,5198,49989,0,2147483647,0.0,0.0,14,4,-85,GSM,0,0,0,-1,0,2147483647,0.0,0.0,14,4,-85,GSM
1524196822312,121.21013815,31.28722037,25.0,21.0,4.88001,-81,true,-1,-1,5,37.0,4000.0,108.58917236328125,-90.02532958984375,101.068115234375,2.065412998199463,-0.37416431307792664,-2.466042995452881,460,1,5198,42507,0,-1,0.0,0.0,0,0,0,,7,460,1,5198,42507,0,2147483647,0.0,0.0,15,4,-83,GSM,460,1,5198,42518,0,2147483647,0.0,0.0,18,4,-77,GSM,460,1,5198,20609,0,2147483647,0.0,0.0,16,4,-81,GSM,460,1,5198,56688,0,2147483647,0.0,0.0,18,4,-77,GSM,460,1,5198,49989,0,2147483647,0.0,0.0,16,4,-81,GSM,460,1,5198,1186,0,2147483647,0.0,0.0,14,4,-85,GSM,0,0,0,-1,0,2147483647,0.0,0.0,13,4,-87,GSM
1524196825381,121.21045732,31.28732099,26.0,18.0,3.7600133,-81,true,-1,-1,5,37.0,4000.0,99.58953857421875,-87.02392578125,89.068603515625,2.147132158279419,-0.3840600550174713,-2.2996582984924316,460,1,5198,42518,0,-1,0.0,0.0,0,0,0,,7,460,1,5198,42518,0,2147483647,0.0,0.0,19,4,-75,GSM,460,1,5198,42518,0,2147483647,0.0,0.0,20,4,-73,GSM,460,1,5198,20609,0,2147483647,0.0,0.0,14,4,-85,GSM,460,1,5198,56688,0,2147483647,0.0,0.0,17,4,-79,GSM,460,1,5198,49989,0,2147483647,0.0,0.0,16,4,-81,GSM,460,1,5198,1186,0,2147483647,0.0,0.0,14,4,-85,GSM,460,1,5198,49988,0,2147483647,0.0,0.0,13,4,-87,GSM
1524196828455,121.21054119,31.28747488,22.0,13.0,3.280381,-81,true,-1,-1,5,37.0,4000.0,97.509765625,-89.12506103515625,84.2681884765625,2.1652445793151855,-0.30062010884284973,-2.379409074783325,460,1,5198,42518,0,-1,0.0,0.0,0,0,0,,6,460,1,5198,42518,0,2147483647,0.0,0.0,22,4,-69,GSM,460,1,5198,56688,0,2147483647,0.0,0.0,17,4,-79,GSM,460,1,5198,49989,0,2147483647,0.0,0.0,16,4,-81,GSM,460,1,5198,1186,0,2147483647,0.0,0.0,13,4,-87,GSM,460,1,5198,49988,0,2147483647,0.0,0.0,13,4,-87,GSM,460,1,5198,42507,0,2147483647,0.0,0.0,16,4,-81,GSM
1524196831522,121.21056549,31.2876073,24.0,9.0,4.152361,-69,true,-1,-1,5,37.0,4000.0,100.799560546875,-87.02392578125,83.96759033203125,2.1767218112945557,-0.25232717394828796,-2.2817025184631348,460,1,5198,42518,0,-1,0.0,0.0,0,0,0,,5,460,1,5198,42518,0,2147483647,0.0,0.0,23,4,-67,GSM,460,1,5198,56688,0,2147483647,0.0,0.0,18,4,-77,GSM,460,1,5198,49989,0,2147483647,0.0,0.0,16,4,-81,GSM,460,1,5198,1186,0,2147483647,0.0,0.0,13,4,-87,GSM,460,1,5198,42507,0,2147483647,0.0,0.0,16,4,-81,GSM
1524196834605,121.21056511,31.28767602,25.0,9.0,4.150434,-69,true,-1,-1,5,37.0,4000.0,111.0198974609375,-87.02392578125,99.8687744140625,2.0781285762786865,-0.23954054713249207,-2.45475172996521,460,1,5198,42518,0,-1,0.0,0.0,0,0,0,,6,460,1,5198,42518,0,2147483647,0.0,0.0,23,4,-67,GSM,460,1,5198,56688,0,2147483647,0.0,0.0,18,4,-77,GSM,460,1,5198,49989,0,2147483647,0.0,0.0,17,4,-79,GSM,460,1,5198,1186,0,2147483647,0.0,0.0,13,4,-87,GSM,460,1,5198,42507,0,2147483647,0.0,0.0,16,4,-81,GSM,460,1,5198,49988,0,2147483647,0.0,0.0,14,4,-85,GSM
1524196837664,121.21057394,31.28786352,26.0,11.0,3.1105785,-63,true,-1,-1,5,37.0,4000.0,105.29937744140625,-90.625,95.9686279296875,2.126037359237671,-0.2815313935279846,-2.370251178741455,460,1,5198,42518,0,-1,0.0,0.0,0,0,0,,6,460,1,5198,42518,0,2147483647,0.0,0.0,26,4,-61,GSM,460,1,5198,56688,0,2147483647,0.0,0.0,20,4,-73,GSM,460,1,5198,49989,0,2147483647,0.0,0.0,17,4,-79,GSM,460,1,5198,1186,0,2147483647,0.0,0.0,13,4,-87,GSM,460,1,5198,42507,0,2147483647,0.0,0.0,15,4,-83,GSM,460,1,5198,49988,0,2147483647,0.0,0.0,14,4,-85,GSM
1524196841241,121.21065084,31.28799933,21.0,9.0,3.3138647,-63,true,-1,-1,5,37.0,4000.0,107.7301025390625,-90.02532958984375,97.76763916015625,2.101902484893799,-0.30532050132751465,-2.414018154144287,460,1,5198,42518,0,-1,0.0,0.0,0,0,0,,6,460,1,5198,42518,0,2147483647,0.0,0.0,29,4,-55,GSM,460,1,5198,56688,0,2147483647,0.0,0.0,20,4,-73,GSM,460,1,5198,49989,0,2147483647,0.0,0.0,18,4,-77,GSM,460,1,5198,42507,0,2147483647,0.0,0.0,15,4,-83,GSM,460,1,5198,49988,0,2147483647,0.0,0.0,15,4,-83,GSM,460,1,5198,42517,0,2147483647,0.0,0.0,15,4,-83,GSM
1524196844300,121.21073048,31.28811564,12.0,17.0,4.152361,-55,true,-1,-1,5,37.0,4000.0,106.5093994140625,-91.5252685546875,100.46844482421875,2.1016359329223633,-0.2873498201370239,-2.4314122200012207,460,1,5198,42518,0,-1,0.0,0.0,0,0,0,,6,460,1,5198,42518,0,2147483647,0.0,0.0,29,4,-55,GSM,460,1,5198,56688,0,2147483647,0.0,0.0,20,4,-73,GSM,460,1,5198,49989,0,2147483647,0.0,0.0,19,4,-75,GSM,460,1,5198,42507,0,2147483647,0.0,0.0,15,4,-83,GSM,460,1,5198,49988,0,2147483647,0.0,0.0,15,4,-83,GSM,460,1,5198,42517,0,2147483647,0.0,0.0,16,4,-81,GSM
1524196847547,121.21073048,31.28811564,12.0,17.0,4.152361,-61,true,-1,-1,5,37.0,4000.0,102.87933349609375,-91.8243408203125,100.1678466796875,2.0826308727264404,-0.42486608028411865,-2.4220831394195557,460,1,5198,42518,0,-1,0.0,0.0,0,0,0,,5,460,1,5198,42518,0,2147483647,0.0,0.0,26,4,-61,GSM,460,1,5198,56688,0,2147483647,0.0,0.0,22,4,-69,GSM,460,1,5198,49989,0,2147483647,0.0,0.0,19,4,-75,GSM,460,1,5198,49988,0,2147483647,0.0,0.0,16,4,-81,GSM,460,1,5198,42517,0,2147483647,0.0,0.0,16,4,-81,GSM
1524196850443,121.2109437,31.28820509,18.0,20.0,3.5537305,-61,true,-1,-1,5,37.0,4000.0,104.08935546875,-92.724609375,98.0682373046875,2.109628200531006,-0.3641161620616913,-2.4089508056640625,460,1,5198,42518,0,-1,0.0,0.0,0,0,0,,5,460,1,5198,42518,0,2147483647,0.0,0.0,24,4,-65,GSM,460,1,5198,56688,0,2147483647,0.0,0.0,23,4,-67,GSM,460,1,5198,49989,0,2147483647,0.0,0.0,19,4,-75,GSM,460,1,5198,49988,0,2147483647,0.0,0.0,16,4,-81,GSM,460,1,5198,42517,0,2147483647,0.0,0.0,17,4,-79,GSM
1524196853501,121.21102584,31.28833559,23.0,14.0,3.0989354,-65,true,-1,-1,5,37.0,4000.0,108.58917236328125,-89.7247314453125,101.66778564453125,2.0607926845550537,-0.35530558228492737,-2.4892728328704834,460,1,5198,42518,0,-1,0.0,0.0,0,0,0,,6,460,1,5198,42518,0,2147483647,0.0,0.0,21,4,-71,GSM,460,1,5198,56688,0,2147483647,0.0,0.0,23,4,-67,GSM,460,1,5198,49989,0,2147483647,0.0,0.0,20,4,-73,GSM,460,1,5198,49988,0,2147483647,0.0,0.0,16,4,-81,GSM,460,1,5198,42517,0,2147483647,0.0,0.0,17,4,-79,GSM,460,1,5198,1186,0,2147483647,0.0,0.0,14,4,-85,GSM
1524196856591,121.2111151,31.28844839,27.0,12.0,4.0371404,-71,true,-1,-1,5,37.0,4000.0,110.83984375,-85.8245849609375,99.56817626953125,2.0474491119384766,-0.31045958399772644,-2.5266849994659424,460,1,5198,42518,0,-1,0.0,0.0,0,0,0,,5,460,1,5198,42518,0,2147483647,0.0,0.0,22,4,-69,GSM,460,1,5198,56688,0,2147483647,0.0,0.0,22,4,-69,GSM,460,1,5198,49989,0,2147483647,0.0,0.0,20,4,-73,GSM,460,1,5198,49988,0,2147483647,0.0,0.0,16,4,-81,GSM,460,1,5198,42517,0,2147483647,0.0,0.0,17,4,-79,GSM
1524196859647,121.21121373,31.28854632,29.0,10.0,3.6800544,-69,true,-1,-1,5,37.0,4000.0,105.999755859375,-90.02532958984375,97.76763916015625,2.0655455589294434,-0.38934454321861267,-2.505502939224243,460,1,5198,42518,0,-1,0.0,0.0,0,0,0,,5,460,1,5198,42518,0,2147483647,0.0,0.0,24,4,-65,GSM,460,1,5198,56688,0,2147483647,0.0,0.0,22,4,-69,GSM,460,1,5198,49989,0,2147483647,0.0,0.0,20,4,-73,GSM,460,1,5198,49988,0,2147483647,0.0,0.0,16,4,-81,GSM,460,1,5198,42517,0,2147483647,0.0,0.0,16,4,-81,GSM
1524196862737,121.21123731,31.28864132,31.0,12.0,4.0002,-63,true,-1,-1,5,37.0,4000.0,109.979248046875,-91.8243408203125,101.068115234375,2.0919857025146484,-0.3744942545890808,-2.3929789066314697,460,1,5198,42518,0,-1,0.0,0.0,0,0,0,,5,460,1,5198,42518,0,2147483647,0.0,0.0,22,4,-69,GSM,460,1,5198,56688,0,2147483647,0.0,0.0,22,4,-69,GSM,460,1,5198,49989,0,2147483647,0.0,0.0,20,4,-73,GSM,460,1,5198,49988,0,2147483647,0.0,0.0,17,4,-79,GSM,460,1,5198,42517,0,2147483647,0.0,0.0,16,4,-81,GSM
1524196865847,121.21129135,31.28876112,35.0,13.0,4.245197,-67,true,-1,-1,5,37.0,4000.0,106.8603515625,-93.32427978515625,98.0682373046875,2.1104111671447754,-0.3120974898338318,-2.4449424743652344,460,1,5198,42518,0,-1,0.0,0.0,0,0,0,,5,460,1,5198,42518,0,2147483647,0.0,0.0,24,4,-65,GSM,460,1,5198,56688,0,2147483647,0.0,0.0,22,4,-69,GSM,460,1,5198,49989,0,2147483647,0.0,0.0,18,4,-77,GSM,460,1,5198,49988,0,2147483647,0.0,0.0,17,4,-79,GSM,460,1,5198,42517,0,2147483647,0.0,0.0,17,4,-79,GSM
1524196868929,121.2113279,31.2888574,36.0,13.0,3.4307141,-67,true,-1,-1,5,37.0,4000.0,105.999755859375,-92.12493896484375,101.36871337890625,2.083016872406006,-0.4123818576335907,-2.412221908569336,460,1,5198,42518,0,-1,0.0,0.0,0,0,0,,5,460,1,5198,42518,0,2147483647,0.0,0.0,25,4,-63,GSM,460,1,5198,56688,0,2147483647,0.0,0.0,22,4,-69,GSM,460,1,5198,49989,0,2147483647,0.0,0.0,19,4,-75,GSM,460,1,5198,49988,0,2147483647,0.0,0.0,18,4,-77,GSM,460,1,5198,42517,0,2147483647,0.0,0.0,17,4,-79,GSM
1524196872024,121.21139738,31.28893187,38.0,12.0,3.0423675,-61,true,-1,-1,5,37.0,4000.0,110.49957275390625,-89.12506103515625,103.7689208984375,2.0440003871917725,-0.3726756274700165,-2.493403434753418,460,1,5198,42518,0,-1,0.0,0.0,0,0,0,,5,460,1,5198,42518,0,2147483647,0.0,0.0,28,4,-57,GSM,460,1,5198,56688,0,2147483647,0.0,0.0,23,4,-67,GSM,460,1,5198,49989,0,2147483647,0.0,0.0,19,4,-75,GSM,460,1,5198,49988,0,2147483647,0.0,0.0,20,4,-73,GSM,460,1,5198,42517,0,2147483647,0.0,0.0,18,4,-77,GSM
1524196875090,121.21148292,31.28901915,37.0,11.0,3.361205,-57,true,-1,-1,5,37.0,4000.0,105.999755859375,-92.42401123046875,99.56817626953125,2.095353364944458,-0.4070132076740265,-2.4001636505126953,460,1,5198,42518,0,-1,0.0,0.0,0,0,0,,5,460,1,5198,42518,0,2147483647,0.0,0.0,27,4,-59,GSM,460,1,5198,56688,0,2147483647,0.0,0.0,24,4,-65,GSM,460,1,5198,49989,0,2147483647,0.0,0.0,19,4,-75,GSM,460,1,5198,49988,0,2147483647,0.0,0.0,20,4,-73,GSM,460,1,5198,42517,0,2147483647,0.0,0.0,20,4,-73,GSM
1524196878152,121.21155956,31.28910719,38.0,11.0,3.13,-57,true,-1,-1,5,37.0,4000.0,106.689453125,-90.02532958984375,102.56805419921875,2.0819902420043945,-0.26529374718666077,-2.489393711090088,460,1,5198,42518,0,-1,0.0,0.0,0,0,0,,5,460,1,5198,42518,0,2147483647,0.0,0.0,27,4,-59,GSM,460,1,5198,56688,0,2147483647,0.0,0.0,24,4,-65,GSM,460,1,5198,49989,0,2147483647,0.0,0.0,20,4,-73,GSM,460,1,5198,49988,0,2147483647,0.0,0.0,20,4,-73,GSM,460,1,5198,42517,0,2147483647,0.0,0.0,20,4,-73,GSM
1524196881198,121.21158963,31.28914533,38.0,9.0,3.2000155,-57,true,-1,-1,5,37.0,4000.0,107.89947509765625,-94.22454833984375,104.66766357421875,2.082970142364502,-0.3891373574733734,-2.4198832511901855,460,1,5198,42518,0,-1,0.0,0.0,0,0,0,,5,460,1,5198,42518,0,2147483647,0.0,0.0,24,4,-65,GSM,460,1,5198,56688,0,2147483647,0.0,0.0,25,4,-63,GSM,460,1,5198,49989,0,2147483647,0.0,0.0,20,4,-73,GSM,460,1,5198,49988,0,2147483647,0.0,0.0,20,4,-73,GSM,460,1,5198,42517,0,2147483647,0.0,0.0,20,4,-73,GSM
1524196884255,121.21166738,31.28925862,40.0,14.0,2.6303043,-65,true,-1,-1,5,37.0,4000.0,117.07916259765625,-94.22454833984375,109.7686767578125,2.1094436645507813,-0.22023947536945343,-2.288881540298462,460,1,5198,42518,0,-1,0.0,0.0,0,0,0,,5,460,1,5198,42518,0,2147483647,0.0,0.0,21,4,-71,GSM,460,1,5198,56688,0,2147483647,0.0,0.0,26,4,-61,GSM,460,1,5198,49989,0,2147483647,0.0,0.0,20,4,-73,GSM,460,1,5198,49988,0,2147483647,0.0,0.0,19,4,-75,GSM,460,1,5198,42517,0,2147483647,0.0,0.0,21,4,-71,GSM
1524196887326,121.21182026,31.2892999,21.0,12.0,3.7026477,-65,true,-1,-1,5,36.0,4000.0,126.0894775390625,-92.12493896484375,108.56781005859375,2.0584850311279297,-0.18051056563854218,-2.522728681564331,460,1,5198,56688,0,-1,0.0,0.0,0,0,0,,4,460,1,5198,56688,0,2147483647,0.0,0.0,26,4,-61,GSM,460,1,5198,49989,0,2147483647,0.0,0.0,21,4,-71,GSM,460,1,5198,49988,0,2147483647,0.0,0.0,19,4,-75,GSM,460,1,5198,42517,0,2147483647,0.0,0.0,20,4,-73,GSM
1524196890421,121.21188963,31.28933367,27.0,6.0,0.7106335,-59,true,-1,-1,5,36.0,4000.0,98.88916015625,-122.72491455078125,22.46856689453125,-2.479435920715332,-0.14878609776496887,-0.04644118621945381,460,1,5198,56688,0,-1,0.0,0.0,0,0,0,,4,460,1,5198,56688,0,2147483647,0.0,0.0,28,4,-57,GSM,460,1,5198,49989,0,2147483647,0.0,0.0,21,4,-71,GSM,460,1,5198,49988,0,2147483647,0.0,0.0,19,4,-75,GSM,460,1,5198,42517,0,2147483647,0.0,0.0,20,4,-73,GSM
