IMEI:862305032225518
IMSI:460091042103139
OSVersion:3.10.73-perf-g94fc9a6
apiLevel:5.1.1
model:Redmi Note 3
device:kenzo
product:kenzo
89
1524218169183,121.21384019,31.28903964,8.0,36.0,0.0,-77,true,-1,-1,5,26.0,4000.0,157.2601318359375,-137.42523193359375,35.36834716796875,-2.2702479362487793,-0.3259524703025818,0.12748108804225922,460,1,5198,56688,0,-1,0.0,0.0,0,0,0,,4,460,1,5198,56688,0,2147483647,0.0,0.0,19,4,-75,GSM,460,1,5198,42518,0,2147483647,0.0,0.0,13,4,-87,GSM,460,1,5198,49988,0,2147483647,0.0,0.0,14,4,-85,GSM,460,1,5198,56689,0,2147483647,0.0,0.0,11,3,-91,GSM
1524218172246,121.21384019,31.28903964,8.0,36.0,0.0,-77,true,-1,-1,5,26.0,4000.0,150.16021728515625,-151.824951171875,82.4676513671875,2.0488157272338867,-0.7456846237182617,-2.854595422744751,460,1,5198,56688,0,-1,0.0,0.0,0,0,0,,4,460,1,5198,56688,0,2147483647,0.0,0.0,19,4,-75,GSM,460,1,5198,42518,0,2147483647,0.0,0.0,13,4,-87,GSM,460,1,5198,49988,0,2147483647,0.0,0.0,13,4,-87,GSM,460,1,5198,56689,0,2147483647,0.0,0.0,11,3,-91,GSM
1524218175324,121.21381634,31.28898551,5.0,31.0,0.72567207,-77,true,-1,-1,5,26.0,4000.0,130.07049560546875,-157.82470703125,47.06878662109375,-2.7453489303588867,-0.6991546750068665,-0.6000157594680786,460,1,5198,56688,0,-1,0.0,0.0,0,0,0,,6,460,1,5198,56688,0,2147483647,0.0,0.0,17,4,-79,GSM,460,1,5198,42518,0,2147483647,0.0,0.0,13,4,-87,GSM,460,1,5198,49988,0,2147483647,0.0,0.0,13,4,-87,GSM,460,1,5198,56689,0,2147483647,0.0,0.0,11,3,-91,GSM,460,1,5198,42519,0,2147483647,0.0,0.0,11,3,-91,GSM,460,1,5198,42749,0,2147483647,0.0,0.0,11,3,-91,GSM
1524218178369,121.21385454,31.28889993,0.0,27.0,1.4616772,-79,true,-1,-1,5,26.0,4000.0,144.27032470703125,-143.1243896484375,108.26873779296875,2.185822010040283,-0.4451892673969269,-2.520770788192749,460,1,5198,56688,0,-1,0.0,0.0,0,0,0,,6,460,1,5198,56688,0,2147483647,0.0,0.0,15,4,-83,GSM,460,1,5198,42518,0,2147483647,0.0,0.0,11,3,-91,GSM,460,1,5198,49988,0,2147483647,0.0,0.0,13,4,-87,GSM,460,1,5198,56689,0,2147483647,0.0,0.0,11,3,-91,GSM,460,1,5198,42519,0,2147483647,0.0,0.0,11,3,-91,GSM,460,1,5198,42749,0,2147483647,0.0,0.0,11,3,-91,GSM
1524218181456,121.21385454,31.28889993,0.0,27.0,1.4616772,-79,true,-1,-1,5,26.0,4000.0,148.42987060546875,-141.62445068359375,105.26885986328125,2.156318426132202,-0.39563822746276855,-2.6925859451293945,460,1,5198,56688,0,-1,0.0,0.0,0,0,0,,6,460,1,5198,56688,0,2147483647,0.0,0.0,17,4,-79,GSM,460,1,5198,42518,0,2147483647,0.0,0.0,11,3,-91,GSM,460,1,5198,49988,0,2147483647,0.0,0.0,12,4,-89,GSM,460,1,5198,42519,0,2147483647,0.0,0.0,10,3,-93,GSM,460,1,5198,42749,0,2147483647,0.0,0.0,10,3,-93,GSM,0,0,0,-1,0,2147483647,0.0,0.0,10,3,-93,GSM
1524218184520,121.21385222,31.28874904,-4.0,28.0,2.401333,-77,true,-1,-1,5,26.0,4000.0,147.74017333984375,-145.8251953125,103.46832275390625,2.1903750896453857,-0.3455328941345215,-2.702548027038574,460,1,5198,56688,0,-1,0.0,0.0,0,0,0,,7,460,1,5198,56688,0,2147483647,0.0,0.0,16,4,-81,GSM,460,1,5198,42518,0,2147483647,0.0,0.0,12,4,-89,GSM,460,1,5198,49988,0,2147483647,0.0,0.0,11,3,-91,GSM,460,1,5198,42519,0,2147483647,0.0,0.0,10,3,-93,GSM,460,1,5198,42749,0,2147483647,0.0,0.0,9,3,-95,GSM,0,0,0,-1,0,2147483647,0.0,0.0,9,3,-95,GSM,460,1,5198,49989,0,2147483647,0.0,0.0,10,3,-93,GSM
1524218187596,121.21385222,31.28874904,-4.0,28.0,2.401333,-83,true,-1,-1,5,26.0,4000.0,146.35009765625,-145.52459716796875,102.86865234375,2.2424638271331787,-0.2941192090511322,-2.476141929626465,460,1,5198,56688,0,-1,0.0,0.0,0,0,0,,7,460,1,5198,56688,0,2147483647,0.0,0.0,14,4,-85,GSM,460,1,5198,42518,0,2147483647,0.0,0.0,12,4,-89,GSM,460,1,5198,49988,0,2147483647,0.0,0.0,11,3,-91,GSM,460,1,5198,42519,0,2147483647,0.0,0.0,9,3,-95,GSM,460,1,5198,42749,0,2147483647,0.0,0.0,8,3,-97,GSM,0,0,0,-1,0,2147483647,0.0,0.0,9,3,-95,GSM,460,1,5198,49989,0,2147483647,0.0,0.0,10,3,-93,GSM
1524218190658,121.21387196,31.2885717,-5.0,25.0,2.4609957,-83,true,-1,-1,5,26.0,4000.0,146.51947021484375,-147.9248046875,96.56829833984375,2.2438204288482666,-0.3424692451953888,-2.5495214462280273,460,1,5198,56688,0,-1,0.0,0.0,0,0,0,,7,460,1,5198,56688,0,2147483647,0.0,0.0,16,4,-81,GSM,460,1,5198,42518,0,2147483647,0.0,0.0,12,4,-89,GSM,460,1,5198,49988,0,2147483647,0.0,0.0,10,3,-93,GSM,460,1,5198,42519,0,2147483647,0.0,0.0,9,3,-95,GSM,460,1,5198,42749,0,2147483647,0.0,0.0,8,3,-97,GSM,460,1,5198,49989,0,2147483647,0.0,0.0,9,3,-95,GSM,460,1,5198,42507,0,2147483647,0.0,0.0,9,3,-95,GSM
1524218193731,121.21387196,31.2885717,-5.0,25.0,2.4609957,-83,true,-1,-1,5,26.0,4000.0,141.85028076171875,-147.62420654296875,99.8687744140625,2.238178253173828,-0.42930957674980164,-2.494926929473877,460,1,5198,56688,0,-1,0.0,0.0,0,0,0,,7,460,1,5198,56688,0,2147483647,0.0,0.0,15,4,-83,GSM,460,1,5198,42518,0,2147483647,0.0,0.0,10,3,-93,GSM,460,1,5198,49988,0,2147483647,0.0,0.0,9,3,-95,GSM,460,1,5198,42519,0,2147483647,0.0,0.0,7,2,-99,GSM,460,1,5198,49989,0,2147483647,0.0,0.0,8,3,-97,GSM,460,1,5198,42507,0,2147483647,0.0,0.0,7,2,-99,GSM,460,1,5198,56689,0,2147483647,0.0,0.0,7,2,-99,GSM
1524218196798,121.21384516,31.28845489,-6.0,32.0,2.1140008,-83,true,-1,-1,5,26.0,4000.0,143.40972900390625,-147.32513427734375,100.1678466796875,2.2335593700408936,-0.37647783756256104,-2.539232015609741,460,1,5198,56688,0,-1,0.0,0.0,0,0,0,,6,460,1,5198,56688,0,2147483647,0.0,0.0,16,4,-81,GSM,460,1,5198,42518,0,2147483647,0.0,0.0,8,3,-97,GSM,460,1,5198,49988,0,2147483647,0.0,0.0,9,3,-95,GSM,460,1,5198,42519,0,2147483647,0.0,0.0,6,2,-101,GSM,460,1,5198,49989,0,2147483647,0.0,0.0,8,3,-97,GSM,460,1,5198,56689,0,2147483647,0.0,0.0,8,3,-97,GSM
1524218199878,121.21384516,31.28845489,-6.0,32.0,2.1140008,-79,true,-1,-1,5,26.0,4000.0,136.8194580078125,-149.725341796875,95.36895751953125,2.2237229347229004,-0.37037405371665955,-2.826634645462036,460,1,5198,56688,0,-1,0.0,0.0,0,0,0,,6,460,1,5198,56688,0,2147483647,0.0,0.0,17,4,-79,GSM,460,1,5198,42518,0,2147483647,0.0,0.0,9,3,-95,GSM,460,1,5198,49988,0,2147483647,0.0,0.0,9,3,-95,GSM,460,1,5198,42519,0,2147483647,0.0,0.0,6,2,-101,GSM,460,1,5198,49989,0,2147483647,0.0,0.0,8,3,-97,GSM,460,1,5198,56689,0,2147483647,0.0,0.0,8,3,-97,GSM
1524218202947,121.2138152,31.28824711,-5.0,34.0,2.4703238,-79,true,-1,-1,5,26.0,4000.0,142.7093505859375,-147.32513427734375,101.9683837890625,2.2422397136688232,-0.29902130365371704,-2.5497241020202637,460,1,5198,56688,0,-1,0.0,0.0,0,0,0,,6,460,1,5198,56688,0,2147483647,0.0,0.0,17,4,-79,GSM,460,1,5198,42518,0,2147483647,0.0,0.0,9,3,-95,GSM,460,1,5198,49988,0,2147483647,0.0,0.0,9,3,-95,GSM,460,1,5198,42519,0,2147483647,0.0,0.0,6,2,-101,GSM,460,1,5198,49989,0,2147483647,0.0,0.0,7,2,-99,GSM,460,1,5198,56689,0,2147483647,0.0,0.0,9,3,-95,GSM
1524218206016,121.2138152,31.28824711,-5.0,34.0,2.4703238,-79,true,-1,-1,5,26.0,4000.0,138.89923095703125,-147.9248046875,95.36895751953125,2.223585367202759,-0.41289660334587097,-2.650324583053589,460,1,5198,56688,0,-1,0.0,0.0,0,0,0,,6,460,1,5198,56688,0,2147483647,0.0,0.0,16,4,-81,GSM,460,1,5198,42518,0,2147483647,0.0,0.0,10,3,-93,GSM,460,1,5198,49988,0,2147483647,0.0,0.0,8,3,-97,GSM,460,1,5198,42519,0,2147483647,0.0,0.0,6,2,-101,GSM,460,1,5198,49989,0,2147483647,0.0,0.0,7,2,-99,GSM,460,1,5198,56689,0,2147483647,0.0,0.0,10,3,-93,GSM
1524218209091,121.21370946,31.28805224,-4.0,31.0,3.2,-83,true,-1,-1,5,26.0,4000.0,136.99951171875,-150.32501220703125,98.66790771484375,2.260166883468628,-0.35495930910110474,-2.549124002456665,460,1,5198,56688,0,-1,0.0,0.0,0,0,0,,5,460,1,5198,56688,0,2147483647,0.0,0.0,14,4,-85,GSM,460,1,5198,42518,0,2147483647,0.0,0.0,9,3,-95,GSM,460,1,5198,49988,0,2147483647,0.0,0.0,8,3,-97,GSM,460,1,5198,49989,0,2147483647,0.0,0.0,7,2,-99,GSM,460,1,5198,56689,0,2147483647,0.0,0.0,11,3,-91,GSM
1524218212162,121.21370946,31.28805224,-4.0,31.0,3.2,-85,true,-1,-1,5,26.0,4000.0,138.89923095703125,-148.52447509765625,101.36871337890625,2.2462923526763916,-0.27365842461586,-2.6542911529541016,460,1,5198,56688,0,-1,0.0,0.0,0,0,0,,6,460,1,5198,56688,0,2147483647,0.0,0.0,14,4,-85,GSM,460,1,5198,42518,0,2147483647,0.0,0.0,9,3,-95,GSM,460,1,5198,49988,0,2147483647,0.0,0.0,8,3,-97,GSM,460,1,5198,49989,0,2147483647,0.0,0.0,7,2,-99,GSM,460,1,5198,56689,0,2147483647,0.0,0.0,11,3,-91,GSM,0,0,0,-1,0,2147483647,0.0,0.0,7,2,-99,GSM
1524218215222,121.21359854,31.28785374,-10.0,29.0,2.8900692,-85,true,-1,-1,5,26.0,4000.0,138.89923095703125,-148.8250732421875,100.76751708984375,2.2367711067199707,-0.28727957606315613,-2.768200397491455,460,1,5198,56688,0,-1,0.0,0.0,0,0,0,,7,460,1,5198,56688,0,2147483647,0.0,0.0,14,4,-85,GSM,460,1,5198,42518,0,2147483647,0.0,0.0,10,3,-93,GSM,460,1,5198,49988,0,2147483647,0.0,0.0,8,3,-97,GSM,460,1,5198,49989,0,2147483647,0.0,0.0,7,2,-99,GSM,460,1,5198,56689,0,2147483647,0.0,0.0,9,3,-95,GSM,460,1,5198,17029,0,2147483647,0.0,0.0,8,3,-97,GSM,0,0,0,-1,0,2147483647,0.0,0.0,7,2,-99,GSM
1524218218296,121.21346795,31.2876953,-12.0,24.0,3.5320392,-85,true,-1,-1,5,26.0,4000.0,137.33978271484375,-150.32501220703125,96.868896484375,2.2333457469940186,-0.372114896774292,-2.7098159790039063,460,1,5198,56688,0,-1,0.0,0.0,0,0,0,,7,460,1,5198,56688,0,2147483647,0.0,0.0,14,4,-85,GSM,460,1,5198,42518,0,2147483647,0.0,0.0,10,3,-93,GSM,460,1,5198,49988,0,2147483647,0.0,0.0,8,3,-97,GSM,460,1,5198,49989,0,2147483647,0.0,0.0,7,2,-99,GSM,460,1,5198,56689,0,2147483647,0.0,0.0,10,3,-93,GSM,460,1,5198,17029,0,2147483647,0.0,0.0,8,3,-97,GSM,0,0,0,-1,0,2147483647,0.0,0.0,7,2,-99,GSM
1524218221371,121.21341115,31.28757219,-11.0,22.0,3.320015,-85,true,-1,-1,5,26.0,4000.0,137.51983642578125,-142.22412109375,98.36883544921875,2.2567508220672607,-0.24612262845039368,-2.5096139907836914,460,1,5198,56688,0,-1,0.0,0.0,0,0,0,,7,460,1,5198,56688,0,2147483647,0.0,0.0,14,4,-85,GSM,460,1,5198,42518,0,2147483647,0.0,0.0,10,3,-93,GSM,460,1,5198,49988,0,2147483647,0.0,0.0,8,3,-97,GSM,460,1,5198,49989,0,2147483647,0.0,0.0,7,2,-99,GSM,460,1,5198,56689,0,2147483647,0.0,0.0,10,3,-93,GSM,460,1,5198,17029,0,2147483647,0.0,0.0,9,3,-95,GSM,460,1,5198,42507,0,2147483647,0.0,0.0,10,3,-93,GSM
1524218224439,121.21341115,31.28757219,-11.0,22.0,3.320015,-85,true,-1,-1,5,26.0,4000.0,138.56048583984375,-142.8253173828125,92.3675537109375,2.2409749031066895,-0.31608110666275024,-2.634995937347412,460,1,5198,56688,0,-1,0.0,0.0,0,0,0,,7,460,1,5198,56688,0,2147483647,0.0,0.0,13,4,-87,GSM,460,1,5198,42518,0,2147483647,0.0,0.0,10,3,-93,GSM,460,1,5198,49988,0,2147483647,0.0,0.0,7,2,-99,GSM,460,1,5198,49989,0,2147483647,0.0,0.0,8,3,-97,GSM,460,1,5198,56689,0,2147483647,0.0,0.0,10,3,-93,GSM,460,1,5198,17029,0,2147483647,0.0,0.0,8,3,-97,GSM,460,1,5198,42507,0,2147483647,0.0,0.0,10,3,-93,GSM
1524218227507,121.21335148,31.28748424,-11.0,37.0,3.7500134,-85,true,-1,-1,5,26.0,4000.0,134.91973876953125,-145.52459716796875,98.0682373046875,2.272235870361328,-0.263318806886673,-2.5041582584381104,460,1,5198,56688,0,-1,0.0,0.0,0,0,0,,7,460,1,5198,56688,0,2147483647,0.0,0.0,13,4,-87,GSM,460,1,5198,42518,0,2147483647,0.0,0.0,10,3,-93,GSM,460,1,5198,49988,0,2147483647,0.0,0.0,9,3,-95,GSM,460,1,5198,49989,0,2147483647,0.0,0.0,8,3,-97,GSM,460,1,5198,56689,0,2147483647,0.0,0.0,9,3,-95,GSM,460,1,5198,17029,0,2147483647,0.0,0.0,8,3,-97,GSM,460,1,5198,42507,0,2147483647,0.0,0.0,12,4,-89,GSM
1524218230586,121.21335148,31.28748424,-11.0,37.0,3.7500134,-85,true,-1,-1,5,26.0,4000.0,134.23004150390625,-148.52447509765625,95.068359375,2.29547119140625,-0.19490133225917816,-2.5279035568237305,460,1,5198,56688,0,-1,0.0,0.0,0,0,0,,7,460,1,5198,56688,0,2147483647,0.0,0.0,14,4,-85,GSM,460,1,5198,42518,0,2147483647,0.0,0.0,12,4,-89,GSM,460,1,5198,49988,0,2147483647,0.0,0.0,9,3,-95,GSM,460,1,5198,49989,0,2147483647,0.0,0.0,8,3,-97,GSM,460,1,5198,56689,0,2147483647,0.0,0.0,9,3,-95,GSM,460,1,5198,17029,0,2147483647,0.0,0.0,9,3,-95,GSM,460,1,5198,42507,0,2147483647,0.0,0.0,12,4,-89,GSM
1524218233671,121.2132336,31.28733821,-12.0,32.0,4.42,-81,true,-1,-1,5,26.0,4000.0,130.58929443359375,-150.62408447265625,90.56854248046875,2.3029191493988037,-0.3235619068145752,-2.5347657203674316,460,1,5198,56688,0,-1,0.0,0.0,0,0,0,,7,460,1,5198,56688,0,2147483647,0.0,0.0,16,4,-81,GSM,460,1,5198,42518,0,2147483647,0.0,0.0,12,4,-89,GSM,460,1,5198,49988,0,2147483647,0.0,0.0,10,3,-93,GSM,460,1,5198,49989,0,2147483647,0.0,0.0,9,3,-95,GSM,460,1,5198,56689,0,2147483647,0.0,0.0,10,3,-93,GSM,460,1,5198,17029,0,2147483647,0.0,0.0,10,3,-93,GSM,460,1,5198,42507,0,2147483647,0.0,0.0,14,4,-85,GSM
1524218236744,121.2132336,31.28733821,-12.0,32.0,4.42,-79,true,-1,-1,5,26.0,4000.0,100.27923583984375,-134.124755859375,83.06884765625,2.2854154109954834,-0.45447173714637756,-2.6064493656158447,460,1,5198,56688,0,-1,0.0,0.0,0,0,0,,7,460,1,5198,56688,0,2147483647,0.0,0.0,19,4,-75,GSM,460,1,5198,42518,0,2147483647,0.0,0.0,13,4,-87,GSM,460,1,5198,49988,0,2147483647,0.0,0.0,10,3,-93,GSM,460,1,5198,49989,0,2147483647,0.0,0.0,10,3,-93,GSM,460,1,5198,56689,0,2147483647,0.0,0.0,12,4,-89,GSM,460,1,5198,17029,0,2147483647,0.0,0.0,10,3,-93,GSM,460,1,5198,42507,0,2147483647,0.0,0.0,16,4,-81,GSM
1524218239794,121.21301946,31.2871754,-8.0,25.0,3.113615,-71,true,-1,-1,5,26.0,4000.0,98.03009033203125,-129.3243408203125,76.1688232421875,2.3407702445983887,-0.28043872117996216,-2.63860821723938,460,1,5198,56688,0,-1,0.0,0.0,0,0,0,,6,460,1,5198,56688,0,2147483647,0.0,0.0,22,4,-69,GSM,460,1,5198,42518,0,2147483647,0.0,0.0,15,4,-83,GSM,460,1,5198,49988,0,2147483647,0.0,0.0,10,3,-93,GSM,460,1,5198,49989,0,2147483647,0.0,0.0,10,3,-93,GSM,460,1,5198,56689,0,2147483647,0.0,0.0,12,4,-89,GSM,460,1,5198,42507,0,2147483647,0.0,0.0,16,4,-81,GSM
1524218242883,121.21301946,31.2871754,-8.0,25.0,3.113615,-71,true,-1,-1,5,26.0,4000.0,95.7794189453125,-119.4244384765625,75.86822509765625,2.3331594467163086,-0.2138349711894989,-2.472480535507202,460,1,5198,56688,0,-1,0.0,0.0,0,0,0,,6,460,1,5198,56688,0,2147483647,0.0,0.0,19,4,-75,GSM,460,1,5198,42518,0,2147483647,0.0,0.0,15,4,-83,GSM,460,1,5198,49989,0,2147483647,0.0,0.0,11,3,-91,GSM,460,1,5198,56689,0,2147483647,0.0,0.0,13,4,-87,GSM,460,1,5198,42507,0,2147483647,0.0,0.0,17,4,-79,GSM,460,1,5198,42517,0,2147483647,0.0,0.0,11,3,-91,GSM
1524218245961,121.21277958,31.28721409,-12.0,24.0,3.63,-71,true,-1,-1,5,26.0,4000.0,92.6605224609375,-117.02423095703125,80.66864013671875,2.280738592147827,-0.3785162568092346,-2.5016191005706787,460,1,5198,56688,0,-1,0.0,0.0,0,0,0,,6,460,1,5198,56688,0,2147483647,0.0,0.0,19,4,-75,GSM,460,1,5198,42518,0,2147483647,0.0,0.0,18,4,-77,GSM,460,1,5198,56689,0,2147483647,0.0,0.0,14,4,-85,GSM,460,1,5198,42507,0,2147483647,0.0,0.0,16,4,-81,GSM,460,1,5198,42517,0,2147483647,0.0,0.0,13,4,-87,GSM,460,1,5198,50807,0,2147483647,0.0,0.0,12,4,-89,GSM
1524218249027,121.21277958,31.28721409,-12.0,24.0,3.63,-75,true,-1,-1,5,26.0,4000.0,97.16033935546875,-127.2247314453125,79.4677734375,2.3310952186584473,-0.29865598678588867,-2.523585081100464,460,1,5198,56688,0,-1,0.0,0.0,0,0,0,,6,460,1,5198,56688,0,2147483647,0.0,0.0,20,4,-73,GSM,460,1,5198,42518,0,2147483647,0.0,0.0,20,4,-73,GSM,460,1,5198,56689,0,2147483647,0.0,0.0,18,4,-77,GSM,460,1,5198,42507,0,2147483647,0.0,0.0,16,4,-81,GSM,460,1,5198,42517,0,2147483647,0.0,0.0,15,4,-83,GSM,460,1,5198,50807,0,2147483647,0.0,0.0,13,4,-87,GSM
1524218252088,121.21254267,31.28731659,-15.0,25.0,4.330046,-69,true,-1,-1,5,26.0,4000.0,98.199462890625,-123.02398681640625,83.66851806640625,2.3210582733154297,-0.1492098569869995,-2.6367805004119873,460,1,5198,56688,0,-1,0.0,0.0,0,0,0,,6,460,1,5198,56688,0,2147483647,0.0,0.0,21,4,-71,GSM,460,1,5198,42518,0,2147483647,0.0,0.0,20,4,-73,GSM,460,1,5198,56689,0,2147483647,0.0,0.0,18,4,-77,GSM,460,1,5198,42507,0,2147483647,0.0,0.0,16,4,-81,GSM,460,1,5198,42517,0,2147483647,0.0,0.0,15,4,-83,GSM,460,1,5198,50807,0,2147483647,0.0,0.0,14,4,-85,GSM
1524218255253,121.21254267,31.28731659,-15.0,25.0,4.330046,-69,true,-1,-1,5,26.0,4000.0,95.42999267578125,-123.3245849609375,80.0689697265625,2.314854860305786,-0.28941601514816284,-2.56769061088562,460,1,5198,56688,0,-1,0.0,0.0,0,0,0,,6,460,1,5198,56688,0,2147483647,0.0,0.0,22,4,-69,GSM,460,1,5198,42518,0,2147483647,0.0,0.0,22,4,-69,GSM,460,1,5198,56689,0,2147483647,0.0,0.0,18,4,-77,GSM,460,1,5198,42507,0,2147483647,0.0,0.0,15,4,-83,GSM,460,1,5198,42517,0,2147483647,0.0,0.0,17,4,-79,GSM,460,1,5198,50807,0,2147483647,0.0,0.0,14,4,-85,GSM
1524218258235,121.21229045,31.28747976,-17.0,27.0,3.9850218,-69,true,-1,-1,5,26.0,4000.0,95.9503173828125,-126.02386474609375,79.76837158203125,2.290489912033081,-0.405941903591156,-2.606686592102051,460,1,5198,56688,0,-1,0.0,0.0,0,0,0,,6,460,1,5198,56688,0,2147483647,0.0,0.0,22,4,-69,GSM,460,1,5198,42518,0,2147483647,0.0,0.0,22,4,-69,GSM,460,1,5198,56689,0,2147483647,0.0,0.0,18,4,-77,GSM,460,1,5198,42507,0,2147483647,0.0,0.0,13,4,-87,GSM,460,1,5198,42517,0,2147483647,0.0,0.0,19,4,-75,GSM,460,1,5198,50807,0,2147483647,0.0,0.0,13,4,-87,GSM
1524218261315,121.21208403,31.28759136,-20.0,28.0,3.9424865,-69,true,-1,-1,5,26.0,4000.0,94.38934326171875,-124.82452392578125,77.06756591796875,2.3244919776916504,-0.32642215490341187,-2.577432870864868,460,1,5198,56688,0,-1,0.0,0.0,0,0,0,,6,460,1,5198,56688,0,2147483647,0.0,0.0,22,4,-69,GSM,460,1,5198,42518,0,2147483647,0.0,0.0,22,4,-69,GSM,460,1,5198,56689,0,2147483647,0.0,0.0,19,4,-75,GSM,460,1,5198,42517,0,2147483647,0.0,0.0,18,4,-77,GSM,460,1,5198,49989,0,2147483647,0.0,0.0,14,4,-85,GSM,460,1,5198,50807,0,2147483647,0.0,0.0,14,4,-85,GSM
1524218264371,121.21200762,31.28760379,-25.0,24.0,4.280105,-69,true,-1,-1,5,26.0,4000.0,95.25909423828125,-126.62506103515625,76.1688232421875,2.330270528793335,-0.3247857391834259,-2.602903366088867,460,1,5198,56688,0,-1,0.0,0.0,0,0,0,,6,460,1,5198,56688,0,2147483647,0.0,0.0,23,4,-67,GSM,460,1,5198,42518,0,2147483647,0.0,0.0,22,4,-69,GSM,460,1,5198,56689,0,2147483647,0.0,0.0,20,4,-73,GSM,460,1,5198,42517,0,2147483647,0.0,0.0,18,4,-77,GSM,460,1,5198,49989,0,2147483647,0.0,0.0,15,4,-83,GSM,460,1,5198,42507,0,2147483647,0.0,0.0,14,4,-85,GSM
1524218267440,121.21188872,31.28763915,-24.0,23.0,4.2004285,-67,true,-1,-1,5,26.0,4000.0,96.4691162109375,-129.92401123046875,79.4677734375,2.3471944332122803,-0.25263330340385437,-2.584536075592041,460,1,5198,56688,0,-1,0.0,0.0,0,0,0,,6,460,1,5198,56688,0,2147483647,0.0,0.0,23,4,-67,GSM,460,1,5198,42518,0,2147483647,0.0,0.0,23,4,-67,GSM,460,1,5198,56689,0,2147483647,0.0,0.0,20,4,-73,GSM,460,1,5198,42517,0,2147483647,0.0,0.0,19,4,-75,GSM,460,1,5198,49989,0,2147483647,0.0,0.0,15,4,-83,GSM,460,1,5198,42507,0,2147483647,0.0,0.0,13,4,-87,GSM
1524218270519,121.21177265,31.2877458,-22.0,23.0,3.3618,-67,true,-1,-1,5,26.0,4000.0,98.5504150390625,-132.62481689453125,76.4678955078125,2.349257469177246,-0.28554442524909973,-2.65647554397583,460,1,5198,56688,0,-1,0.0,0.0,0,0,0,,6,460,1,5198,56688,0,2147483647,0.0,0.0,22,4,-69,GSM,460,1,5198,42518,0,2147483647,0.0,0.0,23,4,-67,GSM,460,1,5198,56689,0,2147483647,0.0,0.0,20,4,-73,GSM,460,1,5198,42517,0,2147483647,0.0,0.0,19,4,-75,GSM,460,1,5198,50807,0,2147483647,0.0,0.0,15,4,-83,GSM,0,0,0,-1,0,2147483647,0.0,0.0,16,4,-81,GSM
1524218273588,121.21165965,31.28784104,-20.0,21.0,4.04,-67,true,-1,-1,5,26.0,4000.0,96.4691162109375,-126.324462890625,80.0689697265625,2.3189122676849365,-0.3059256672859192,-2.58768892288208,460,1,5198,56688,0,-1,0.0,0.0,0,0,0,,7,460,1,5198,56688,0,2147483647,0.0,0.0,21,4,-71,GSM,460,1,5198,42518,0,2147483647,0.0,0.0,22,4,-69,GSM,460,1,5198,56689,0,2147483647,0.0,0.0,19,4,-75,GSM,460,1,5198,42517,0,2147483647,0.0,0.0,19,4,-75,GSM,460,1,5198,50807,0,2147483647,0.0,0.0,15,4,-83,GSM,460,1,5198,1188,0,2147483647,0.0,0.0,18,4,-77,GSM,460,1,5198,49989,0,2147483647,0.0,0.0,15,4,-83,GSM
1524218276663,121.21153889,31.28791025,13.0,22.0,4.2370744,-71,true,-1,-1,5,26.0,4000.0,97.85003662109375,-128.72467041015625,80.66864013671875,2.2847940921783447,-0.40684425830841064,-2.673302173614502,460,1,5198,42518,0,-1,0.0,0.0,0,0,0,,6,460,1,5198,42518,0,2147483647,0.0,0.0,28,4,-57,GSM,460,1,5198,42517,0,2147483647,0.0,0.0,19,4,-75,GSM,460,1,5198,50807,0,2147483647,0.0,0.0,15,4,-83,GSM,460,1,5198,1188,0,2147483647,0.0,0.0,19,4,-75,GSM,460,1,5198,49989,0,2147483647,0.0,0.0,15,4,-83,GSM,460,1,5198,56688,0,2147483647,0.0,0.0,21,4,-71,GSM
1524218279734,121.2114185,31.28796999,8.0,21.0,3.9600506,-57,true,-1,-1,5,26.0,4000.0,95.42999267578125,-124.52392578125,77.66876220703125,2.320789098739624,-0.3508758544921875,-2.5179755687713623,460,1,5198,42518,0,-1,0.0,0.0,0,0,0,,6,460,1,5198,42518,0,2147483647,0.0,0.0,26,4,-61,GSM,460,1,5198,42517,0,2147483647,0.0,0.0,19,4,-75,GSM,460,1,5198,50807,0,2147483647,0.0,0.0,14,4,-85,GSM,460,1,5198,1188,0,2147483647,0.0,0.0,19,4,-75,GSM,460,1,5198,49989,0,2147483647,0.0,0.0,15,4,-83,GSM,460,1,5198,56688,0,2147483647,0.0,0.0,21,4,-71,GSM
1524218282817,121.21129187,31.28802528,4.0,22.0,3.9402032,-57,true,-1,-1,5,26.0,4000.0,107.550048828125,-137.72430419921875,89.66827392578125,2.3321268558502197,-0.2313273549079895,-2.4665133953094482,460,1,5198,42518,0,-1,0.0,0.0,0,0,0,,5,460,1,5198,42518,0,2147483647,0.0,0.0,27,4,-59,GSM,460,1,5198,42517,0,2147483647,0.0,0.0,19,4,-75,GSM,460,1,5198,1188,0,2147483647,0.0,0.0,18,4,-77,GSM,460,1,5198,49989,0,2147483647,0.0,0.0,15,4,-83,GSM,460,1,5198,56688,0,2147483647,0.0,0.0,23,4,-67,GSM
1524218285895,121.21129187,31.28802528,4.0,22.0,3.9402032,-57,true,-1,-1,5,26.0,4000.0,121.58050537109375,-147.9248046875,94.76776123046875,2.3248825073242188,-0.15974733233451843,-2.5422730445861816,460,1,5198,42518,0,-1,0.0,0.0,0,0,0,,5,460,1,5198,42518,0,2147483647,0.0,0.0,26,4,-61,GSM,460,1,5198,42517,0,2147483647,0.0,0.0,19,4,-75,GSM,460,1,5198,1188,0,2147483647,0.0,0.0,18,4,-77,GSM,460,1,5198,49989,0,2147483647,0.0,0.0,16,4,-81,GSM,460,1,5198,56688,0,2147483647,0.0,0.0,23,4,-67,GSM
1524218288964,121.2111079,31.28803759,-2.0,22.0,4.115884,-61,true,-1,-1,5,26.0,4000.0,130.07049560546875,-149.1241455078125,96.868896484375,2.3026585578918457,-0.21995551884174347,-2.497263193130493,460,1,5198,42518,0,-1,0.0,0.0,0,0,0,,5,460,1,5198,42518,0,2147483647,0.0,0.0,23,4,-67,GSM,460,1,5198,42517,0,2147483647,0.0,0.0,19,4,-75,GSM,460,1,5198,1188,0,2147483647,0.0,0.0,18,4,-77,GSM,460,1,5198,49989,0,2147483647,0.0,0.0,18,4,-77,GSM,460,1,5198,56688,0,2147483647,0.0,0.0,23,4,-67,GSM
1524218292033,121.2111079,31.28803759,-2.0,22.0,4.115884,-69,true,-1,-1,5,26.0,4000.0,133.36029052734375,-150.9246826171875,100.1678466796875,2.2692790031433105,-0.30055269598960876,-2.5939080715179443,460,1,5198,42518,0,-1,0.0,0.0,0,0,0,,6,460,1,5198,42518,0,2147483647,0.0,0.0,22,4,-69,GSM,460,1,5198,42517,0,2147483647,0.0,0.0,18,4,-77,GSM,460,1,5198,1188,0,2147483647,0.0,0.0,18,4,-77,GSM,460,1,5198,49989,0,2147483647,0.0,0.0,18,4,-77,GSM,460,1,5198,56688,0,2147483647,0.0,0.0,24,4,-65,GSM,0,0,0,-1,0,2147483647,0.0,0.0,16,4,-81,GSM
1524218295117,121.21085415,31.28792582,-9.0,22.0,4.055441,-69,true,-1,-1,5,26.0,4000.0,132.31964111328125,-146.72393798828125,98.36883544921875,2.262923240661621,-0.2919362783432007,-2.59615421295166,460,1,5198,42518,0,-1,0.0,0.0,0,0,0,,6,460,1,5198,42518,0,2147483647,0.0,0.0,25,4,-63,GSM,460,1,5198,42517,0,2147483647,0.0,0.0,17,4,-79,GSM,460,1,5198,1188,0,2147483647,0.0,0.0,17,4,-79,GSM,460,1,5198,49989,0,2147483647,0.0,0.0,18,4,-77,GSM,460,1,5198,56688,0,2147483647,0.0,0.0,24,4,-65,GSM,0,0,0,-1,0,2147483647,0.0,0.0,16,4,-81,GSM
1524218298182,121.21085415,31.28792582,-9.0,22.0,4.055441,-63,true,-1,-1,5,26.0,4000.0,133.36029052734375,-147.32513427734375,96.56829833984375,2.2264246940612793,-0.460116982460022,-2.593710422515869,460,1,5198,42518,0,-1,0.0,0.0,0,0,0,,6,460,1,5198,42518,0,2147483647,0.0,0.0,27,4,-59,GSM,460,1,5198,42517,0,2147483647,0.0,0.0,17,4,-79,GSM,460,1,5198,1188,0,2147483647,0.0,0.0,17,4,-79,GSM,460,1,5198,49989,0,2147483647,0.0,0.0,19,4,-75,GSM,460,1,5198,56688,0,2147483647,0.0,0.0,24,4,-65,GSM,0,0,0,-1,0,2147483647,0.0,0.0,16,4,-81,GSM
1524218301267,121.21085415,31.28792582,-9.0,22.0,4.055441,-59,true,-1,-1,5,26.0,4000.0,139.93988037109375,-145.2239990234375,101.36871337890625,2.2180049419403076,-0.34493422508239746,-2.6350038051605225,460,1,5198,42518,0,-1,0.0,0.0,0,0,0,,6,460,1,5198,42518,0,2147483647,0.0,0.0,27,4,-59,GSM,460,1,5198,42517,0,2147483647,0.0,0.0,17,4,-79,GSM,460,1,5198,1188,0,2147483647,0.0,0.0,17,4,-79,GSM,460,1,5198,49989,0,2147483647,0.0,0.0,18,4,-77,GSM,460,1,5198,56688,0,2147483647,0.0,0.0,24,4,-65,GSM,460,1,5198,49988,0,2147483647,0.0,0.0,16,4,-81,GSM
1524218304320,121.21062913,31.28734153,-7.0,44.0,5.762222,-59,true,-1,-1,5,26.0,4000.0,133.709716796875,-145.8251953125,93.56842041015625,2.279696464538574,-0.29236099123954773,-2.524197816848755,460,1,5198,42518,0,-1,0.0,0.0,0,0,0,,6,460,1,5198,42518,0,2147483647,0.0,0.0,26,4,-61,GSM,460,1,5198,42517,0,2147483647,0.0,0.0,17,4,-79,GSM,460,1,5198,1188,0,2147483647,0.0,0.0,16,4,-81,GSM,460,1,5198,49989,0,2147483647,0.0,0.0,18,4,-77,GSM,460,1,5198,56688,0,2147483647,0.0,0.0,22,4,-69,GSM,460,1,5198,49988,0,2147483647,0.0,0.0,16,4,-81,GSM
1524218307393,121.21062913,31.28734153,-7.0,44.0,5.762222,-59,true,-1,-1,5,26.0,4000.0,144.45037841796875,-145.52459716796875,100.1678466796875,2.235142946243286,-0.29556170105934143,-2.567124128341675,460,1,5198,42518,0,-1,0.0,0.0,0,0,0,,7,460,1,5198,42518,0,2147483647,0.0,0.0,24,4,-65,GSM,460,1,5198,42517,0,2147483647,0.0,0.0,17,4,-79,GSM,460,1,5198,1188,0,2147483647,0.0,0.0,17,4,-79,GSM,460,1,5198,49989,0,2147483647,0.0,0.0,18,4,-77,GSM,460,1,5198,56688,0,2147483647,0.0,0.0,22,4,-69,GSM,460,1,5198,49988,0,2147483647,0.0,0.0,15,4,-83,GSM,0,0,0,-1,0,2147483647,0.0,0.0,14,4,-85,GSM
1524218310469,121.21062913,31.28734153,-7.0,44.0,5.762222,-65,true,-1,-1,5,26.0,4000.0,146.51947021484375,-140.42510986328125,107.9681396484375,2.207118034362793,-0.2873024046421051,-2.5103940963745117,460,1,5198,42518,0,-1,0.0,0.0,0,0,0,,7,460,1,5198,42518,0,2147483647,0.0,0.0,23,4,-67,GSM,460,1,5198,42517,0,2147483647,0.0,0.0,18,4,-77,GSM,460,1,5198,1188,0,2147483647,0.0,0.0,18,4,-77,GSM,460,1,5198,49989,0,2147483647,0.0,0.0,17,4,-79,GSM,460,1,5198,56688,0,2147483647,0.0,0.0,20,4,-73,GSM,460,1,5198,49988,0,2147483647,0.0,0.0,14,4,-85,GSM,0,0,0,-1,0,2147483647,0.0,0.0,15,4,-83,GSM
1524218313526,121.21062913,31.28734153,-7.0,44.0,5.762222,-65,true,-1,-1,5,26.0,4000.0,143.22967529296875,-146.42486572265625,101.068115234375,2.2348411083221436,-0.3439258337020874,-2.5384151935577393,460,1,5198,42518,0,-1,0.0,0.0,0,0,0,,7,460,1,5198,42518,0,2147483647,0.0,0.0,23,4,-67,GSM,460,1,5198,42517,0,2147483647,0.0,0.0,17,4,-79,GSM,460,1,5198,1188,0,2147483647,0.0,0.0,18,4,-77,GSM,460,1,5198,49989,0,2147483647,0.0,0.0,17,4,-79,GSM,460,1,5198,56688,0,2147483647,0.0,0.0,19,4,-75,GSM,460,1,5198,49988,0,2147483647,0.0,0.0,13,4,-87,GSM,460,1,5198,42507,0,2147483647,0.0,0.0,15,4,-83,GSM
1524218316595,121.21052321,31.28700549,-14.0,46.0,3.380015,-65,true,-1,-1,5,26.0,4000.0,135.60943603515625,-150.62408447265625,96.2677001953125,2.2768657207489014,-0.2661706507205963,-2.619213819503784,460,1,5198,42518,0,-1,0.0,0.0,0,0,0,,7,460,1,5198,42518,0,2147483647,0.0,0.0,23,4,-67,GSM,460,1,5198,42517,0,2147483647,0.0,0.0,17,4,-79,GSM,460,1,5198,1188,0,2147483647,0.0,0.0,18,4,-77,GSM,460,1,5198,49989,0,2147483647,0.0,0.0,17,4,-79,GSM,460,1,5198,56688,0,2147483647,0.0,0.0,17,4,-79,GSM,460,1,5198,49988,0,2147483647,0.0,0.0,13,4,-87,GSM,460,1,5198,42507,0,2147483647,0.0,0.0,16,4,-81,GSM
1524218319680,121.21052321,31.28700549,-14.0,46.0,3.380015,-65,true,-1,-1,5,26.0,4000.0,125.2197265625,-151.22528076171875,89.66827392578125,2.3396735191345215,-0.31334906816482544,-2.4256279468536377,460,1,5198,42518,0,-1,0.0,0.0,0,0,0,,7,460,1,5198,42518,0,2147483647,0.0,0.0,23,4,-67,GSM,460,1,5198,42517,0,2147483647,0.0,0.0,16,4,-81,GSM,460,1,5198,1188,0,2147483647,0.0,0.0,17,4,-79,GSM,460,1,5198,49989,0,2147483647,0.0,0.0,17,4,-79,GSM,460,1,5198,56688,0,2147483647,0.0,0.0,17,4,-79,GSM,460,1,5198,49988,0,2147483647,0.0,0.0,14,4,-85,GSM,460,1,5198,42507,0,2147483647,0.0,0.0,15,4,-83,GSM
1524218322731,121.21042197,31.28684314,-26.0,31.0,4.0401115,-65,true,-1,-1,5,26.0,4000.0,127.47039794921875,-153.924560546875,80.96771240234375,2.371425151824951,-0.3423619866371155,-2.4074015617370605,460,1,5198,42518,0,-1,0.0,0.0,0,0,0,,7,460,1,5198,42518,0,2147483647,0.0,0.0,23,4,-67,GSM,460,1,5198,42517,0,2147483647,0.0,0.0,16,4,-81,GSM,460,1,5198,1188,0,2147483647,0.0,0.0,16,4,-81,GSM,460,1,5198,49989,0,2147483647,0.0,0.0,18,4,-77,GSM,460,1,5198,56688,0,2147483647,0.0,0.0,15,4,-83,GSM,460,1,5198,49988,0,2147483647,0.0,0.0,14,4,-85,GSM,460,1,5198,42507,0,2147483647,0.0,0.0,15,4,-83,GSM
1524218325800,121.21042197,31.28684314,-26.0,31.0,4.0401115,-65,true,-1,-1,5,26.0,4000.0,125.2197265625,-152.42462158203125,83.66851806640625,2.3319151401519775,-0.4595446288585663,-2.4592370986938477,460,1,5198,42518,0,-1,0.0,0.0,0,0,0,,7,460,1,5198,42518,0,2147483647,0.0,0.0,25,4,-63,GSM,460,1,5198,42517,0,2147483647,0.0,0.0,14,4,-85,GSM,460,1,5198,1188,0,2147483647,0.0,0.0,16,4,-81,GSM,460,1,5198,49989,0,2147483647,0.0,0.0,18,4,-77,GSM,460,1,5198,56688,0,2147483647,0.0,0.0,15,4,-83,GSM,460,1,5198,49988,0,2147483647,0.0,0.0,13,4,-87,GSM,460,1,5198,42507,0,2147483647,0.0,0.0,16,4,-81,GSM
1524218328876,121.21023669,31.28666883,-24.0,27.0,4.341152,-61,true,-1,-1,5,26.0,4000.0,126.2603759765625,-150.62408447265625,89.068603515625,2.340792179107666,-0.3198171854019165,-2.4080159664154053,460,1,5198,42518,0,-1,0.0,0.0,0,0,0,,7,460,1,5198,42518,0,2147483647,0.0,0.0,25,4,-63,GSM,460,1,5198,42517,0,2147483647,0.0,0.0,13,4,-87,GSM,460,1,5198,1188,0,2147483647,0.0,0.0,14,4,-85,GSM,460,1,5198,49989,0,2147483647,0.0,0.0,17,4,-79,GSM,460,1,5198,56688,0,2147483647,0.0,0.0,15,4,-83,GSM,460,1,5198,49988,0,2147483647,0.0,0.0,13,4,-87,GSM,460,1,5198,42507,0,2147483647,0.0,0.0,18,4,-77,GSM
1524218331940,121.21023669,31.28666883,-24.0,27.0,4.341152,-61,true,-1,-1,5,26.0,4000.0,131.45904541015625,-153.0242919921875,89.66827392578125,2.3093855381011963,-0.41393086314201355,-2.473588228225708,460,1,5198,42518,0,-1,0.0,0.0,0,0,0,,6,460,1,5198,42518,0,2147483647,0.0,0.0,20,4,-73,GSM,460,1,5198,42517,0,2147483647,0.0,0.0,13,4,-87,GSM,460,1,5198,49989,0,2147483647,0.0,0.0,17,4,-79,GSM,460,1,5198,56688,0,2147483647,0.0,0.0,16,4,-81,GSM,460,1,5198,49988,0,2147483647,0.0,0.0,13,4,-87,GSM,460,1,5198,42507,0,2147483647,0.0,0.0,18,4,-77,GSM
1524218335009,121.21006654,31.28652777,-25.0,28.0,3.53,-73,true,-1,-1,5,26.0,4000.0,132.489013671875,-153.924560546875,84.2681884765625,2.3387718200683594,-0.3681142032146454,-2.4527857303619385,460,1,5198,42518,0,-1,0.0,0.0,0,0,0,,5,460,1,5198,42518,0,2147483647,0.0,0.0,19,4,-75,GSM,460,1,5198,49989,0,2147483647,0.0,0.0,17,4,-79,GSM,460,1,5198,44572,0,2147483647,0.0,0.0,16,4,-81,GSM,460,1,5198,42507,0,2147483647,0.0,0.0,19,4,-75,GSM,0,0,0,-1,0,2147483647,0.0,0.0,13,4,-87,GSM
1524218338089,121.21006654,31.28652777,-25.0,28.0,3.53,-75,true,-1,-1,5,26.0,4000.0,127.98919677734375,-151.824951171875,89.66827392578125,2.34476375579834,-0.443083256483078,-2.338613271713257,460,1,5198,42518,0,-1,0.0,0.0,0,0,0,,5,460,1,5198,42518,0,2147483647,0.0,0.0,17,4,-79,GSM,460,1,5198,49989,0,2147483647,0.0,0.0,17,4,-79,GSM,460,1,5198,44572,0,2147483647,0.0,0.0,18,4,-77,GSM,460,1,5198,42507,0,2147483647,0.0,0.0,21,4,-71,GSM,460,1,5198,1186,0,2147483647,0.0,0.0,13,4,-87,GSM
1524218341143,121.2099485,31.28629117,-22.0,32.0,3.9900126,-75,true,-1,-1,5,26.0,4000.0,130.419921875,-154.22515869140625,87.86773681640625,2.3483686447143555,-0.34211790561676025,-2.3999640941619873,460,1,5198,42518,0,-1,0.0,0.0,0,0,0,,6,460,1,5198,42518,0,2147483647,0.0,0.0,17,4,-79,GSM,460,1,5198,49989,0,2147483647,0.0,0.0,15,4,-83,GSM,460,1,5198,44572,0,2147483647,0.0,0.0,18,4,-77,GSM,460,1,5198,42507,0,2147483647,0.0,0.0,22,4,-69,GSM,460,1,5198,1186,0,2147483647,0.0,0.0,11,3,-91,GSM,460,1,5198,42509,0,2147483647,0.0,0.0,12,4,-89,GSM
1524218344257,121.2099485,31.28629117,-22.0,32.0,3.9900126,-75,true,-1,-1,5,26.0,4000.0,130.76019287109375,-147.62420654296875,92.0684814453125,2.245002269744873,-0.4534134864807129,-2.603473663330078,460,1,5198,42507,0,-1,0.0,0.0,0,0,0,,5,460,1,5198,42507,0,2147483647,0.0,0.0,23,4,-67,GSM,460,1,5198,49989,0,2147483647,0.0,0.0,13,4,-87,GSM,460,1,5198,42509,0,2147483647,0.0,0.0,12,4,-89,GSM,460,1,5198,42518,0,2147483647,0.0,0.0,18,4,-77,GSM,0,0,0,-1,0,2147483647,0.0,0.0,12,4,-89,GSM
1524218347288,121.20982829,31.28617173,13.0,26.0,3.771326,-65,true,-1,-1,5,26.0,4000.0,130.76019287109375,-155.1239013671875,87.26806640625,2.3223190307617188,-0.4447403848171234,-2.4606893062591553,460,1,5198,42507,0,-1,0.0,0.0,0,0,0,,6,460,1,5198,42507,0,2147483647,0.0,0.0,25,4,-63,GSM,460,1,5198,49989,0,2147483647,0.0,0.0,13,4,-87,GSM,460,1,5198,42509,0,2147483647,0.0,0.0,12,4,-89,GSM,460,1,5198,42518,0,2147483647,0.0,0.0,18,4,-77,GSM,0,0,0,-1,0,2147483647,0.0,0.0,12,4,-89,GSM,460,1,5198,20609,0,2147483647,0.0,0.0,2,0,-109,GSM
1524218350350,121.20969229,31.28602329,2.0,23.0,3.5111537,-63,true,-1,-1,5,26.0,4000.0,133.18939208984375,-153.924560546875,88.46893310546875,2.3170645236968994,-0.3840182423591614,-2.4770634174346924,460,1,5198,42507,0,-1,0.0,0.0,0,0,0,,6,460,1,5198,42507,0,2147483647,0.0,0.0,26,4,-61,GSM,460,1,5198,49989,0,2147483647,0.0,0.0,13,4,-87,GSM,460,1,5198,42509,0,2147483647,0.0,0.0,13,4,-87,GSM,460,1,5198,42518,0,2147483647,0.0,0.0,18,4,-77,GSM,0,0,0,-1,0,2147483647,0.0,0.0,13,4,-87,GSM,460,1,5198,44572,0,2147483647,0.0,0.0,17,4,-79,GSM
1524218353404,121.20964221,31.28598059,1.0,24.0,3.9008205,-67,true,-1,-1,5,26.0,4000.0,134.3994140625,-157.22503662109375,85.16845703125,2.3389906883239746,-0.39450058341026306,-2.4548048973083496,460,1,5198,42507,0,-1,0.0,0.0,0,0,0,,6,460,1,5198,42507,0,2147483647,0.0,0.0,22,4,-69,GSM,460,1,5198,49989,0,2147483647,0.0,0.0,13,4,-87,GSM,460,1,5198,42509,0,2147483647,0.0,0.0,13,4,-87,GSM,460,1,5198,42518,0,2147483647,0.0,0.0,19,4,-75,GSM,0,0,0,-1,0,2147483647,0.0,0.0,14,4,-85,GSM,460,1,5198,44572,0,2147483647,0.0,0.0,16,4,-81,GSM
1524218356477,121.20957157,31.28590317,0.0,24.0,3.520355,-73,true,-1,-1,5,26.0,4000.0,135.60943603515625,-143.42498779296875,82.4676513671875,2.2909059524536133,-0.4336985945701599,-2.4739716053009033,460,1,5198,42507,0,-1,0.0,0.0,0,0,0,,6,460,1,5198,42507,0,2147483647,0.0,0.0,20,4,-73,GSM,460,1,5198,42509,0,2147483647,0.0,0.0,14,4,-85,GSM,460,1,5198,42518,0,2147483647,0.0,0.0,19,4,-75,GSM,0,0,0,-1,0,2147483647,0.0,0.0,14,4,-85,GSM,460,1,5198,44572,0,2147483647,0.0,0.0,16,4,-81,GSM,460,1,5198,20609,0,2147483647,0.0,0.0,16,4,-81,GSM
1524218359551,121.20951948,31.28584217,-2.0,22.0,3.5306938,-73,true,-1,-1,5,26.0,4000.0,130.2398681640625,-147.62420654296875,87.56866455078125,2.2941396236419678,-0.3895617127418518,-2.5170605182647705,460,1,5198,42507,0,-1,0.0,0.0,0,0,0,,7,460,1,5198,42507,0,2147483647,0.0,0.0,20,4,-73,GSM,460,1,5198,42509,0,2147483647,0.0,0.0,14,4,-85,GSM,460,1,5198,42518,0,2147483647,0.0,0.0,20,4,-73,GSM,460,1,5198,42519,0,2147483647,0.0,0.0,14,4,-85,GSM,460,1,5198,44572,0,2147483647,0.0,0.0,15,4,-83,GSM,460,1,5198,20609,0,2147483647,0.0,0.0,15,4,-83,GSM,460,1,5198,42508,0,2147483647,0.0,0.0,13,4,-87,GSM
1524218362607,121.2094778,31.28573603,-6.0,22.0,3.540226,-75,true,-1,-1,5,26.0,4000.0,121.0601806640625,-149.725341796875,91.46881103515625,2.308532238006592,-0.4092269241809845,-2.485482931137085,460,1,5198,42507,0,-1,0.0,0.0,0,0,0,,7,460,1,5198,42507,0,2147483647,0.0,0.0,19,4,-75,GSM,460,1,5198,42509,0,2147483647,0.0,0.0,14,4,-85,GSM,460,1,5198,42518,0,2147483647,0.0,0.0,21,4,-71,GSM,460,1,5198,42519,0,2147483647,0.0,0.0,14,4,-85,GSM,460,1,5198,44572,0,2147483647,0.0,0.0,13,4,-87,GSM,460,1,5198,20609,0,2147483647,0.0,0.0,14,4,-85,GSM,460,1,5198,42508,0,2147483647,0.0,0.0,13,4,-87,GSM
1524218365689,121.20940873,31.28566314,-10.0,22.0,3.4905157,-71,true,-1,-1,5,26.0,4000.0,128.680419921875,-158.7249755859375,89.068603515625,2.3518550395965576,-0.3559775650501251,-2.433962345123291,460,1,5198,42507,0,-1,0.0,0.0,0,0,0,,6,460,1,5198,42507,0,2147483647,0.0,0.0,20,4,-73,GSM,460,1,5198,42509,0,2147483647,0.0,0.0,14,4,-85,GSM,460,1,5198,42518,0,2147483647,0.0,0.0,21,4,-71,GSM,460,1,5198,42519,0,2147483647,0.0,0.0,15,4,-83,GSM,460,1,5198,44572,0,2147483647,0.0,0.0,13,4,-87,GSM,460,1,5198,42508,0,2147483647,0.0,0.0,13,4,-87,GSM
1524218368755,121.20932399,31.28557727,16.0,23.0,3.861049,-63,true,-1,-1,5,26.0,4000.0,125.56915283203125,-153.0242919921875,83.66851806640625,2.3763930797576904,-0.38622644543647766,-2.343151092529297,460,1,5198,42518,0,-1,0.0,0.0,0,0,0,,7,460,1,5198,42518,0,2147483647,0.0,0.0,25,4,-63,GSM,460,1,5198,42509,0,2147483647,0.0,0.0,14,4,-85,GSM,460,1,5198,42519,0,2147483647,0.0,0.0,15,4,-83,GSM,460,1,5198,44572,0,2147483647,0.0,0.0,13,4,-87,GSM,460,1,5198,42508,0,2147483647,0.0,0.0,13,4,-87,GSM,0,0,0,-1,0,2147483647,0.0,0.0,12,4,-89,GSM,460,1,5198,42507,0,2147483647,0.0,0.0,21,4,-71,GSM
1524218371842,121.20932399,31.28557727,16.0,23.0,3.861049,-63,true,-1,-1,5,26.0,4000.0,124.1790771484375,-154.22515869140625,82.4676513671875,2.3660264015197754,-0.37095773220062256,-2.4252877235412598,460,1,5198,42518,0,-1,0.0,0.0,0,0,0,,7,460,1,5198,42518,0,2147483647,0.0,0.0,26,4,-61,GSM,460,1,5198,42509,0,2147483647,0.0,0.0,14,4,-85,GSM,460,1,5198,42519,0,2147483647,0.0,0.0,16,4,-81,GSM,460,1,5198,44572,0,2147483647,0.0,0.0,13,4,-87,GSM,460,1,5198,42508,0,2147483647,0.0,0.0,14,4,-85,GSM,460,1,5198,17029,0,2147483647,0.0,0.0,12,4,-89,GSM,460,1,5198,42507,0,2147483647,0.0,0.0,20,4,-73,GSM
1524218374903,121.2092152,31.28545577,8.0,23.0,3.78,-63,true,-1,-1,5,26.0,4000.0,126.9500732421875,-155.42449951171875,87.86773681640625,2.358468532562256,-0.3886340856552124,-2.3766367435455322,460,1,5198,42518,0,-1,0.0,0.0,0,0,0,,7,460,1,5198,42518,0,2147483647,0.0,0.0,27,4,-59,GSM,460,1,5198,42509,0,2147483647,0.0,0.0,13,4,-87,GSM,460,1,5198,42519,0,2147483647,0.0,0.0,16,4,-81,GSM,460,1,5198,44572,0,2147483647,0.0,0.0,12,4,-89,GSM,460,1,5198,42508,0,2147483647,0.0,0.0,14,4,-85,GSM,460,1,5198,42507,0,2147483647,0.0,0.0,19,4,-75,GSM,460,1,5198,42517,0,2147483647,0.0,0.0,14,4,-85,GSM
1524218377977,121.2092152,31.28545577,8.0,23.0,3.78,-57,true,-1,-1,5,26.0,4000.0,123.4893798828125,-153.924560546875,84.86785888671875,2.3537960052490234,-0.372636616230011,-2.4457123279571533,460,1,5198,42518,0,-1,0.0,0.0,0,0,0,,7,460,1,5198,42518,0,2147483647,0.0,0.0,28,4,-57,GSM,460,1,5198,42509,0,2147483647,0.0,0.0,13,4,-87,GSM,460,1,5198,42519,0,2147483647,0.0,0.0,17,4,-79,GSM,460,1,5198,44572,0,2147483647,0.0,0.0,12,4,-89,GSM,460,1,5198,42508,0,2147483647,0.0,0.0,14,4,-85,GSM,460,1,5198,42507,0,2147483647,0.0,0.0,19,4,-75,GSM,460,1,5198,42517,0,2147483647,0.0,0.0,14,4,-85,GSM
1524218381037,121.20904751,31.28530806,-1.0,23.0,3.9615273,-57,true,-1,-1,5,26.0,4000.0,126.9500732421875,-153.32489013671875,88.46893310546875,2.3484416007995605,-0.38253968954086304,-2.385852575302124,460,1,5198,42518,0,-1,0.0,0.0,0,0,0,,7,460,1,5198,42518,0,2147483647,0.0,0.0,24,4,-65,GSM,460,1,5198,42509,0,2147483647,0.0,0.0,12,4,-89,GSM,460,1,5198,42519,0,2147483647,0.0,0.0,17,4,-79,GSM,460,1,5198,44572,0,2147483647,0.0,0.0,13,4,-87,GSM,460,1,5198,42508,0,2147483647,0.0,0.0,13,4,-87,GSM,460,1,5198,42507,0,2147483647,0.0,0.0,18,4,-77,GSM,460,1,5198,42517,0,2147483647,0.0,0.0,15,4,-83,GSM
1524218384255,121.20904751,31.28530806,-1.0,23.0,3.9615273,-63,true,-1,-1,5,26.0,4000.0,126.0894775390625,-153.924560546875,81.56890869140625,2.3670613765716553,-0.290327250957489,-2.4516661167144775,460,1,5198,42518,0,-1,0.0,0.0,0,0,0,,7,460,1,5198,42518,0,2147483647,0.0,0.0,23,4,-67,GSM,460,1,5198,42509,0,2147483647,0.0,0.0,12,4,-89,GSM,460,1,5198,42519,0,2147483647,0.0,0.0,16,4,-81,GSM,460,1,5198,44572,0,2147483647,0.0,0.0,13,4,-87,GSM,460,1,5198,42508,0,2147483647,0.0,0.0,12,4,-89,GSM,460,1,5198,42507,0,2147483647,0.0,0.0,16,4,-81,GSM,460,1,5198,42517,0,2147483647,0.0,0.0,15,4,-83,GSM
1524218387195,121.2088996,31.28511191,-8.0,22.0,4.0907826,-65,true,-1,-1,5,26.0,4000.0,127.98919677734375,-152.7252197265625,86.0687255859375,2.329587936401367,-0.42739710211753845,-2.4477953910827637,460,1,5198,42518,0,-1,0.0,0.0,0,0,0,,6,460,1,5198,42518,0,2147483647,0.0,0.0,22,4,-69,GSM,460,1,5198,42519,0,2147483647,0.0,0.0,16,4,-81,GSM,460,1,5198,44572,0,2147483647,0.0,0.0,14,4,-85,GSM,460,1,5198,42508,0,2147483647,0.0,0.0,12,4,-89,GSM,460,1,5198,42507,0,2147483647,0.0,0.0,14,4,-85,GSM,460,1,5198,42517,0,2147483647,0.0,0.0,16,4,-81,GSM
1524218390265,121.2088996,31.28511191,-8.0,22.0,4.0907826,-71,true,-1,-1,5,26.0,4000.0,134.23004150390625,-151.52435302734375,93.267822265625,2.3934848308563232,-0.4690198600292206,-2.146968126296997,460,1,5198,42518,0,-1,0.0,0.0,0,0,0,,6,460,1,5198,42518,0,2147483647,0.0,0.0,20,4,-73,GSM,460,1,5198,42519,0,2147483647,0.0,0.0,17,4,-79,GSM,460,1,5198,44572,0,2147483647,0.0,0.0,14,4,-85,GSM,460,1,5198,42507,0,2147483647,0.0,0.0,14,4,-85,GSM,460,1,5198,42517,0,2147483647,0.0,0.0,16,4,-81,GSM,0,0,0,-1,0,2147483647,0.0,0.0,12,4,-89,GSM
1524218393337,121.20876503,31.28482588,-15.0,23.0,3.920115,-71,true,-1,-1,5,26.0,4000.0,144.96917724609375,-132.32421875,112.46795654296875,2.169853448867798,-0.4498375654220581,-2.4092395305633545,460,1,5198,42518,0,-1,0.0,0.0,0,0,0,,5,460,1,5198,42518,0,2147483647,0.0,0.0,16,4,-81,GSM,460,1,5198,42519,0,2147483647,0.0,0.0,14,4,-85,GSM,460,1,5198,56688,0,2147483647,0.0,0.0,13,4,-87,GSM,460,1,5198,42507,0,2147483647,0.0,0.0,14,4,-85,GSM,460,1,5198,49989,0,2147483647,0.0,0.0,13,4,-87,GSM
1524218396405,121.2088229,31.28466109,-20.0,23.0,3.4617481,-79,true,-1,-1,5,26.0,4000.0,144.45037841796875,-139.82391357421875,107.36846923828125,2.178785800933838,-0.4648580551147461,-2.499072790145874,460,1,5198,42518,0,-1,0.0,0.0,0,0,0,,5,460,1,5198,42518,0,2147483647,0.0,0.0,16,4,-81,GSM,460,1,5198,42519,0,2147483647,0.0,0.0,13,4,-87,GSM,460,1,5198,56688,0,2147483647,0.0,0.0,13,4,-87,GSM,460,1,5198,42507,0,2147483647,0.0,0.0,13,4,-87,GSM,460,1,5198,49989,0,2147483647,0.0,0.0,13,4,-87,GSM
1524218399478,121.2088814,31.28456106,-20.0,20.0,3.5409038,-79,true,-1,-1,5,26.0,4000.0,143.9300537109375,-136.52496337890625,108.26873779296875,2.1870720386505127,-0.48469027876853943,-2.420351982116699,460,1,5198,42518,0,-1,0.0,0.0,0,0,0,,4,460,1,5198,42518,0,2147483647,0.0,0.0,17,4,-79,GSM,460,1,5198,42519,0,2147483647,0.0,0.0,13,4,-87,GSM,460,1,5198,56688,0,2147483647,0.0,0.0,13,4,-87,GSM,460,1,5198,42507,0,2147483647,0.0,0.0,13,4,-87,GSM
1524218402541,121.20893844,31.28451673,-16.0,20.0,3.8110628,-79,true,-1,-1,5,26.0,4000.0,145.82977294921875,-135.3240966796875,114.56756591796875,2.170802593231201,-0.43654611706733704,-2.423732280731201,460,1,5198,42518,0,-1,0.0,0.0,0,0,0,,6,460,1,5198,42518,0,2147483647,0.0,0.0,17,4,-79,GSM,460,1,5198,42519,0,2147483647,0.0,0.0,13,4,-87,GSM,460,1,5198,56688,0,2147483647,0.0,0.0,12,4,-89,GSM,460,1,5198,42507,0,2147483647,0.0,0.0,13,4,-87,GSM,460,1,5198,42517,0,2147483647,0.0,0.0,10,3,-93,GSM,460,1,5198,49989,0,2147483647,0.0,0.0,11,3,-91,GSM
1524218405621,121.2090163,31.28443391,-14.0,20.0,3.7604787,-79,true,-1,-1,5,26.0,4000.0,144.45037841796875,-141.925048828125,109.16748046875,2.1968274116516113,-0.4539388418197632,-2.453411102294922,460,1,5198,42518,0,-1,0.0,0.0,0,0,0,,6,460,1,5198,42518,0,2147483647,0.0,0.0,18,4,-77,GSM,460,1,5198,42519,0,2147483647,0.0,0.0,14,4,-85,GSM,460,1,5198,56688,0,2147483647,0.0,0.0,12,4,-89,GSM,460,1,5198,42507,0,2147483647,0.0,0.0,14,4,-85,GSM,460,1,5198,42517,0,2147483647,0.0,0.0,10,3,-93,GSM,460,1,5198,49989,0,2147483647,0.0,0.0,11,3,-91,GSM
1524218408686,121.20905181,31.28435195,-13.0,25.0,3.4307141,-79,true,-1,-1,5,26.0,4000.0,144.78912353515625,-141.0247802734375,112.16888427734375,2.1922712326049805,-0.46420449018478394,-2.423471689224243,460,1,5198,42518,0,-1,0.0,0.0,0,0,0,,6,460,1,5198,42518,0,2147483647,0.0,0.0,21,4,-71,GSM,460,1,5198,42519,0,2147483647,0.0,0.0,14,4,-85,GSM,460,1,5198,56688,0,2147483647,0.0,0.0,11,3,-91,GSM,460,1,5198,42507,0,2147483647,0.0,0.0,14,4,-85,GSM,460,1,5198,49989,0,2147483647,0.0,0.0,11,3,-91,GSM,0,0,0,-1,0,2147483647,0.0,0.0,10,3,-93,GSM
1524218411753,121.20910661,31.28424961,-16.0,24.0,3.7500532,-73,true,-1,-1,5,26.0,4000.0,143.5791015625,-143.42498779296875,106.46820068359375,2.251523017883301,-0.39739790558815,-2.3474626541137695,460,1,5198,42518,0,-1,0.0,0.0,0,0,0,,6,460,1,5198,42518,0,2147483647,0.0,0.0,21,4,-71,GSM,460,1,5198,42519,0,2147483647,0.0,0.0,14,4,-85,GSM,460,1,5198,56688,0,2147483647,0.0,0.0,11,3,-91,GSM,460,1,5198,42507,0,2147483647,0.0,0.0,14,4,-85,GSM,460,1,5198,49989,0,2147483647,0.0,0.0,11,3,-91,GSM,460,1,5198,42509,0,2147483647,0.0,0.0,11,3,-91,GSM
1524218414865,121.20916053,31.28414654,-15.0,23.0,3.3,-73,true,-1,-1,5,26.0,4000.0,138.38043212890625,-145.52459716796875,102.26898193359375,2.263803720474243,-0.40869519114494324,-2.3835582733154297,460,1,5198,42518,0,-1,0.0,0.0,0,0,0,,6,460,1,5198,42518,0,2147483647,0.0,0.0,23,4,-67,GSM,460,1,5198,42519,0,2147483647,0.0,0.0,15,4,-83,GSM,460,1,5198,56688,0,2147483647,0.0,0.0,11,3,-91,GSM,460,1,5198,42507,0,2147483647,0.0,0.0,15,4,-83,GSM,460,1,5198,49989,0,2147483647,0.0,0.0,11,3,-91,GSM,460,1,5198,42509,0,2147483647,0.0,0.0,11,3,-91,GSM
1524218417946,121.20919814,31.28404612,-17.0,22.0,2.5900772,-73,true,-1,-1,5,26.0,4000.0,140.98052978515625,-148.223876953125,101.9683837890625,2.231027603149414,-0.5035697221755981,-2.4554312229156494,460,1,5198,42518,0,-1,0.0,0.0,0,0,0,,6,460,1,5198,42518,0,2147483647,0.0,0.0,22,4,-69,GSM,460,1,5198,42519,0,2147483647,0.0,0.0,15,4,-83,GSM,460,1,5198,56688,0,2147483647,0.0,0.0,11,3,-91,GSM,460,1,5198,42507,0,2147483647,0.0,0.0,16,4,-81,GSM,460,1,5198,49989,0,2147483647,0.0,0.0,11,3,-91,GSM,460,1,5198,42509,0,2147483647,0.0,0.0,11,3,-91,GSM
1524218421010,121.20919814,31.28404612,-17.0,22.0,2.5900772,-67,true,-1,-1,5,26.0,4000.0,143.9300537109375,-114.92462158203125,121.46759033203125,2.084878444671631,-0.44173043966293335,-2.4106011390686035,460,1,5198,42518,0,-1,0.0,0.0,0,0,0,,7,460,1,5198,42518,0,2147483647,0.0,0.0,24,4,-65,GSM,460,1,5198,42519,0,2147483647,0.0,0.0,17,4,-79,GSM,460,1,5198,56688,0,2147483647,0.0,0.0,11,3,-91,GSM,460,1,5198,42507,0,2147483647,0.0,0.0,16,4,-81,GSM,460,1,5198,49989,0,2147483647,0.0,0.0,12,4,-89,GSM,460,1,5198,42509,0,2147483647,0.0,0.0,11,3,-91,GSM,460,1,5198,42517,0,2147483647,0.0,0.0,12,4,-89,GSM
1524218424084,121.20920663,31.28389711,-19.0,25.0,3.1701422,-67,true,-1,-1,5,26.0,4000.0,133.5296630859375,-95.7244873046875,116.668701171875,2.053330659866333,-0.23825332522392273,-2.4267139434814453,460,1,5198,42518,0,-1,0.0,0.0,0,0,0,,7,460,1,5198,42518,0,2147483647,0.0,0.0,21,4,-71,GSM,460,1,5198,42519,0,2147483647,0.0,0.0,17,4,-79,GSM,460,1,5198,56688,0,2147483647,0.0,0.0,10,3,-93,GSM,460,1,5198,42507,0,2147483647,0.0,0.0,16,4,-81,GSM,460,1,5198,49989,0,2147483647,0.0,0.0,12,4,-89,GSM,460,1,5198,42509,0,2147483647,0.0,0.0,12,4,-89,GSM,460,1,5198,42517,0,2147483647,0.0,0.0,12,4,-89,GSM
1524218427163,121.20920663,31.28389711,-19.0,25.0,3.1701422,-67,true,-1,-1,5,26.0,4000.0,136.47918701171875,-108.92486572265625,131.96868896484375,2.085538387298584,-0.2638791799545288,-2.3300697803497314,460,1,5198,42518,0,-1,0.0,0.0,0,0,0,,7,460,1,5198,42518,0,2147483647,0.0,0.0,17,4,-79,GSM,460,1,5198,42519,0,2147483647,0.0,0.0,17,4,-79,GSM,460,1,5198,42507,0,2147483647,0.0,0.0,17,4,-79,GSM,460,1,5198,49989,0,2147483647,0.0,0.0,12,4,-89,GSM,460,1,5198,42509,0,2147483647,0.0,0.0,12,4,-89,GSM,460,1,5198,42517,0,2147483647,0.0,0.0,12,4,-89,GSM,0,0,0,-1,0,2147483647,0.0,0.0,12,4,-89,GSM
1524218430228,121.20939114,31.2838431,-21.0,42.0,2.7506545,-77,true,-1,-1,5,26.0,4000.0,126.9500732421875,-96.02508544921875,122.66845703125,2.0186569690704346,-0.27886688709259033,-2.558785915374756,460,1,5198,42518,0,-1,0.0,0.0,0,0,0,,7,460,1,5198,42518,0,2147483647,0.0,0.0,15,4,-83,GSM,460,1,5198,42519,0,2147483647,0.0,0.0,16,4,-81,GSM,460,1,5198,42507,0,2147483647,0.0,0.0,17,4,-79,GSM,460,1,5198,42509,0,2147483647,0.0,0.0,13,4,-87,GSM,460,1,5198,42517,0,2147483647,0.0,0.0,12,4,-89,GSM,0,0,0,-1,0,2147483647,0.0,0.0,12,4,-89,GSM,460,1,5198,49989,0,2147483647,0.0,0.0,12,4,-89,GSM
1524218433292,121.20939114,31.2838431,-21.0,42.0,2.7506545,-81,true,-1,-1,5,26.0,4000.0,133.87908935546875,-109.5245361328125,120.867919921875,2.091165542602539,-0.21572162210941315,-2.5176684856414795,460,1,5198,42518,0,-1,0.0,0.0,0,0,0,,7,460,1,5198,42518,0,2147483647,0.0,0.0,14,4,-85,GSM,460,1,5198,42519,0,2147483647,0.0,0.0,14,4,-85,GSM,460,1,5198,42507,0,2147483647,0.0,0.0,19,4,-75,GSM,460,1,5198,42509,0,2147483647,0.0,0.0,13,4,-87,GSM,460,1,5198,42517,0,2147483647,0.0,0.0,12,4,-89,GSM,0,0,0,-1,0,2147483647,0.0,0.0,13,4,-87,GSM,460,1,5198,17029,0,2147483647,0.0,0.0,12,4,-89,GSM
1524218436351,121.20956503,31.28393421,-22.0,29.0,2.2917678,-81,true,-1,-1,5,26.0,4000.0,145.9991455078125,-137.42523193359375,113.6688232421875,2.169503927230835,-0.45849013328552246,-2.444363832473755,460,1,5198,42507,0,-1,0.0,0.0,0,0,0,,4,460,1,5198,42507,0,2147483647,0.0,0.0,18,4,-77,GSM,460,1,5198,42519,0,2147483647,0.0,0.0,14,4,-85,GSM,460,1,5198,42509,0,2147483647,0.0,0.0,13,4,-87,GSM,0,0,0,-1,0,2147483647,0.0,0.0,13,4,-87,GSM
1524218439407,121.20967515,31.2838302,8.0,26.0,2.0447984,-77,true,-1,-1,5,26.0,4000.0,130.58929443359375,-153.0242919921875,34.7686767578125,-2.5544421672821045,-0.39041534066200256,-0.3209361135959625,460,1,5198,42507,0,-1,0.0,0.0,0,0,0,,5,460,1,5198,42507,0,2147483647,0.0,0.0,19,4,-75,GSM,460,1,5198,42509,0,2147483647,0.0,0.0,13,4,-87,GSM,0,0,0,-1,0,2147483647,0.0,0.0,2,0,-109,GSM,460,1,5198,23511,0,2147483647,0.0,0.0,13,4,-87,GSM,0,0,0,-1,0,2147483647,0.0,0.0,12,4,-89,GSM
