1523871038,31.2839234,121.20965947
1523871041,31.2839234,121.20965947
1523871044,31.2839234,121.20965947
1523871047,31.2839234,121.20965947
1523871050,31.2839234,121.20965947
1523871053,31.28449052,121.20985671
1523871056,31.28449669,121.20991587
1523871059,31.2845131,121.20993199
1523871063,31.28445232,121.20995486
1523871066,31.28443635,121.20996181
1523871069,31.28443958,121.20997227
1523871072,31.28444966,121.20999981
1523871075,31.28445455,121.21008579
1523871078,31.28443409,121.21014476
1523871081,31.28443506,121.21019474
1523871084,31.28446092,121.21021445
1523871087,31.28446164,121.21023749
1523871090,31.28448035,121.21030827
1523871093,31.28449274,121.21034543
1523871096,31.28450482,121.21039688
1523871099,31.28451365,121.2104518
1523871103,31.284529,121.21048745
1523871106,31.28457201,121.21051651
1523871109,31.28452883,121.21062424
1523871112,31.28450394,121.21070306
1523871115,31.28452134,121.21074386
1523871118,31.28451477,121.21079572
1523871121,31.28452736,121.21087724
1523871124,31.28459275,121.21097157
1523871127,31.28458595,121.21101768
1523871130,31.28460383,121.21108296
1523871133,31.28460148,121.21112705
1523871136,31.28459949,121.21115772
1523871140,31.28459339,121.21119835
1523871143,31.28459236,121.21121439
1523871146,31.28458507,121.21126088
1523871149,31.28458575,121.21125377
1523871152,31.2845934,121.21130746
1523871155,31.28463116,121.21130793
1523871158,31.28464595,121.21135406
1523871161,31.2846489,121.21140418
1523871164,31.28466147,121.21144689
1523871167,31.28462291,121.2114661
1523871170,31.28460303,121.21147988
1523871173,31.28459421,121.21151599
1523871176,31.28461378,121.21158643
1523871179,31.2846387,121.21165498
1523871182,31.28463809,121.21173597
1523871186,31.28464371,121.21178188
1523871189,31.2846576,121.21180409
1523871192,31.28467946,121.21185161
1523871195,31.2846714,121.21188355
1523871198,31.28465887,121.21196201
1523871201,31.28468335,121.2119994
1523871204,31.28467792,121.21201816
1523871207,31.28470588,121.21209692
1523871210,31.28472268,121.21214301
1523871213,31.28472354,121.21220008
1523871216,31.28471248,121.21216738
1523871219,31.28473312,121.21210121
1523871222,31.28476046,121.21209439
1523871225,31.28481094,121.21207922
1523871229,31.28485349,121.21206715
1523871232,31.28488939,121.21205242
1523871235,31.28492569,121.21204274
1523871238,31.28492569,121.21204274
1523871241,31.2849761,121.2119774
1523871244,31.28498401,121.21193854
1523871247,31.28503963,121.21195807
1523871250,31.28505508,121.21196773
1523871253,31.28508225,121.21198027
1523871256,31.2851591,121.21190498
1523871259,31.28517551,121.21189603
1523871262,31.28520589,121.21190224
1523871265,31.28523975,121.2119298
1523871268,31.28526274,121.21199338
1523871272,31.28528547,121.21202034
1523871275,31.28530395,121.21203158
1523871278,31.28532672,121.21204291
1523871281,31.2853575,121.21205131
1523871284,31.28538859,121.21205358
1523871287,31.28546707,121.212033
1523871290,31.28555298,121.21198748
1523871293,31.28561246,121.21196167
1523871296,31.28561427,121.21198136
1523871299,31.28568122,121.21195682
1523871302,31.28574762,121.2119354
1523871305,31.28573989,121.21195423
1523871308,31.28577531,121.21196221
1523871311,31.28578157,121.21197006
1523871314,31.285794,121.21199351
1523871318,31.28581945,121.2120025
1523871321,31.28581847,121.21200035
1523871324,31.28581299,121.21199998
1523871327,31.28581299,121.21199998
1523871330,31.2858007,121.21205073
1523871333,31.28583587,121.21209547
1523871336,31.28586984,121.21212183
1523871339,31.28588047,121.21215066
1523871342,31.28592786,121.21214929
1523871345,31.28595457,121.21211952
1523871348,31.28598752,121.21212637
1523871351,31.2859827,121.21216926
1523871354,31.28599168,121.21218825
1523871357,31.28607292,121.21220578
1523871360,31.28615257,121.21225261
1523871364,31.28618573,121.2123036
1523871367,31.28621748,121.21232509
1523871370,31.28627962,121.21233698
1523871373,31.28629805,121.21234362
1523871376,31.28633823,121.21236875
1523871379,31.28640475,121.21237312
1523871382,31.28642711,121.21242927
1523871385,31.28639459,121.21248674
1523871388,31.28640389,121.21251653
1523871391,31.2864115,121.21255687
1523871394,31.2864203,121.2125809
1523871397,31.28645173,121.21265191
1523871400,31.28645492,121.21270201
1523871403,31.28647768,121.2127576
1523871407,31.28653445,121.21278783
1523871410,31.28655848,121.21276896
1523871413,31.28659891,121.21278832
1523871416,31.28663298,121.21281764
1523871419,31.28664238,121.21282308
1523871422,31.28662684,121.21289228
1523871425,31.2866066,121.21295432
1523871428,31.28666717,121.21295321
1523871431,31.28673834,121.21294822
1523871434,31.28679525,121.21297838
1523871437,31.28684831,121.21301488
1523871440,31.28689044,121.21301792
1523871443,31.28694273,121.2130172
1523871447,31.28696883,121.21301734
1523871450,31.28699137,121.21300045
1523871453,31.28701998,121.21299205
1523871456,31.28704115,121.21298417
1523871459,31.2870399,121.21300917
1523871462,31.2870609,121.21303671
1523871465,31.28709784,121.21307763
1523871468,31.28714372,121.21313009
1523871471,31.2871453,121.21316448
1523871474,31.2871163,121.2131632
1523871477,31.28717458,121.21315259
1523871480,31.28721361,121.21314357
1523871483,31.28723727,121.21314378
1523871487,31.28726846,121.21313616
1523871490,31.28729673,121.21310956
1523871493,31.28731976,121.21308002
1523871496,31.2873268,121.21304803
1523871499,31.28737089,121.21305294
1523871502,31.28739183,121.21306827
1523871505,31.28743767,121.21309427
1523871508,31.28748736,121.21313861
1523871511,31.28750415,121.21319422
1523871514,31.28752905,121.21321581
1523871517,31.28755603,121.21321867
1523871520,31.28756018,121.21323777
1523871524,31.28758886,121.2132766
1523871527,31.28763373,121.2133596
1523871530,31.28763373,121.2133596
1523871533,31.28763373,121.2133596
1523871536,31.2876949,121.21347489
1523871539,31.28781219,121.21341597
1523871542,31.28782303,121.2133959
1523871545,31.2878158,121.21344742
1523871548,31.28785296,121.21347754
1523871551,31.28789547,121.21348076
1523871554,31.2879544,121.21350506
1523871557,31.28798823,121.21352464
1523871560,31.2880274,121.21358298
1523871564,31.2880511,121.21360602
1523871567,31.28807938,121.21363793
1523871570,31.28810354,121.21365423
1523871573,31.28814403,121.21365115
1523871576,31.28815821,121.21366454
1523871579,31.28822212,121.2137064
1523871582,31.28824707,121.21370844
1523871585,31.2882752,121.21371661
1523871588,31.28834416,121.21370886
1523871591,31.28836477,121.21373026
1523871594,31.28841297,121.21375574
1523871597,31.28843918,121.21377294
1523871600,31.28847674,121.21377812
1523871603,31.28851501,121.2137949
1523871606,31.28853581,121.21384673
1523871609,31.28855875,121.21389187
1523871613,31.28860577,121.21390392
1523871616,31.28863927,121.21391612
1523871619,31.28869731,121.21393003
1523871622,31.28871313,121.21392158
1523871625,31.28874485,121.21391246
1523871628,31.28881095,121.2138928
1523871631,31.2888858,121.21380746
1523871634,31.28891534,121.21379516
1523871637,31.28897212,121.21370265
1523871640,31.28894056,121.21364797
1523871643,31.28894794,121.2136026
1523871646,31.28894887,121.21356027
1523871649,31.28897497,121.21352508
1523871653,31.28900544,121.21349048
1523871655,31.28904272,121.2134852
1523871659,31.28907141,121.21349238
1523871662,31.28911175,121.21347747
1523871665,31.28911588,121.21344409
1523871668,31.28910361,121.21341125
1523871671,31.2890936,121.21336156
1523871674,31.28913264,121.21332495
1523871677,31.28914246,121.21325037
1523871680,31.28914797,121.21321867
1523871683,31.28916002,121.21318484
1523871686,31.28916646,121.21313018
1523871689,31.28915409,121.21311735
1523871692,31.28915045,121.21310408
1523871695,31.28915415,121.21305631
1523871698,31.289148,121.21302644
1523871702,31.28913868,121.21298398
1523871705,31.2891375,121.21293693
1523871708,31.28917546,121.21290209
1523871711,31.28920377,121.21289852
1523871714,31.28922367,121.21288299
1523871717,31.28922367,121.21288299
1523871720,31.28918651,121.21285871
1523871723,31.28918651,121.21285871
1523871726,31.28918651,121.21285871
1523871729,31.28918651,121.21285871
1523871732,31.28918651,121.21285871
1523871735,31.28918651,121.21285871
1523871738,31.28918651,121.21285871
1523871742,31.28918651,121.21285871
1523871744,31.28918651,121.21285871
1523871748,31.28918651,121.21285871
1523871751,31.28918651,121.21285871
1523871754,31.28918651,121.21285871
1523871757,31.28918651,121.21285871
1523871760,31.28918651,121.21285871
1523871763,31.28918651,121.21285871
1523871766,31.28918651,121.21285871
1523871769,31.28918651,121.21285871
