1509264735,31.2843806,121.20931785,164316066,31.2843806,121.2090977,0.802039572621,20.9626095763
1509264736,31.2843806,121.20931785,164316066,31.2843806,121.2090977,0.802039572621,20.9626095763
1509264737,31.28433619,121.20931782,164316066,31.28433619,121.2090977,0.814731737067,20.9597628086
1509264738,31.28433619,121.20931782,164316066,31.28433619,121.2090977,0.814731737067,20.9597628086
1509264739,31.28430747,121.20928194,164316066,31.2843229,121.2090977,0.81852995516,17.6265028313
1509264740,31.28430747,121.20928194,164316066,31.2843229,121.2090977,0.81852995516,17.6265028313
1509264741,31.28430609,121.20921484,164316066,31.2843229,121.2090977,0.81852995516,11.3086843028
1509264742,31.28430609,121.20921484,164316066,31.2843229,121.2090977,0.81852995516,11.3086843028
1509264743,31.28424647,121.20916801,164316066,31.284266023,121.209084399,0.835223694201,8.25127304932
1509264745,31.28424647,121.20916801,164316066,31.284266023,121.209084399,0.835223694201,8.25127304932
1509264746,31.28417274,121.20910379,164316066,31.2841818766,121.209064721,0.859921177008,3.8556092047
1509264747,31.28409733,121.20906182,164316066,31.2841077958,121.209038286,0.882497159079,2.52348170785
1509264749,31.28409733,121.20906182,164316066,31.2841077958,121.209038286,0.882497159079,2.52348170785
1509264750,31.28391689,121.20898171,164316066,31.283937619,121.20895098,0.937341882168,3.72077062177
1509264751,31.28391689,121.20898171,164316066,31.283937619,121.20895098,0.937341882168,3.72077062177
1509264752,31.28389679,121.20896382,164316066,31.2839155109,121.208936067,0.944963392304,3.36033085821
1509264753,31.28389679,121.20896382,164316066,31.2839155109,121.208936067,0.944963392304,3.36033085821
1509264754,31.28381354,121.20893382,164316066,31.2838489809,121.208890604,0.967998816143,5.68983424635
1509264755,31.28381354,121.20893382,164316066,31.2838489809,121.208890604,0.967998816143,5.68983424635
1509264756,31.28374804,121.20897504,164316066,31.2838300302,121.208875063,0.975003200164,13.1630905081
1509264757,31.28374804,121.20897504,164316066,31.2838300302,121.208875063,0.975003200164,13.1630905081
1509264758,31.2836782,121.20904003,164316066,31.2838201396,121.208866952,0.978658863254,22.7876548308
1509264759,31.2836782,121.20904003,164316066,31.2838201396,121.208866952,0.978658863254,22.7876548308
1509264760,31.28355925,121.20927861,164316066,31.283853,121.2088939,0.966513327306,49.0171544672
1509264761,31.28355925,121.20927861,164316066,31.283853,121.2088939,0.966513327306,49.0171544672
1509264763,31.28355925,121.20927861,164316066,31.283853,121.2088939,0.966513327306,49.0171544672
1509264764,31.28345593,121.20935091,164316057,31.2834085777,121.209317243,0.233532396345,6.15152913759
1509264766,31.28340438,121.20939819,164316057,31.2833689399,121.209372992,0.24355782271,4.60401217209
1509264767,31.28340438,121.20939819,164316057,31.2833689399,121.209372992,0.24355782271,4.60401217209
1509264768,31.28331896,121.20949445,164316057,31.2832947981,121.209477271,0.262310234228,3.13886839837
1509264769,31.28331896,121.20949445,164316057,31.2832947981,121.209477271,0.262310234228,3.13886839837
1509264770,31.28322493,121.20962351,164316057,31.2832022751,121.209607402,0.28571173086,2.94309900369
1509264771,31.28322493,121.20962351,164316057,31.2832022751,121.209607402,0.28571173086,2.94309900369
1509264772,31.2831575,121.20972998,164316057,31.2831293521,121.209709967,0.304155869444,3.65669636038
1509264773,31.2831575,121.20972998,164316057,31.2831293521,121.209709967,0.304155869444,3.65669636038
1509264774,31.2830699,121.20980101,164316057,31.2830663934,121.209798517,0.320079768487,0.455544448326
1509264775,31.2830699,121.20980101,164316057,31.2830663934,121.209798517,0.320079768487,0.455544448326
1509264776,31.28299994,121.20986468,164316057,31.2830128375,121.209873848,0.333626170789,1.67540060206
1509264777,31.28299994,121.20986468,164316057,31.2830128375,121.209873848,0.333626170789,1.67540060206
1509264778,31.28293289,121.20997408,164316057,31.2829386695,121.209978188,0.352388161777,0.750766250163
1509264779,31.28293289,121.20997408,164316057,31.2829386695,121.209978188,0.352388161777,0.750766250163
1509264781,31.2828718,121.21005307,164316057,31.2828808625,121.210059512,0.367011391133,1.17722850241
1509264782,31.28278943,121.21016763,164316057,31.2827991154,121.210174515,0.387690647588,1.25814481498
1509264784,31.28278943,121.21016763,164316057,31.2827991154,121.210174515,0.387690647588,1.25814481498
1509264785,31.28272468,121.21026295,164316057,31.2827323684,121.210268415,0.404575387503,0.998730445593
1509264786,31.28272468,121.21026295,164316057,31.2827323684,121.210268415,0.404575387503,0.998730445593
1509264787,31.28266179,121.21036218,164316057,31.2826643993,121.210364035,0.421769264921,0.338952397784
1509264788,31.28266179,121.21036218,164316057,31.2826643993,121.210364035,0.421769264921,0.338952397784
1509264789,31.28259424,121.21046268,164316057,31.2825942624,121.210462696,0.439510548344,0.00290885346033
1509264790,31.28259424,121.21046268,164316057,31.2825942624,121.210462696,0.439510548344,0.00290885346033
1509264791,31.28253585,121.21056434,164316057,31.2825265329,121.210557644,0.456603929226,1.21394713058
1509264792,31.28253585,121.21056434,164316057,31.2825265329,121.210557644,0.456603929226,1.21394713058
1509264793,31.282463,121.21065715,164316057,31.2824577382,121.210653368,0.473880663442,0.685574363663
1509264794,31.282463,121.21065715,164316057,31.2824577382,121.210653368,0.473880663442,0.685574363663
1509264795,31.28240378,121.21073683,164316057,31.2824036756,121.21073677,0.488466301746,0.0129032922046
1509264796,31.28240378,121.21073683,164316057,31.2824036756,121.21073677,0.488466301746,0.0129032922046
1509264797,31.28231145,121.21091491,164316057,31.2823066797,121.210912479,0.517889990611,0.577325390956
1509264798,31.28231145,121.21091491,164316057,31.2823066797,121.210912479,0.517889990611,0.577325390956
1509264799,31.28225603,121.21098992,164316057,31.2822649143,121.210994447,0.531372831122,1.07522352787
1509264800,31.28225603,121.21098992,164316057,31.2822649143,121.210994447,0.531372831122,1.07522352787
1509264801,31.28219829,121.21110169,164316057,31.2822098626,121.211106853,0.549722037313,1.37405826238
1509264803,31.28219829,121.21110169,164316057,31.2822098626,121.211106853,0.549722037313,1.37405826238
1509264804,31.28215189,121.21120587,164316057,31.2821633995,121.211211004,0.56643670118,1.36655597538
1509264805,31.28215189,121.21120587,164316057,31.2821633995,121.211211004,0.56643670118,1.36655597538
1509264806,31.28206276,121.21137799,164316057,31.2820939416,121.211387676,0.594305186019,3.57815794909
1509264807,31.28206276,121.21137799,164316057,31.2820939416,121.211387676,0.594305186019,3.57815794909
1509264808,31.28204361,121.21142176,164316057,31.2820798558,121.21143302,0.60126400372,4.15929200895
1509264809,31.28204361,121.21142176,164316057,31.2820798558,121.21143302,0.60126400372,4.15929200895
1509264810,31.2820009,121.21156708,164316057,31.2820349266,121.21157765,0.623460457488,3.90463801102
1509264811,31.2820009,121.21156708,164316057,31.2820349266,121.21157765,0.623460457488,3.90463801102
1509264812,31.28196301,121.2116914,164316057,31.2820043519,121.211701283,0.642130317158,4.67936071391
1509264813,31.28196301,121.2116914,164316057,31.2820043519,121.211701283,0.642130317158,4.67936071391
1509264814,31.2819204,121.21180398,164316057,31.281976591,121.211817413,0.659629962827,6.36008023366
1509264815,31.2819204,121.21180398,164316057,31.281976591,121.211817413,0.659629962827,6.36008023366
1509264816,31.28190913,121.21189113,164316057,31.2819562746,121.2119024,0.672436769586,5.33615296441
1509264817,31.28190913,121.21189113,164316057,31.2819562746,121.2119024,0.672436769586,5.33615296441
1509264818,31.28191026,121.21198521,164316057,31.281937187,121.211988541,0.685378056978,3.00231292635
1509264820,31.28191026,121.21198521,164316057,31.281937187,121.211988541,0.685378056978,3.00231292635
1509264821,31.28190462,121.21211519,164316057,31.2819212672,121.212117249,0.704385462099,1.85613202231
1509264822,31.28190462,121.21211519,164316057,31.2819212672,121.212117249,0.704385462099,1.85613202231
1509264823,31.2819133,121.21223771,164316057,31.281906472,121.212236865,0.722050160852,0.76131180218
1509264824,31.2819133,121.21223771,164316057,31.281906472,121.212236865,0.722050160852,0.76131180218
1509264825,31.28189428,121.21237733,164316057,31.2818964434,121.212377471,0.74271312699,0.240237397126
1509264826,31.28189428,121.21237733,164316057,31.2818964434,121.212377471,0.74271312699,0.240237397126
1509264827,31.28186261,121.21260513,164316057,31.2818884,121.21260513,0.776117404037,2.85944875371
1509264828,31.28186261,121.21260513,164316057,31.2818884,121.21260513,0.776117404037,2.85944875371
1509264829,31.28184786,121.21266444,164316057,31.2818884,121.21266444,0.784809941223,4.49484499278
1509264830,31.28184786,121.21266444,164316057,31.2818884,121.21266444,0.784809941223,4.49484499278
1509264831,31.28185121,121.21276564,164316057,31.2818884,121.21276564,0.799641921721,4.12341601641
1509264832,31.28185121,121.21276564,164316057,31.2818884,121.21276564,0.799641921721,4.12341601641
1509264833,31.28187277,121.21288418,164316057,31.2818884847,121.212884152,0.81701119576,1.74236156126
1509264834,31.28187277,121.21288418,164316057,31.2818884847,121.212884152,0.81701119576,1.74236156126
1509264835,31.28186578,121.21299916,164316057,31.2818886887,121.212999119,0.833860943624,2.53999059193
1509264836,31.28186578,121.21299916,164316057,31.2818886887,121.212999119,0.833860943624,2.53999059193
1509264837,31.2818646,121.21309857,164316057,31.2818888651,121.213098527,0.848430250023,2.69037814376
1509264839,31.2818646,121.21309857,164316057,31.2818888651,121.213098527,0.848430250023,2.69037814376
1509264840,31.28186104,121.21322491,164316057,31.2818890892,121.21322486,0.866945820984,3.10994376943
1509264841,31.28186104,121.21322491,164316057,31.2818890892,121.21322486,0.866945820984,3.10994376943
1509264842,31.28187878,121.21335531,164316057,31.2818893207,121.213355291,0.886061967815,1.16868974348
1509264843,31.28187878,121.21335531,164316057,31.2818893207,121.213355291,0.886061967815,1.16868974348
1509264844,31.28185983,121.21358693,164316057,31.2818897316,121.213586877,0.920003462146,3.31531864535
1509264845,31.28185983,121.21358693,164316057,31.2818897316,121.213586877,0.920003462146,3.31531864535
1509264846,31.2818426,121.21366537,164316057,31.2818898707,121.213665286,0.931495214056,5.24111024945
1509264847,31.2818426,121.21366537,164316057,31.2818898707,121.213665286,0.931495214056,5.24111024945
1509264848,31.28183179,121.21380453,164316057,31.2818901176,121.213804427,0.951887809714,6.46703507173
1509264849,31.28183179,121.21380453,164316057,31.2818901176,121.213804427,0.951887809714,6.46703507173
1509264850,31.28183441,121.2139453,164316057,31.2818903673,121.213945201,0.972519860665,6.20423745291
1509264851,31.28183441,121.2139453,164316057,31.2818903673,121.213945201,0.972519860665,6.20423745291
1509264853,31.2818305,121.21407407,164316057,31.2818905958,121.214073963,0.991391483456,6.6630870467
1509264854,31.2818305,121.21407407,164316057,31.2818905958,121.214073963,0.991391483456,6.6630870467
1509264855,31.28183493,121.21418071,266157883,31.281893308,121.214177296,0.00353310760548,6.48077467322
1509264856,31.28183493,121.21418071,266157883,31.281893308,121.214177296,0.00353310760548,6.48077467322
1509264857,31.28184872,121.21430314,266157883,31.2818969929,121.214302931,0.0134773912846,5.35226359566
1509264858,31.28184872,121.21430314,266157883,31.2818969929,121.214302931,0.0134773912846,5.35226359566
1509264859,31.28185082,121.21456247,266157883,31.2819114402,121.21455497,0.0334786119347,6.75906070514
1509264860,31.28185082,121.21456247,266157883,31.2819114402,121.21455497,0.0334786119347,6.75906070514
1509264861,31.28186686,121.21463211,266157883,31.2819201678,121.214625515,0.0391004904365,5.94373623244
1509264862,31.28186686,121.21463211,266157883,31.2819201678,121.214625515,0.0391004904365,5.94373623244
1509264863,31.28190567,121.21474875,266157883,31.2819531331,121.214734128,0.048080814268,5.44351256127
1509264864,31.28190567,121.21474875,266157883,31.2819531331,121.214734128,0.048080814268,5.44351256127
1509264865,31.28196217,121.21482975,266157883,31.281983015,121.214821144,0.0553644053585,2.45215722046
1509264866,31.28196217,121.21482975,266157883,31.281983015,121.214821144,0.0553644053585,2.45215722046
1509264867,31.28199418,121.21492183,266157883,31.2820201566,121.214911105,0.0630619482717,3.05582753726
1509264868,31.28199418,121.21492183,266157883,31.2820201566,121.214911105,0.0630619482717,3.05582753726
1509264869,31.28206027,121.21503014,266157883,31.282075452,121.215021931,0.0728690399785,1.85592038575
1509264871,31.28206027,121.21503014,266157883,31.282075452,121.215021931,0.0728690399785,1.85592038575
1509264872,31.28213241,121.21512722,266157883,31.2821449838,121.215112933,0.0820682230458,1.94791148032
1509264873,31.28213241,121.21512722,266157883,31.2821449838,121.215112933,0.0820682230458,1.94791148032
1509264874,31.28222451,121.21524424,266157883,31.2822548797,121.215201753,0.0932575595665,5.26363157146
1509264875,31.28222451,121.21524424,266157883,31.2822548797,121.215201753,0.0932575595665,5.26363157146
1509264876,31.28232344,121.21531383,266157883,31.2823540448,121.215275654,0.103042271662,4.97278717929
1509264877,31.28232344,121.21531383,266157883,31.2823540448,121.215275654,0.103042271662,4.97278717929
1509264878,31.28242081,121.21538541,266157883,31.2824482525,121.215351179,0.112591833704,4.45896146771
1509264879,31.28242081,121.21538541,266157883,31.2824482525,121.215351179,0.112591833704,4.45896146771
1509264880,31.28249592,121.21544231,266157883,31.282521745,121.215410096,0.120041558122,4.19614546963
1509264881,31.28249592,121.21544231,266157883,31.282521745,121.215410096,0.120041558122,4.19614546963
1509264882,31.2825602,121.21551946,266157883,31.2825985273,121.215471651,0.127824755178,6.2275597557
1509264883,31.2825602,121.21551946,266157883,31.2825985273,121.215471651,0.127824755178,6.2275597557
1509264884,31.28263544,121.2155818,266157883,31.2826747538,121.215532761,0.135551618772,6.38785305728
1509264885,31.28263544,121.2155818,266157883,31.2826747538,121.215532761,0.135551618772,6.38785305728
1509264886,31.28273745,121.21564776,266157883,31.2827690434,121.215608351,0.145109483542,5.13341225622
1509264887,31.28273745,121.21564776,266157883,31.2827690434,121.215608351,0.145109483542,5.13341225622
1509264889,31.28288062,121.21573933,266157883,31.2829008879,121.215714048,0.158474172391,3.29319072393
1509264890,31.28288062,121.21573933,266157883,31.2829008879,121.215714048,0.158474172391,3.29319072393
1509264891,31.28288062,121.21573933,266157883,31.2829008879,121.215714048,0.158474172391,3.29319072393
1509264892,31.28295906,121.21575916,266157883,31.2829583163,121.215760088,0.164295528695,0.12083787196
1509264893,31.28295906,121.21575916,266157883,31.2829583163,121.215760088,0.164295528695,0.12083787196
1509264894,31.28303646,121.21584055,266157883,31.2830451547,121.215829704,0.173098086012,1.41274422994
1509264895,31.28303646,121.21584055,266157883,31.2830451547,121.215829704,0.173098086012,1.41274422994
1509264896,31.2831351,121.21593185,266157883,31.2831497594,121.215913564,0.183701566721,2.38191451543
1509264897,31.2831351,121.21593185,266157883,31.2831497594,121.215913564,0.183701566721,2.38191451543
1509264898,31.2832012,121.21598489,266157883,31.2832158866,121.215966566,0.190404160182,2.3865975922
1509264899,31.2832012,121.21598489,266157883,31.2832158866,121.215966566,0.190404160182,2.3865975922
1509264900,31.28328067,121.2160459,266157883,31.2832940457,121.216029212,0.19832626974,2.17356199511
1509264901,31.28328067,121.2160459,266157883,31.2832940457,121.216029212,0.19832626974,2.17356199511
1509264902,31.28336043,121.21609785,266157883,31.2833679599,121.216088455,0.205818134048,1.22362113623
1509264904,31.28336043,121.21609785,266157883,31.2833679599,121.216088455,0.205818134048,1.22362113623
1509264905,31.28344552,121.2161655,266157883,31.2834527811,121.216156441,0.214415509653,1.17993367097
1509264906,31.28344552,121.2161655,266157883,31.2834527811,121.216156441,0.214415509653,1.17993367097
1509264907,31.28360392,121.2163205,266157883,31.2836227316,121.216287596,0.231415532728,3.7638944195
1509264908,31.28360392,121.2163205,266157883,31.2836227316,121.216287596,0.231415532728,3.7638944195
1509264909,31.28362609,121.21633813,266157883,31.2836470367,121.216301491,0.233629783727,4.19109416468
1509264910,31.28362609,121.21633813,266157883,31.2836470367,121.216301491,0.233629783727,4.19109416468
1509264911,31.28369636,121.21640727,266157883,31.2837161845,121.21633749,0.239820179617,6.99855850567
1509264912,31.28369636,121.21640727,266157883,31.2837161845,121.21633749,0.239820179617,6.99855850567
1509264913,31.28375342,121.21647061,266157883,31.2837856339,121.216357221,0.245530265996,11.372403902
1509264914,31.28375342,121.21647061,266157883,31.2837856339,121.216357221,0.245530265996,11.372403902
1509264915,31.28380097,121.21649199,266157883,31.2838278,121.2163692,0.248997131918,12.0645854778
1509264916,31.28380097,121.21649199,266157883,31.2838278,121.2163692,0.248997131918,12.0645854778
1509264917,31.28383788,121.21648422,266157883,31.2838467161,121.216370672,0.250497719489,10.8563576848
1509264918,31.28383788,121.21648422,266157883,31.2838467161,121.216370672,0.250497719489,10.8563576848
1509264919,31.28390793,121.21647242,266157883,31.2839154317,121.216376019,0.255948834024,9.21688995941
1509264920,31.28390793,121.21647242,266157883,31.2839154317,121.216376019,0.255948834024,9.21688995941
1509264922,31.28390793,121.21647242,266157883,31.2839154317,121.216376019,0.255948834024,9.21688995941
1509264923,31.28399094,121.21642328,266157883,31.2839924101,121.216380839,0.262050220792,4.04449322375
1509264924,31.28399094,121.21642328,266157883,31.2839924101,121.216380839,0.262050220792,4.04449322375
1509264925,31.2841901,121.21643035,266157883,31.2841898423,121.216384911,0.277671231993,4.32679296871
1509264926,31.2841901,121.21643035,266157883,31.2841898423,121.216384911,0.277671231993,4.32679296871
1509264927,31.28426968,121.2164136,266157883,31.2842695147,121.216384459,0.283972585898,2.77486022998
1509264928,31.28426968,121.2164136,266157883,31.2842695147,121.216384459,0.283972585898,2.77486022998
1509264929,31.28439004,121.21640643,266157883,31.2843899115,121.216383776,0.293494860309,2.15714162116
1509264930,31.28439004,121.21640643,266157883,31.2843899115,121.216383776,0.293494860309,2.15714162116
1509264931,31.28453327,121.21642354,266157883,31.2845330399,121.216382964,0.304814991443,3.86366676485
1509264932,31.28453327,121.21642354,266157883,31.2845330399,121.216382964,0.304814991443,3.86366676485
1509264933,31.28457687,121.21642658,266157883,31.2845766212,121.216382717,0.308261874273,4.17667295058
1509264934,31.28457687,121.21642658,266157883,31.2845766212,121.216382717,0.308261874273,4.17667295058
1509264935,31.28466684,121.21643226,266157883,31.2846665561,121.216382207,0.31537489373,4.76609307269
1509264936,31.28466684,121.21643226,266157883,31.2846665561,121.216382207,0.31537489373,4.76609307269
1509264937,31.284857,121.21640327,266157883,31.2848568744,121.216381128,0.330427313413,2.1084170703
1509264938,31.284857,121.21640327,266157883,31.2848568744,121.216381128,0.330427313413,2.1084170703
1509264940,31.28498758,121.21639764,266157883,31.2849874775,121.216380363,0.340756824152,1.64509474347
1509264941,31.28498758,121.21639764,266157883,31.2849874775,121.216380363,0.340756824152,1.64509474347
1509264942,31.28513522,121.2164169,266157883,31.2851145898,121.216361618,0.351071178342,5.73936781159
1509264943,31.28513522,121.2164169,266157883,31.2851145898,121.216361618,0.351071178342,5.73936781159
1509264944,31.2852147,121.21639638,266157883,31.2851910757,121.216333075,0.357527906996,6.57232231239
1509264945,31.2852147,121.21639638,266157883,31.2851910757,121.216333075,0.357527906996,6.57232231239
1509264946,31.28529194,121.21630572,266157883,31.2852778579,121.21628467,0.365435363724,2.54072732764
1509264947,31.28529194,121.21630572,266157883,31.2852778579,121.21628467,0.365435363724,2.54072732764
1509264948,31.28538157,121.21625334,266157883,31.2853639847,121.216227053,0.373630770268,3.17278224648
1509264949,31.28538157,121.21625334,266157883,31.2853639847,121.216227053,0.373630770268,3.17278224648
1509264950,31.28546393,121.21618287,266157883,31.2854377601,121.216156129,0.381731001027,3.86038302386
1509264951,31.28546393,121.21618287,266157883,31.2854377601,121.216156129,0.381731001027,3.86038302386
1509264952,31.28554475,121.21612778,266157883,31.2854948261,121.216093432,0.38846249014,6.42929219827
1509264953,31.28554475,121.21612778,266157883,31.2854948261,121.216093432,0.38846249014,6.42929219827
1509264954,31.285585,121.21605392,266157883,31.2855422476,121.216024506,0.395079396583,5.50573183748
1509264955,31.285585,121.21605392,266157883,31.2855422476,121.216024506,0.395079396583,5.50573183748
1509264956,31.2856268,121.21601316,266157883,31.2855714822,121.215980522,0.399258188078,6.8757313605
1509264958,31.2856268,121.21601316,266157883,31.2855714822,121.215980522,0.399258188078,6.8757313605
1509264959,31.28566726,121.21591239,266157883,31.2856260326,121.215888065,0.407748418662,5.12436175422
1509264960,31.28566726,121.21591239,266157883,31.2856260326,121.215888065,0.407748418662,5.12436175422
1509264961,31.28576877,121.21576958,266157883,31.2857147466,121.215737706,0.421555876715,6.71483895605
1509264962,31.28576877,121.21576958,266157883,31.2857147466,121.215737706,0.421555876715,6.71483895605
1509264963,31.28580491,121.21569742,266157883,31.2857556602,121.215668362,0.427923659819,6.12151418882
1509264964,31.28580491,121.21569742,266157883,31.2857556602,121.215668362,0.427923659819,6.12151418882
1509264965,31.28584405,121.21564373,266157883,31.2857892648,121.215611406,0.433153891353,6.80953010998
1509264966,31.28584405,121.21564373,266157883,31.2857892648,121.215611406,0.433153891353,6.80953010998
1509264967,31.28590361,121.2155602,266157883,31.2858412005,121.215523379,0.441237291474,7.75711485851
1509264968,31.28590361,121.2155602,266157883,31.2858412005,121.215523379,0.441237291474,7.75711485851
1509264969,31.28596228,121.21547442,266157883,31.2858938908,121.215434071,0.449438293464,8.50036186238
1509264970,31.28596228,121.21547442,266157883,31.2858938908,121.215434071,0.449438293464,8.50036186238
1509264971,31.28602108,121.21538132,266157883,31.2859498181,121.215339277,0.458143142513,8.85740986191
1509264973,31.28602108,121.21538132,266157883,31.2859498181,121.215339277,0.458143142513,8.85740986191
1509264975,31.28611093,121.21526768,266157883,31.286022752,121.215215656,0.469494982027,10.9599743717
1509264976,31.28620999,121.21509492,266157883,31.2861239377,121.215044151,0.485244083298,10.6957647517
1509264977,31.28620999,121.21509492,266157883,31.2861239377,121.215044151,0.485244083298,10.6957647517
1509264978,31.28623567,121.21506157,266157883,31.2861451639,121.215008173,0.488547851495,11.249340604
1509264979,31.28623567,121.21506157,266157883,31.2861451639,121.215008173,0.488547851495,11.249340604
1509264980,31.28629549,121.21496483,266157883,31.2862029477,121.214910232,0.497541641647,11.502428219
1509264981,31.28629549,121.21496483,266157883,31.2862029477,121.214910232,0.497541641647,11.502428219
1509264982,31.28634523,121.21489413,266157883,31.2862467325,121.214836018,0.504356544167,12.2426275198
1509264983,31.28634523,121.21489413,266157883,31.2862467325,121.214836018,0.504356544167,12.2426275198
1509264984,31.286403,121.21480167,266157883,31.2863021138,121.214742149,0.51297640374,12.5395222468
1509264985,31.286403,121.21480167,266157883,31.2863021138,121.214742149,0.51297640374,12.5395222468
1509264986,31.28637045,121.21454389,266157883,31.2864065259,121.214565174,0.529227687007,4.48401195755
1509264987,31.28637045,121.21454389,266157883,31.2864065259,121.214565174,0.529227687007,4.48401195755
1509264988,31.28643784,121.21444782,266157883,31.2864659711,121.214464417,0.538480064463,3.49651883817
1509264989,31.28643784,121.21444782,266157883,31.2864659711,121.214464417,0.538480064463,3.49651883817
1509264991,31.28648798,121.21437121,266157883,31.2865124456,121.214385644,0.545713618763,3.04092320809
1509264992,31.28648798,121.21437121,266157883,31.2865124456,121.214385644,0.545713618763,3.04092320809
1509264994,31.28659776,121.21421634,266157883,31.2866085697,121.214222718,0.560674911677,1.34358231939
1509264995,31.28659776,121.21421634,266157883,31.2866085697,121.214222718,0.560674911677,1.34358231939
1509264996,31.28664349,121.21415743,266157883,31.2866461592,121.214159005,0.566525549381,0.331768320313
1509264997,31.28664349,121.21415743,266157883,31.2866461592,121.214159005,0.566525549381,0.331768320313
1509264998,31.28673261,121.21407156,266157883,31.2867067512,121.214056304,0.575956419027,3.21408662416
1509264999,31.28673261,121.21407156,266157883,31.2867067512,121.214056304,0.575956419027,3.21408662416
1509265000,31.2868225,121.21395409,266157883,31.2867839274,121.213930274,0.587644834855,4.84073752223
1509265001,31.2868225,121.21395409,266157883,31.2867839274,121.213930274,0.587644834855,4.84073752223
1509265002,31.28687596,121.21384661,266157883,31.2868467288,121.213828561,0.597099054874,3.66842683399
1509265003,31.28687596,121.21384661,266157883,31.2868467288,121.213828561,0.597099054874,3.66842683399
1509265004,31.28693706,121.21374772,266157883,31.2869077989,121.213729653,0.606292656787,3.67217323984
1509265005,31.28693706,121.21374772,266157883,31.2869077989,121.213729653,0.606292656787,3.67217323984
1509265006,31.28699643,121.2137019,266157883,31.2869446681,121.21366994,0.611843010032,6.49595146819
1509265007,31.28699643,121.2137019,266157883,31.2869446681,121.21366994,0.611843010032,6.49595146819
1509265009,31.28699643,121.2137019,266157883,31.2869446681,121.21366994,0.611843010032,6.49595146819
1509265010,31.28710976,121.21349736,266157883,31.2870673821,121.213471194,0.630316573774,5.31829383955
1509265011,31.28710976,121.21349736,266157883,31.2870673821,121.213471194,0.630316573774,5.31829383955
1509265012,31.28715396,121.21342257,266157883,31.2871130145,121.213397289,0.637186146306,5.13853628047
1509265013,31.28715396,121.21342257,266157883,31.2871130145,121.213397289,0.637186146306,5.13853628047
1509265014,31.28722189,121.21328887,266157883,31.2871915119,121.213270125,0.64900530756,3.81183964827
1509265015,31.28722189,121.21328887,266157883,31.2871915119,121.213270125,0.64900530756,3.81183964827
1509265016,31.28727441,121.2132199,266157883,31.2872368392,121.213196703,0.655829637094,4.71496330837
1509265017,31.28727441,121.2132199,266157883,31.2872368392,121.213196703,0.655829637094,4.71496330837
1509265018,31.28735429,121.21315802,266157883,31.2872865465,121.213116194,0.663312904769,8.50150690719
1509265019,31.28735429,121.21315802,266157883,31.2872865465,121.213116194,0.663312904769,8.50150690719
1509265020,31.28745843,121.21311083,266157883,31.2873363826,121.213035476,0.670815581929,15.3163894872
1509265021,31.28745843,121.21311083,266157883,31.2873363826,121.213035476,0.670815581929,15.3163894872
1509265022,31.28755573,121.21314767,266157883,31.2873467686,121.213018655,0.672379156532,26.2237379248
1509265024,31.28755573,121.21314767,266157883,31.2873467686,121.213018655,0.672379156532,26.2237379248
1509265025,31.28765504,121.21322086,266157883,31.2873414604,121.213027252,0.671580027008,39.3528571577
1509265027,31.28765504,121.21322086,266157883,31.2873414604,121.213027252,0.671580027008,39.3528571577
1509265028,31.28770431,121.21327111,266157883,31.2873325961,121.213041609,0.670245535397,46.6484539416
1509265029,31.28770431,121.21327111,266157883,31.2873325961,121.213041609,0.670245535397,46.6484539416
1509265030,31.28770431,121.21327111,266157883,31.2873325961,121.213041609,0.670245535397,46.6484539416
1509265031,31.2878625,121.21349534,164316030,31.2878972664,121.213452765,0.882242417025,5.59391012276
1509265032,31.2878625,121.21349534,164316030,31.2878972664,121.213452765,0.882242417025,5.59391012276
1509265033,31.28788454,121.21345985,164316030,31.2878931022,121.213449365,0.883143555684,1.37765364543
1509265034,31.28788454,121.21345985,164316030,31.2878931022,121.213449365,0.883143555684,1.37765364543
1509265035,31.28792285,121.21349438,164316030,31.2879330025,121.213481947,0.874509131023,1.63353364939
1509265036,31.28792285,121.21349438,164316030,31.2879330025,121.213481947,0.874509131023,1.63353364939
1509265037,31.28798504,121.21355531,164316030,31.288000163,121.21353679,0.859975600273,2.4332867894
1509265038,31.28798504,121.21355531,164316030,31.288000163,121.21353679,0.859975600273,2.4332867894
1509265039,31.28807004,121.21365751,164316030,31.2880975532,121.213605155,0.839937819387,5.84428557097
1509265040,31.28807004,121.21365751,164316030,31.2880975532,121.213605155,0.839937819387,5.84428557097
1509265041,31.28814433,121.21365139,164316030,31.2881532465,121.213634423,0.829392315118,1.89401499675
1509265043,31.28814433,121.21365139,164316030,31.2881532465,121.213634423,0.829392315118,1.89401499675
1509265045,31.28823015,121.21368848,164316030,31.2882357682,121.213677789,0.813766857426,1.193390846
1509265046,31.28835771,121.21373199,164316030,31.2883587175,121.213729405,0.791391454903,0.270285954805
1509265047,31.28835771,121.21373199,164316030,31.2883587175,121.213729405,0.791391454903,0.270285954805
1509265048,31.28837755,121.21373678,164316030,31.2883775619,121.21373675,0.788001443959,0.00318051366881
1509265049,31.28837755,121.21373678,164316030,31.2883775619,121.21373675,0.788001443959,0.00318051366881
1509265050,31.28846988,121.21374935,164316030,31.2884619695,121.213769647,0.772816957669,2.12226163506
1509265051,31.28846988,121.21374935,164316030,31.2884619695,121.213769647,0.772816957669,2.12226163506
1509265052,31.28853683,121.21378036,164316030,31.2885348903,121.213792486,0.759945430512,1.17440015626
1509265053,31.28853683,121.21378036,164316030,31.2885348903,121.213792486,0.759945430512,1.17440015626
1509265054,31.28859397,121.21380167,164316030,31.2885939285,121.21380193,0.749923980931,0.0251556614491
1509265055,31.28859397,121.21380167,164316030,31.2885939285,121.21380193,0.749923980931,0.0251556614491
1509265056,31.28869325,121.21383154,164316030,31.2886953903,121.21381816,0.732701302046,1.2958686636
1509265057,31.28869325,121.21383154,164316030,31.2886953903,121.21381816,0.732701302046,1.2958686636
1509265058,31.28878062,121.21383886,164316030,31.2887810063,121.213827567,0.718237721892,1.07614131792
1509265060,31.28878062,121.21383886,164316030,31.2887810063,121.213827567,0.718237721892,1.07614131792
1509265061,31.2888751,121.2138428,164316030,31.2888755105,121.213830799,0.702388199478,1.14353372182
1509265062,31.2888751,121.2138428,164316030,31.2888755105,121.213830799,0.702388199478,1.14353372182
1509265063,31.2890906,121.21383485,164316030,31.2890902657,121.213832132,0.66632547061,0.261443621129
1509265064,31.2890906,121.21383485,164316030,31.2890902657,121.213832132,0.66632547061,0.261443621129
1509265065,31.28926086,121.21387555,164316030,31.2892530281,121.213812093,0.638838171348,6.10406691603
1509265066,31.28926086,121.21387555,164316030,31.2892530281,121.213812093,0.638838171348,6.10406691603
1509265067,31.28928349,121.2139102,164316030,31.2892711062,121.213809862,0.635785032685,9.65181830013
1509265068,31.28928349,121.2139102,164316030,31.2892711062,121.213809862,0.635785032685,9.65181830013
1509265069,31.28931172,121.213998,164316030,31.2892882389,121.213807747,0.632891561349,18.3009679674
1509265070,31.28931172,121.213998,164316030,31.2892882389,121.213807747,0.632891561349,18.3009679674
1509265071,31.28934847,121.21409903,164316030,31.2893105,121.213805,0.629131967716,28.3107394114
1509265072,31.28934847,121.21409903,164316030,31.2893105,121.213805,0.629131967716,28.3107394114
1509265073,31.28935527,121.21424493,164316030,31.2893011164,121.213806158,0.630716723119,42.2067882831
1509265074,31.28935527,121.21424493,164316030,31.2893011164,121.213806158,0.630716723119,42.2067882831
1509265075,31.2893752,121.21431073,164316030,31.2893105,121.213805,0.629131967716,48.6843291518
1509265076,31.2893752,121.21431073,164316030,31.2893105,121.213805,0.629131967716,48.6843291518
1509265078,31.2893531,121.21441246,164316024,31.2893639217,121.214411507,0.514005889877,1.20327780926
1509265079,31.2893531,121.21441246,164316024,31.2893639217,121.214411507,0.514005889877,1.20327780926
1509265080,31.28934766,121.214687,164316024,31.2893878754,121.214683458,0.744480468849,4.47159824878
1509265081,31.28934766,121.214687,164316024,31.2893878754,121.214683458,0.744480468849,4.47159824878
1509265082,31.28934906,121.2147284,164316024,31.2893915047,121.214724661,0.779399971304,4.71947191612
1509265083,31.28934906,121.2147284,164316024,31.2893915047,121.214724661,0.779399971304,4.71947191612
1509265084,31.28930817,121.21488895,164316024,31.2894052169,121.214879822,0.910900041883,10.7950642466
1509265085,31.28930817,121.21488895,164316024,31.2894052169,121.214879822,0.910900041883,10.7950642466
1509265086,31.28936124,121.21497486,164316024,31.2894136917,121.214969927,0.987303455668,5.8344904798
1509265087,31.28936124,121.21497486,164316024,31.2894136917,121.214969927,0.987303455668,5.8344904798
1509265088,31.28937677,121.2150201,164316065,31.2894178494,121.215016529,0.115519307614,4.56732352846
1509265089,31.28937677,121.2150201,164316065,31.2894178494,121.215016529,0.115519307614,4.56732352846
1509265090,31.28940271,121.21513414,164316065,31.2894278825,121.215131952,0.537077760035,2.7987468119
1509265091,31.28940271,121.21513414,164316065,31.2894278825,121.215131952,0.537077760035,2.7987468119
1509265092,31.28940902,121.21518615,164316065,31.2894324168,121.215184116,0.727597650144,2.60132744473
1509265093,31.28940902,121.21518615,164316065,31.2894324168,121.215184116,0.727597650144,2.60132744473
1509265094,31.28942356,121.21528275,164316047,31.2894409922,121.215281124,0.00609091544552,1.93898011508
1509265096,31.28942356,121.21528275,164316047,31.2894409922,121.215281124,0.00609091544552,1.93898011508
1509265097,31.28943619,121.21537827,164316047,31.2894499367,121.215376987,0.0321304971295,1.52903994935
1509265098,31.28943619,121.21537827,164316047,31.2894499367,121.215376987,0.0321304971295,1.52903994935
1509265099,31.28941532,121.21544703,164316047,31.2894561168,121.215443224,0.0501222682021,4.5378158121
1509265100,31.28941532,121.21544703,164316047,31.2894561168,121.215443224,0.0501222682021,4.5378158121
1509265101,31.28944003,121.21553278,164316047,31.2894642618,121.215530519,0.0738344366196,2.69529646804
1509265102,31.28944003,121.21553278,164316047,31.2894642618,121.215530519,0.0738344366196,2.69529646804
1509265103,31.28948837,121.21571658,164316047,31.2894816802,121.215717204,0.124543861922,0.744100955253
1509265104,31.28948837,121.21571658,164316047,31.2894816802,121.215717204,0.124543861922,0.744100955253
1509265105,31.28948414,121.21577308,164316047,31.2894868699,121.215772825,0.139652268552,0.303646696602
1509265106,31.28948414,121.21577308,164316047,31.2894868699,121.215772825,0.139652268552,0.303646696602
1509265107,31.28948821,121.21587133,164316047,31.289495993,121.215870604,0.166211928226,0.865704134317
1509265108,31.28948821,121.21587133,164316047,31.289495993,121.215870604,0.166211928226,0.865704134317
1509265109,31.28949641,121.21597364,164316047,31.2895055273,121.215972789,0.193968659365,1.01411893437
1509265110,31.28949641,121.21597364,164316047,31.2895055273,121.215972789,0.193968659365,1.01411893437
1509265111,31.28949959,121.21599906,164316047,31.2895079061,121.215998284,0.200893821324,0.92499727695
1509265112,31.28949959,121.21599906,164316047,31.2895079061,121.215998284,0.200893821324,0.92499727695
1509265114,31.28951511,121.2160327,164316047,31.2895111316,121.216033052,0.21033730945,0.442372912488
1509265115,31.28951511,121.2160327,164316047,31.2895111316,121.216033052,0.21033730945,0.442372912488
1509265116,31.2895431,121.21605721,164316047,31.2895134981,121.216059826,0.217606931503,3.2915370178
1509265117,31.2895431,121.21605721,164316047,31.2895134981,121.216059826,0.217606931503,3.2915370178
1509265118,31.28955417,121.21618649,164316047,31.2895249218,121.216189075,0.252699315816,3.25220963573
1509265119,31.28955417,121.21618649,164316047,31.2895249218,121.216189075,0.252699315816,3.25220963573
1509265120,31.28960602,121.21625186,164316047,31.2895310566,121.216258486,0.271545004361,8.33542902196
1509265121,31.28960602,121.21625186,164316047,31.2895310566,121.216258486,0.271545004361,8.33542902196
1509265122,31.28977545,121.21629268,164316047,31.2895359499,121.216313848,0.286576536176,26.6308258986
1509265123,31.28977545,121.21629268,164316047,31.2895359499,121.216313848,0.286576536176,26.6308258986
1509265124,31.28982039,121.21633221,164316047,31.289539765,121.216357013,0.298296239501,31.2036382765
1509265125,31.28982039,121.21633221,164316047,31.289539765,121.216357013,0.298296239501,31.2036382765
1509265126,31.2898785,121.21640665,164316047,31.2895467438,121.216435972,0.319734499339,36.8890850927
1509265127,31.2898785,121.21640665,164316047,31.2895467438,121.216435972,0.319734499339,36.8890850927
1509265128,31.28994893,121.2164821,164316047,31.2895539068,121.216517014,0.341738216916,43.9239664437
1509265129,31.28994893,121.2164821,164316047,31.2895539068,121.216517014,0.341738216916,43.9239664437
1509265135,31.29027946,121.2164685,263922901,31.2905267575,121.216067508,0.0001,47.0053401676
1509265136,31.29027946,121.2164685,263922901,31.2905267575,121.216067508,0.0001,47.0053401676
1509265137,31.29035889,121.21638811,263922901,31.2905267575,121.216067508,0.0001,35.7523204561
1509265138,31.29035889,121.21638811,263922901,31.2905267575,121.216067508,0.0001,35.7523204561
1509265139,31.29041873,121.21620273,263922901,31.2905267575,121.216067508,0.0001,17.5847674358
1509265140,31.29041873,121.21620273,263922901,31.2905267575,121.216067508,0.0001,17.5847674358
1509265141,31.29049857,121.21611349,263922901,31.2905267575,121.216067508,0.0001,5.37908829907
1509265142,31.29049857,121.21611349,263922901,31.2905267575,121.216067508,0.0001,5.37908829907
1509265143,31.29056158,121.21603138,263922901,31.2905528658,121.216025911,0.0455132828433,1.09758302223
1509265144,31.29056158,121.21603138,263922901,31.2905528658,121.216025911,0.0455132828433,1.09758302223
1509265145,31.2906519,121.21596312,263922901,31.2906091257,121.215936273,0.143372662446,5.3875810265
1509265147,31.2906519,121.21596312,263922901,31.2906091257,121.215936273,0.143372662446,5.3875810265
1509265149,31.29069405,121.21590112,263922901,31.290635193,121.215878432,0.202261702415,6.87397874951
1509265150,31.29075513,121.21579945,263922901,31.2906772155,121.215769416,0.310296933605,9.09971790473
1509265151,31.29075513,121.21579945,263922901,31.2906772155,121.215769416,0.310296933605,9.09971790473
1509265152,31.29075543,121.21566223,263922901,31.2907002545,121.215651579,0.421345265926,6.20103936828
1509265153,31.29075543,121.21566223,263922901,31.2907002545,121.215651579,0.421345265926,6.20103936828
1509265154,31.2907745,121.21549573,263922901,31.2907316,121.2154892,0.574266258464,4.79697758533
1509265155,31.2907745,121.21549573,263922901,31.2907316,121.2154892,0.574266258464,4.79697758533
1509265156,31.29078666,121.21536223,263922901,31.2907390835,121.215359485,0.694410708975,5.28148416159
1509265157,31.29078666,121.21536223,263922901,31.2907390835,121.215359485,0.694410708975,5.28148416159
1509265158,31.29078615,121.21523842,263922901,31.2907338653,121.215244533,0.801204956355,5.82618445734
1509265159,31.29078615,121.21523842,263922901,31.2907338653,121.215244533,0.801204956355,5.82618445734
1509265160,31.29078752,121.21509959,263922901,31.2907178713,121.215107733,0.928563032066,7.76108960074
1509265161,31.29078752,121.21509959,263922901,31.2907178713,121.215107733,0.928563032066,7.76108960074
1509265162,31.29076672,121.21499554,263922900,31.2907040439,121.21501011,0.08189116883,7.08629057667
1509265164,31.29076672,121.21499554,263922900,31.2907040439,121.21501011,0.08189116883,7.08629057667
1509265165,31.29072871,121.21484584,263922900,31.2906690803,121.214859701,0.671495907012,6.74185414425
1509265166,31.29072216,121.21474538,263922900,31.2906496059,121.214775926,0.9999,8.55398262327
1509265168,31.29072216,121.21474538,263922900,31.2906496059,121.214775926,0.9999,8.55398262327
1509265169,31.29069471,121.21468579,263922899,31.2906295013,121.214704024,0.0931279816816,7.43551093512
1509265170,31.29069471,121.21468579,263922899,31.2906295013,121.214704024,0.0931279816816,7.43551093512
1509265171,31.29066399,121.21458803,263922899,31.2906019191,121.214605387,0.220930858769,7.07771460733
1509265172,31.29066399,121.21458803,263922899,31.2906019191,121.214605387,0.220930858769,7.07771460733
1509265173,31.29063782,121.2144781,263922899,31.2905590771,121.2145168,0.343788434091,9.47630762976
1509265174,31.29063782,121.2144781,263922899,31.2905590771,121.2145168,0.343788434091,9.47630762976
1509265175,31.29059106,121.21429538,263922899,31.2904723632,121.214344571,0.584698094649,13.9690219867
1509265176,31.29059106,121.21429538,263922899,31.2904723632,121.214344571,0.584698094649,13.9690219867
1509265177,31.29057384,121.21422739,263922899,31.2904549649,121.214192434,0.78107925453,13.5939493399
1509265178,31.29057384,121.21422739,263922899,31.2904549649,121.214192434,0.78107925453,13.5939493399
1509265179,31.29058867,121.21412888,263922899,31.2904843224,121.214095237,0.907783758306,12.0047524235
1509265180,31.29058867,121.21412888,263922899,31.2904843224,121.214095237,0.907783758306,12.0047524235
1509265181,31.29064963,121.21406878,263922899,31.2905069754,121.214024976,0.9999,16.3573903503
1509265182,31.29064963,121.21406878,263922899,31.2905069754,121.214024976,0.9999,16.3573903503
1509265183,31.29071254,121.21408679,263922899,31.2905069754,121.214024976,0.9999,23.5394941032
1509265184,31.29071254,121.21408679,263922899,31.2905069754,121.214024976,0.9999,23.5394941032
1509265186,31.29093952,121.21423321,164316030,31.2909555459,121.214189552,0.335098665153,4.52062011217
1509265187,31.29093952,121.21423321,164316030,31.2909555459,121.214189552,0.335098665153,4.52062011217
1509265188,31.29096345,121.21424607,164316030,31.2909807944,121.21419882,0.330590540196,4.89253700816
1509265189,31.29096345,121.21424607,164316030,31.2909807944,121.21419882,0.330590540196,4.89253700816
1509265190,31.29108108,121.21431974,164316030,31.2911082877,121.214245621,0.307826553808,7.67479992151
1509265191,31.29108108,121.21431974,164316030,31.2911082877,121.214245621,0.307826553808,7.67479992151
1509265192,31.29111822,121.21432624,164316030,31.2911431202,121.214258407,0.301607209614,7.02387548878
1509265193,31.29111822,121.21432624,164316030,31.2911431202,121.214258407,0.301607209614,7.02387548878
1509265194,31.29122716,121.21440777,164316030,31.2912654981,121.214303329,0.279756590054,10.8144987079
1509265195,31.29122716,121.21440777,164316030,31.2912654981,121.214303329,0.279756590054,10.8144987079
1509265196,31.29129277,121.21444139,164316030,31.2913341928,121.214328546,0.267491112677,11.6846511955
1509265197,31.29129277,121.21444139,164316030,31.2913341928,121.214328546,0.267491112677,11.6846511955
1509265198,31.29133935,121.21444928,164316030,31.2913777939,121.214344551,0.259706116917,10.8443556703
1509265199,31.29133935,121.21444928,164316030,31.2913777939,121.214344551,0.259706116917,10.8443556703
1509265201,31.29141052,121.21447058,164316030,31.2914474031,121.214370103,0.247277378829,10.4040571964
1509265202,31.29141052,121.21447058,164316030,31.2914474031,121.214370103,0.247277378829,10.4040571964
1509265204,31.29158229,121.21447323,164316030,31.2915918798,121.214405994,0.222186732966,6.48936522581
1509265205,31.29158229,121.21447323,164316030,31.2915918798,121.214405994,0.222186732966,6.48936522581
1509265206,31.29166493,121.21444868,164316030,31.2916694404,121.214417056,0.209054891654,3.05218908331
1509265207,31.29166493,121.21444868,164316030,31.2916694404,121.214417056,0.209054891654,3.05218908331
1509265208,31.2917578,121.21443736,164316030,31.2917588614,121.214430572,0.193896099734,0.656909888794
1509265209,31.2917578,121.21443736,164316030,31.2917588614,121.214430572,0.193896099734,0.656909888794
1509265210,31.29183403,121.21442929,164316030,31.2918320403,121.214442015,0.181481216869,1.23145690857
1509265211,31.29183403,121.21442929,164316030,31.2918320403,121.214442015,0.181481216869,1.23145690857
1509265212,31.29201592,121.21431605,164316030,31.2920419605,121.214394731,0.145264650761,8.02846741541
1509265213,31.29201592,121.21431605,164316030,31.2920419605,121.214394731,0.145264650761,8.02846741541
1509265214,31.29203971,121.21431781,164316030,31.2920628769,121.214387809,0.141571739382,7.14251616073
1509265215,31.29203971,121.21431781,164316030,31.2920628769,121.214387809,0.141571739382,7.14251616073
1509265216,31.29214403,121.21431746,164316030,31.2921570026,121.214356657,0.124953310342,3.99953083152
1509265217,31.29214403,121.21431746,164316030,31.2921570026,121.214356657,0.124953310342,3.99953083152
1509265219,31.29224489,121.21429997,164316030,31.2922533386,121.214322845,0.10783787233,2.37087736457
1509265220,31.29233074,121.21431431,164316030,31.2923242232,121.214296665,0.095172145783,1.82877068906
1509265222,31.29233074,121.21431431,164316030,31.2923242232,121.214296665,0.095172145783,1.82877068906
1509265223,31.29239596,121.2143264,164316030,31.2923776854,121.21427692,0.0856194795317,5.12830098809
1509265224,31.29239596,121.2143264,164316030,31.2923776854,121.21427692,0.0856194795317,5.12830098809
1509265225,31.29248568,121.21432754,164316030,31.2924562655,121.214247898,0.0715787182253,8.25441771284
1509265226,31.29248568,121.21432754,164316030,31.2924562655,121.214247898,0.0715787182253,8.25441771284
1509265227,31.29261158,121.21432216,164316030,31.2925699457,121.214206084,0.0512760899859,11.9770961974
1509265228,31.29261158,121.21432216,164316030,31.2925699457,121.214206084,0.0512760899859,11.9770961974
1509265229,31.29272413,121.21428755,164316030,31.2926806653,121.214166371,0.0315602243602,12.503634984
1509265230,31.29272413,121.21428755,164316030,31.2926806653,121.214166371,0.0315602243602,12.503634984
1509265231,31.29276766,121.21424163,164316030,31.2927338266,121.214147303,0.0220937769489,9.73290854096
1509265232,31.29276766,121.21424163,164316030,31.2927338266,121.214147303,0.0220937769489,9.73290854096
1509265233,31.29279509,121.21425607,164316030,31.2927535409,121.214140232,0.0185832399657,11.952542201
1509265234,31.29279509,121.21425607,164316030,31.2927535409,121.214140232,0.0185832399657,11.952542201
1509265235,31.29278071,121.21423517,164316030,31.292747442,121.214142419,0.0196692753922,9.57025064649
1509265237,31.29278071,121.21423517,164316030,31.292747442,121.214142419,0.0196692753922,9.57025064649
1509265238,31.29274388,121.21424136,164316030,31.292712843,121.214154829,0.02583032548,8.92845687118
1509265239,31.29274388,121.21424136,164316030,31.292712843,121.214154829,0.02583032548,8.92845687118
1509265240,31.29268815,121.21424154,164316030,31.2926634083,121.214172561,0.0346331679358,7.11747359321
1509265241,31.29268815,121.21424154,164316030,31.2926634083,121.214172561,0.0346331679358,7.11747359321
1509265242,31.29264503,121.21425474,164316030,31.2926210086,121.214187769,0.0421833026282,6.91028476716
1509265243,31.29264503,121.21425474,164316030,31.2926210086,121.214187769,0.0421833026282,6.91028476716
1509265244,31.29256682,121.21428005,164316030,31.2925430753,121.214215814,0.056066207199,6.65851658175
1509265245,31.29256682,121.21428005,164316030,31.2925430753,121.214215814,0.056066207199,6.65851658175
1509265246,31.29250469,121.21428171,164316030,31.2924878743,121.214236219,0.0659305705846,4.71546004517
1509265247,31.29250469,121.21428171,164316030,31.2924878743,121.214236219,0.0659305705846,4.71546004517
1509265248,31.29242403,121.21430548,164316030,31.292409185,121.214265286,0.0799910902493,4.16585057939
1509265249,31.29242403,121.21430548,164316030,31.292409185,121.214265286,0.0799910902493,4.16585057939
1509265250,31.29234278,121.21432062,164316030,31.2923327672,121.21429351,0.0936454884935,2.80982021225
1509265251,31.29234278,121.21432062,164316030,31.2923327672,121.21429351,0.0936454884935,2.80982021225
1509265252,31.29225388,121.21433225,164316030,31.2922507585,121.214323798,0.108298890156,0.875980309055
1509265253,31.29225388,121.21433225,164316030,31.2922507585,121.214323798,0.108298890156,0.875980309055
1509265255,31.29215979,121.21434808,164316030,31.2921620731,121.214354978,0.12405808059,0.703894846097
1509265256,31.29215979,121.21434808,164316030,31.2921620731,121.214354978,0.12405808059,0.703894846097
1509265257,31.29203875,121.21438318,164316030,31.2920425125,121.214394548,0.145167188703,1.16001281267
1509265258,31.29203875,121.21438318,164316030,31.2920425125,121.214394548,0.145167188703,1.16001281267
1509265259,31.29186444,121.21437629,164316030,31.2918770836,121.214435699,0.173777441618,5.82757904637
1509265260,31.29186444,121.21437629,164316030,31.2918770836,121.214435699,0.173777441618,5.82757904637
1509265261,31.29181622,121.21437028,164316030,31.2918056486,121.214437888,0.185958604054,6.54290553366
1509265262,31.29181622,121.21437028,164316030,31.2918056486,121.214437888,0.185958604054,6.54290553366
1509265263,31.29175179,121.21432882,164316030,31.2917364281,121.214427064,0.197701919187,9.50787478216
1509265264,31.29175179,121.21432882,164316030,31.2917364281,121.214427064,0.197701919187,9.50787478216
1509265265,31.29173511,121.21429185,164316030,31.2917145034,121.214423636,0.201421468975,12.7539754398
1509265266,31.29173511,121.21429185,164316030,31.2917145034,121.214423636,0.201421468975,12.7539754398
1509265267,31.29172141,121.2142189,164316030,31.2916926745,121.21442037,0.205121120758,19.4452309187
1509265268,31.29172141,121.2142189,164316030,31.2916926745,121.21442037,0.205121120758,19.4452309187
1509265269,31.29173564,121.21412786,164316030,31.2916938947,121.214420544,0.20491452327,28.2489018671
1509265270,31.29173564,121.21412786,164316030,31.2916938947,121.214420544,0.20491452327,28.2489018671
1509265271,31.29176315,121.2140384,164316030,31.2917034,121.2144219,0.203305177892,37.1100097267
1509265273,31.29176315,121.2140384,164316030,31.2917034,121.2144219,0.203305177892,37.1100097267
1509265274,31.29183047,121.21398928,164316030,31.291923381,121.214425846,0.165843545909,42.8238915565
1509265275,31.29183047,121.21398928,164316030,31.291923381,121.214425846,0.165843545909,42.8238915565
1509265276,31.29178828,121.21396494,164316030,31.2917165076,121.21442395,0.201081460746,44.4219203412
1509265277,31.29178828,121.21396494,164316030,31.2917165076,121.21442395,0.201081460746,44.4219203412
1509265278,31.29178235,121.21387994,164316039,31.2917944675,121.213881984,0.318981614142,1.35754527809
1509265279,31.29178235,121.21387994,164316039,31.2917944675,121.213881984,0.318981614142,1.35754527809
1509265280,31.29176269,121.21380737,164316039,31.2918058255,121.213814646,0.292013675831,4.83252928298
1509265281,31.29176269,121.21380737,164316039,31.2918058255,121.213814646,0.292013675831,4.83252928298
1509265282,31.29174373,121.21374272,164316039,31.2918159038,121.213754894,0.268083860131,8.08574163131
1509265283,31.29174373,121.21374272,164316039,31.2918159038,121.213754894,0.268083860131,8.08574163131
1509265284,31.29174507,121.21365278,164316039,31.2918306914,121.213667222,0.232972627943,9.59229436075
1509265285,31.29174507,121.21365278,164316039,31.2918306914,121.213667222,0.232972627943,9.59229436075
1509265286,31.29178469,121.21353149,164316039,31.2918516794,121.213542789,0.183139229692,7.50492661348
1509265288,31.29178469,121.21353149,164316039,31.2918516794,121.213542789,0.183139229692,7.50492661348
1509265289,31.29181609,121.21342445,164316039,31.291870103,121.21343356,0.139394772576,6.05115947356
1509265290,31.29181609,121.21342445,164316039,31.291870103,121.21343356,0.139394772576,6.05115947356
1509265291,31.2919329,121.21335991,164316039,31.2918839191,121.213351648,0.106590268081,5.4874038554
1509265292,31.2919329,121.21335991,164316039,31.2918839191,121.213351648,0.106590268081,5.4874038554
1509265293,31.29204555,121.21331596,164316039,31.2918942432,121.213290439,0.0820768765694,16.9511207814
1509265294,31.29204555,121.21331596,164316039,31.2918942432,121.213290439,0.0820768765694,16.9511207814
1509265295,31.29205356,121.21330654,164316039,31.2918960097,121.213279966,0.0778825618117,17.6505900775
1509265296,31.29205356,121.21330654,164316039,31.2918960097,121.213279966,0.0778825618117,17.6505900775
1509265297,31.29214914,121.21333793,164316039,31.2918935056,121.213294812,0.0838282315287,28.6390980575
1509265298,31.29214914,121.21333793,164316039,31.2918935056,121.213294812,0.0838282315287,28.6390980575
1509265299,31.29218164,121.21333933,164316039,31.2918941751,121.213290843,0.0822387647291,32.2051246627
1509265300,31.29218164,121.21333933,164316039,31.2918941751,121.213290843,0.0822387647291,32.2051246627
1509265301,31.29222491,121.21335722,164316039,31.291892438,121.213301142,0.0863632254243,37.2473341603
1509265302,31.29222491,121.21335722,164316039,31.291892438,121.213301142,0.0863632254243,37.2473341603
1509265303,31.29222491,121.21335722,164316039,31.291892438,121.213301142,0.0863632254243,37.2473341603
1509265304,31.29232007,121.21341611,164316039,31.2918854122,121.213342796,0.10304515962,48.6953645849
1509265306,31.29232007,121.21341611,164316039,31.2918854122,121.213342796,0.10304515962,48.6953645849
1509265307,31.29254892,121.2133413,164316009,31.292945511,121.213382543,0.763243673334,44.1468207011
1509265308,31.29254892,121.2133413,164316009,31.292945511,121.213382543,0.763243673334,44.1468207011
1509265309,31.29260929,121.21335343,164316009,31.2929449089,121.213388333,0.763630453809,37.3596718939
1509265310,31.29260929,121.21335343,164316009,31.2929449089,121.213388333,0.763630453809,37.3596718939
1509265311,31.29269333,121.21333438,164316009,31.292947768,121.21336084,0.76179368298,28.3229548858
1509265312,31.29269333,121.21333438,164316009,31.292947768,121.21336084,0.76179368298,28.3229548858
1509265313,31.29280876,121.21340181,164316009,31.2929420657,121.213415673,0.765457080453,14.8390208395
1509265314,31.29280876,121.21340181,164316009,31.2929420657,121.213415673,0.765457080453,14.8390208395
1509265315,31.29286918,121.21339023,164316009,31.2929439035,121.213398001,0.764276395578,8.31790132257
1509265316,31.29286918,121.21339023,164316009,31.2929439035,121.213398001,0.764276395578,8.31790132257
1509265317,31.29290401,121.21326809,164316009,31.2929568091,121.213273545,0.755961759349,5.8770769952
1509265318,31.29290401,121.21326809,164316009,31.2929568091,121.213273545,0.755961759349,5.8770769952
1509265319,31.29290898,121.21317827,164316009,31.2929660707,121.213184225,0.749994404538,6.35523748714
1509265321,31.29290898,121.21317827,164316009,31.2929660707,121.213184225,0.749994404538,6.35523748714
1509265322,31.29299347,121.21286576,164316009,31.2929903149,121.212865541,0.728754142323,0.350439821879
1509265324,31.29299347,121.21286576,164316009,31.2929903149,121.212865541,0.728754142323,0.350439821879
1509265325,31.29299627,121.21275461,164316009,31.2929980235,121.212754732,0.721372916257,0.194760197866
1509265326,31.29299627,121.21275461,164316009,31.2929980235,121.212754732,0.721372916257,0.194760197866
1509265327,31.293037,121.21257579,164316009,31.2930105996,121.212573953,0.709330815486,2.93234919568
1509265328,31.293037,121.21257579,164316009,31.2930105996,121.212573953,0.709330815486,2.93234919568
1509265329,31.29308113,121.21248956,164316009,31.293016782,121.212485084,0.703410975948,7.14727524644
1509265330,31.29308113,121.21248956,164316009,31.293016782,121.212485084,0.703410975948,7.14727524644
1509265331,31.29306594,121.21235296,164316009,31.2930242307,121.212350829,0.69447551002,4.62894433149
1509265332,31.29306594,121.21235296,164316009,31.2930242307,121.212350829,0.69447551002,4.62894433149
1509265333,31.2931092,121.21219995,164316009,31.2930321412,121.212196013,0.684174268015,8.55207953249
1509265334,31.2931092,121.21219995,164316009,31.2930321412,121.212196013,0.684174268015,8.55207953249
1509265335,31.29313381,121.21211522,164316009,31.2930365233,121.212110249,0.678467687639,10.7969901195
1509265336,31.29313381,121.21211522,164316009,31.2930365233,121.212110249,0.678467687639,10.7969901195
1509265337,31.29312954,121.21201775,164316009,31.2930414795,121.21201325,0.672013545447,9.77305380994
1509265338,31.29312954,121.21201775,164316009,31.2930414795,121.21201325,0.672013545447,9.77305380994
1509265339,31.29310263,121.21194557,164316009,31.293045088,121.21194263,0.667314552468,6.3860838306
1509265340,31.29310263,121.21194557,164316009,31.293045088,121.21194263,0.667314552468,6.3860838306
1509265342,31.29310713,121.21183152,164316009,31.293050912,121.211828647,0.659730335386,6.23914328138
1509265343,31.29310713,121.21183152,164316009,31.293050912,121.211828647,0.659730335386,6.23914328138
1509265344,31.29308068,121.21171289,164316009,31.2930568888,121.211711674,0.651947116327,2.64037514474
1509265345,31.29308068,121.21171289,164316009,31.2930568888,121.211711674,0.651947116327,2.64037514474
1509265346,31.29308615,121.21162963,164316009,31.2930611462,121.211628352,0.646402996282,2.77495120234
1509265347,31.29308615,121.21162963,164316009,31.2930611462,121.211628352,0.646402996282,2.77495120234
1509265348,31.29308644,121.21154629,164316009,31.2930598582,121.211547686,0.641035308278,2.950243375
1509265349,31.29308644,121.21154629,164316009,31.2930598582,121.211547686,0.641035308278,2.950243375
1509265350,31.29307961,121.21144924,164316009,31.2930547572,121.211450545,0.634571230706,2.75834659325
1509265351,31.29307961,121.21144924,164316009,31.2930547572,121.211450545,0.634571230706,2.75834659325
1509265352,31.29307543,121.21135485,164316009,31.2930498027,121.211356196,0.628292906209,2.84429696082
1509265353,31.29307543,121.21135485,164316009,31.2930498027,121.211356196,0.628292906209,2.84429696082
1509265354,31.29307013,121.21125063,164316009,31.2930399041,121.21125386,0.621459279336,3.36535939971
1509265356,31.29307013,121.21125063,164316009,31.2930399041,121.21125386,0.621459279336,3.36535939971
1509265357,31.29306634,121.21114989,164316009,31.2930292168,121.211153857,0.614776063042,4.13331118452
1509265358,31.293051,121.21104733,164316009,31.2930220969,121.211048147,0.607730137854,3.20555902014
1509265360,31.293051,121.21104733,164316009,31.2930220969,121.211048147,0.607730137854,3.20555902014
1509265361,31.29305206,121.2109379,164316009,31.2930190057,121.210938835,0.600463210576,3.6659558178
1509265362,31.29305206,121.2109379,164316009,31.2930190057,121.210938835,0.600463210576,3.6659558178
1509265363,31.29304596,121.21086145,164316009,31.2930168407,121.210862273,0.595373539665,3.22953963539
1509265364,31.29304596,121.21086145,164316009,31.2930168407,121.210862273,0.595373539665,3.22953963539
1509265365,31.29304274,121.21078452,164316009,31.2930146644,121.210785314,0.59025739442,3.11378518488
1509265366,31.29304274,121.21078452,164316009,31.2930146644,121.210785314,0.59025739442,3.11378518488
1509265367,31.29302743,121.21070332,164316009,31.2930171669,121.210702962,0.584781742074,1.13842376891
1509265368,31.29302743,121.21070332,164316009,31.2930171669,121.210702962,0.584781742074,1.13842376891
1509265369,31.29302469,121.21061949,164316009,31.2930200811,121.210619329,0.579220804121,0.511240897181
1509265370,31.29302469,121.21061949,164316009,31.2930200811,121.210619329,0.579220804121,0.511240897181
1509265371,31.29303181,121.21053142,164316009,31.2930231547,121.210531118,0.57335546448,0.960077797211
1509265372,31.29303181,121.21053142,164316009,31.2930231547,121.210531118,0.57335546448,0.960077797211
1509265374,31.29304633,121.21043881,164316009,31.2930306289,121.210437384,0.567105368024,1.74613400301
1509265375,31.29304633,121.21043881,164316009,31.2930306289,121.210437384,0.567105368024,1.74613400301
1509265376,31.29305805,121.21033308,164316009,31.2930420519,121.21033063,0.559968274298,1.78904704863
1509265377,31.29305805,121.21033308,164316009,31.2930420519,121.21033063,0.559968274298,1.78904704863
1509265378,31.29312117,121.21017006,164316009,31.2930699436,121.210161013,0.548544789542,5.74464704457
1509265379,31.29312117,121.21017006,164316009,31.2930699436,121.210161013,0.548544789542,5.74464704457
1509265380,31.29312864,121.21014726,164316009,31.2930740742,121.210137624,0.546966447595,6.1191305678
1509265381,31.29312864,121.21014726,164316009,31.2930740742,121.210137624,0.546966447595,6.1191305678
1509265382,31.29313416,121.21004466,164316009,31.2930892157,121.210038295,0.54028879824,5.01988766312
1509265383,31.29313416,121.21004466,164316009,31.2930892157,121.210038295,0.54028879824,5.01988766312
1509265384,31.29315184,121.20994274,164316009,31.2931015407,121.20993863,0.533612981446,5.59062505319
1509265385,31.29315184,121.20994274,164316009,31.2931015407,121.20993863,0.533612981446,5.59062505319
1509265386,31.29316732,121.20976919,164316009,31.2931146293,121.20976777,0.522224333035,5.84362455517
1509265387,31.29316732,121.20976919,164316009,31.2931146293,121.20976777,0.522224333035,5.84362455517
1509265388,31.29316933,121.20967401,164316009,31.2931171936,121.209672605,0.515898144655,5.78214119525
1509265389,31.29316933,121.20967401,164316009,31.2931171936,121.209672605,0.515898144655,5.78214119525
1509265390,31.29317687,121.20955189,164316009,31.2931204875,121.209550371,0.50777249474,6.25306125849
1509265392,31.29317687,121.20955189,164316009,31.2931204875,121.209550371,0.50777249474,6.25306125849
1509265393,31.29316392,121.20946132,164316009,31.2931229168,121.209460215,0.501779316653,4.54742196777
1509265394,31.29316392,121.20946132,164316009,31.2931229168,121.209460215,0.501779316653,4.54742196777
1509265395,31.29314271,121.20935986,164316009,31.2931256335,121.2093594,0.495077526142,1.89385756531
1509265396,31.29314271,121.20935986,164316009,31.2931256335,121.2093594,0.495077526142,1.89385756531
1509265397,31.29314074,121.20914885,164316009,31.2931313139,121.209148596,0.481064139088,1.04538898814
1509265398,31.29314074,121.20914885,164316009,31.2931313139,121.209148596,0.481064139088,1.04538898814
1509265399,31.29314656,121.20910334,164316009,31.2931325436,121.209102962,0.478030595675,1.55447510925
1509265400,31.29314656,121.20910334,164316009,31.2931325436,121.209102962,0.478030595675,1.55447510925
1509265401,31.29314501,121.20898266,164316009,31.2931357921,121.208982412,0.470016872838,1.02230783316
1509265402,31.29314501,121.20898266,164316009,31.2931357921,121.208982412,0.470016872838,1.02230783316
1509265403,31.29312585,121.20881511,164316009,31.2931402898,121.208815499,0.458921204745,1.60143458967
1509265404,31.29312585,121.20881511,164316009,31.2931402898,121.208815499,0.458921204745,1.60143458967
1509265405,31.29313601,121.20873511,164316009,31.2931424513,121.208735284,0.453588800613,0.714371151224
1509265406,31.29313601,121.20873511,164316009,31.2931424513,121.208735284,0.453588800613,0.714371151224
1509265407,31.2931572,121.20860453,164316009,31.2931459829,121.208604228,0.444876738589,1.24402744489
1509265408,31.2931572,121.20860453,164316009,31.2931459829,121.208604228,0.444876738589,1.24402744489
1509265409,31.29314548,121.20850083,164316009,31.2931487667,121.208500919,0.43800916282,0.364508721922
1509265411,31.29314548,121.20850083,164316009,31.2931487667,121.208500919,0.43800916282,0.364508721922
1509265412,31.2931856,121.20836939,164316009,31.2931523351,121.208368494,0.429206088129,3.6892151988
1509265413,31.2931856,121.20836939,164316009,31.2931523351,121.208368494,0.429206088129,3.6892151988
1509265414,31.29320599,121.2081727,164316009,31.2931576462,121.208171397,0.416103921488,5.36152937813
1509265415,31.29320599,121.2081727,164316009,31.2931576462,121.208171397,0.416103921488,5.36152937813
1509265416,31.29319562,121.20814214,164316009,31.2931584616,121.208141139,0.41409245271,4.12102505272
1509265417,31.29319562,121.20814214,164316009,31.2931584616,121.208141139,0.41409245271,4.12102505272
1509265418,31.29320162,121.20804078,164316009,31.2931611953,121.208039691,0.407348598889,4.48327282589
1509265419,31.29320162,121.20804078,164316009,31.2931611953,121.208039691,0.407348598889,4.48327282589
1509265420,31.29319637,121.20793872,164316009,31.2931639396,121.207937846,0.400578383238,3.59666325949
1509265421,31.29319637,121.20793872,164316009,31.2931639396,121.207937846,0.400578383238,3.59666325949
1509265422,31.29319447,121.20781541,164316009,31.2931672586,121.207814677,0.392390581998,3.01785362548
1509265423,31.29319447,121.20781541,164316009,31.2931672586,121.207814677,0.392390581998,3.01785362548
1509265424,31.29320167,121.20770048,164316009,31.2931703586,121.207699636,0.384743155998,3.47256534769
1509265425,31.29320167,121.20770048,164316009,31.2931703586,121.207699636,0.384743155998,3.47256534769
1509265426,31.29322647,121.2075286,164316009,31.293171014,121.207528399,0.373364038468,6.14868656301
1509265427,31.29322647,121.2075286,164316009,31.293171014,121.207528399,0.373364038468,6.14868656301
1509265429,31.29322647,121.2075286,164316009,31.293171014,121.207528399,0.373364038468,6.14868656301
1509265430,31.29320165,121.207274,164316009,31.2931706182,121.207274522,0.356492752159,3.44099118397
1509265431,31.29320165,121.207274,164316009,31.2931706182,121.207274522,0.356492752159,3.44099118397
1509265432,31.29320861,121.20716763,164316009,31.2931688306,121.207168299,0.349433054037,4.41098723866
1509265433,31.29320861,121.20716763,164316009,31.2931688306,121.207168299,0.349433054037,4.41098723866
1509265434,31.2931994,121.20707861,164316009,31.2931651092,121.207080219,0.343574397011,3.80506107847
1509265435,31.2931994,121.20707861,164316009,31.2931651092,121.207080219,0.343574397011,3.80506107847
1509265436,31.293186,121.20695797,164316009,31.293159463,121.206960273,0.335594915688,2.9504421851
1509265437,31.293186,121.20695797,164316009,31.293159463,121.206960273,0.335594915688,2.9504421851
1509265438,31.29317471,121.20684563,164316009,31.2931497008,121.206847801,0.328092804514,2.78056969232
1509265439,31.29317471,121.20684563,164316009,31.2931497008,121.206847801,0.328092804514,2.78056969232
1509265440,31.29313269,121.20673817,164316009,31.2931401293,121.206737524,0.32073718537,0.827121168718
1509265441,31.29313269,121.20673817,164316009,31.2931401293,121.206737524,0.32073718537,0.827121168718
1509265442,31.29313586,121.20666109,164316009,31.2931302326,121.206661915,0.315668265785,0.628861746395
1509265444,31.29313586,121.20666109,164316009,31.2931302326,121.206661915,0.315668265785,0.628861746395
1509265445,31.2931108,121.20654199,164316009,31.2931126041,121.206541725,0.307595968345,0.201611502777
1509265447,31.29309329,121.20642655,164316009,31.2930925448,121.206426719,0.299832937034,0.0841695052394
1509265448,31.29309329,121.20642655,164316009,31.2930925448,121.206426719,0.299832937034,0.0841695052394
1509265449,31.29307844,121.20633503,164316009,31.2930721034,121.206336465,0.293683514948,0.715728244206
1509265450,31.29307844,121.20633503,164316009,31.2930721034,121.206336465,0.293683514948,0.715728244206
1509265451,31.29305537,121.20620235,164316009,31.2930423937,121.206205289,0.284745839817,1.46570347788
1509265452,31.29305537,121.20620235,164316009,31.2930423937,121.206205289,0.284745839817,1.46570347788
1509265453,31.29303843,121.20607688,164316009,31.293014001,121.206083471,0.276432916954,2.7802834513
1509265454,31.29303843,121.20607688,164316009,31.293014001,121.206083471,0.276432916954,2.7802834513
1509265455,31.29300952,121.20596303,164316009,31.2929834086,121.205970074,0.268628128887,2.97176727787
1509265456,31.29300952,121.20596303,164316009,31.2929834086,121.205970074,0.268628128887,2.97176727787
1509265457,31.29297064,121.20585759,164316009,31.2929542546,121.205862011,0.261190340828,1.86483473796
1509265458,31.29297064,121.20585759,164316009,31.2929542546,121.205862011,0.261190340828,1.86483473796
1509265459,31.29292241,121.20570072,164316009,31.2929102881,121.205704173,0.250302147014,1.38362162828
1509265460,31.29292241,121.20570072,164316009,31.2929102881,121.205704173,0.250302147014,1.38362162828
1509265461,31.2928816,121.20558009,164316009,31.2928754454,121.205581843,0.241849809129,0.702502548282
1509265462,31.2928816,121.20558009,164316009,31.2928754454,121.205581843,0.241849809129,0.702502548282
1509265463,31.29288141,121.20546985,164316009,31.2928468923,121.205484486,0.23510467946,4.07292297295
1509265465,31.29288141,121.20546985,164316009,31.2928468923,121.205484486,0.23510467946,4.07292297295
1509265466,31.29286665,121.20538474,164316009,31.2928140554,121.20540704,0.229514799896,6.20590290924
1509265467,31.29286665,121.20538474,164316009,31.2928140554,121.20540704,0.229514799896,6.20590290924
1509265468,31.29289825,121.20529806,164316009,31.2927878139,121.205347811,0.225209715513,13.1288519566
1509265469,31.29289825,121.20529806,164316009,31.2927878139,121.205347811,0.225209715513,13.1288519566
1509265470,31.29293498,121.20526497,164316009,31.2927816185,121.205334059,0.224207401305,18.2318960266
1509265471,31.29293498,121.20526497,164316009,31.2927816185,121.205334059,0.224207401305,18.2318960266
1509265472,31.29293484,121.2052165,164316009,31.2927634431,121.205293714,0.221266900375,20.3759739765
1509265473,31.29293484,121.2052165,164316009,31.2927634431,121.205293714,0.221266900375,20.3759739765
1509265474,31.29293491,121.20516125,164316009,31.2927427641,121.205247811,0.21792134755,22.8426549918
1509265475,31.29293491,121.20516125,164316009,31.2927427641,121.205247811,0.21792134755,22.8426549918
1509265476,31.29294777,121.20509727,164316009,31.2927209736,121.205199441,0.214395962425,26.9619989509
1509265477,31.29294777,121.20509727,164316009,31.2927209736,121.205199441,0.214395962425,26.9619989509
1509265479,31.29296809,121.20500915,164316009,31.2926971161,121.205151073,0.210810573725,32.9429798392
1509265480,31.29296809,121.20500915,164316009,31.2926971161,121.205151073,0.210810573725,32.9429798392
1509265482,31.29298727,121.20492921,164316009,31.2926683891,121.205096225,0.20669613207,38.7671630864
1509265483,31.293013,121.20484143,164316009,31.2926378497,121.205037916,0.202322123063,45.6079724185
1509265484,31.293013,121.20484143,164316009,31.2926378497,121.205037916,0.202322123063,45.6079724185
1509265485,31.29304704,121.20466905,266161866,31.2929891515,121.204667446,0.964988544976,6.42018048539
1509265486,31.29304704,121.20466905,266161866,31.2929891515,121.204667446,0.964988544976,6.42018048539
1509265487,31.29304822,121.20452499,266161866,31.2929931411,121.204523464,0.944299274379,6.1085758671
1509265488,31.29304822,121.20452499,266161866,31.2929931411,121.204523464,0.944299274379,6.1085758671
1509265489,31.29305186,121.20437919,266161866,31.2929971808,121.204377675,0.923350381969,6.06424732389
1509265490,31.29305186,121.20437919,266161866,31.2929971808,121.204377675,0.923350381969,6.06424732389
1509265491,31.29304005,121.20425918,266161866,31.2930004946,121.204258084,0.906165965664,4.38693208372
1509265492,31.29304005,121.20425918,266161866,31.2930004946,121.204258084,0.906165965664,4.38693208372
1509265493,31.29304081,121.20416621,266161866,31.2930030693,121.204165164,0.892814024696,4.18566767306
1509265494,31.29304081,121.20416621,266161866,31.2930030693,121.204165164,0.892814024696,4.18566767306
1509265495,31.29305213,121.20407047,266161866,31.2930057288,121.204069184,0.879022344923,5.14616501234
1509265497,31.29305213,121.20407047,266161866,31.2930057288,121.204069184,0.879022344923,5.14616501234
1509265498,31.29305213,121.20407047,266161866,31.2930057288,121.204069184,0.879022344923,5.14616501234
1509265499,31.29301379,121.20387366,266161866,31.2930111487,121.203873587,0.850916301,0.292939208999
1509265500,31.29301379,121.20387366,266161866,31.2930111487,121.203873587,0.850916301,0.292939208999
1509265501,31.29303378,121.20371348,266161866,31.2930155991,121.203712976,0.827837634503,2.01637381652
1509265502,31.29303378,121.20371348,266161866,31.2930155991,121.203712976,0.827837634503,2.01637381652
1509265503,31.29305704,121.2035548,266161866,31.2930200104,121.203553774,0.804961332666,4.10679820547
1509265504,31.29305704,121.2035548,266161866,31.2930200104,121.203553774,0.804961332666,4.10679820547
1509265505,31.29304822,121.20349914,266161866,31.2930215448,121.203498401,0.797004590456,2.95844036251
1509265506,31.29304822,121.20349914,266161866,31.2930215448,121.203498401,0.797004590456,2.95844036251
1509265507,31.29306438,121.20330979,266161866,31.2930267999,121.203308749,0.769752843978,4.16785690987
1509265508,31.29306438,121.20330979,266161866,31.2930267999,121.203308749,0.769752843978,4.16785690987
1509265509,31.29306278,121.20313838,266161866,31.2930315446,121.203137514,0.745147637074,3.46418524866
1509265510,31.29306278,121.20313838,266161866,31.2930315446,121.203137514,0.745147637074,3.46418524866
1509265511,31.29307098,121.20293652,266161866,31.29303714,121.202935582,0.716131335929,3.75305298852
1509265512,31.29307098,121.20293652,266161866,31.29303714,121.202935582,0.716131335929,3.75305298852
1509265513,31.29308971,121.20272912,266161866,31.2930406639,121.202728311,0.686354888114,5.43851295012
1509265514,31.29308971,121.20272912,266161866,31.2930406639,121.202728311,0.686354888114,5.43851295012
1509265516,31.29307465,121.2025255,266161866,31.2930256412,121.202532483,0.658058313326,5.47434558243
1509265517,31.29307465,121.2025255,266161866,31.2930256412,121.202532483,0.658058313326,5.47434558243
1509265518,31.29300498,121.20234082,266161866,31.2929815324,121.202350067,0.630921751594,2.74476064077
1509265519,31.29300498,121.20234082,266161866,31.2929815324,121.202350067,0.630921751594,2.74476064077
1509265520,31.2929201,121.20218639,266161866,31.292911703,121.202193071,0.606105845178,1.12756807996
1509265521,31.2929201,121.20218639,266161866,31.292911703,121.202193071,0.606105845178,1.12756807996
1509265522,31.29281484,121.20203059,266161866,31.2927960763,121.202049882,0.57965850168,2.77527559419
1509265523,31.29281484,121.20203059,266161866,31.2927960763,121.202049882,0.57965850168,2.77527559419
1509265524,31.29269091,121.20193002,266161866,31.2926821242,121.201939053,0.556825832079,1.29947530654
1509265525,31.29269091,121.20193002,266161866,31.2926821242,121.201939053,0.556825832079,1.29947530654
1509265526,31.29255981,121.20178422,266161866,31.2925418813,121.201802654,0.528725239379,2.65177456388
1509265527,31.29255981,121.20178422,266161866,31.2925418813,121.201802654,0.528725239379,2.65177456388
1509265528,31.29244761,121.20167607,266161866,31.2924301686,121.201694003,0.506341280254,2.57969490255
1509265529,31.29244761,121.20167607,266161866,31.2924301686,121.201694003,0.506341280254,2.57969490255
1509265530,31.29235821,121.20156901,266161866,31.2923307175,121.201597277,0.486414167431,4.06632996577
1509265531,31.29235821,121.20156901,266161866,31.2923307175,121.201597277,0.486414167431,4.06632996577
1509265532,31.29226898,121.20150452,266161866,31.2922526304,121.20152133,0.470767806452,2.4182092716
1509265534,31.29226898,121.20150452,266161866,31.2922526304,121.20152133,0.470767806452,2.4182092716
1509265535,31.29216225,121.20140533,266161866,31.2921492109,121.201428934,0.450752495728,2.67221899283
1509265536,31.29216225,121.20140533,266161866,31.2921492109,121.201428934,0.450752495728,2.67221899283
1509265537,31.29205553,121.20130372,266161866,31.2920244363,121.201360008,0.430277349578,6.37233684305
1509265538,31.29205553,121.20130372,266161866,31.2920244363,121.201360008,0.430277349578,6.37233684305
1509265539,31.29194476,121.20125829,266161866,31.2919296821,121.201312227,0.414978434401,5.40063513933
1509265540,31.29194476,121.20125829,266161866,31.2919296821,121.201312227,0.414978434401,5.40063513933
1509265541,31.29179386,121.20121781,266161866,31.2917792239,121.201270166,0.392538332637,5.24238432863
1509265542,31.29179386,121.20121781,266161866,31.2917792239,121.201270166,0.392538332637,5.24238432863
1509265543,31.29167789,121.20120485,266161866,31.2916900915,121.201265914,0.379359667299,5.96930825772
1509265544,31.29167789,121.20120485,266161866,31.2916900915,121.201265914,0.379359667299,5.96930825772
1509265545,31.29157441,121.20123016,266161866,31.2915857213,121.201286769,0.364071770119,5.53380087257
1509265546,31.29157441,121.20123016,266161866,31.2915857213,121.201286769,0.364071770119,5.53380087257
1509265548,31.2914702,121.20128832,266161866,31.2914832965,121.201316024,0.348669443352,3.01099604043
1509265549,31.2914702,121.20128832,266161866,31.2914832965,121.201316024,0.348669443352,3.01099604043
1509265550,31.29135827,121.20134126,266161866,31.2913713562,121.201368942,0.330884411019,3.00861955617
1509265551,31.29135827,121.20134126,266161866,31.2913713562,121.201368942,0.330884411019,3.00861955617
1509265552,31.29125687,121.20142409,266161866,31.2912613408,121.201428719,0.31276213979,0.663324781247
1509265553,31.29125687,121.20142409,266161866,31.2912613408,121.201428719,0.31276213979,0.663324781247
1509265554,31.29113367,121.20149922,266161866,31.2911600525,121.201526538,0.292536248549,3.9143175087
1509265555,31.29113367,121.20149922,266161866,31.2911600525,121.201526538,0.292536248549,3.9143175087
1509265556,31.29104864,121.20157332,266161866,31.2910790288,121.201604787,0.276356920299,4.50872622935
1509265557,31.29104864,121.20157332,266161866,31.2910790288,121.201604787,0.276356920299,4.50872622935
1509265558,31.29096066,121.2016678,266161866,31.2909862949,121.201694344,0.257839224186,3.8034030607
1509265559,31.29096066,121.2016678,266161866,31.2909862949,121.201694344,0.257839224186,3.8034030607
1509265560,31.29087093,121.20174111,266161866,31.2909032341,121.20177456,0.241253112475,4.79289952546
1509265561,31.29087093,121.20174111,266161866,31.2909032341,121.20177456,0.241253112475,4.79289952546
1509265562,31.29080248,121.20180877,266161866,31.2908340073,121.201841416,0.227429456816,4.67764428649
1509265563,31.29080248,121.20180877,266161866,31.2908340073,121.201841416,0.227429456816,4.67764428649
1509265564,31.29070602,121.20189079,266161866,31.2907431119,121.201929197,0.209278884189,5.5032561729
1509265566,31.29070602,121.20189079,266161866,31.2907431119,121.201929197,0.209278884189,5.5032561729
1509265567,31.29063169,121.20196863,266161866,31.2906657558,121.202003904,0.193831910608,5.05427140558
1509265568,31.29063169,121.20196863,266161866,31.2906657558,121.202003904,0.193831910608,5.05427140558
1509265569,31.29052187,121.20210141,266161866,31.2905414159,121.202122165,0.169183379693,2.93283670886
1509265570,31.29052187,121.20210141,266161866,31.2905414159,121.202122165,0.169183379693,2.93283670886
1509265571,31.2904912,121.20212579,266161866,31.2905129938,121.202148932,0.163575447943,3.2701246427
1509265572,31.2904912,121.20212579,266161866,31.2905129938,121.202148932,0.163575447943,3.2701246427
1509265573,31.29045035,121.20225642,266161866,31.2904261471,121.20223072,0.146439851385,3.63161288545
1509265574,31.29045035,121.20225642,266161866,31.2904261471,121.20223072,0.146439851385,3.63161288545
1509265575,31.29039761,121.2022848,266161866,31.2903840322,121.202270383,0.138130222435,2.03733198259
1509265576,31.29039761,121.2022848,266161866,31.2903840322,121.202270383,0.138130222435,2.03733198259
1509265577,31.29033175,121.20235456,266161866,31.2903143113,121.202336043,0.124373701258,2.61664919049
1509265578,31.29033175,121.20235456,266161866,31.2903143113,121.202336043,0.124373701258,2.61664919049
1509265579,31.29022296,121.20241095,266161866,31.290228512,121.202416845,0.107444763693,0.833072309803
1509265580,31.29022296,121.20241095,266161866,31.290228512,121.202416845,0.107444763693,0.833072309803
1509265581,31.2901317,121.20246702,266161866,31.2901521627,121.202488748,0.0923803948867,3.07040502319
1509265582,31.2901317,121.20246702,266161866,31.2901521627,121.202488748,0.0923803948867,3.07040502319
1509265584,31.29003574,121.20254479,266161866,31.2900624921,121.202573196,0.0746876125207,4.01411829319
1509265585,31.29003574,121.20254479,266161866,31.2900624921,121.202573196,0.0746876125207,4.01411829319
1509265586,31.28985021,121.20268698,266161866,31.2898932003,121.202732629,0.0412848968192,6.45064878458
1509265587,31.28985021,121.20268698,266161866,31.2898932003,121.202732629,0.0412848968192,6.45064878458
1509265588,31.28982441,121.20272567,266161866,31.2898626235,121.20276349,0.0350446952996,5.56040646219
1509265589,31.28982441,121.20272567,266161866,31.2898626235,121.20276349,0.0350446952996,5.56040646219
1509265590,31.28974332,121.20281661,266161866,31.2897770308,121.202849973,0.0175670871068,4.90523526487
1509265591,31.28974332,121.20281661,266161866,31.2897770308,121.202849973,0.0175670871068,4.90523526487
1509265592,31.28964616,121.2029522,266161866,31.2896914897,121.202936405,0.0001,5.24608715357
1509265593,31.28964616,121.2029522,266161866,31.2896914897,121.202936405,0.0001,5.24608715357
1509265594,31.28974998,121.2030684,266161866,31.2896914897,121.202936405,0.0001,14.1423370331
1509265595,31.28974998,121.2030684,266161866,31.2896914897,121.202936405,0.0001,14.1423370331
1509265596,31.28961285,121.20312725,266161866,31.2896914897,121.202936405,0.0001,20.1547700635
1509265597,31.28961285,121.20312725,266161866,31.2896914897,121.202936405,0.0001,20.1547700635
1509265598,31.28948861,121.20323338,164316070,0,0,0,0
1509265598,31.28948861,121.20323338,164316010,0,0,0,0
1509265598,31.28948861,121.20323338,164316077,31.2892555445,121.203435862,0.9999,32.2404464799
1509265599,31.28948861,121.20323338,164316077,31.2892555445,121.203435862,0.9999,32.2404464799
1509265600,31.28937517,121.20331935,164316077,31.2892555445,121.203435862,0.9999,17.2912325127
1509265602,31.28937517,121.20331935,164316077,31.2892555445,121.203435862,0.9999,17.2912325127
1509265603,31.28926899,121.20343664,164316077,31.2892605114,121.203442752,0.988730880287,1.10561005106
1509265604,31.28926899,121.20343664,164316077,31.2892605114,121.203442752,0.988730880287,1.10561005106
1509265605,31.2891929,121.20354576,164316077,31.2892862549,121.203478464,0.930841319485,12.1734497446
1509265606,31.2891929,121.20354576,164316077,31.2892862549,121.203478464,0.930841319485,12.1734497446
1509265607,31.28911317,121.20364114,164316077,31.2893042359,121.203503408,0.890407232133,24.9149869054
1509265608,31.28911317,121.20364114,164316077,31.2893042359,121.203503408,0.890407232133,24.9149869054
1509265609,31.28903761,121.20374043,164316077,31.2893254976,121.203532903,0.842595826518,37.5405401076
1509265610,31.28903761,121.20374043,164316077,31.2893254976,121.203532903,0.842595826518,37.5405401076
1509265611,31.28897443,121.20381044,164316077,31.2893371034,121.203549002,0.816497945693,47.292600436
1509265612,31.28897443,121.20381044,164316077,31.2893371034,121.203549002,0.816497945693,47.292600436
1509265613,31.2888986,121.20392124,164316016,31.2888951427,121.203918735,0.41484116643,0.451483357271
1509265614,31.2888986,121.20392124,164316016,31.2888951427,121.203918735,0.41484116643,0.451483357271
1509265615,31.28882895,121.20401813,164316016,31.2888251277,121.20401536,0.359679249628,0.499147662995
1509265616,31.28882895,121.20401813,164316016,31.2888251277,121.20401536,0.359679249628,0.499147662995
1509265617,31.28876208,121.20410396,164316016,31.2887613248,121.204103413,0.309411577543,0.0986240082811
1509265618,31.28876208,121.20410396,164316016,31.2887613248,121.204103413,0.309411577543,0.0986240082811
1509265620,31.28871822,121.20418673,164316016,31.2887068977,121.204178526,0.266530751719,1.47855173581
1509265621,31.28871822,121.20418673,164316016,31.2887068977,121.204178526,0.266530751719,1.47855173581
1509265622,31.28866079,121.20427331,164316016,31.2886459885,121.204262585,0.218542888554,1.93289723079
1509265623,31.28866079,121.20427331,164316016,31.2886459885,121.204262585,0.218542888554,1.93289723079
1509265624,31.28860886,121.20438192,164316016,31.2885765056,121.204358476,0.163800207555,4.22508773737
1509265625,31.28860886,121.20438192,164316016,31.2885765056,121.204358476,0.163800207555,4.22508773737
1509265626,31.28849388,121.20445501,164316016,31.2885021924,121.204461033,0.105251957602,1.08550411729
1509265627,31.28849388,121.20445501,164316016,31.2885021924,121.204461033,0.105251957602,1.08550411729
1509265628,31.28840453,121.20449866,164316016,31.2884506912,121.204532108,0.0646762608318,6.02808930478
1509265629,31.28840453,121.20449866,164316016,31.2884506912,121.204532108,0.0646762608318,6.02808930478
1509265630,31.28835125,121.20449614,164316016,31.2884335452,121.204555771,0.0511676043203,10.7467436254
1509265631,31.28835125,121.20449614,164316016,31.2884335452,121.204555771,0.0511676043203,10.7467436254
1509265632,31.28820859,121.20443899,164316016,31.2884115837,121.20458608,0.033865074142,26.5085489857
1509265633,31.28820859,121.20443899,164316016,31.2884115837,121.20458608,0.033865074142,26.5085489857
1509265634,31.28812399,121.20434584,164316016,31.2884267161,121.204565196,0.0457872648479,39.532411445
1509265635,31.28812399,121.20434584,164316016,31.2884267161,121.204565196,0.0457872648479,39.532411445
1509265636,31.28805003,121.20425331,164316012,31.2880271646,121.204283125,0.620086280745,3.8060600236
1509265638,31.28805003,121.20425331,164316012,31.2880271646,121.204283125,0.620086280745,3.8060600236
1509265639,31.28799136,121.20416309,164316012,31.2879479089,121.204228115,0.633496138336,7.84490311135
1509265640,31.28799136,121.20416309,164316012,31.2879479089,121.204228115,0.633496138336,7.84490311135
1509265641,31.28787963,121.20410471,164316012,31.2878503222,121.204187576,0.648210717118,8.533121439
1509265642,31.28787963,121.20410471,164316012,31.2878503222,121.204187576,0.648210717118,8.533121439
1509265643,31.28778981,121.20410355,164316012,31.2877782523,121.204171369,0.658506154435,6.58331298455
1509265644,31.28778981,121.20410355,164316012,31.2877782523,121.204171369,0.658506154435,6.58331298455
1509265645,31.28769632,121.20408816,164316012,31.28769632,121.2041626,0.669992807886,7.08786142972
1509265646,31.28769632,121.20408816,164316012,31.28769632,121.2041626,0.669992807886,7.08786142972
1509265647,31.28756456,121.20409385,164316012,31.28756456,121.2041626,0.688299403189,6.54609283821
1509265648,31.28756456,121.20409385,164316012,31.28756456,121.2041626,0.688299403189,6.54609283821
1509265649,31.28746292,121.20411139,164316012,31.2874762993,121.204176408,0.700757597509,6.36598849833
1509265650,31.28746292,121.20411139,164316012,31.2874762993,121.204176408,0.700757597509,6.36598849833
1509265651,31.28736875,121.20415124,164316012,31.2873780877,121.204196618,0.714688913416,4.4429941967
1509265653,31.28736875,121.20415124,164316012,31.2873780877,121.204196618,0.714688913416,4.4429941967
1509265654,31.28728918,121.20420183,164316012,31.2873045456,121.204232358,0.726069368776,3.36921823287
1509265656,31.2872058,121.20430115,164316012,31.2871974127,121.204287573,0.742821103538,1.59251410827
1509265657,31.2872058,121.20430115,164316012,31.2871974127,121.204287573,0.742821103538,1.59251410827
1509265658,31.28711138,121.20438563,164316012,31.2870925008,121.204363456,0.760862712385,2.97311851838
1509265659,31.28711138,121.20438563,164316012,31.2870925008,121.204363456,0.760862712385,2.97311851838
1509265660,31.28701104,121.20446765,164316012,31.2870105802,121.204467303,0.779278592559,0.0607600504334
1509265661,31.28701104,121.20446765,164316012,31.2870105802,121.204467303,0.779278592559,0.0607600504334
1509265662,31.28694596,121.20455904,164316012,31.2869430224,121.204556857,0.794864633735,0.386355392475
1509265663,31.28694596,121.20455904,164316012,31.2869430224,121.204556857,0.794864633735,0.386355392475
1509265664,31.28688087,121.20462935,164316012,31.2868862133,121.20463332,0.808099455035,0.702753230356
1509265665,31.28688087,121.20462935,164316012,31.2868862133,121.20463332,0.808099455035,0.702753230356
1509265666,31.28679475,121.20478295,164316012,31.2867820522,121.204773516,0.832365875284,1.67002517501
1509265667,31.28679475,121.20478295,164316012,31.2867820522,121.204773516,0.832365875284,1.67002517501
1509265668,31.28673623,121.204851,164316012,31.2867286617,121.204845377,0.844804252849,0.995383722798
1509265669,31.28673623,121.204851,164316012,31.2867286617,121.204845377,0.844804252849,0.995383722798
1509265671,31.28665302,121.20495049,164316012,31.2866514389,121.204949315,0.862794850464,0.207940910738
1509265672,31.28665302,121.20495049,164316012,31.2866514389,121.204949315,0.862794850464,0.207940910738
1509265673,31.28658912,121.20504318,164316012,31.2865843394,121.205039628,0.878427030562,0.628744323059
1509265674,31.28658912,121.20504318,164316012,31.2865843394,121.205039628,0.878427030562,0.628744323059
1509265675,31.28652969,121.20513666,164316012,31.2865184516,121.20512831,0.89377692989,1.47808719698
1509265676,31.28652969,121.20513666,164316012,31.2865184516,121.20512831,0.89377692989,1.47808719698
1509265677,31.28645988,121.20520967,164316012,31.2864586712,121.205208772,0.907703974552,0.158986628948
1509265678,31.28645988,121.20520967,164316012,31.2864586712,121.205208772,0.907703974552,0.158986628948
1509265679,31.28639521,121.20529892,164316012,31.2863929446,121.205297237,0.923016306152,0.297952066889
1509265680,31.28639521,121.20529892,164316012,31.2863929446,121.205297237,0.923016306152,0.297952066889
1509265681,31.28632847,121.20538172,164316012,31.2863295694,121.205382537,0.937780813243,0.144599344866
1509265682,31.28632847,121.20538172,164316012,31.2863295694,121.205382537,0.937780813243,0.144599344866
1509265683,31.28625794,121.20548405,164316012,31.286255497,121.205482235,0.955037474211,0.321305096853
1509265684,31.28625794,121.20548405,164316012,31.286255497,121.205482235,0.955037474211,0.321305096853
1509265685,31.28617376,121.20557631,164316012,31.2861813903,121.205581979,0.972302110041,1.0035487391
1509265686,31.28617376,121.20557631,164316012,31.2861813903,121.205581979,0.972302110041,1.0035487391
1509265687,31.28608996,121.20568676,164316012,31.286098711,121.205693262,0.991563925724,1.15093706569
1509265689,31.28608996,121.20568676,164316012,31.286098711,121.205693262,0.991563925724,1.15093706569
1509265690,31.28603582,121.20577369,164316031,31.286037695,121.205775095,0.164163118093,0.247225276282
1509265691,31.28603582,121.20577369,164316031,31.286037695,121.205775095,0.164163118093,0.247225276282
1509265692,31.28596035,121.20585538,164316031,31.2859713448,121.205863621,0.603277117474,1.44974303707
1509265693,31.28596035,121.20585538,164316031,31.2859713448,121.205863621,0.603277117474,1.44974303707
1509265694,31.28588295,121.20595409,164316021,31.2858965202,121.205963992,0.0110431565823,1.77559764299
1509265695,31.28588295,121.20595409,164316021,31.2858965202,121.205963992,0.0110431565823,1.77559764299
1509265696,31.28582195,121.20604664,164316021,31.2858312574,121.206053431,0.0594785070107,1.21782848056
1509265697,31.28582195,121.20604664,164316021,31.2858312574,121.206053431,0.0594785070107,1.21782848056
1509265698,31.28573513,121.20614788,164316021,31.2857528857,121.206160836,0.117642745862,2.32324482265
1509265699,31.28573513,121.20614788,164316021,31.2857528857,121.206160836,0.117642745862,2.32324482265
1509265700,31.28566259,121.2062584,164316021,31.2856750567,121.206267497,0.17540414998,1.63121228424
1509265701,31.28566259,121.2062584,164316021,31.2856750567,121.206267497,0.17540414998,1.63121228424
1509265702,31.28560512,121.20637644,164316021,31.2855988831,121.206371889,0.231937050625,0.816069554787
1509265703,31.28560512,121.20637644,164316021,31.2855988831,121.206371889,0.231937050625,0.816069554787
1509265704,31.28551329,121.20649003,164316021,31.2855128901,121.206489738,0.295757484622,0.0523264441318
1509265705,31.28551329,121.20649003,164316021,31.2855128901,121.206489738,0.295757484622,0.0523264441318
1509265707,31.28543129,121.20660674,164316021,31.285427931,121.206604238,0.358129992805,0.442132204076
1509265708,31.28543129,121.20660674,164316021,31.285427931,121.206604238,0.358129992805,0.442132204076
1509265709,31.28537875,121.20670473,164316021,31.2853622314,121.206692423,0.406237362986,2.17427380892
1509265710,31.28537875,121.20670473,164316021,31.2853622314,121.206692423,0.406237362986,2.17427380892
1509265711,31.28530382,121.2067976,164316021,31.2852909931,121.206788044,0.458400361492,1.68834801066
1509265712,31.28530382,121.2067976,164316021,31.2852909931,121.206788044,0.458400361492,1.68834801066
1509265713,31.28520778,121.20689767,164316021,31.2852087706,121.206898408,0.518606411275,0.130386450365
1509265714,31.28520778,121.20689767,164316021,31.2852087706,121.206898408,0.518606411275,0.130386450365
1509265715,31.2851755,121.2069459,164316021,31.2851741422,121.206944888,0.543962479215,0.178728177383
1509265716,31.2851755,121.2069459,164316021,31.2851741422,121.206944888,0.543962479215,0.178728177383
1509265717,31.28509734,121.20706771,164316021,31.2850881472,121.207060918,0.607142284382,1.20710357495
1509265718,31.28509734,121.20706771,164316021,31.2850881472,121.207060918,0.607142284382,1.20710357495
1509265719,31.28503416,121.20717511,164316021,31.2850145066,121.207160589,0.661354687949,2.58069371243
1509265720,31.28503416,121.20717511,164316021,31.2850145066,121.207160589,0.661354687949,2.58069371243
1509265721,31.284954,121.2072227,164316021,31.2849634555,121.207229686,0.698937203394,1.24160462997
1509265722,31.284954,121.2072227,164316021,31.2849634555,121.207229686,0.698937203394,1.24160462997
1509265723,31.28488134,121.20729016,164316021,31.2849055562,121.207308052,0.741561238092,3.17983137295
1509265725,31.28488134,121.20729016,164316021,31.2849055562,121.207308052,0.741561238092,3.17983137295
1509265726,31.28483199,121.2073661,164316021,31.2848518351,121.207380762,0.781109342266,2.60586593096
1509265727,31.28483199,121.2073661,164316021,31.2848518351,121.207380762,0.781109342266,2.60586593096
1509265728,31.28478426,121.20745,164316021,31.2847948817,121.207457848,0.823037016554,1.39473801794
1509265729,31.28478426,121.20745,164316021,31.2847948817,121.207457848,0.823037016554,1.39473801794
1509265730,31.28467399,121.20757804,164316021,31.2846947481,121.207593377,0.896752897916,2.72574563536
1509265731,31.28467399,121.20757804,164316021,31.2846947481,121.207593377,0.896752897916,2.72574563536
1509265732,31.28463933,121.20760323,164316021,31.2846704697,121.207626237,0.914626016484,4.08896219577
1509265733,31.28463933,121.20760323,164316021,31.2846704697,121.207626237,0.914626016484,4.08896219577
1509265734,31.28457047,121.20766867,164316021,31.2846148777,121.20770148,0.955551485305,5.83118237495
1509265735,31.28457047,121.20766867,164316021,31.2846148777,121.20770148,0.955551485305,5.83118237495
1509265736,31.2845019,121.20777641,164316021,31.2845546358,121.207783016,0.9999,5.88079103967
1509265737,31.2845019,121.20777641,164316021,31.2845546358,121.207783016,0.9999,5.88079103967
1509265738,31.2844504,121.2078677,164316021,31.2845546358,121.207783016,0.9999,14.0920666084
1509265740,31.2844504,121.2078677,164316021,31.2845546358,121.207783016,0.9999,14.0920666084
1509265741,31.28438725,121.20796063,164316021,31.2845546358,121.207783016,0.9999,25.1088715743
1509265742,31.28438725,121.20796063,164316021,31.2845546358,121.207783016,0.9999,25.1088715743
1509265743,31.28432288,121.20805361,164316021,31.2845546358,121.207783016,0.9999,36.3888957115
1509265744,31.28432288,121.20805361,164316021,31.2845546358,121.207783016,0.9999,36.3888957115
1509265745,31.2842406,121.20815568,164316021,31.2845546358,121.207783016,0.9999,49.714276326
1509265746,31.2842406,121.20815568,164316021,31.2845546358,121.207783016,0.9999,49.714276326
1509265747,31.28417397,121.20824091,164316057,31.2841860045,121.208249858,0.0399885749614,1.58313066878
1509265748,31.28417397,121.20824091,164316057,31.2841860045,121.208249858,0.0399885749614,1.58313066878
1509265749,31.28413835,121.20831924,164316057,31.2841358182,121.208317358,0.0523161863779,0.333055137749
1509265750,31.28413835,121.20831924,164316057,31.2841358182,121.208317358,0.0523161863779,0.333055137749
1509265751,31.28409204,121.20841145,164316057,31.2840751803,121.208398915,0.0672110953593,2.21787965313
1509265752,31.28409204,121.20841145,164316057,31.2840751803,121.208398915,0.0672110953593,2.21787965313
1509265753,31.28396665,121.20853205,164316057,31.2839727963,121.20853662,0.0923603741318,0.808544425599
1509265754,31.28396665,121.20853205,164316057,31.2839727963,121.20853662,0.0923603741318,0.808544425599
1509265755,31.28393554,121.20861086,164316057,31.2839239857,121.208602269,0.104350055758,1.51995342659
1509265756,31.28393554,121.20861086,164316057,31.2839239857,121.208602269,0.104350055758,1.51995342659
1509265758,31.28390549,121.20867043,164316057,31.2838847649,121.208655021,0.113984137307,2.72636811198
1509265759,31.28390549,121.20867043,164316057,31.2838847649,121.208655021,0.113984137307,2.72636811198
1509265760,31.28387307,121.20877814,164316057,31.2838216502,121.208739909,0.129487438554,6.76423319467
1509265761,31.28387307,121.20877814,164316057,31.2838216502,121.208739909,0.129487438554,6.76423319467
1509265762,31.28390527,121.20881638,164316057,31.2838148035,121.208749118,0.131169238765,11.900794157
1509265763,31.28390527,121.20881638,164316057,31.2838148035,121.208749118,0.131169238765,11.900794157
1509265764,31.28395063,121.20886583,164316057,31.2838072743,121.208759245,0.133018700372,18.8583645284
1509265765,31.28395063,121.20886583,164316057,31.2838072743,121.208759245,0.133018700372,18.8583645284
1509265766,31.28398658,121.20891153,164316057,31.2837981906,121.208771462,0.13524998082,24.7825147132
1509265767,31.28398658,121.20891153,164316057,31.2837981906,121.208771462,0.13524998082,24.7825147132
1509265768,31.28400876,121.20893163,164316057,31.2837964625,121.208773786,0.135674467084,27.9276111341
1509265769,31.28400876,121.20893163,164316057,31.2837964625,121.208773786,0.135674467084,27.9276111341
1509265770,31.28395947,121.20890747,164316057,31.2837904834,121.208781828,0.137143146566,22.2300850859
1509265771,31.28395947,121.20890747,164316057,31.2837904834,121.208781828,0.137143146566,22.2300850859
1509265772,31.28393011,121.20888776,164316057,31.2837894687,121.208783193,0.137392397686,18.5012797963
1509265773,31.28393011,121.20888776,164316057,31.2837894687,121.208783193,0.137392397686,18.5012797963
1509265774,31.28393011,121.20888776,164316057,31.2837894687,121.208783193,0.137392397686,18.5012797963
1509265776,31.28393792,121.20886855,164316057,31.2838014471,121.208767082,0.134450060493,17.9529285096
1509265777,31.28393792,121.20886855,164316057,31.2838014471,121.208767082,0.134450060493,17.9529285096
1509265778,31.28396172,121.20887058,164316057,31.2838089479,121.208756994,0.132607585677,20.0970771529
1509265779,31.28396172,121.20887058,164316057,31.2838089479,121.208756994,0.132607585677,20.0970771529
1509265780,31.2839663,121.20887618,164316057,31.283807897,121.208758407,0.1328657218,20.8378167038
1509265781,31.2839663,121.20887618,164316057,31.283807897,121.208758407,0.1328657218,20.8378167038
1509265782,31.28395504,121.2088839,164316057,31.283800192,121.20876877,0.134758357555,20.3701609466
1509265783,31.28395504,121.2088839,164316057,31.283800192,121.20876877,0.134758357555,20.3701609466
1509265784,31.28395758,121.20888217,164316057,31.2838019246,121.20876644,0.134332769408,20.4763750753
1509265785,31.28395758,121.20888217,164316057,31.2838019246,121.20876644,0.134332769408,20.4763750753
1509265786,31.28396071,121.20888035,164316057,31.2838039103,121.208763769,0.133845002359,20.6269037821
1509265787,31.28396071,121.20888035,164316057,31.2838039103,121.208763769,0.133845002359,20.6269037821
1509265788,31.28396558,121.20887811,164316057,31.2838067166,121.208759995,0.133155679799,20.8983865105
1509265790,31.28396558,121.20887811,164316057,31.2838067166,121.208759995,0.133155679799,20.8983865105
1509265791,31.28397013,121.20887836,164316057,31.2838082167,121.208757977,0.132787200763,21.2995993658
Time_cost 0.827535867691
