1523512033,31.28767537,121.20992311,164316020,31.2877855698,121.210424353,0.9999,49.2656324395
1523512036,31.28767537,121.20992311,164316020,31.2877855698,121.210424353,0.9999,49.2656324395
1523512039,31.28769292,121.20999614,164316020,31.2877855698,121.210424353,0.9999,42.0469489411
1523512043,31.28769292,121.20999614,164316020,31.2877855698,121.210424353,0.9999,42.0469489411
1523512046,31.28773465,121.21018539,164316020,31.2877855698,121.210424353,0.9999,23.4430883384
1523512049,31.28773465,121.21018539,164316020,31.2877855698,121.210424353,0.9999,23.4430883384
1523512052,31.28773465,121.21018539,164316020,31.2877855698,121.210424353,0.9999,23.4430883384
1523512055,31.28791811,121.21058904,164316020,31.2879494298,121.210547297,0.965022617986,5.27786826282
1523512058,31.28791811,121.21058904,164316020,31.2879494298,121.210547297,0.965022617986,5.27786826282
1523512061,31.28797377,121.21082184,164316020,31.288096818,121.210657966,0.933642729137,20.7266601552
1523512064,31.28797377,121.21082184,164316020,31.288096818,121.210657966,0.933642729137,20.7266601552
1523512067,31.28822501,121.21096266,164316020,31.2883250918,121.210829273,0.885051666583,16.8652565977
1523512070,31.28822501,121.21096266,164316020,31.2883250918,121.210829273,0.885051666583,16.8652565977
1523512073,31.28850398,121.21114122,164316020,31.2885870546,121.211024569,0.829419357857,14.4292969648
1523512076,31.28850398,121.21114122,164316020,31.2885870546,121.211024569,0.829419357857,14.4292969648
1523512079,31.28869972,121.21128266,164316020,31.288783759,121.211164655,0.788304942802,14.5967921555
1523512083,31.28869972,121.21128266,164316020,31.288783759,121.211164655,0.788304942802,14.5967921555
1523512086,31.28885676,121.21143964,164316020,31.2889621292,121.211291684,0.751022684609,18.3016255807
1523512089,31.28885676,121.21143964,164316020,31.2889621292,121.211291684,0.751022684609,18.3016255807
1523512092,31.28906433,121.2115875,164316020,31.2891723067,121.211450446,0.706164716102,17.7092120301
1523512095,31.28906433,121.2115875,164316020,31.2891723067,121.211450446,0.706164716102,17.7092120301
1523512098,31.28931927,121.2117623,164316020,31.2894145847,121.211641301,0.653654607937,15.6337173454
1523512101,31.28931927,121.2117623,164316020,31.2894145847,121.211641301,0.653654607937,15.6337173454
1523512104,31.28952131,121.21191804,164316020,31.2896149657,121.211799147,0.610225463439,15.3615998535
1523512107,31.28952131,121.21191804,164316020,31.2896149657,121.211799147,0.610225463439,15.3615998535
1523512110,31.28977686,121.21211805,164316020,31.2898698867,121.211999955,0.554975744427,15.2583978245
1523512113,31.28977686,121.21211805,164316020,31.2898698867,121.211999955,0.554975744427,15.2583978245
1523512116,31.29002575,121.21227531,164316020,31.2900999171,121.212181157,0.505120603719,12.1649697527
1523512119,31.29002575,121.21227531,164316020,31.2900999171,121.212181157,0.505120603719,12.1649697527
1523512122,31.29026634,121.21241945,164316020,31.2903180961,121.21234284,0.458857114,9.28097819841
1523512125,31.29026634,121.21241945,164316020,31.2903180961,121.21234284,0.458857114,9.28097819841
1523512129,31.29045733,121.21256006,164316020,31.2905144585,121.212475497,0.418511450841,10.2443471066
1523512132,31.29045733,121.21256006,164316020,31.2905144585,121.212475497,0.418511450841,10.2443471066
1523512135,31.29064872,121.21268582,164316020,31.2907040846,121.212582346,0.381421593436,11.6079901759
1523512138,31.29064872,121.21268582,164316020,31.2907040846,121.212582346,0.381421593436,11.6079901759
1523512141,31.29085341,121.21266336,164316020,31.2908538744,121.212662492,0.352498223848,0.0973585341392
1523512144,31.29085341,121.21266336,164316020,31.2908538744,121.212662492,0.352498223848,0.0973585341392
1523512147,31.29093085,121.21248486,164316020,31.2908398279,121.212654976,0.355210500378,19.0840841542
1523512150,31.291057,121.21223406,164316020,31.2908335754,121.212651631,0.356417807487,46.8441264751
1523512153,31.29111248,121.21209808,164316046,31.2910763051,121.212085605,0.433355753464,4.18306210996
1523512156,31.29115454,121.21198467,164316046,31.2911157294,121.211971286,0.39947074965,4.48783804066
1523512159,31.29118855,121.21182805,164316046,31.2911676157,121.211820831,0.354874708567,2.42072148854
1523512162,31.29121994,121.21167739,164316046,31.2912114951,121.211674981,0.312184130887,0.964000116317
1523512165,31.2912258,121.21156449,164316046,31.2912324012,121.21156543,0.28086644054,0.737348486079
1523512168,31.29124353,121.21142592,164316046,31.2912502726,121.211426166,0.241498309344,0.74795477026
1523512171,31.29124156,121.21129779,164316046,31.2912549392,121.211298278,0.205638663138,1.48414444821
1523512175,31.29124377,121.21115296,164316046,31.29126022,121.21115356,0.165059865361,1.82477565096
1523512178,31.29127991,121.21099397,164316046,31.2912660618,121.210993465,0.120169195026,1.53616587275
1523512181,31.29127991,121.21099397,164316046,31.2912660618,121.210993465,0.120169195026,1.53616587275
1523512184,31.29130272,121.21080332,164316046,31.2912730396,121.210802237,0.0665490975657,3.29240957058
1523512187,31.29130272,121.21080332,164316046,31.2912730396,121.210802237,0.0665490975657,3.29240957058
1523512190,31.29131691,121.21055812,164316046,31.291281687,121.210565257,0.0001,3.96400578674
1523512193,31.29131691,121.21055812,164316046,31.291281687,121.210565257,0.0001,3.96400578674
1523512196,31.29133736,121.21033939,164316046,31.291281687,121.210565257,0.0001,22.373723199
1523512199,31.29133736,121.21033939,164316046,31.291281687,121.210565257,0.0001,22.373723199
1523512202,31.29135524,121.2100946,164316046,31.291281687,121.210565257,0.0001,45.5484953121
1523512205,31.29137736,121.20985449,266345024,31.2913135694,121.209851998,0.771916216233,7.0767253979
1523512208,31.29138421,121.20972433,266345024,31.2913186577,121.209721769,0.686587335136,7.27216365051
1523512211,31.29137121,121.20960414,266345024,31.2913233268,121.209602269,0.608288467995,5.31201078973
1523512214,31.29137537,121.20946333,266345024,31.2913288265,121.209461511,0.516060863606,5.16339145408
1523512217,31.29138503,121.20930642,266345024,31.2913349626,121.209304464,0.41315966454,5.55431551536
1523512221,31.29139814,121.20916258,266345024,31.2913405942,121.209160332,0.318720983638,6.38395422035
1523512224,31.29139814,121.20916258,266345024,31.2913405942,121.209160332,0.318720983638,6.38395422035
1523512227,31.29140965,121.20895935,266345024,31.2913485402,121.208956962,0.185468844214,6.7793297874
1523512230,31.29140965,121.20895935,266345024,31.2913485402,121.208956962,0.185468844214,6.7793297874
1523512233,31.29137511,121.20868842,266345024,31.2913590572,121.208687793,0.00910286755077,1.78084951737
1523512236,31.29137511,121.20868842,266345024,31.2913590572,121.208687793,0.00910286755077,1.78084951737
1523512239,31.29116621,121.20853297,266345024,31.291359594,121.208674053,0.0001,25.301651252
1523512242,31.29088364,121.20855331,266345023,31.290876065,121.208565626,0.193520449436,1.44239312085
1523512245,31.29088364,121.20855331,266345023,31.290876065,121.208565626,0.193520449436,1.44239312085
1523512248,31.29072496,121.20852506,266345023,31.2907596426,121.208483045,0.248569965798,5.54888000199
1523512251,31.29072496,121.20852506,266345023,31.2907596426,121.208483045,0.248569965798,5.54888000199
1523512254,31.29056883,121.20836902,266345023,31.2905901797,121.208343157,0.333115008624,3.41575513441
1523512257,31.29056883,121.20836902,266345023,31.2905901797,121.208343157,0.333115008624,3.41575513441
1523512260,31.29043301,121.20814805,266345023,31.290400919,121.208186925,0.427537204948,5.1342580968
1523512263,31.29043301,121.20814805,266345023,31.290400919,121.208186925,0.427537204948,5.1342580968
1523512267,31.29028776,121.20796862,266345023,31.2902277775,121.2080459,0.513460749996,9.9181998344
1523512270,31.29028776,121.20796862,266345023,31.2902277775,121.2080459,0.513460749996,9.9181998344
1523512273,31.29012757,121.20777359,266345023,31.2900333451,121.207894987,0.60815760162,15.5803056453
1523512276,31.29012757,121.20777359,266345023,31.2900333451,121.207894987,0.60815760162,15.5803056453
1523512279,31.28990735,121.20759773,266345023,31.2898107327,121.2077222,0.716579644348,15.9752600762
1523512282,31.28990735,121.20759773,266345023,31.2898107327,121.2077222,0.716579644348,15.9752600762
1523512285,31.28973925,121.2074584,266345023,31.289638348,121.20758839,0.800540677568,16.6837431153
1523512288,31.28962454,121.20726564,266345023,31.289473399,121.207460352,0.880880063582,24.9905726985
1523512291,31.28951041,121.20727576,266345023,31.2894070823,121.207408875,0.913180003515,17.0848371892
1523512294,31.28935852,121.20736838,266345023,31.289357164,121.207370127,0.93749302378,0.224210979608
1523512297,31.28925453,121.20746975,266345023,31.2893413742,121.20735787,0.945183548955,14.3593638594
1523512300,31.28918863,121.20757475,266345023,31.2893511113,121.207365429,0.940441027471,26.8656871046
1523512303,31.28910136,121.20767678,266345023,31.2893460747,121.207361519,0.942894150633,40.4626842979
1523512306,31.28901651,121.20778099,164316033,31.2890338688,121.207792003,0.854232091442,2.19175941503
1523512309,31.28895048,121.20789135,164316033,31.2889650148,121.207900566,0.878247387246,1.83497935652
1523512313,31.28895048,121.20789135,164316033,31.2889650148,121.207900566,0.878247387246,1.83497935652
1523512316,31.28885763,121.20802956,164316033,31.288875882,121.208041133,0.90934028958,2.30425622982
1523512319,31.28885763,121.20802956,164316033,31.288875882,121.208041133,0.90934028958,2.30425622982
1523512322,31.28872331,121.20828258,164316033,31.2887229333,121.208282341,0.962694532854,0.0475516589619
1523512325,31.28872331,121.20828258,164316033,31.2887229333,121.208282341,0.962694532854,0.0475516589619
1523512328,31.28863193,121.20845504,164316033,31.2886187404,121.208446678,0.999043961025,1.66509850852
1523512331,31.28863193,121.20845504,164316033,31.2886187404,121.208446678,0.999043961025,1.66509850852
1523512334,31.28856474,121.20857908,164316074,31.288545781,121.208567669,0.494151940831,2.36624326214
1523512337,31.28856474,121.20857908,164316074,31.288545781,121.208567669,0.494151940831,2.36624326214
1523512340,31.28847803,121.20872653,164316038,31.2884575758,121.208714217,0.0197392051017,2.55297458646
1523512343,31.28836039,121.20891508,164316038,31.2883429696,121.208904593,0.15832123807,2.17431691308
1523512346,31.28827431,121.20904348,164316038,31.2882633366,121.209036874,0.254613579073,1.36963766674
1523512349,31.2882267,121.20913326,164316038,31.2882110016,121.20912381,0.317897197183,1.95939183095
1523512352,31.28818151,121.20922026,164316038,31.2881605386,121.209207635,0.378917055352,2.61753055577
1523512355,31.28811843,121.20933457,164316038,31.2880932496,121.209319411,0.460283090162,3.14288248808
1523512359,31.28804154,121.20945157,164316038,31.2880211011,121.20943927,0.54753049012,2.55089779268
1523512362,31.28795861,121.20958578,164316038,31.287939758,121.209574435,0.645913779221,2.3528505143
1523512365,31.28795861,121.20958578,164316038,31.287939758,121.209574435,0.645913779221,2.3528505143
Time_cost 0.125087022781
