1509264712,31.28415844,121.20976355,384531666,31.284504,121.20976355,0.180829395273,38.3137452317
1509264713,31.28415844,121.20976355,384531666,31.284504,121.20976355,0.180829395273,38.3137452317
1509264714,31.28415844,121.20976355,384531666,31.284504,121.20976355,0.180829395273,38.3137452317
1509264715,31.28415844,121.20976355,384531666,31.284504,121.20976355,0.180829395273,38.3137452317
1509264716,31.28415844,121.20976355,384531666,31.284504,121.20976355,0.180829395273,38.3137452317
1509264717,31.28415844,121.20976355,384531666,31.284504,121.20976355,0.180829395273,38.3137452317
1509264718,31.28415844,121.20976355,384531666,31.284504,121.20976355,0.180829395273,38.3137452317
1509264719,31.28415844,121.20976355,384531666,31.284504,121.20976355,0.180829395273,38.3137452317
1509264721,31.28415844,121.20976355,384531666,31.284504,121.20976355,0.180829395273,38.3137452317
1509264723,31.28415844,121.20976355,384531666,31.284504,121.20976355,0.180829395273,38.3137452317
1509264724,31.28426748,121.20991383,384531666,31.284504,121.20991383,0.221641952938,26.2240048007
1509264725,31.28426748,121.20991383,384531666,31.284504,121.20991383,0.221641952938,26.2240048007
1509264726,31.28426748,121.20991383,384531666,31.284504,121.20991383,0.221641952938,26.2240048007
1509264727,31.28428741,121.20987262,384531666,31.284504,121.20987262,0.210450274061,24.014278744
1509264728,31.28428741,121.20987262,384531666,31.284504,121.20987262,0.210450274061,24.014278744
1509264729,31.28428974,121.20987374,384531666,31.284504,121.20987374,0.21075444005,23.755941479
1509264730,31.28428974,121.20987374,384531666,31.284504,121.20987374,0.21075444005,23.755941479
1509264731,31.28428974,121.20987374,384531666,31.284504,121.20987374,0.21075444005,23.755941479
1509264732,31.28435634,121.20969945,384531666,31.284504,121.20969945,0.163421324029,16.3717088437
1509264733,31.28435634,121.20969945,384531666,31.284504,121.20969945,0.163421324029,16.3717088437
1509264734,31.28439428,121.20951411,384531666,31.284504,121.20951411,0.113087284651,12.1651354443
1509264735,31.28439428,121.20951411,384531666,31.284504,121.20951411,0.113087284651,12.1651354443
1509264737,31.28439161,121.20949253,384531666,31.284504,121.20949253,0.10722665786,12.4611699983
1509264738,31.28439161,121.20949253,384531666,31.284504,121.20949253,0.10722665786,12.4611699983
1509264739,31.28437029,121.20937082,384531666,31.284504,121.20937082,0.0741730486402,14.8250114568
1509264740,31.28437029,121.20937082,384531666,31.284504,121.20937082,0.0741730486402,14.8250114568
1509264741,31.28437871,121.20928684,384531666,31.284504,121.20928684,0.0513660311215,13.8914493065
1509264742,31.28437871,121.20928684,384531666,31.284504,121.20928684,0.0513660311215,13.8914493065
1509264743,31.28434211,121.2092176,384531666,31.284504,121.2092176,0.0325620552577,17.9494510477
1509264744,31.28434211,121.2092176,384531666,31.284504,121.2092176,0.0325620552577,17.9494510477
1509264745,31.28425127,121.2091989,384531666,31.284504,121.2091989,0.0274835695758,28.0212782214
1509264746,31.28425127,121.2091989,384531666,31.284504,121.2091989,0.0274835695758,28.0212782214
1509264747,31.28425127,121.2091989,384531666,31.284504,121.2091989,0.0274835695758,28.0212782214
1509264748,31.28405004,121.20911814,164316057,31.2837179938,121.208882056,0.155272963229,43.1360828429
1509264749,31.28405004,121.20911814,164316057,31.2837179938,121.208882056,0.155272963229,43.1360828429
1509264751,31.28396561,121.20908025,164316057,31.2837075382,121.208896762,0.157917458238,33.5260813768
1509264753,31.28388018,121.20902595,164316057,31.2837044966,121.20890104,0.158686751571,22.8230115406
1509264754,31.28388018,121.20902595,164316057,31.2837044966,121.20890104,0.158686751571,22.8230115406
1509264755,31.28373462,121.20905036,164316057,31.2836440932,121.208985996,0.173964365947,11.7603155384
1509264756,31.28373462,121.20905036,164316057,31.2836440932,121.208985996,0.173964365947,11.7603155384
1509264757,31.28369354,121.20907829,164316057,31.2836171093,121.209023948,0.180789308387,9.92909970238
1509264758,31.28369354,121.20907829,164316057,31.2836171093,121.209023948,0.180789308387,9.92909970238
1509264759,31.28356503,121.20915798,164316057,31.2835363242,121.20913757,0.201221965197,3.7291656312
1509264760,31.28356503,121.20915798,164316057,31.2835363242,121.20913757,0.201221965197,3.7291656312
1509264761,31.28353707,121.20920915,164316057,31.2835027703,121.209184763,0.209708623764,4.45586782955
1509264762,31.28353707,121.20920915,164316057,31.2835027703,121.209184763,0.209708623764,4.45586782955
1509264763,31.2834745,121.20930129,164316057,31.2834382467,121.209275514,0.226028341219,4.70966553886
1509264764,31.2834745,121.20930129,164316057,31.2834382467,121.209275514,0.226028341219,4.70966553886
1509264765,31.28336768,121.20945041,164316057,31.2833319555,121.20942501,0.252912158867,4.64096579445
1509264766,31.28336768,121.20945041,164316057,31.2833319555,121.20942501,0.252912158867,4.64096579445
1509264768,31.28334583,121.20948343,164316057,31.2833090247,121.209457262,0.258711949889,4.7813682633
1509264770,31.28323732,121.20962928,164316057,31.2832037104,121.209605384,0.285348701128,4.36622059764
1509264771,31.28323732,121.20962928,164316057,31.2832037104,121.209605384,0.285348701128,4.36622059764
1509264772,31.28320884,121.20967727,164316057,31.2831714837,121.20965071,0.293499679467,4.8529556392
1509264773,31.28320884,121.20967727,164316057,31.2831714837,121.20965071,0.293499679467,4.8529556392
1509264774,31.28302366,121.20979263,164316057,31.2830548246,121.209814788,0.323005804816,4.04859853132
1509264775,31.28302366,121.20979263,164316057,31.2830548246,121.209814788,0.323005804816,4.04859853132
1509264776,31.28302366,121.20979263,164316057,31.2830548246,121.209814788,0.323005804816,4.04859853132
1509264777,31.28294722,121.20994891,164316057,31.2829553655,121.2099547,0.348164630843,1.05811672254
1509264778,31.28294722,121.20994891,164316057,31.2829553655,121.2099547,0.348164630843,1.05811672254
1509264779,31.28294722,121.20994891,164316057,31.2829553655,121.2099547,0.348164630843,1.05811672254
1509264780,31.28287229,121.21007501,164316057,31.2828706663,121.210073856,0.369590664663,0.210915483451
1509264781,31.28287229,121.21007501,164316057,31.2828706663,121.210073856,0.369590664663,0.210915483451
1509264782,31.28282612,121.21015707,164316057,31.2828164178,121.210150173,0.383313722787,1.26033553308
1509264784,31.28282612,121.21015707,164316057,31.2828164178,121.210150173,0.383313722787,1.26033553308
1509264785,31.28276312,121.21026832,164316057,31.2827427357,121.21025383,0.401952810702,2.64796023482
1509264787,31.28263229,121.21040064,164316057,31.2826363353,121.210403516,0.428868507681,0.525492297935
1509264788,31.28263229,121.21040064,164316057,31.2826363353,121.210403516,0.428868507681,0.525492297935
1509264789,31.28262484,121.21044002,164316057,31.2826152384,121.210433195,0.434205316818,1.24726622927
1509264790,31.28262484,121.21044002,164316057,31.2826152384,121.210433195,0.434205316818,1.24726622927
1509264791,31.28252433,121.21053973,164316057,31.2825342722,121.210546875,0.454660325886,1.2953970378
1509264792,31.28252433,121.21053973,164316057,31.2825342722,121.210546875,0.454660325886,1.2953970378
1509264793,31.28248866,121.21060463,164316057,31.2824913671,121.210606576,0.465435281625,0.352716010446
1509264794,31.28248866,121.21060463,164316057,31.2824913671,121.210606576,0.465435281625,0.352716010446
1509264795,31.28248866,121.21060463,164316057,31.2824913671,121.210606576,0.465435281625,0.352716010446
1509264796,31.2824071,121.21080355,164316057,31.2823756793,121.210785497,0.496702635475,3.88477086359
1509264797,31.2824071,121.21080355,164316057,31.2823756793,121.210785497,0.496702635475,3.88477086359
1509264798,31.28235533,121.21096913,164316057,31.2822937913,121.210937774,0.522050668518,7.44775445131
1509264799,31.28235533,121.21096913,164316057,31.2822937913,121.210937774,0.522050668518,7.44775445131
1509264801,31.28233912,121.21102559,164316057,31.2822676113,121.210989154,0.530502158713,8.65437530169
1509264803,31.28233866,121.21112866,164316057,31.2822231269,121.21107712,0.544950350238,13.7176240616
1509264804,31.28233866,121.21112866,164316057,31.2822231269,121.21107712,0.544950350238,13.7176240616
1509264805,31.28230465,121.21124914,164316057,31.2821726556,121.211190256,0.563106899664,15.6721315894
1509264806,31.28230465,121.21124914,164316057,31.2821726556,121.211190256,0.563106899664,15.6721315894
1509264807,31.28224022,121.21140659,164316057,31.282101457,121.211363484,0.590592307454,15.9233831642
1509264808,31.28224022,121.21140659,164316057,31.282101457,121.211363484,0.590592307454,15.9233831642
1509264809,31.2821986,121.21154449,164316057,31.2820587259,121.211501038,0.611702841747,16.0508834691
1509264810,31.2821986,121.21154449,164316057,31.2820587259,121.211501038,0.611702841747,16.0508834691
1509264811,31.2821986,121.21154449,164316057,31.2820587259,121.211501038,0.611702841747,16.0508834691
1509264812,31.282105,121.21172074,164316057,31.2820053928,121.211696929,0.641474202862,11.2742290996
1509264813,31.282105,121.21172074,164316057,31.2820053928,121.211696929,0.641474202862,11.2742290996
1509264814,31.28204057,121.21193193,164316057,31.2819541537,121.211911272,0.673773714605,9.78118231798
1509264815,31.28204057,121.21193193,164316057,31.2819541537,121.211911272,0.673773714605,9.78118231798
1509264817,31.28202222,121.21197519,164316057,31.2819433795,121.211956343,0.680565486132,8.92370927262
1509264819,31.28200299,121.21209904,164316057,31.281924717,121.212089358,0.700266637883,8.72729760469
1509264820,31.28200299,121.21209904,164316057,31.281924717,121.212089358,0.700266637883,8.72729760469
1509264821,31.28197349,121.21224505,164316057,31.2819064847,121.212236762,0.722034911734,7.47096027327
1509264822,31.28197349,121.21224505,164316057,31.2819064847,121.212236762,0.722034911734,7.47096027327
1509264823,31.28195459,121.21235083,164316057,31.2818984127,121.212347178,0.738264037366,6.23832388029
1509264824,31.28195459,121.21235083,164316057,31.2818984127,121.212347178,0.738264037366,6.23832388029
1509264825,31.28193014,121.21248828,164316057,31.281889412,121.212485632,0.758598884996,4.52271928536
1509264826,31.28193014,121.21248828,164316057,31.281889412,121.212485632,0.758598884996,4.52271928536
1509264827,31.28193014,121.21248828,164316057,31.281889412,121.212485632,0.758598884996,4.52271928536
1509264828,31.28196048,121.21270779,164316057,31.2818884,121.21270779,0.791163363698,7.99182116163
1509264829,31.28196048,121.21270779,164316057,31.2818884,121.21270779,0.791163363698,7.99182116163
1509264830,31.28192445,121.21281969,164316057,31.2818884,121.21281969,0.807563547668,3.99701931387
1509264831,31.28192445,121.21281969,164316057,31.2818884,121.21281969,0.807563547668,3.99701931387
1509264832,31.2819304,121.21294302,164316057,31.2818885893,121.212943094,0.825649821777,4.63573777711
1509264834,31.2819304,121.21294302,164316057,31.2818885893,121.212943094,0.825649821777,4.63573777711
1509264835,31.2819304,121.21294302,164316057,31.2818885893,121.212943094,0.825649821777,4.63573777711
1509264836,31.28192839,121.21319407,164316057,31.2818890347,121.21319414,0.862443398334,4.36349383191
1509264837,31.28192839,121.21319407,164316057,31.2818890347,121.21319414,0.862443398334,4.36349383191
1509264838,31.28193065,121.21326679,164316057,31.2818891638,121.213266864,0.873101890413,4.59976369352
1509264839,31.28193065,121.21326679,164316057,31.2818891638,121.213266864,0.873101890413,4.59976369352
1509264840,31.28193477,121.21338539,164316057,31.2818893742,121.213385471,0.890485077569,5.03323379071
1509264841,31.28193477,121.21338539,164316057,31.2818893742,121.213385471,0.890485077569,5.03323379071
1509264842,31.28193477,121.21338539,164316057,31.2818893742,121.213385471,0.890485077569,5.03323379071
1509264843,31.28193954,121.21359996,164316057,31.2818897549,121.213600048,0.921933877702,5.51989266533
1509264844,31.28193954,121.21359996,164316057,31.2818897549,121.213600048,0.921933877702,5.51989266533
1509264845,31.28193893,121.21372851,164316057,31.281889983,121.213728597,0.940774115241,5.42697088018
1509264846,31.28193893,121.21372851,164316057,31.281889983,121.213728597,0.940774115241,5.42697088018
1509264847,31.28192926,121.21387549,164316057,31.2818902438,121.213875559,0.962313113127,4.32590414927
1509264848,31.28192926,121.21387549,164316057,31.2818902438,121.213875559,0.962313113127,4.32590414927
1509264850,31.28198679,121.21408145,164316057,31.2818906094,121.214081621,0.992513744127,10.6639744279
1509264851,31.28198679,121.21408145,164316057,31.2818906094,121.214081621,0.992513744127,10.6639744279
1509264852,31.28198868,121.21417422,266157883,31.2818934537,121.214179789,0.00373059107178,10.5714557831
1509264853,31.28198868,121.21417422,266157883,31.2818934537,121.214179789,0.00373059107178,10.5714557831
1509264854,31.28199051,121.21430835,266157883,31.2818970181,121.214308755,0.0139380124685,10.3659184056
1509264855,31.28199051,121.21430835,266157883,31.2818970181,121.214308755,0.0139380124685,10.3659184056
1509264856,31.28197646,121.21444441,266157883,31.2818989485,121.214453999,0.0254320034028,8.64241464652
1509264857,31.28197646,121.21444441,266157883,31.2818989485,121.214453999,0.0254320034028,8.64241464652
1509264858,31.28195362,121.21452942,266157883,31.2819089628,121.214534945,0.0318827388767,4.97921117421
1509264859,31.28195362,121.21452942,266157883,31.2819089628,121.214534945,0.0318827388767,4.97921117421
1509264860,31.28196261,121.21467322,266157883,31.2819368171,121.214681166,0.0436978005788,2.95816552454
1509264861,31.28196261,121.21467322,266157883,31.2819368171,121.214681166,0.0436978005788,2.95816552454
1509264862,31.28199804,121.21482747,266157883,31.2819874345,121.214831849,0.0562803516807,1.24760401013
1509264863,31.28199804,121.21482747,266157883,31.2819874345,121.214831849,0.0562803516807,1.24760401013
1509264864,31.28199776,121.21485969,266157883,31.2819987589,121.214859278,0.0586273133987,0.11751000302
1509264866,31.28199776,121.21485969,266157883,31.2819987589,121.214859278,0.0586273133987,0.11751000302
1509264867,31.28204153,121.21494303,266157883,31.2820345302,121.21494592,0.0660408656306,0.823438024169
1509264868,31.28204153,121.21494303,266157883,31.2820345302,121.21494592,0.0660408656306,0.823438024169
1509264869,31.28213317,121.21505109,266157883,31.2821007077,121.215068642,0.077068776969,3.96835197975
1509264870,31.28213317,121.21505109,266157883,31.2821007077,121.215068642,0.077068776969,3.96835197975
1509264871,31.28223173,121.21517002,266157883,31.2822245461,121.21518007,0.0903086193686,1.24511006538
1509264872,31.28223173,121.21517002,266157883,31.2822245461,121.21518007,0.0903086193686,1.24511006538
1509264873,31.28223173,121.21517002,266157883,31.2822245461,121.21518007,0.0903086193686,1.24511006538
1509264874,31.2823617,121.21528937,266157883,31.2823653986,121.215284756,0.104193176784,0.600966620887
1509264875,31.2823617,121.21528937,266157883,31.2823653986,121.215284756,0.104193176784,0.600966620887
1509264876,31.2823617,121.21528937,266157883,31.2823653986,121.215284756,0.104193176784,0.600966620887
1509264877,31.28251248,121.21537825,266157883,31.2825005629,121.215393115,0.11789438801,1.93633722062
1509264878,31.28251248,121.21537825,266157883,31.2825005629,121.215393115,0.11789438801,1.93633722062
1509264879,31.28263013,121.21546816,266157883,31.2826160617,121.215485708,0.129602171839,2.28586397612
1509264880,31.28263013,121.21546816,266157883,31.2826160617,121.215485708,0.129602171839,2.28586397612
1509264881,31.28271301,121.21549975,266157883,31.2826819323,121.215538516,0.136279279026,5.04962025884
1509264883,31.28271301,121.21549975,266157883,31.2826819323,121.215538516,0.136279279026,5.04962025884
1509264884,31.28274478,121.21557429,266157883,31.2827376501,121.215583184,0.141927236527,1.15848633653
1509264885,31.28274478,121.21557429,266157883,31.2827376501,121.215583184,0.141927236527,1.15848633653
1509264886,31.28274478,121.21557429,266157883,31.2827376501,121.215583184,0.141927236527,1.15848633653
1509264887,31.28287947,121.21570247,266157883,31.282882199,121.215699066,0.156579741755,0.443424403669
1509264888,31.28287947,121.21570247,266157883,31.282882199,121.215699066,0.156579741755,0.443424403669
1509264889,31.28287947,121.21570247,266157883,31.282882199,121.215699066,0.156579741755,0.443424403669
1509264890,31.28301348,121.21580704,266157883,31.2830148116,121.215805379,0.170022297405,0.21636935652
1509264891,31.28301348,121.21580704,266157883,31.2830148116,121.215805379,0.170022297405,0.21636935652
1509264892,31.28304542,121.21595306,266157883,31.2831055173,121.215878096,0.179216865478,9.76480266909
1509264893,31.28304542,121.21595306,266157883,31.2831055173,121.215878096,0.179216865478,9.76480266909
1509264894,31.28313566,121.21600427,266157883,31.2831854398,121.215942163,0.187318105719,8.08928560689
1509264896,31.28313566,121.21600427,266157883,31.2831854398,121.215942163,0.187318105719,8.08928560689
1509264897,31.28316326,121.21602642,266157883,31.2832130536,121.215964296,0.190117004563,8.0915199697
1509264898,31.28316326,121.21602642,266157883,31.2832130536,121.215964296,0.190117004563,8.0915199697
1509264899,31.28330931,121.21610309,266157883,31.2833393924,121.216065558,0.202922561391,4.88842256169
1509264900,31.28330931,121.21610309,266157883,31.2833393924,121.216065558,0.202922561391,4.88842256169
1509264901,31.28335014,121.21613485,266157883,31.283379751,121.216097906,0.207013268849,4.81182800002
1509264902,31.28335014,121.21613485,266157883,31.283379751,121.216097906,0.207013268849,4.81182800002
1509264903,31.28335014,121.21613485,266157883,31.283379751,121.216097906,0.207013268849,4.81182800002
1509264904,31.28344312,121.21629565,266157883,31.2835148339,121.216206177,0.220705111727,11.6535797464
1509264905,31.28344312,121.21629565,266157883,31.2835148339,121.216206177,0.220705111727,11.6535797464
1509264906,31.28344312,121.21629565,266157883,31.2835148339,121.216206177,0.220705111727,11.6535797464
1509264907,31.28354585,121.21642136,266157883,31.2836224243,121.21628742,0.231387533526,15.3213130847
1509264908,31.28354585,121.21642136,266157883,31.2836224243,121.21628742,0.231387533526,15.3213130847
1509264909,31.28367089,121.21640533,266157883,31.2837039,121.216334,0.238810156535,7.71537204457
1509264910,31.28367089,121.21640533,266157883,31.2837039,121.216334,0.238810156535,7.71537204457
1509264911,31.28371587,121.21646186,266157883,31.2837485881,121.216346696,0.242484384764,11.5504033454
1509264912,31.28371587,121.21646186,266157883,31.2837485881,121.216346696,0.242484384764,11.5504033454
1509264913,31.28378078,121.21646253,266157883,31.2838088265,121.21636381,0.247437140805,9.90117201023
1509264915,31.28378078,121.21646253,266157883,31.2838088265,121.21636381,0.247437140805,9.90117201023
1509264916,31.28380236,121.2164777,266157883,31.2838278,121.2163692,0.248997131918,10.709517386
1509264917,31.28380236,121.2164777,266157883,31.2838278,121.2163692,0.248997131918,10.709517386
1509264918,31.28385546,121.21647799,266157883,31.2838637084,121.216371994,0.251845694329,10.1342772306
1509264919,31.28385546,121.21647799,266157883,31.2838637084,121.216371994,0.251845694329,10.1342772306
1509264920,31.28385546,121.21647799,266157883,31.2838637084,121.216371994,0.251845694329,10.1342772306
1509264921,31.28395976,121.21647138,266157883,31.2839653,121.2163799,0.259904814617,8.73231148804
1509264922,31.28395976,121.21647138,266157883,31.2839653,121.2163799,0.259904814617,8.73231148804
1509264923,31.28395976,121.21647138,266157883,31.2839653,121.2163799,0.259904814617,8.73231148804
1509264924,31.28395976,121.21647138,266157883,31.2839653,121.2163799,0.259904814617,8.73231148804
1509264925,31.28413605,121.21646656,266157883,31.2841355887,121.216385218,0.273380271509,7.74546306785
1509264926,31.28413605,121.21646656,266157883,31.2841355887,121.216385218,0.273380271509,7.74546306785
1509264928,31.28413605,121.21646656,266157883,31.2841355887,121.216385218,0.273380271509,7.74546306785
1509264929,31.28444655,121.21642722,266157883,31.2844463018,121.216383456,0.297954810239,4.16724083857
1509264930,31.28444655,121.21642722,266157883,31.2844463018,121.216383456,0.297954810239,4.16724083857
1509264931,31.28457321,121.21644136,266157883,31.2845728775,121.216382738,0.307965781757,5.58201737869
1509264932,31.28457321,121.21644136,266157883,31.2845728775,121.216382738,0.307965781757,5.58201737869
1509264933,31.28457321,121.21644136,266157883,31.2845728775,121.216382738,0.307965781757,5.58201737869
1509264934,31.28473957,121.21649923,266157883,31.284738904,121.216381797,0.321096940383,11.1821657565
1509264935,31.28473957,121.21649923,266157883,31.284738904,121.216381797,0.321096940383,11.1821657565
1509264936,31.28482641,121.21647706,266157883,31.2848258669,121.216381303,0.327974905935,9.11806404917
1509264937,31.28482641,121.21647706,266157883,31.2848258669,121.216381303,0.327974905935,9.11806404917
1509264938,31.28482641,121.21647706,266157883,31.2848258669,121.216381303,0.327974905935,9.11806404917
1509264939,31.28482641,121.21647706,266157883,31.2848258669,121.216381303,0.327974905935,9.11806404917
1509264940,31.28500994,121.21644452,266157883,31.2850095587,121.216380232,0.342503243302,6.12151321791
1509264941,31.28500994,121.21644452,266157883,31.2850095587,121.216380232,0.342503243302,6.12151321791
1509264942,31.28513564,121.21640949,266157883,31.2851173857,121.216360575,0.351307200876,5.07838719315
1509264944,31.28513564,121.21640949,266157883,31.2851173857,121.216360575,0.351307200876,5.07838719315
1509264945,31.28518278,121.21639591,266157883,31.2851632115,121.216343473,0.355175695107,5.44397303262
1509264947,31.28526859,121.21633588,266157883,31.2852477885,121.216304785,0.362574105918,3.75305786309
1509264948,31.28526859,121.21633588,266157883,31.2852477885,121.216304785,0.362574105918,3.75305786309
1509264949,31.28537651,121.21628908,266157883,31.2853439718,121.216240441,0.371726443837,5.87061120744
1509264950,31.28537651,121.21628908,266157883,31.2853439718,121.216240441,0.371726443837,5.87061120744
1509264951,31.2854639,121.2162363,266157883,31.285411036,121.216182282,0.378773694294,7.79809331381
1509264952,31.2854639,121.2162363,266157883,31.285411036,121.216182282,0.378773694294,7.79809331381
1509264953,31.28553477,121.21616307,266157883,31.2854804,121.2161144,0.386449560778,7.60368531863
1509264954,31.28553477,121.21616307,266157883,31.2854804,121.2161144,0.386449560778,7.60368531863
1509264955,31.28553477,121.21616307,266157883,31.2854804,121.2161144,0.386449560778,7.60368531863
1509264956,31.28563646,121.21610029,266157883,31.2855371272,121.216031948,0.39436493083,12.7922552949
1509264957,31.28563646,121.21610029,266157883,31.2855371272,121.216031948,0.39436493083,12.7922552949
1509264959,31.28568992,121.21597211,266157883,31.2856057471,121.215922447,0.404591172646,10.4622853164
1509264961,31.28572472,121.21592091,266157883,31.2856371413,121.215869238,0.409477369013,10.8856089114
1509264962,31.28572472,121.21592091,266157883,31.2856371413,121.215869238,0.409477369013,10.8856089114
1509264963,31.2857927,121.21583108,266157883,31.28569401,121.215772852,0.418328423508,12.2666841374
1509264964,31.2857927,121.21583108,266157883,31.28569401,121.215772852,0.418328423508,12.2666841374
1509264965,31.28586342,121.21565005,266157883,31.2857915006,121.215607617,0.433501868762,8.93922897732
1509264966,31.28586342,121.21565005,266157883,31.2857915006,121.215607617,0.433501868762,8.93922897732
1509264967,31.28588363,121.21555975,266157883,31.2858362385,121.21553179,0.440464980092,5.89046811979
1509264968,31.28588363,121.21555975,266157883,31.2858362385,121.21553179,0.440464980092,5.89046811979
1509264969,31.28593953,121.21544277,266157883,31.2859018681,121.21542055,0.450679936698,4.68113791888
1509264970,31.28593953,121.21544277,266157883,31.2859018681,121.21542055,0.450679936698,4.68113791888
1509264971,31.28603487,121.21532246,266157883,31.2859791387,121.215289579,0.462706756548,6.92705765181
1509264972,31.28603487,121.21532246,266157883,31.2859791387,121.215289579,0.462706756548,6.92705765181
1509264973,31.2861043,121.21517516,266157883,31.2860615313,121.215149927,0.475530795138,5.31588938733
1509264974,31.2861043,121.21517516,266157883,31.2860615313,121.215149927,0.475530795138,5.31588938733
1509264975,31.28614942,121.2150994,266157883,31.2861063376,121.215073982,0.482504703464,5.35487498339
1509264977,31.28614942,121.2150994,266157883,31.2861063376,121.215073982,0.482504703464,5.35487498339
1509264979,31.28616835,121.21506852,266157883,31.28612474,121.215042791,0.485368948844,5.42045754106
1509264980,31.28620922,121.21500722,266157883,31.2861621206,121.214979432,0.491187072512,5.85416883013
1509264981,31.28620922,121.21500722,266157883,31.2861621206,121.214979432,0.491187072512,5.85416883013
1509264982,31.28626921,121.21486744,266157883,31.2862387846,121.214849489,0.50311948639,3.7816922714
1509264983,31.28626921,121.21486744,266157883,31.2862387846,121.214849489,0.50311948639,3.7816922714
1509264984,31.28632559,121.21479779,266157883,31.2862838243,121.214773149,0.510129716216,5.19122046156
1509264985,31.28632559,121.21479779,266157883,31.2862838243,121.214773149,0.510129716216,5.19122046156
1509264986,31.28639048,121.2147229,266157883,31.2863333546,121.214689197,0.517838886867,7.10033549543
1509264987,31.28639048,121.2147229,266157883,31.2863333546,121.214689197,0.517838886867,7.10033549543
1509264988,31.28639048,121.2147229,266157883,31.2863333546,121.214689197,0.517838886867,7.10033549543
1509264989,31.28649998,121.21453628,266157883,31.2864433017,121.214502841,0.534951668345,7.04476046095
1509264990,31.28649998,121.21453628,266157883,31.2864433017,121.214502841,0.534951668345,7.04476046095
1509264991,31.28660531,121.21440504,266157883,31.2865279352,121.21435939,0.548124498355,9.61720317352
1509264992,31.28660531,121.21440504,266157883,31.2865279352,121.21435939,0.548124498355,9.61720317352
1509264993,31.28660529,121.21438888,266157883,31.2865350024,121.214347411,0.54922447883,8.73630717709
1509264994,31.28660529,121.21438888,266157883,31.2865350024,121.214347411,0.54922447883,8.73630717709
1509264996,31.2866697,121.21427839,266157883,31.286599989,121.214237262,0.559339354035,8.66463936898
1509264997,31.2866697,121.21427839,266157883,31.286599989,121.214237262,0.559339354035,8.66463936898
1509264998,31.28674806,121.21418578,266157883,31.2866607524,121.21413427,0.568796910622,10.8517820224
1509264999,31.28674806,121.21418578,266157883,31.2866607524,121.21413427,0.568796910622,10.8517820224
1509265000,31.28684118,121.21397666,266157883,31.286778994,121.213938264,0.586902149759,7.80414891674
1509265001,31.28684118,121.21397666,266157883,31.286778994,121.213938264,0.586902149759,7.80414891674
1509265002,31.28684118,121.21397666,266157883,31.286778994,121.213938264,0.586902149759,7.80414891674
1509265003,31.2869039,121.21378405,266157883,31.2868824062,121.213770779,0.602469986725,2.69741002001
1509265004,31.2869039,121.21378405,266157883,31.2868824062,121.213770779,0.602469986725,2.69741002001
1509265005,31.28696404,121.21361579,266157883,31.2869742212,121.213622076,0.616291979892,1.27771168847
1509265006,31.28696404,121.21361579,266157883,31.2869742212,121.213622076,0.616291979892,1.27771168847
1509265007,31.28699655,121.21361759,266157883,31.2869823897,121.213608847,0.617521669201,1.77707929571
1509265008,31.28699655,121.21361759,266157883,31.2869823897,121.213608847,0.617521669201,1.77707929571
1509265010,31.28709367,121.21346443,266157883,31.2870776615,121.213454546,0.631864055882,2.00901387417
1509265011,31.28709367,121.21346443,266157883,31.2870776615,121.213454546,0.631864055882,2.00901387417
1509265012,31.28715988,121.21338993,266157883,31.2871292392,121.213371011,0.639628648893,3.8453213978
1509265013,31.28715988,121.21338993,266157883,31.2871292392,121.213371011,0.639628648893,3.8453213978
1509265014,31.28722612,121.2133091,266157883,31.2871836376,121.213282886,0.647819369468,5.33067761964
1509265015,31.28722612,121.2133091,266157883,31.2871836376,121.213282886,0.647819369468,5.33067761964
1509265016,31.28725207,121.2132125,266157883,31.2872339815,121.213201332,0.655399413032,2.27002759866
1509265017,31.28725207,121.2132125,266157883,31.2872339815,121.213201332,0.655399413032,2.27002759866
1509265018,31.28725207,121.2132125,266157883,31.2872339815,121.213201332,0.655399413032,2.27002759866
1509265019,31.28727814,121.2130843,266157883,31.2872984835,121.21309686,0.665109988218,2.55301969662
1509265020,31.28727814,121.2130843,266157883,31.2872984835,121.21309686,0.665109988218,2.55301969662
1509265021,31.28737934,121.21309457,266157883,31.287321823,121.213059058,0.6686236673,7.21812847516
1509265022,31.28737934,121.21309457,266157883,31.287321823,121.213059058,0.6686236673,7.21812847516
1509265023,31.28747372,121.21323171,266157883,31.2872865677,121.21311616,0.663316103491,23.4867947247
1509265024,31.28747372,121.21323171,266157883,31.2872865677,121.21311616,0.663316103491,23.4867947247
1509265026,31.28753439,121.21324734,266157883,31.2872963253,121.213100356,0.664785072575,29.8760819932
1509265027,31.28753439,121.21324734,266157883,31.2872963253,121.213100356,0.664785072575,29.8760819932
1509265028,31.28753439,121.21324734,266157883,31.2872963253,121.213100356,0.664785072575,29.8760819932
1509265029,31.28753439,121.21324734,266157883,31.2872963253,121.213100356,0.664785072575,29.8760819932
1509265030,31.28753439,121.21324734,266157883,31.2872963253,121.213100356,0.664785072575,29.8760819932
1509265031,31.28753439,121.21324734,266157883,31.2872963253,121.213100356,0.664785072575,29.8760819932
1509265032,31.28753439,121.21324734,266157883,31.2872963253,121.213100356,0.664785072575,29.8760819932
1509265033,31.28762349,121.21355741,164316030,31.2877842834,121.213360504,0.906691931903,25.8717427945
1509265034,31.28762349,121.21355741,164316030,31.2877842834,121.213360504,0.906691931903,25.8717427945
1509265035,31.28779244,121.21367994,164316030,31.287945672,121.213492293,0.87176744815,24.6550866182
1509265036,31.28779244,121.21367994,164316030,31.287945672,121.213492293,0.87176744815,24.6550866182
1509265037,31.28779244,121.21367994,164316030,31.287945672,121.213492293,0.87176744815,24.6550866182
1509265039,31.28797173,121.21372705,164316030,31.2880592,121.213585,0.847199996227,16.6430826582
1509265041,31.28797173,121.21372705,164316030,31.2880592,121.213585,0.847199996227,16.6430826582
1509265042,31.28815857,121.21374722,164316030,31.288203867,121.213661025,0.819807342598,9.6218450105
1509265043,31.28815857,121.21374722,164316030,31.288203867,121.213661025,0.819807342598,9.6218450105
1509265044,31.2882886,121.21378277,164316030,31.2883159021,121.213712718,0.799093705867,7.32476910646
1509265045,31.2882886,121.21378277,164316030,31.2883159021,121.213712718,0.799093705867,7.32476910646
1509265046,31.2882886,121.21378277,164316030,31.2883159021,121.213712718,0.799093705867,7.32476910646
1509265047,31.28835958,121.21383702,164316030,31.2883958775,121.213743888,0.784706568827,9.73808618289
1509265048,31.28835958,121.21383702,164316030,31.2883958775,121.213743888,0.784706568827,9.73808618289
1509265049,31.28835958,121.21383702,164316030,31.2883958775,121.213743888,0.784706568827,9.73808618289
1509265050,31.28843192,121.21382674,164316030,31.2884551999,121.213767008,0.774034774396,6.24566570164
1509265051,31.28843192,121.21382674,164316030,31.2884551999,121.213767008,0.774034774396,6.24566570164
1509265052,31.28843192,121.21382674,164316030,31.2884551999,121.213767008,0.774034774396,6.24566570164
1509265053,31.28869132,121.21385449,164316030,31.2886970881,121.213818432,0.732413112088,3.49233142748
1509265054,31.28869132,121.21385449,164316030,31.2886970881,121.213818432,0.732413112088,3.49233142748
1509265055,31.28879115,121.21380235,164316030,31.2887902766,121.213827884,0.716682988683,2.4331206443
1509265056,31.28879115,121.21380235,164316030,31.2887902766,121.213827884,0.716682988683,2.4331206443
1509265057,31.28890894,121.21378632,164316030,31.2889073812,121.21383189,0.697043094589,4.34233577375
1509265059,31.28890894,121.21378632,164316030,31.2889073812,121.21383189,0.697043094589,4.34233577375
1509265060,31.28896536,121.21376857,164316030,31.2889630873,121.213833821,0.687700334795,6.21791148451
1509265061,31.28896536,121.21376857,164316030,31.2889630873,121.213833821,0.687700334795,6.21791148451
1509265062,31.2890512,121.21376575,164316030,31.2890598254,121.213835876,0.671466153593,6.74514347408
1509265063,31.2890512,121.21376575,164316030,31.2890598254,121.213835876,0.671466153593,6.74514347408
1509265064,31.28911432,121.21376919,164316030,31.2891215879,121.213828279,0.661035858068,5.68356596307
1509265065,31.28911432,121.21376919,164316030,31.2891215879,121.213828279,0.661035858068,5.68356596307
1509265066,31.28911432,121.21376919,164316030,31.2891215879,121.213828279,0.661035858068,5.68356596307
1509265067,31.28919307,121.21379761,164316030,31.2891957207,121.213819161,0.648516487205,2.07291490965
1509265068,31.28919307,121.21379761,164316030,31.2891957207,121.213819161,0.648516487205,2.07291490965
1509265069,31.28919307,121.21379761,164316030,31.2891957207,121.213819161,0.648516487205,2.07291490965
1509265070,31.28933895,121.21404789,164316030,31.2893089952,121.213805186,0.629386100099,23.3464571065
1509265071,31.28933895,121.21404789,164316030,31.2893089952,121.213805186,0.629386100099,23.3464571065
1509265073,31.28939383,121.21419665,164316030,31.2893105,121.213805,0.629131967716,38.4183276615
1509265074,31.28942702,121.21431312,164316024,31.2893558082,121.214319392,0.435940240253,7.9181265456
1509265076,31.28942702,121.21431312,164316024,31.2893558082,121.214319392,0.435940240253,7.9181265456
1509265077,31.28942869,121.21444337,164316024,31.2893672053,121.214448786,0.545599160011,6.83656108559
1509265078,31.28942869,121.21444337,164316024,31.2893672053,121.214448786,0.545599160011,6.83656108559
1509265079,31.28945752,121.21456771,164316024,31.2893782949,121.214574688,0.652299812183,8.80913475893
1509265080,31.28945752,121.21456771,164316024,31.2893782949,121.214574688,0.652299812183,8.80913475893
1509265081,31.28946797,121.21469113,164316024,31.2893891626,121.214698071,0.756865323965,8.76268895476
1509265082,31.28946797,121.21469113,164316024,31.2893891626,121.214698071,0.756865323965,8.76268895476
1509265083,31.28946797,121.21469113,164316024,31.2893891626,121.214698071,0.756865323965,8.76268895476
1509265084,31.28948923,121.21485878,164316024,31.2894039793,121.214866289,0.899427282825,9.47912029233
1509265085,31.28948923,121.21485878,164316024,31.2894039793,121.214866289,0.899427282825,9.47912029233
1509265086,31.28947996,121.21494392,164316024,31.2894118482,121.214950326,0.97068343315,7.57645574106
1509265087,31.28947996,121.21494392,164316024,31.2894118482,121.214950326,0.97068343315,7.57645574106
1509265088,31.28951674,121.21510346,164316065,31.2894260907,121.21511134,0.46179571065,10.0786505765
1509265090,31.28951674,121.21510346,164316065,31.2894260907,121.21511134,0.46179571065,10.0786505765
1509265091,31.28951758,121.21514405,164316065,31.2894295989,121.215151698,0.609195545041,9.78200161619
1509265092,31.28951758,121.21514405,164316065,31.2894295989,121.215151698,0.609195545041,9.78200161619
1509265093,31.28953285,121.21524611,164316047,31.2894389343,121.215259068,0.0001,10.4856866084
1509265094,31.28953285,121.21524611,164316047,31.2894389343,121.215259068,0.0001,10.4856866084
1509265095,31.28954868,121.21533882,164316047,31.2894472584,121.215348283,0.0243335105051,11.2810983082
1509265096,31.28954868,121.21533882,164316047,31.2894472584,121.215348283,0.0243335105051,11.2810983082
1509265097,31.28954868,121.21533882,164316047,31.2894472584,121.215348283,0.0243335105051,11.2810983082
1509265098,31.28957854,121.21550401,164316047,31.289462796,121.215514809,0.0695671949992,12.8741803606
1509265099,31.28957854,121.21550401,164316047,31.289462796,121.215514809,0.0695671949992,12.8741803606
1509265100,31.28957854,121.21550401,164316047,31.289462796,121.215514809,0.0695671949992,12.8741803606
1509265101,31.28958223,121.21562253,164316047,31.2894737908,121.215632648,0.101575744413,12.0616703321
1509265102,31.28958223,121.21562253,164316047,31.2894737908,121.215632648,0.101575744413,12.0616703321
1509265103,31.28960352,121.21577175,164316047,31.2894877772,121.215782549,0.142293598032,12.8740490258
1509265105,31.28960352,121.21577175,164316047,31.2894877772,121.215782549,0.142293598032,12.8740490258
1509265106,31.28962824,121.21584738,164316047,31.2894949862,121.215859813,0.163280838291,14.8217918127
1509265107,31.28962824,121.21584738,164316047,31.2894949862,121.215859813,0.163280838291,14.8217918127
1509265108,31.28962631,121.21588976,164316047,31.2894988896,121.215901649,0.174644708111,14.1729398852
1509265109,31.28962631,121.21588976,164316047,31.2894988896,121.215901649,0.174644708111,14.1729398852
1509265110,31.28962631,121.21588976,164316047,31.2894988896,121.215901649,0.174644708111,14.1729398852
1509265111,31.2896264,121.21596052,164316047,31.2895054356,121.215971806,0.193701682378,13.4548423444
1509265112,31.2896264,121.21596052,164316047,31.2895054356,121.215971806,0.193701682378,13.4548423444
1509265113,31.28966153,121.21599852,164316047,31.2895092538,121.216012728,0.20481722783,16.9376543171
1509265114,31.28966153,121.21599852,164316047,31.2895092538,121.216012728,0.20481722783,16.9376543171
1509265115,31.28966153,121.21599852,164316047,31.2895092538,121.216012728,0.20481722783,16.9376543171
1509265116,31.28979098,121.21599791,164316047,31.2895103146,121.216024097,0.207905457238,31.218359624
1509265117,31.28979098,121.21599791,164316047,31.2895103146,121.216024097,0.207905457238,31.218359624
1509265118,31.2899102,121.2160288,164316047,31.2895138521,121.216063831,0.218694316177,44.0712634766
1509265119,31.2899102,121.2160288,164316047,31.2895138521,121.216063831,0.218694316177,44.0712634766
1509265121,31.28992885,121.21612712,164316047,31.2895226193,121.216163025,0.245626385997,45.1701605647
1509265123,31.28992885,121.21612712,164316047,31.2895226193,121.216163025,0.245626385997,45.1701605647
1509265133,31.29018686,121.21640646,263922901,31.2905267575,121.216067508,0.0001,49.6161884575
1509265134,31.29018686,121.21640646,263922901,31.2905267575,121.216067508,0.0001,49.6161884575
1509265135,31.29018686,121.21640646,263922901,31.2905267575,121.216067508,0.0001,49.6161884575
1509265136,31.29037436,121.21626622,263922901,31.2905267575,121.216067508,0.0001,25.366832962
1509265138,31.29037436,121.21626622,263922901,31.2905267575,121.216067508,0.0001,25.366832962
1509265139,31.29043359,121.21620893,263922901,31.2905267575,121.216067508,0.0001,16.9711439212
1509265140,31.29043359,121.21620893,263922901,31.2905267575,121.216067508,0.0001,16.9711439212
1509265141,31.2904799,121.2161297,263922901,31.2905267575,121.216067508,0.0001,7.87747725985
1509265142,31.2904799,121.2161297,263922901,31.2905267575,121.216067508,0.0001,7.87747725985
1509265143,31.2904799,121.2161297,263922901,31.2905267575,121.216067508,0.0001,7.87747725985
1509265144,31.29054469,121.21600009,263922901,31.2905621814,121.216011068,0.0617170467978,2.20311012271
1509265145,31.29054469,121.21600009,263922901,31.2905621814,121.216011068,0.0617170467978,2.20311012271
1509265146,31.29054469,121.21600009,263922901,31.2905621814,121.216011068,0.0617170467978,2.20311012271
1509265147,31.29063178,121.21586901,263922901,31.2906379136,121.215871374,0.209256176032,0.716352875707
1509265148,31.29063178,121.21586901,263922901,31.2906379136,121.215871374,0.209256176032,0.716352875707
1509265149,31.290718,121.21570619,263922901,31.2906907287,121.215700926,0.374872926786,3.06495682748
1509265150,31.290718,121.21570619,263922901,31.2906907287,121.215700926,0.374872926786,3.06495682748
1509265151,31.29073319,121.2156213,263922901,31.2907070728,121.215616258,0.454608588594,2.93525210934
1509265153,31.29073319,121.2156213,263922901,31.2907070728,121.215616258,0.454608588594,2.93525210934
1509265154,31.29074534,121.21551466,263922901,31.2907273554,121.215511188,0.553558724922,2.0212449956
1509265155,31.29074534,121.21551466,263922901,31.2907273554,121.215511188,0.553558724922,2.0212449956
1509265156,31.29074879,121.21539394,263922901,31.2907371346,121.215393268,0.663120802276,1.29387542118
1509265157,31.29074879,121.21539394,263922901,31.2907371346,121.215393268,0.663120802276,1.29387542118
1509265158,31.29075545,121.21528587,263922901,31.2907389241,121.215287802,0.760922119971,1.84150903894
1509265159,31.29075545,121.21528587,263922901,31.2907389241,121.215287802,0.760922119971,1.84150903894
1509265160,31.29075545,121.21528587,263922901,31.2907389241,121.215287802,0.760922119971,1.84150903894
1509265161,31.29073404,121.21516537,263922901,31.2907247371,121.215166458,0.873891510132,1.03664100008
1509265162,31.29073404,121.21516537,263922901,31.2907247371,121.215166458,0.873891510132,1.03664100008
1509265163,31.2906889,121.21498447,263922900,31.2906976129,121.214982445,0.190338637582,0.985100053197
1509265164,31.2906889,121.21498447,263922900,31.2906976129,121.214982445,0.190338637582,0.985100053197
1509265165,31.29068076,121.2149537,263922900,31.2906904096,121.214951457,0.311811524597,1.09100046132
1509265166,31.29068076,121.2149537,263922900,31.2906904096,121.214951457,0.311811524597,1.09100046132
1509265168,31.29064347,121.2147557,263922899,31.2906439165,121.214755575,0.0263345830739,0.0509086231034
1509265169,31.29064347,121.2147557,263922899,31.2906439165,121.214755575,0.0263345830739,0.0509086231034
1509265170,31.29063535,121.2147108,263922899,31.2906316827,121.214711825,0.0830202751263,0.418165440232
1509265171,31.29063535,121.2147108,263922899,31.2906316827,121.214711825,0.0830202751263,0.418165440232
1509265172,31.29060955,121.21451963,263922899,31.290570017,121.21453906,0.312839726922,4.75759244648
1509265173,31.29060955,121.21451963,263922899,31.290570017,121.21453906,0.312839726922,4.75759244648
1509265174,31.29065908,121.2143897,263922899,31.2905318,121.2144613,0.420954791425,15.6724665614
1509265175,31.29065908,121.2143897,263922899,31.2905318,121.2144613,0.420954791425,15.6724665614
1509265176,31.29065908,121.2143897,263922899,31.2905318,121.2144613,0.420954791425,15.6724665614
1509265177,31.29059052,121.21424716,263922899,31.2904497796,121.214256374,0.699815609411,15.6291635286
1509265178,31.29059052,121.21424716,263922899,31.2904497796,121.214256374,0.699815609411,15.6291635286
1509265179,31.29066002,121.21418038,263922899,31.2904745471,121.214125841,0.867693810895,21.2097267728
1509265180,31.29066002,121.21418038,263922899,31.2904745471,121.214125841,0.867693810895,21.2097267728
1509265181,31.2907262,121.21416054,263922899,31.2904880262,121.214083749,0.922844856732,27.4008862956
1509265182,31.2907262,121.21416054,263922899,31.2904880262,121.214083749,0.922844856732,27.4008862956
1509265184,31.29080849,121.21414486,263922899,31.2905003543,121.214045512,0.972975920063,35.4497146273
1509265185,31.29080849,121.21414486,263922899,31.2905003543,121.214045512,0.972975920063,35.4497146273
1509265186,31.29080849,121.21414486,263922899,31.2905003543,121.214045512,0.972975920063,35.4497146273
1509265187,31.29096212,121.21415212,164316030,31.2909492304,121.214187234,0.336226300783,3.63591945112
1509265188,31.29096212,121.21415212,164316030,31.2909492304,121.214187234,0.336226300783,3.63591945112
1509265189,31.29096212,121.21415212,164316030,31.2909492304,121.214187234,0.336226300783,3.63591945112
1509265190,31.29105581,121.21417981,164316030,31.2910407525,121.21422083,0.319885001331,4.24745182575
1509265191,31.29105581,121.21417981,164316030,31.2910407525,121.21422083,0.319885001331,4.24745182575
1509265192,31.29105581,121.21417981,164316030,31.2910407525,121.21422083,0.319885001331,4.24745182575
1509265193,31.2911228,121.21421276,164316030,31.2911104466,121.214246413,0.30744108231,3.48465592312
1509265194,31.2911228,121.21421276,164316030,31.2911104466,121.214246413,0.30744108231,3.48465592312
1509265195,31.2911228,121.21421276,164316030,31.2911104466,121.214246413,0.30744108231,3.48465592312
1509265196,31.2912568,121.2142953,164316030,31.2912552355,121.214299562,0.281588982309,0.441328489864
1509265197,31.2912568,121.2142953,164316030,31.2912552355,121.214299562,0.281588982309,0.441328489864
1509265199,31.29136375,121.21437564,164316030,31.2913754747,121.2143437,0.260120219063,3.30731284352
1509265200,31.29142947,121.21438266,164316030,31.2914356616,121.214365793,0.249373831162,1.74652057812
1509265202,31.29142947,121.21438266,164316030,31.2914356616,121.214365793,0.249373831162,1.74652057812
1509265203,31.29142947,121.21438266,164316030,31.2914356616,121.214365793,0.249373831162,1.74652057812
1509265204,31.29149224,121.21438251,164316030,31.2914909293,121.214386081,0.23950575446,0.369721000887
1509265205,31.29149224,121.21438251,164316030,31.2914909293,121.214386081,0.23950575446,0.369721000887
1509265206,31.29155647,121.21437811,164316030,31.2915532782,121.214400488,0.228722394987,2.15986636271
1509265207,31.29155647,121.21437811,164316030,31.2915532782,121.214400488,0.228722394987,2.15986636271
1509265208,31.29166685,121.21438122,164316030,31.2916618922,121.21441598,0.210332882725,3.35488003588
1509265209,31.29166685,121.21438122,164316030,31.2916618922,121.21441598,0.210332882725,3.35488003588
1509265210,31.29166685,121.21438122,164316030,31.2916618922,121.21441598,0.210332882725,3.35488003588
1509265211,31.29178902,121.2143758,164316030,31.2917799403,121.214433868,0.190320045676,5.61966798772
1509265212,31.29178902,121.2143758,164316030,31.2917799403,121.214433868,0.190320045676,5.61966798772
1509265213,31.29183887,121.21434531,164316030,31.2918589291,121.214439563,0.176888544129,9.24546714076
1509265214,31.29183887,121.21434531,164316030,31.2918589291,121.214439563,0.176888544129,9.24546714076
1509265215,31.29186203,121.21432696,164316030,31.2918848217,121.214434052,0.172451387924,10.5049758847
1509265216,31.29186203,121.21432696,164316030,31.2918848217,121.214434052,0.172451387924,10.5049758847
1509265218,31.29201481,121.21431653,164316030,31.2920408169,121.21439511,0.14546655936,8.01810938226
1509265219,31.29201481,121.21431653,164316030,31.2920408169,121.21439511,0.14546655936,8.01810938226
1509265220,31.29213827,121.21429213,164316030,31.2921593669,121.214355874,0.124535878803,6.50430686937
1509265221,31.29213827,121.21429213,164316030,31.2921593669,121.214355874,0.124535878803,6.50430686937
1509265222,31.29222145,121.21428739,164316030,31.2922368007,121.214328953,0.110792880516,4.30777299008
1509265223,31.29222145,121.21428739,164316030,31.2922368007,121.214328953,0.110792880516,4.30777299008
1509265224,31.29222145,121.21428739,164316030,31.2922368007,121.214328953,0.110792880516,4.30777299008
1509265225,31.29230376,121.2142463,164316030,31.292322585,121.21429727,0.0954648626526,5.28274978446
1509265226,31.29230376,121.2142463,164316030,31.292322585,121.21429727,0.0954648626526,5.28274978446
1509265227,31.29230376,121.2142463,164316030,31.292322585,121.21429727,0.0954648626526,5.28274978446
1509265228,31.29242269,121.21421853,164316030,31.2924362647,121.214255285,0.0751524758544,3.80938306595
1509265229,31.29242269,121.21421853,164316030,31.2924362647,121.214255285,0.0751524758544,3.80938306595
1509265230,31.29251117,121.21420636,164316030,31.2925180801,121.214225054,0.060532821645,1.93773694491
1509265231,31.29251117,121.21420636,164316030,31.2925180801,121.214225054,0.060532821645,1.93773694491
1509265233,31.29257898,121.21420105,164316030,31.2925795499,121.214202639,0.0495658509962,0.163957603735
1509265235,31.29262973,121.21418335,164316030,31.2926301401,121.214184493,0.0405572576674,0.11796505372
1509265237,31.29263596,121.2141702,164316030,31.2926398389,121.214181014,0.0388301765761,1.11586340247
1509265238,31.29263596,121.2141702,164316030,31.2926398389,121.214181014,0.0388301765761,1.11586340247
1509265239,31.2926215,121.21415122,164316030,31.292633059,121.214183446,0.0400374866683,3.32519296647
1509265240,31.2926215,121.21415122,164316030,31.292633059,121.214183446,0.0400374866683,3.32519296647
1509265241,31.29261291,121.21415762,164316030,31.2926234142,121.214186906,0.0417549278861,3.02177355527
1509265242,31.29261291,121.21415762,164316030,31.2926234142,121.214186906,0.0417549278861,3.02177355527
1509265243,31.29261291,121.21415762,164316030,31.2926234142,121.214186906,0.0417549278861,3.02177355527
1509265244,31.2925553,121.21419284,164316030,31.2925611783,121.214209229,0.0528372973871,1.69101681991
1509265245,31.2925553,121.21419284,164316030,31.2925611783,121.214209229,0.0528372973871,1.69101681991
1509265246,31.29240153,121.21423017,164316030,31.2924138616,121.214263559,0.0791554812772,3.46054002761
1509265247,31.29240153,121.21423017,164316030,31.2924138616,121.214263559,0.0791554812772,3.46054002761
1509265248,31.292322,121.2142507,164316030,31.2923372056,121.21429187,0.0928524431801,4.26705453802
1509265249,31.292322,121.2142507,164316030,31.2923372056,121.21429187,0.0928524431801,4.26705453802
1509265251,31.29227061,121.2142685,164316030,31.2922861991,121.214310709,0.101966327962,4.3746774453
1509265252,31.29227061,121.2142685,164316030,31.2922861991,121.214310709,0.101966327962,4.3746774453
1509265253,31.29222563,121.21429052,164316030,31.2922394617,121.21432797,0.110317409175,3.88150674499
1509265254,31.29222563,121.21429052,164316030,31.2922394617,121.21432797,0.110317409175,3.88150674499
1509265255,31.29216139,121.2143086,164316030,31.2921752916,121.214350604,0.121724278766,4.28595257768
1509265256,31.29216139,121.2143086,164316030,31.2921752916,121.214350604,0.121724278766,4.28595257768
1509265257,31.29216139,121.2143086,164316030,31.2921752916,121.214350604,0.121724278766,4.28595257768
1509265258,31.2920246,121.21434653,164316030,31.2920406917,121.214395151,0.145488658144,4.96119543447
1509265259,31.2920246,121.21434653,164316030,31.2920406917,121.214395151,0.145488658144,4.96119543447
1509265260,31.2920246,121.21434653,164316030,31.2920406917,121.214395151,0.145488658144,4.96119543447
1509265261,31.29191693,121.214322,164316030,31.2919383527,121.21442266,0.163277876303,9.87398178502
1509265262,31.29191693,121.214322,164316030,31.2919383527,121.21442266,0.163277876303,9.87398178502
1509265263,31.2918582,121.2142267,164316030,31.2919015706,121.214430488,0.169581152234,19.9900781822
1509265264,31.2918582,121.2142267,164316030,31.2919015706,121.214430488,0.169581152234,19.9900781822
1509265266,31.29186292,121.21419735,164316030,31.2919120618,121.214428255,0.167783302235,22.6500764555
1509265267,31.29186292,121.21419735,164316030,31.2919120618,121.214428255,0.167783302235,22.6500764555
1509265268,31.29186194,121.21411266,164316030,31.2919283671,121.214424785,0.164989077226,30.6171353036
1509265269,31.29186194,121.21411266,164316030,31.2919283671,121.214424785,0.164989077226,30.6171353036
1509265270,31.29186194,121.21411266,164316030,31.2919283671,121.214424785,0.164989077226,30.6171353036
1509265271,31.29182609,121.21395054,164316030,31.2917512173,121.214429377,0.195192920797,46.3407488001
1509265272,31.29182609,121.21395054,164316030,31.2917512173,121.214429377,0.195192920797,46.3407488001
1509265273,31.29180854,121.21385717,164316039,31.2917989264,121.213855548,0.308394640299,1.07702777426
1509265274,31.29180854,121.21385717,164316039,31.2917989264,121.213855548,0.308394640299,1.07702777426
1509265275,31.29180239,121.2138019,164316039,31.2918078208,121.213802816,0.287276082514,0.608415841247
1509265276,31.29180239,121.2138019,164316039,31.2918078208,121.213802816,0.287276082514,0.608415841247
1509265277,31.29180513,121.21370884,164316039,31.2918231588,121.213711881,0.250857948532,2.01978883782
1509265278,31.29180513,121.21370884,164316039,31.2918231588,121.213711881,0.250857948532,2.01978883782
1509265279,31.29178974,121.21354394,164316039,31.2918497773,121.213554066,0.187655650889,6.72606649178
1509265280,31.29178974,121.21354394,164316039,31.2918497773,121.213554066,0.187655650889,6.72606649178
1509265282,31.29176821,121.21354615,164316039,31.2918488193,121.213559746,0.189930353401,9.03077582343
1509265283,31.29176821,121.21354615,164316039,31.2918488193,121.213559746,0.189930353401,9.03077582343
1509265284,31.29181472,121.213374,164316039,31.2918783391,121.213384731,0.119839198379,7.12734533507
1509265285,31.29181472,121.213374,164316039,31.2918783391,121.213384731,0.119839198379,7.12734533507
1509265286,31.29185336,121.21331768,164316039,31.2918886447,121.213323631,0.095369907126,3.95299816193
1509265287,31.29185336,121.21331768,164316039,31.2918886447,121.213323631,0.095369907126,3.95299816193
1509265288,31.29187352,121.21329117,164316039,31.2918935501,121.213294548,0.0837226100773,2.24400489533
1509265289,31.29187352,121.21329117,164316039,31.2918935501,121.213294548,0.0837226100773,2.24400489533
1509265290,31.29187352,121.21329117,164316039,31.2918935501,121.213294548,0.0837226100773,2.24400489533
1509265291,31.29187607,121.21326112,164316039,31.291898549,121.213264912,0.0718534583016,2.51835410103
1509265292,31.29187607,121.21326112,164316039,31.291898549,121.213264912,0.0718534583016,2.51835410103
1509265293,31.29187607,121.21326112,164316039,31.291898549,121.213264912,0.0718534583016,2.51835410103
1509265294,31.29185736,121.21323712,164316039,31.2919019675,121.213244644,0.0637365960542,4.9974462197
1509265295,31.29185736,121.21323712,164316039,31.2919019675,121.213244644,0.0637365960542,4.9974462197
1509265296,31.29205464,121.2132761,164316039,31.2919010319,121.213250191,0.0659580927301,17.2089445088
1509265297,31.29205464,121.2132761,164316039,31.2919010319,121.213250191,0.0659580927301,17.2089445088
1509265299,31.29216327,121.2132633,164316039,31.2919061361,121.213219929,0.053838751345,28.8070908634
1509265300,31.29222395,121.21322694,164316039,31.2919166859,121.21316445,0.031534140022,34.5833965386
1509265302,31.29222395,121.21322694,164316039,31.2919166859,121.21316445,0.031534140022,34.5833965386
1509265303,31.29224629,121.21320652,164316039,31.2919215612,121.213140478,0.0218736856012,36.5490976547
1509265304,31.29224629,121.21320652,164316039,31.2919215612,121.213140478,0.0218736856012,36.5490976547
1509265305,31.29229971,121.21315939,164316039,31.2919325495,121.213086448,0.0001,41.2968813887
1509265306,31.29229971,121.21315939,164316039,31.2919325495,121.213086448,0.0001,41.2968813887
1509265307,31.292336,121.21315408,164316039,31.2919325495,121.213086448,0.0001,45.1934682842
1509265308,31.292336,121.21315408,164316039,31.2919325495,121.213086448,0.0001,45.1934682842
1509265309,31.292336,121.21315408,164316039,31.2919325495,121.213086448,0.0001,45.1934682842
1509265310,31.29241654,121.21315939,164316020,31.292405415,121.21319951,0.0711634978546,4.0140465952
1509265311,31.29241654,121.21315939,164316020,31.292405415,121.21319951,0.0711634978546,4.0140465952
1509265312,31.29241654,121.21315939,164316020,31.292405415,121.21319951,0.0711634978546,4.0140465952
1509265313,31.29268585,121.21311604,164316020,31.2926443332,121.213265761,0.0289517598753,14.9798742638
1509265314,31.29268585,121.21311604,164316020,31.2926443332,121.213265761,0.0289517598753,14.9798742638
1509265316,31.29268585,121.21311604,164316020,31.2926443332,121.213265761,0.0289517598753,14.9798742638
1509265318,31.29279893,121.21302807,164316020,31.2927266871,121.213288597,0.0144015822397,26.0662751559
1509265319,31.29283515,121.21293188,164316020,31.2927355524,121.213291055,0.0128352748665,35.9362430829
1509265320,31.29283515,121.21293188,164316020,31.2927355524,121.213291055,0.0128352748665,35.9362430829
1509265321,31.29283515,121.21293188,164316020,31.2927355524,121.213291055,0.0128352748665,35.9362430829
1509265322,31.29284621,121.21279853,164316020,31.2927114857,121.213284382,0.0170873584249,48.6104904692
1509265323,31.29284621,121.21279853,164316020,31.2927114857,121.213284382,0.0170873584249,48.6104904692
1509265324,31.29297817,121.2126554,164316009,31.2930048048,121.212657253,0.714879596157,2.95837985342
1509265325,31.29297817,121.2126554,164316009,31.2930048048,121.212657253,0.714879596157,2.95837985342
1509265326,31.29297817,121.2126554,164316009,31.2930048048,121.212657253,0.714879596157,2.95837985342
1509265327,31.29300405,121.21250214,164316009,31.2930155398,121.212502939,0.704600392547,1.27619817807
1509265328,31.29300405,121.21250214,164316009,31.2930155398,121.212502939,0.704600392547,1.27619817807
1509265329,31.29304185,121.21235311,164316009,31.2930241604,121.212352206,0.694567153573,1.96321765433
1509265330,31.29304185,121.21235311,164316009,31.2930241604,121.212352206,0.694567153573,1.96321765433
1509265332,31.29307475,121.21225978,164316009,31.2930290024,121.212257442,0.688261720736,5.07712579858
1509265333,31.29307475,121.21225978,164316009,31.2930290024,121.212257442,0.688261720736,5.07712579858
1509265335,31.2930742,121.21221897,164316009,31.2930310807,121.212216767,0.685555219602,4.78542779299
1509265336,31.29305923,121.21207022,164316009,31.2930386225,121.212069167,0.675734150498,2.28705038884
1509265337,31.29305923,121.21207022,164316009,31.2930386225,121.212069167,0.675734150498,2.28705038884
1509265338,31.2930563,121.21197868,164316009,31.2930432799,121.211978015,0.669669010369,1.44498112066
1509265339,31.2930563,121.21197868,164316009,31.2930432799,121.211978015,0.669669010369,1.44498112066
1509265340,31.2930563,121.21197868,164316009,31.2930432799,121.211978015,0.669669010369,1.44498112066
1509265341,31.29307616,121.21183139,164316009,31.293050838,121.211830096,0.659826726626,2.81027061107
1509265342,31.29307616,121.21183139,164316009,31.293050838,121.211830096,0.659826726626,2.81027061107
1509265343,31.29307616,121.21183139,164316009,31.293050838,121.211830096,0.659826726626,2.81027061107
1509265344,31.29309297,121.21167106,164316009,31.2930590526,121.211669327,0.649129382416,3.76419595533
1509265345,31.29309297,121.21167106,164316009,31.2930590526,121.211669327,0.649129382416,3.76419595533
1509265346,31.29312789,121.21151676,164316009,31.2930584257,121.211520408,0.63922012548,7.70964187716
1509265347,31.29312789,121.21151676,164316009,31.2930584257,121.211520408,0.63922012548,7.70964187716
1509265349,31.29310979,121.21141605,164316009,31.2930531021,121.211419027,0.6324738965,6.29163131921
1509265350,31.29309964,121.21137756,164316009,31.2930510586,121.211380111,0.629884315058,5.39191568133
1509265352,31.29309964,121.21137756,164316009,31.2930510586,121.211380111,0.629884315058,5.39191568133
1509265353,31.29296427,121.2112683,164316009,31.2930405758,121.211260145,0.621879303087,8.49592301448
1509265354,31.29296427,121.2112683,164316009,31.2930405758,121.211260145,0.621879303087,8.49592301448
1509265355,31.2929422,121.21117978,164316009,31.2930309733,121.211170293,0.615874445857,9.88405465487
1509265356,31.2929422,121.21117978,164316009,31.2930309733,121.211170293,0.615874445857,9.88405465487
1509265357,31.29290753,121.21108318,164316009,31.2930229953,121.211079915,0.60984198968,12.8059286065
1509265358,31.29290753,121.21108318,164316009,31.2930229953,121.211079915,0.60984198968,12.8059286065
1509265359,31.29290753,121.21108318,164316009,31.2930229953,121.211079915,0.60984198968,12.8059286065
1509265360,31.29286223,121.2109455,164316009,31.2930190688,121.210941065,0.600611465483,17.3945519686
1509265361,31.29286223,121.2109455,164316009,31.2930190688,121.210941065,0.600611465483,17.3945519686
1509265362,31.29284482,121.21081772,164316009,31.2930154444,121.210812895,0.592090940216,18.9234695351
1509265363,31.29284482,121.21081772,164316009,31.2930154444,121.210812895,0.592090940216,18.9234695351
1509265365,31.29284482,121.21081772,164316009,31.2930154444,121.210812895,0.592090940216,18.9234695351
1509265366,31.29288364,121.21074596,164316009,31.2930155086,121.210750555,0.587946270867,14.6274080173
1509265368,31.29292882,121.21071598,164316009,31.2930166067,121.210719039,0.585850703199,9.73766805261
1509265369,31.29292882,121.21071598,164316009,31.2930166067,121.210719039,0.585850703199,9.73766805261
1509265370,31.29295322,121.21063795,164316009,31.2930193519,121.210640254,0.580612148061,7.33562910233
1509265371,31.29295322,121.21063795,164316009,31.2930193519,121.210640254,0.580612148061,7.33562910233
1509265372,31.29297509,121.21055343,164316009,31.29302232,121.210555076,0.57494843671,5.2389419505
1509265373,31.29297509,121.21055343,164316009,31.29302232,121.210555076,0.57494843671,5.2389419505
1509265374,31.29298855,121.21049289,164316009,31.2930252867,121.210496225,0.571031535263,4.08552118972
1509265375,31.29298855,121.21049289,164316009,31.2930252867,121.210496225,0.571031535263,4.08552118972
1509265376,31.29300524,121.21040137,164316009,31.2930336644,121.210403951,0.56487449294,3.1611052231
1509265377,31.29300524,121.21040137,164316009,31.2930336644,121.210403951,0.56487449294,3.1611052231
1509265378,31.29300524,121.21040137,164316009,31.2930336644,121.210403951,0.56487449294,3.1611052231
1509265379,31.29304216,121.21021831,164316009,31.2930592907,121.210221335,0.552615318402,1.92107209423
1509265380,31.29304216,121.21021831,164316009,31.2930592907,121.210221335,0.552615318402,1.92107209423
1509265382,31.29307428,121.21013142,164316009,31.2930751428,121.210131572,0.546558106871,0.0967562496021
1509265383,31.29307428,121.21013142,164316009,31.2930751428,121.210131572,0.546558106871,0.0967562496021
1509265385,31.29309232,121.21003613,164316009,31.2930895773,121.210035742,0.540117422349,0.306330682002
1509265386,31.29316459,121.20989046,164316009,31.2931058687,121.209885662,0.530081419578,6.52670316324
1509265387,31.29316459,121.20989046,164316009,31.2931058687,121.209885662,0.530081419578,6.52670316324
1509265388,31.29317141,121.20983933,164316009,31.2931100641,121.209834317,0.526658115105,6.81842504254
1509265389,31.29317141,121.20983933,164316009,31.2931100641,121.209834317,0.526658115105,6.81842504254
1509265390,31.2931812,121.20968131,164316009,31.2931170057,121.20967958,0.516361819637,7.11941902754
1509265391,31.2931812,121.20968131,164316009,31.2931170057,121.20967958,0.516361819637,7.11941902754
1509265392,31.2931812,121.20968131,164316009,31.2931170057,121.20967958,0.516361819637,7.11941902754
1509265393,31.29313102,121.20943321,164316009,31.2931236499,121.209433011,0.49997092464,0.817374588085
1509265394,31.29313102,121.20943321,164316009,31.2931236499,121.209433011,0.49997092464,0.817374588085
1509265395,31.29312512,121.20938155,164316009,31.2931250367,121.209381548,0.496549829623,0.00924178019989
1509265396,31.29312512,121.20938155,164316009,31.2931250367,121.209381548,0.496549829623,0.00924178019989
1509265397,31.29315301,121.20929179,164316009,31.2931274739,121.209291102,0.490537354117,2.83206232955
1509265398,31.29315301,121.20929179,164316009,31.2931274739,121.209291102,0.490537354117,2.83206232955
1509265400,31.2931589,121.20907406,164316009,31.293133341,121.209073371,0.476063503328,2.83460007694
1509265401,31.2931589,121.20907406,164316009,31.293133341,121.209073371,0.476063503328,2.83460007694
1509265402,31.29316365,121.20903029,164316009,31.293134523,121.209029505,0.473147459456,3.23030103138
1509265403,31.29316365,121.20903029,164316009,31.293134523,121.209029505,0.473147459456,3.23030103138
1509265404,31.29317479,121.20889391,164316009,31.2931382035,121.208892924,0.464068106218,4.05760141395
1509265405,31.29317479,121.20889391,164316009,31.2931382035,121.208892924,0.464068106218,4.05760141395
1509265406,31.29321056,121.20878791,164316009,31.2931410837,121.208786038,0.456962739274,7.70521490238
1509265407,31.29321056,121.20878791,164316009,31.2931410837,121.208786038,0.456962739274,7.70521490238
1509265408,31.29321056,121.20878791,164316009,31.2931410837,121.208786038,0.456962739274,7.70521490238
1509265409,31.2932038,121.20851414,164316009,31.2931484506,121.208512649,0.438788922595,6.13847850181
1509265410,31.2932038,121.20851414,164316009,31.2931484506,121.208512649,0.438788922595,6.13847850181
1509265411,31.2932038,121.20851414,164316009,31.2931484506,121.208512649,0.438788922595,6.13847850181
1509265412,31.29317292,121.20832742,164316009,31.293153456,121.208326896,0.426440813972,2.15863402784
1509265413,31.29317292,121.20832742,164316009,31.293153456,121.208326896,0.426440813972,2.15863402784
1509265414,31.29319011,121.20813763,164316009,31.293158579,121.20813678,0.413802726625,3.49691797254
1509265415,31.29319011,121.20813763,164316009,31.293158579,121.20813678,0.413802726625,3.49691797254
1509265417,31.29319047,121.20809845,164316009,31.2931596343,121.208097619,0.411199444121,3.41981003766
1509265418,31.29318836,121.20799278,164316009,31.2931624781,121.207992083,0.404183803778,2.87040631199
1509265419,31.29318836,121.20799278,164316009,31.2931624781,121.207992083,0.404183803778,2.87040631199
1509265420,31.29331752,121.20788845,164316009,31.2931653812,121.20788435,0.397022202405,16.8728347829
1509265421,31.29331752,121.20788845,164316009,31.2931653812,121.20788435,0.397022202405,16.8728347829
1509265422,31.29332821,121.20780003,164316009,31.2931677698,121.207795707,0.391129528161,17.793488981
1509265423,31.29332821,121.20780003,164316009,31.2931677698,121.207795707,0.391129528161,17.793488981
1509265424,31.29332821,121.20780003,164316009,31.2931677698,121.207795707,0.391129528161,17.793488981
1509265425,31.29331237,121.20760084,164316009,31.2931707538,121.207600328,0.378143834506,15.7017087107
1509265426,31.29331237,121.20760084,164316009,31.2931707538,121.207600328,0.378143834506,15.7017087107
1509265427,31.29331237,121.20760084,164316009,31.2931707538,121.207600328,0.378143834506,15.7017087107
1509265428,31.29325321,121.20743315,164316009,31.2931713597,121.207432854,0.367014823326,9.0751563886
1509265429,31.29325321,121.20743315,164316009,31.2931713597,121.207432854,0.367014823326,9.0751563886
1509265430,31.29325023,121.20725095,164316009,31.2931702442,121.207252296,0.355015576173,8.86931524011
1509265431,31.29325023,121.20725095,164316009,31.2931702442,121.207252296,0.355015576173,8.86931524011
1509265432,31.29324226,121.20721765,164316009,31.2931696817,121.207218871,0.352794131403,8.04792886737
1509265433,31.29324226,121.20721765,164316009,31.2931696817,121.207218871,0.352794131403,8.04792886737
1509265434,31.29323895,121.20711691,164316009,31.2931669897,121.207120287,0.346239912105,7.98504548844
1509265436,31.29323895,121.20711691,164316009,31.2931669897,121.207120287,0.346239912105,7.98504548844
1509265437,31.29323051,121.2069712,164316009,31.2931601478,121.206974502,0.336541568462,7.80771256762
1509265438,31.29323051,121.2069712,164316009,31.2931601478,121.206974502,0.336541568462,7.80771256762
1509265439,31.29320159,121.2069179,164316009,31.2931561276,121.206921846,0.333031746186,5.05459867045
1509265440,31.29320159,121.2069179,164316009,31.2931561276,121.206921846,0.333031746186,5.05459867045
1509265441,31.29316302,121.20674864,164316009,31.2931412581,121.206750529,0.32160460991,2.41953532693
1509265442,31.29316302,121.20674864,164316009,31.2931412581,121.206750529,0.32160460991,2.41953532693
1509265443,31.29314798,121.20667507,164316009,31.2931324952,121.206677341,0.316704306776,1.73043826752
1509265444,31.29314798,121.20667507,164316009,31.2931324952,121.206677341,0.316704306776,1.73043826752
1509265445,31.29313698,121.20656138,164316009,31.2931159395,121.206564466,0.309123294949,2.35128163293
1509265446,31.29313698,121.20656138,164316009,31.2931159395,121.206564466,0.309123294949,2.35128163293
1509265447,31.29309492,121.20639105,164316009,31.2930849763,121.206393302,0.297556096085,1.12316149931
1509265448,31.29309492,121.20639105,164316009,31.2930849763,121.206393302,0.297556096085,1.12316149931
1509265450,31.29308274,121.2063876,164316009,31.2930836387,121.206387396,0.297153713401,0.101504887827
1509265451,31.29308274,121.2063876,164316009,31.2930836387,121.206387396,0.297153713401,0.101504887827
1509265452,31.29305975,121.20627898,164316009,31.2930591163,121.206279124,0.289776549496,0.0715747006762
1509265453,31.29305975,121.20627898,164316009,31.2930591163,121.206279124,0.289776549496,0.0715747006762
1509265454,31.29302799,121.20617988,164316009,31.2930362168,121.206178017,0.282887647581,0.929238278382
1509265455,31.29302799,121.20617988,164316009,31.2930362168,121.206178017,0.282887647581,0.929238278382
1509265456,31.29302234,121.20613719,164316009,31.2930267442,121.206136193,0.280037959056,0.497460728482
1509265457,31.29302234,121.20613719,164316009,31.2930267442,121.206136193,0.280037959056,0.497460728482
1509265458,31.29300624,121.20603681,164316009,31.2930017403,121.206038024,0.27330493441,0.512118116529
1509265459,31.29300624,121.20603681,164316009,31.2930017403,121.206038024,0.27330493441,0.512118116529
1509265460,31.2929658,121.20593701,164316009,31.2929738988,121.205934825,0.266201995808,0.921737823582
1509265461,31.2929658,121.20593701,164316009,31.2929738988,121.205934825,0.266201995808,0.921737823582
1509265462,31.29293507,121.20583815,164316009,31.2929469526,121.205834944,0.259327434358,1.35236935408
1509265463,31.29293507,121.20583815,164316009,31.2929469526,121.205834944,0.259327434358,1.35236935408
1509265464,31.29289912,121.20573578,164316009,31.2929177772,121.205730466,0.252118877162,2.12958259621
1509265466,31.29289912,121.20573578,164316009,31.2929177772,121.205730466,0.252118877162,2.12958259621
1509265468,31.29290919,121.20557975,164316009,31.2928774261,121.205588797,0.242330307985,3.62561406524
1509265469,31.29294982,121.20551174,164316009,31.2928625575,121.205536595,0.23872338831,9.96038500408
1509265470,31.29294982,121.20551174,164316009,31.2928625575,121.205536595,0.23872338831,9.96038500408
1509265471,31.292978,121.20543096,164316009,31.2928476341,121.205486235,0.235230964106,15.3825324701
1509265472,31.292978,121.20543096,164316009,31.2928476341,121.205486235,0.235230964106,15.3825324701
1509265473,31.29299995,121.20534747,164316009,31.2928209734,121.205423356,0.230692459767,21.1183573736
1509265474,31.29299995,121.20534747,164316009,31.2928209734,121.205423356,0.230692459767,21.1183573736
1509265475,31.29299995,121.20534747,164316009,31.2928209734,121.205423356,0.230692459767,21.1183573736
1509265476,31.29299307,121.20506678,164316009,31.2927171977,121.20519106,0.213785090151,32.7962274822
1509265477,31.29299307,121.20506678,164316009,31.2927171977,121.20519106,0.213785090151,32.7962274822
1509265478,31.29299307,121.20506678,164316009,31.2927171977,121.20519106,0.213785090151,32.7962274822
1509265479,31.29304567,121.20486147,164316009,31.292653119,121.205067069,0.204509072169,47.7234184485
1509265480,31.29304567,121.20486147,164316009,31.292653119,121.205067069,0.204509072169,47.7234184485
1509265482,31.29307276,121.20470409,266161866,31.292988201,121.204701747,0.969917366578,9.37809101251
1509265483,31.29307276,121.20470409,266161866,31.292988201,121.204701747,0.969917366578,9.37809101251
1509265484,31.29308748,121.20466473,266161866,31.2929893021,121.20466201,0.96420737268,10.8885083594
1509265485,31.29308748,121.20466473,266161866,31.2929893021,121.20466201,0.96420737268,10.8885083594
1509265486,31.293057,121.20453783,266161866,31.2929927923,121.204536051,0.946107949028,7.12101108687
1509265487,31.293057,121.20453783,266161866,31.2929927923,121.204536051,0.946107949028,7.12101108687
1509265488,31.29301644,121.204353,266161866,31.2929978788,121.204352486,0.919730862616,2.05855115337
1509265489,31.29301644,121.204353,266161866,31.2929978788,121.204352486,0.919730862616,2.05855115337
1509265490,31.29302683,121.2042999,266161866,31.292999357,121.204299139,0.912065264668,3.04692219121
1509265491,31.29302683,121.2042999,266161866,31.292999357,121.204299139,0.912065264668,3.04692219121
1509265492,31.29302683,121.2042999,266161866,31.292999357,121.204299139,0.912065264668,3.04692219121
1509265493,31.29305759,121.20414228,266161866,31.2930037447,121.204140788,0.889311321583,5.97175765225
1509265494,31.29305759,121.20414228,266161866,31.2930037447,121.204140788,0.889311321583,5.97175765225
1509265495,31.29306026,121.2040491,266161866,31.2930063267,121.204047606,0.875921629099,5.98151612741
1509265496,31.29306026,121.2040491,266161866,31.2930063267,121.204047606,0.875921629099,5.98151612741
1509265497,31.2930908,121.20381862,266161866,31.2930127317,121.203816457,0.842707099419,8.65823571218
1509265499,31.2930908,121.20381862,266161866,31.2930127317,121.203816457,0.842707099419,8.65823571218
1509265501,31.29309131,121.20377942,266161866,31.2930138175,121.203777273,0.837076614325,8.59438067341
1509265502,31.29311112,121.2036825,266161866,31.2930165162,121.203679879,0.823081728457,10.4921232087
1509265503,31.29311112,121.2036825,266161866,31.2930165162,121.203679879,0.823081728457,10.4921232087
1509265504,31.29310763,121.20348747,266161866,31.2930219135,121.203485095,0.795092609137,9.50646894785
1509265505,31.29310763,121.20348747,266161866,31.2930219135,121.203485095,0.795092609137,9.50646894785
1509265506,31.29309501,121.20337123,266161866,31.2930251222,121.203369293,0.77845272362,7.75096559263
1509265507,31.29309501,121.20337123,266161866,31.2930251222,121.203369293,0.77845272362,7.75096559263
1509265508,31.29309643,121.2031962,266161866,31.2930299695,121.203194358,0.753315730743,7.37085664069
1509265509,31.29309643,121.2031962,266161866,31.2930299695,121.203194358,0.753315730743,7.37085664069
1509265510,31.29309763,121.20299905,266161866,31.2930354291,121.202997326,0.725003555828,6.89844197512
1509265511,31.29312023,121.20279728,266161866,31.2930395483,121.202795949,0.696071640195,8.94644456764
1509265512,31.29312023,121.20279728,266161866,31.2930395483,121.202795949,0.696071640195,8.94644456764
1509265514,31.29312023,121.20279728,266161866,31.2930395483,121.202795949,0.696071640195,8.94644456764
1509265515,31.29312108,121.20259028,266161866,31.293035611,121.202602457,0.668210859747,9.54699979165
1509265516,31.29312108,121.20259028,266161866,31.293035611,121.202602457,0.668210859747,9.54699979165
1509265517,31.2930992,121.20233174,266161866,31.2929911145,121.202374365,0.634673424576,12.6524421039
1509265518,31.2930992,121.20233174,266161866,31.2929911145,121.202374365,0.634673424576,12.6524421039
1509265519,31.29301002,121.20218529,266161866,31.292929131,121.202217189,0.610404950021,9.46883475532
1509265520,31.29301002,121.20218529,266161866,31.292929131,121.202217189,0.610404950021,9.46883475532
1509265521,31.29301002,121.20218529,266161866,31.292929131,121.202217189,0.610404950021,9.46883475532
1509265522,31.29284138,121.2020243,266161866,31.2928036,121.2020572,0.581166038527,5.23053386229
1509265523,31.29284138,121.2020243,266161866,31.2928036,121.2020572,0.581166038527,5.23053386229
1509265524,31.29284138,121.2020243,266161866,31.2928036,121.2020572,0.581166038527,5.23053386229
1509265525,31.29268319,121.20190507,266161866,31.2926656868,121.201923066,0.553532252295,2.58883812893
1509265526,31.29268319,121.20190507,266161866,31.2926656868,121.201923066,0.553532252295,2.58883812893
1509265527,31.29251577,121.20175005,266161866,31.2925021711,121.201764032,0.520768483399,2.01136178038
1509265529,31.29251577,121.20175005,266161866,31.2925021711,121.201764032,0.520768483399,2.01136178038
1509265531,31.29249031,121.20171762,266161866,31.2924728787,121.201735542,0.514899141196,2.57819879389
1509265532,31.29238515,121.20161718,266161866,31.2923686374,121.201634158,0.49401221316,2.44232652621
1509265533,31.29238515,121.20161718,266161866,31.2923686374,121.201634158,0.49401221316,2.44232652621
1509265534,31.29226201,121.20150179,266161866,31.2922476842,121.20151652,0.469776713989,2.11888914571
1509265535,31.29226201,121.20150179,266161866,31.2922476842,121.20151652,0.469776713989,2.11888914571
1509265536,31.29226201,121.20150179,266161866,31.2922476842,121.20151652,0.469776713989,2.11888914571
1509265537,31.29207366,121.20132778,266161866,31.2920485108,121.201373307,0.434227901899,5.15407326046
1509265538,31.29207366,121.20132778,266161866,31.2920485108,121.201373307,0.434227901899,5.15407326046
1509265539,31.2920006,121.20128024,266161866,31.2919724113,121.201331269,0.421740214265,5.77697662724
1509265540,31.2920006,121.20128024,266161866,31.2919724113,121.201331269,0.421740214265,5.77697662724
1509265541,31.29187537,121.20123007,266161866,31.2918580046,121.201292189,0.404288093256,6.21995808269
1509265542,31.29187537,121.20123007,266161866,31.2918580046,121.201292189,0.404288093256,6.21995808269
1509265543,31.29187537,121.20123007,266161866,31.2918580046,121.201292189,0.404288093256,6.21995808269
1509265545,31.29162746,121.20127384,266161866,31.2916283417,121.201278252,0.370314695479,0.431335750865
1509265546,31.29162746,121.20127384,266161866,31.2916283417,121.201278252,0.370314695479,0.431335750865
1509265548,31.29158224,121.20127752,266161866,31.2915841507,121.201287082,0.363841713887,0.934782865734
1509265549,31.29146996,121.20129309,266161866,31.2914812573,121.201316988,0.348345452465,2.59733978717
1509265550,31.29146996,121.20129309,266161866,31.2914812573,121.201316988,0.348345452465,2.59733978717
1509265551,31.29137943,121.20136004,266161866,31.2913813948,121.201364196,0.332479343111,0.451721187244
1509265552,31.29137943,121.20136004,266161866,31.2913813948,121.201364196,0.332479343111,0.451721187244
1509265553,31.29137943,121.20136004,266161866,31.2913813948,121.201364196,0.332479343111,0.451721187244
1509265554,31.29122102,121.2014992,266161866,31.2912052591,121.20148288,0.301563389297,2.33840497396
1509265555,31.29122102,121.2014992,266161866,31.2912052591,121.20148288,0.301563389297,2.33840497396
1509265556,31.29122102,121.2014992,266161866,31.2912052591,121.20148288,0.301563389297,2.33840497396
1509265557,31.29108395,121.2016181,266161866,31.2910749225,121.201608752,0.275536943303,1.33938752434
1509265558,31.29108395,121.2016181,266161866,31.2910749225,121.201608752,0.275536943303,1.33938752434
1509265559,31.2909493,121.20171449,266161866,31.2909570862,121.201722552,0.252006641604,1.15522737975
1509265560,31.2909493,121.20171449,266161866,31.2909570862,121.201722552,0.252006641604,1.15522737975
1509265561,31.29093963,121.20176219,266161866,31.2909282473,121.201750404,0.246247892183,1.68883216411
1509265562,31.29093963,121.20176219,266161866,31.2909282473,121.201750404,0.246247892183,1.68883216411
1509265564,31.29084582,121.20184379,266161866,31.2908389329,121.201836659,0.228413030581,1.02182370184
1509265565,31.29084582,121.20184379,266161866,31.2908389329,121.201836659,0.228413030581,1.02182370184
1509265566,31.29075691,121.20189658,266161866,31.2907665502,121.201906562,0.213959181204,1.4302916285
1509265567,31.29075691,121.20189658,266161866,31.2907665502,121.201906562,0.213959181204,1.4302916285
1509265568,31.29075691,121.20189658,266161866,31.2907665502,121.201906562,0.213959181204,1.4302916285
1509265569,31.29061718,121.20203873,266161866,31.2906232193,121.202044983,0.185337954612,0.896036056791
1509265570,31.29061718,121.20203873,266161866,31.2906232193,121.202044983,0.185337954612,0.896036056791
1509265571,31.29061718,121.20203873,266161866,31.2906232193,121.202044983,0.185337954612,0.896036056791
1509265572,31.29049638,121.20214187,266161866,31.2905077135,121.202153904,0.162533594837,1.70056862981
1509265573,31.29049638,121.20214187,266161866,31.2905077135,121.202153904,0.162533594837,1.70056862981
1509265574,31.29042004,121.20226111,266161866,31.290407743,121.202248053,0.142808574603,1.84514292321
1509265575,31.29042004,121.20226111,266161866,31.290407743,121.202248053,0.142808574603,1.84514292321
1509265576,31.29033254,121.20232486,266161866,31.2903295533,121.202321689,0.127381074106,0.448149406007
1509265577,31.29033254,121.20232486,266161866,31.2903295533,121.202321689,0.127381074106,0.448149406007
1509265579,31.29025805,121.20241389,266161866,31.2902456412,121.202400714,0.110824490775,1.86193007706
1509265580,31.29025805,121.20241389,266161866,31.2902456412,121.202400714,0.110824490775,1.86193007706
1509265581,31.29025805,121.20241389,266161866,31.2902456412,121.202400714,0.110824490775,1.86193007706
1509265582,31.29016352,121.2025161,266161866,31.2901445303,121.202495936,0.0908744625709,2.84937431933
1509265583,31.29016352,121.2025161,266161866,31.2901445303,121.202495936,0.0908744625709,2.84937431933
1509265584,31.29016352,121.2025161,266161866,31.2901445303,121.202495936,0.0908744625709,2.84937431933
1509265585,31.28997245,121.20267682,266161866,31.2899630542,121.202666843,0.0550676690856,1.40982914131
1509265586,31.28997245,121.20267682,266161866,31.2899630542,121.202666843,0.0550676690856,1.40982914131
1509265587,31.28997245,121.20267682,266161866,31.2899630542,121.202666843,0.0550676690856,1.40982914131
1509265588,31.28982504,121.20282151,266161866,31.2898150178,121.202811591,0.0253238385705,1.45832787873
1509265589,31.28982504,121.20282151,266161866,31.2898150178,121.202811591,0.0253238385705,1.45832787873
1509265590,31.28969859,121.20298773,266161866,31.2896914897,121.202936405,0.0001,4.94983300008
1509265591,31.28969859,121.20298773,266161866,31.2896914897,121.202936405,0.0001,4.94983300008
1509265593,31.28960793,121.20307999,266161866,31.2896914897,121.202936405,0.0001,16.5148130456
1509265594,31.28960793,121.20307999,266161866,31.2896914897,121.202936405,0.0001,16.5148130456
1509265595,31.28957751,121.20311607,266161866,31.2896914897,121.202936405,0.0001,21.2683630315
1509265596,31.28957751,121.20311607,266161866,31.2896914897,121.202936405,0.0001,21.2683630315
1509265597,31.28948382,121.20320902,164316070,0,0,0,0
1509265597,31.28948382,121.20320902,164316010,0,0,0,0
1509265597,31.28948382,121.20320902,164316077,31.2892555445,121.203435862,0.9999,33.2730229593
1509265598,31.28948382,121.20320902,164316077,31.2892555445,121.203435862,0.9999,33.2730229593
1509265599,31.28937619,121.20331939,164316077,31.2892555445,121.203435862,0.9999,17.3757012318
1509265600,31.28937619,121.20331939,164316077,31.2892555445,121.203435862,0.9999,17.3757012318
1509265601,31.28930869,121.20339531,164316077,31.2892555445,121.203435862,0.9999,7.04481336298
1509265602,31.28930869,121.20339531,164316077,31.2892555445,121.203435862,0.9999,7.04481336298
1509265603,31.28923773,121.20347918,164316077,31.2892700014,121.203455917,0.967390575546,4.20818330122
1509265604,31.28923773,121.20347918,164316077,31.2892700014,121.203455917,0.967390575546,4.20818330122
1509265605,31.28913981,121.20360074,164316077,31.2892941812,121.20348946,0.913017324027,20.1299978668
1509265606,31.28913981,121.20360074,164316077,31.2892941812,121.20348946,0.913017324027,20.1299978668
1509265607,31.28906128,121.20371436,164316077,31.289321225,121.203526975,0.85220382632,33.896814776
1509265608,31.28906128,121.20371436,164316077,31.289321225,121.203526975,0.85220382632,33.896814776
1509265609,31.28904119,121.20374284,164316077,31.289327865,121.203536187,0.837272242159,37.3824165239
1509265610,31.28904119,121.20374284,164316077,31.289327865,121.203536187,0.837272242159,37.3824165239
1509265611,31.28890982,121.20394117,164316016,31.2888895361,121.203926472,0.410423986193,2.6488241335
1509265613,31.28890982,121.20394117,164316016,31.2888895361,121.203926472,0.410423986193,2.6488241335
1509265614,31.28888388,121.20398217,164316016,31.2888611249,121.203965682,0.388039996888,2.97152940219
1509265615,31.28888388,121.20398217,164316016,31.2888611249,121.203965682,0.388039996888,2.97152940219
1509265616,31.28879388,121.20405346,164316016,31.2887962672,121.20405519,0.336941281731,0.311740337512
1509265617,31.28879388,121.20405346,164316016,31.2887962672,121.20405519,0.336941281731,0.311740337512
1509265618,31.28871417,121.20417248,164316016,31.288712274,121.204171106,0.27076652494,0.247591642553
1509265619,31.28871417,121.20417248,164316016,31.288712274,121.204171106,0.27076652494,0.247591642553
1509265620,31.28866754,121.2042307,164316016,31.2886685578,121.204231438,0.236324350954,0.13291626503
1509265621,31.28866754,121.2042307,164316016,31.2886685578,121.204231438,0.236324350954,0.13291626503
1509265622,31.28860025,121.20436196,164316016,31.288583025,121.204349479,0.168936570096,2.24937438455
1509265623,31.28860025,121.20436196,164316016,31.288583025,121.204349479,0.168936570096,2.24937438455
1509265624,31.28845463,121.20451346,164316016,31.2884609078,121.204518009,0.0727254815749,0.819802126128
1509265625,31.28845463,121.20451346,164316016,31.2884609078,121.204518009,0.0727254815749,0.819802126128
1509265626,31.28841654,121.2045163,164316016,31.2884464447,121.204537969,0.061330599492,3.90518575097
1509265627,31.28841654,121.2045163,164316016,31.2884464447,121.204537969,0.061330599492,3.90518575097
1509265629,31.28831575,121.20453736,164316016,31.2884017381,121.204599667,0.0261081484988,11.2289991102
1509265630,31.28831575,121.20453736,164316016,31.2884017381,121.204599667,0.0261081484988,11.2289991102
1509265631,31.28820974,121.20452065,164316016,31.2883731802,121.204639079,0.00360854785188,21.3433361761
1509265632,31.28820974,121.20452065,164316016,31.2883731802,121.204639079,0.00360854785188,21.3433361761
1509265633,31.28813917,121.20437042,164316016,31.2884202635,121.204574101,0.0407035461803,36.7074547956
1509265634,31.28813917,121.20437042,164316016,31.2884202635,121.204574101,0.0407035461803,36.7074547956
1509265635,31.28813917,121.20437042,164316016,31.2884202635,121.204574101,0.0407035461803,36.7074547956
1509265636,31.28800523,121.20425151,164316012,31.2879983431,121.204261816,0.625068368597,1.24339039187
1509265637,31.28800523,121.20425151,164316012,31.2879983431,121.204261816,0.625068368597,1.24339039187
1509265638,31.28800523,121.20425151,164316012,31.2879983431,121.204261816,0.625068368597,1.24339039187
1509265639,31.28788532,121.20418631,164316012,31.2878810308,121.204198437,0.643685097195,1.24881042318
1509265640,31.28788532,121.20418631,164316012,31.2878810308,121.204198437,0.643685097195,1.24881042318
1509265641,31.2877735,121.20414963,164316012,31.287770034,121.204169968,0.659664459976,1.97425804885
1509265643,31.2877735,121.20414963,164316012,31.287770034,121.204169968,0.659664459976,1.97425804885
1509265645,31.28773628,121.20414374,164316012,31.287732889,121.204163638,0.664899750593,1.93151894602
1509265646,31.28762502,121.20413726,164316012,31.28762502,121.2041626,0.679899154616,2.41276926023
1509265647,31.28762502,121.20413726,164316012,31.28762502,121.2041626,0.679899154616,2.41276926023
1509265648,31.28754276,121.20416592,164316012,31.2875421306,121.204162861,0.691419420079,0.299488970195
1509265649,31.28754276,121.20416592,164316012,31.2875421306,121.204162861,0.691419420079,0.299488970195
1509265650,31.28744003,121.2041773,164316012,31.2874413273,121.204183604,0.705718375308,0.617267394474
1509265651,31.28744003,121.2041773,164316012,31.2874413273,121.204183604,0.705718375308,0.617267394474
1509265652,31.28738004,121.20421526,164316012,31.2873762803,121.20419699,0.714945292361,1.78888150224
1509265653,31.28738004,121.20421526,164316012,31.2873762803,121.20419699,0.714945292361,1.78888150224
1509265654,31.28738004,121.20421526,164316012,31.2873762803,121.20419699,0.714945292361,1.78888150224
1509265655,31.28722586,121.20427283,164316012,31.2872255118,121.204272138,0.738362774293,0.0763598067038
1509265656,31.28722586,121.20427283,164316012,31.2872255118,121.204272138,0.738362774293,0.0763598067038
1509265657,31.28714775,121.20441092,164316012,31.2871011032,121.204356132,0.759292986725,7.34598379881
1509265658,31.28714775,121.20441092,164316012,31.2871011032,121.204356132,0.759292986725,7.34598379881
1509265660,31.28707104,121.20448167,164316012,31.2870256277,121.204447377,0.775809334135,6.00116904864
1509265662,31.28698608,121.20446233,164316012,31.2870040741,121.204475918,0.780778608051,2.37789161749
1509265663,31.28698608,121.20446233,164316012,31.2870040741,121.204475918,0.780778608051,2.37789161749
1509265664,31.28698608,121.20446233,164316012,31.2870040741,121.204475918,0.780778608051,2.37789161749
1509265665,31.28689657,121.20467753,164316012,31.2868687328,121.204656848,0.812171890589,3.66116898804
1509265666,31.28689657,121.20467753,164316012,31.2868687328,121.204656848,0.812171890589,3.66116898804
1509265667,31.28683099,121.20478658,164316012,31.2867932039,121.204758506,0.829767849812,4.96964789615
1509265668,31.28683099,121.20478658,164316012,31.2867932039,121.204758506,0.829767849812,4.96964789615
1509265669,31.28683099,121.20478658,164316012,31.2867932039,121.204758506,0.829767849812,4.96964789615
1509265670,31.2867383,121.20494568,164316012,31.2866840731,121.204905391,0.855192059628,7.13195489233
1509265671,31.2867383,121.20494568,164316012,31.2866840731,121.204905391,0.855192059628,7.13195489233
1509265672,31.2867383,121.20494568,164316012,31.2866840731,121.204905391,0.855192059628,7.13195489233
1509265673,31.28663236,121.20505173,164316012,31.2865956256,121.205024438,0.875797691513,4.83133657459
1509265674,31.28663236,121.20505173,164316012,31.2865956256,121.205024438,0.875797691513,4.83133657459
1509265675,31.2865368,121.20519666,164316012,31.2864922574,121.205163566,0.89987938076,5.85827427558
1509265676,31.2865368,121.20519666,164316012,31.2864922574,121.205163566,0.89987938076,5.85827427558
1509265677,31.2864578,121.20528458,164316012,31.2864220708,121.205258034,0.916230773928,4.69913892211
1509265679,31.2864578,121.20528458,164316012,31.2864220708,121.205258034,0.916230773928,4.69913892211
1509265680,31.2863708,121.20536901,164316012,31.2863507094,121.205354083,0.932855824111,2.6423265298
1509265681,31.2863708,121.20536901,164316012,31.2863507094,121.205354083,0.932855824111,2.6423265298
1509265682,31.28633299,121.20545357,164316012,31.2862967813,121.205426668,0.945419461873,4.76219593436
1509265683,31.28633299,121.20545357,164316012,31.2862967813,121.205426668,0.945419461873,4.76219593436
1509265684,31.28626374,121.20552842,164316012,31.2862363193,121.205508047,0.959505313363,3.60639967352
1509265685,31.28626374,121.20552842,164316012,31.2862363193,121.205508047,0.959505313363,3.60639967352
1509265686,31.28626374,121.20552842,164316012,31.2862363193,121.205508047,0.959505313363,3.60639967352
1509265687,31.28626374,121.20552842,164316012,31.2862363193,121.205508047,0.959505313363,3.60639967352
1509265688,31.28613984,121.20571309,164316012,31.2861038472,121.205686349,0.990367333573,4.73380356431
1509265689,31.28613984,121.20571309,164316012,31.2861038472,121.205686349,0.990367333573,4.73380356431
1509265690,31.28609281,121.20578021,164316012,31.2860629292,121.205741422,0.9999,4.96147808295
1509265691,31.28609281,121.20578021,164316012,31.2860629292,121.205741422,0.9999,4.96147808295
1509265692,31.28601563,121.20586816,164316031,31.2859850955,121.205845274,0.512273227173,4.0261797435
1509265693,31.28601563,121.20586816,164316031,31.2859850955,121.205845274,0.512273227173,4.0261797435
1509265695,31.28590246,121.20605753,164316021,31.285854045,121.206022202,0.0425664980684,6.33487075708
1509265696,31.28590246,121.20605753,164316021,31.285854045,121.206022202,0.0425664980684,6.33487075708
1509265697,31.28582155,121.20612375,164316021,31.2857944018,121.20610394,0.0868312153362,3.55221528478
1509265698,31.28582155,121.20612375,164316021,31.2857944018,121.20610394,0.0868312153362,3.55221528478
1509265699,31.28578938,121.20617516,164316021,31.2857587451,121.206152806,0.113294153274,4.00843688152
1509265700,31.28578938,121.20617516,164316021,31.2857587451,121.206152806,0.113294153274,4.00843688152
1509265701,31.28578938,121.20617516,164316021,31.2857587451,121.206152806,0.113294153274,4.00843688152
1509265702,31.28572843,121.20634384,164316021,31.2856572496,121.206291901,0.188619856749,9.31361834239
1509265703,31.28572843,121.20634384,164316021,31.2856572496,121.206291901,0.188619856749,9.31361834239
1509265704,31.28567636,121.20640937,164316021,31.2856079553,121.206359456,0.225204030623,8.9504314011
1509265705,31.28567636,121.20640937,164316021,31.2856079553,121.206359456,0.225204030623,8.9504314011
1509265706,31.28560566,121.20647171,164316021,31.285553707,121.206433801,0.265464852319,6.79780327199
1509265707,31.28560566,121.20647171,164316021,31.285553707,121.206433801,0.265464852319,6.79780327199
1509265708,31.28545966,121.20665681,164316021,31.2854140689,121.206622844,0.368280289702,6.0009772668
1509265709,31.28545966,121.20665681,164316021,31.2854140689,121.206622844,0.368280289702,6.0009772668
1509265711,31.28539189,121.20676343,164316021,31.2853387987,121.206723876,0.423395592184,6.98820043398
1509265712,31.28539189,121.20676343,164316021,31.2853387987,121.206723876,0.423395592184,6.98820043398
1509265713,31.28536636,121.20682727,164316021,31.2852991009,121.206777161,0.452463623734,8.85305344788
1509265714,31.28536636,121.20682727,164316021,31.2852991009,121.206777161,0.452463623734,8.85305344788
1509265715,31.28536636,121.20682727,164316021,31.2852991009,121.206777161,0.452463623734,8.85305344788
1509265716,31.28522087,121.20702727,164316021,31.2851513522,121.206975478,0.560650021006,9.15035578974
1509265717,31.28522087,121.20702727,164316021,31.2851513522,121.206975478,0.560650021006,9.15035578974
1509265718,31.28522087,121.20702727,164316021,31.2851513522,121.206975478,0.560650021006,9.15035578974
1509265719,31.28511844,121.20715974,164316021,31.2850516133,121.207110366,0.634037652555,8.77502239721
1509265720,31.28511844,121.20715974,164316021,31.2850516133,121.207110366,0.634037652555,8.77502239721
1509265721,31.28511844,121.20715974,164316021,31.2850516133,121.207110366,0.634037652555,8.77502239721
1509265722,31.28500825,121.20729152,164316021,31.2849497204,121.207248276,0.709048644155,7.68553028327
1509265723,31.28500825,121.20729152,164316021,31.2849497204,121.207248276,0.709048644155,7.68553028327
1509265724,31.28500825,121.20729152,164316021,31.2849497204,121.207248276,0.709048644155,7.68553028327
1509265725,31.28488964,121.20744231,164316021,31.2848357686,121.207402508,0.792937077573,7.07385915188
1509265726,31.28488964,121.20744231,164316021,31.2848357686,121.207402508,0.792937077573,7.07385915188
1509265727,31.28481794,121.2075307,164316021,31.284768205,121.207493954,0.842675705917,6.53070887173
1509265728,31.28481794,121.2075307,164316021,31.284768205,121.207493954,0.842675705917,6.53070887173
1509265730,31.28479316,121.20756037,164316021,31.2847452743,121.20752499,0.859556725586,6.28787963746
1509265731,31.28479316,121.20756037,164316021,31.2847452743,121.20752499,0.859556725586,6.28787963746
1509265732,31.28472451,121.20763053,164316021,31.2846875006,121.207603186,0.902088320071,4.85971897393
1509265733,31.28472451,121.20763053,164316021,31.2846875006,121.207603186,0.902088320071,4.85971897393
1509265734,31.28464487,121.2077603,164316021,31.2845973561,121.207725195,0.968450422388,6.23906572837
1509265735,31.28464487,121.2077603,164316021,31.2845973561,121.207725195,0.968450422388,6.23906572837
1509265736,31.28459784,121.20783027,164316021,31.2845546358,121.207783016,0.9999,6.57202277354
1509265737,31.28459784,121.20783027,164316021,31.2845546358,121.207783016,0.9999,6.57202277354
1509265738,31.28459784,121.20783027,164316021,31.2845546358,121.207783016,0.9999,6.57202277354
1509265739,31.2844725,121.20798498,164316021,31.2845546358,121.207783016,0.9999,21.278174707
1509265740,31.2844725,121.20798498,164316021,31.2845546358,121.207783016,0.9999,21.278174707
1509265741,31.28437302,121.20808199,164316021,31.2845546358,121.207783016,0.9999,34.8699975707
1509265742,31.28437302,121.20808199,164316021,31.2845546358,121.207783016,0.9999,34.8699975707
1509265743,31.28435571,121.2081091,164316021,31.2845546358,121.207783016,0.9999,38.0858653515
1509265744,31.28435571,121.2081091,164316021,31.2845546358,121.207783016,0.9999,38.0858653515
1509265746,31.28430598,121.2081965,164316021,31.2845546358,121.207783016,0.9999,48.0647181003
1509265747,31.28430598,121.2081965,164316021,31.2845546358,121.207783016,0.9999,48.0647181003
1509265748,31.28422079,121.20824235,164316057,31.284201983,121.208228367,0.0360636833234,2.47404936763
1509265749,31.28422079,121.20824235,164316057,31.284201983,121.208228367,0.0360636833234,2.47404936763
1509265750,31.28411581,121.20833858,164316057,31.2841185337,121.208340605,0.0565619040936,0.358297504039
1509265751,31.28411581,121.20833858,164316057,31.2841185337,121.208340605,0.0565619040936,0.358297504039
1509265752,31.28408195,121.20837421,164316057,31.2840894193,121.208379763,0.063713462213,0.982583813241
1509265753,31.28408195,121.20837421,164316057,31.2840894193,121.208379763,0.063713462213,0.982583813241
1509265754,31.28408195,121.20837421,164316057,31.2840894193,121.208379763,0.063713462213,0.982583813241
1509265755,31.28396943,121.20861443,164316057,31.2839343412,121.208588341,0.101806369861,4.61590092615
1509265756,31.28396943,121.20861443,164316057,31.2839343412,121.208588341,0.101806369861,4.61590092615
1509265757,31.28396943,121.20861443,164316057,31.2839343412,121.208588341,0.101806369861,4.61590092615
1509265758,31.28390146,121.20871732,164316057,31.2838608786,121.208687148,0.119851500253,5.33845191081
1509265759,31.28390146,121.20871732,164316057,31.2838608786,121.208687148,0.119851500253,5.33845191081
1509265760,31.28392464,121.20877566,164316057,31.2838411966,121.20871362,0.124686125294,10.9769132441
1509265762,31.28392464,121.20877566,164316057,31.2838411966,121.20871362,0.124686125294,10.9769132441
1509265763,31.28395173,121.20883181,164316057,31.2838239552,121.208736809,0.12892125739,16.8086772759
1509265765,31.28395173,121.20883181,164316057,31.2838239552,121.208736809,0.12892125739,16.8086772759
1509265766,31.28384772,121.20888861,164316057,31.2837584577,121.208825145,0.145038591674,11.5960418656
1509265767,31.28384772,121.20888861,164316057,31.2837584577,121.208825145,0.145038591674,11.5960418656
1509265768,31.28384127,121.20886847,164316057,31.283767078,121.208813308,0.1428923796,9.75989677822
1509265769,31.28384127,121.20886847,164316057,31.283767078,121.208813308,0.1428923796,9.75989677822
1509265770,31.28384127,121.20886847,164316057,31.283767078,121.208813308,0.1428923796,9.75989677822
1509265771,31.283897,121.20888397,164316057,31.2837794963,121.208796606,0.13984199989,15.4575226841
1509265772,31.283897,121.20888397,164316057,31.2837794963,121.208796606,0.13984199989,15.4575226841
1509265773,31.283897,121.20888397,164316057,31.2837794963,121.208796606,0.13984199989,15.4575226841
1509265774,31.28392904,121.20890802,164316057,31.283779387,121.208796753,0.139868839211,19.6867662919
1509265775,31.28392904,121.20890802,164316057,31.283779387,121.208796753,0.139868839211,19.6867662919
1509265776,31.28395737,121.20893386,164316057,31.2837770999,121.208799829,0.140430636257,23.7144280182
1509265777,31.28395737,121.20893386,164316057,31.2837770999,121.208799829,0.140430636257,23.7144280182
1509265778,31.28397191,121.20895411,164316057,31.2837725801,121.208805908,0.141540857884,26.2217291322
1509265780,31.28397191,121.20895411,164316057,31.2837725801,121.208805908,0.141540857884,26.2217291322
1509265781,31.28396585,121.20896216,164316057,31.2837665683,121.208813994,0.143017583392,26.2153919276
1509265783,31.28395381,121.2089571,164316057,31.2837647049,121.2088165,0.143475311947,24.8766712167
Time_cost 0.821260929108
