1509266011,31.28395415,121.2089565,164316066,31.2839515393,121.20896037,0.932543004024,0.468615048877
1509266013,31.28395415,121.2089565,164316066,31.2839515393,121.20896037,0.932543004024,0.468615048877
1509266014,31.28395415,121.2089565,164316066,31.2839515393,121.20896037,0.932543004024,0.468615048877
1509266015,31.28393663,121.2089617,164316066,31.283941909,121.208953874,0.935862936059,0.947560688111
1509266016,31.28393663,121.2089617,164316066,31.283941909,121.208953874,0.935862936059,0.947560688111
1509266017,31.28394036,121.20897523,164316066,31.2839507451,121.208959835,0.932816791029,1.86408546036
1509266018,31.28394036,121.20897523,164316066,31.2839507451,121.208959835,0.932816791029,1.86408546036
1509266019,31.28394157,121.20897925,164316066,31.2839534404,121.208961653,0.931887619989,2.13068934625
1509266020,31.28394157,121.20897925,164316066,31.2839534404,121.208961653,0.931887619989,2.13068934625
1509266021,31.28394185,121.20898134,164316066,31.2839546017,121.208962436,0.931487250833,2.28889185269
1509266022,31.28394185,121.20898134,164316066,31.2839546017,121.208962436,0.931487250833,2.28889185269
1509266023,31.28394279,121.20898384,164316066,31.2839564068,121.208963654,0.930864980878,2.44416457886
1509266024,31.28394279,121.20898384,164316066,31.2839564068,121.208963654,0.930864980878,2.44416457886
1509266025,31.28394474,121.20898349,164316066,31.2839575847,121.208964448,0.930458905783,2.30557917064
1509266026,31.28394474,121.20898349,164316066,31.2839575847,121.208964448,0.930458905783,2.30557917064
1509266027,31.28395087,121.20898321,164316066,31.2839616679,121.208967203,0.929051276918,1.9381813612
1509266029,31.28395087,121.20898321,164316066,31.2839616679,121.208967203,0.929051276918,1.9381813612
1509266030,31.28395465,121.20898426,164316066,31.2839647526,121.208969283,0.927987869075,1.81337323508
1509266032,31.28395482,121.20898413,164316066,31.2839648091,121.208969322,0.927968367935,1.79301258298
1509266033,31.28395482,121.20898413,164316066,31.2839648091,121.208969322,0.927968367935,1.79301258298
1509266034,31.28395545,121.20898324,164316066,31.2839648295,121.208969335,0.927961344163,1.68358700616
1509266035,31.28395545,121.20898324,164316066,31.2839648295,121.208969335,0.927961344163,1.68358700616
1509266036,31.2839554,121.20898356,164316066,31.2839649435,121.208969412,0.927922047478,1.71302254928
1509266037,31.2839554,121.20898356,164316066,31.2839649435,121.208969412,0.927922047478,1.71302254928
1509266038,31.2839554,121.20898356,164316066,31.2839649435,121.208969412,0.927922047478,1.71302254928
1509266039,31.28395543,121.2089808,164316066,31.2839636846,121.208968563,0.928356049435,1.48166450566
1509266040,31.28395543,121.2089808,164316066,31.2839636846,121.208968563,0.928356049435,1.48166450566
1509266041,31.28395543,121.2089808,164316066,31.2839636846,121.208968563,0.928356049435,1.48166450566
1509266042,31.28395498,121.20897758,164316066,31.2839618825,121.208967347,0.928977295966,1.23897146498
1509266043,31.28395498,121.20897758,164316066,31.2839618825,121.208967347,0.928977295966,1.23897146498
1509266044,31.28395435,121.20897669,164316066,31.2839610369,121.208966777,0.92926880363,1.20027392536
1509266045,31.28395435,121.20897669,164316066,31.2839610369,121.208966777,0.92926880363,1.20027392536
1509266047,31.28395391,121.20897579,164316066,31.2839603173,121.208966292,0.929516892872,1.1500788913
1509266048,31.28395391,121.20897579,164316066,31.2839603173,121.208966292,0.929516892872,1.1500788913
1509266049,31.28395367,121.20897566,164316066,31.283960092,121.20896614,0.929594532917,1.15273291624
1509266050,31.28395367,121.20897566,164316066,31.283960092,121.20896614,0.929594532917,1.15273291624
1509266051,31.28395352,121.20897493,164316066,31.2839596505,121.208965842,0.929746742732,1.10040579903
1509266052,31.28395352,121.20897493,164316066,31.2839596505,121.208965842,0.929746742732,1.10040579903
1509266053,31.28395352,121.20897492,164316066,31.2839596459,121.208965839,0.929748340956,1.09957364747
1509266054,31.28395352,121.20897492,164316066,31.2839596459,121.208965839,0.929748340956,1.09957364747
1509266055,31.28395353,121.20897492,164316066,31.2839596528,121.208965843,0.929745971658,1.09901231363
1509266056,31.28395353,121.20897492,164316066,31.2839596528,121.208965843,0.929745971658,1.09901231363
1509266057,31.28395354,121.20897495,164316066,31.2839596735,121.208965857,0.92973880769,1.10094743675
1509266058,31.28395354,121.20897495,164316066,31.2839596735,121.208965857,0.92973880769,1.10094743675
1509266059,31.28395354,121.20897495,164316066,31.2839596735,121.208965857,0.92973880769,1.10094743675
1509266060,31.28395349,121.2089744,164316066,31.2839593842,121.208965662,0.929838556501,1.05798572395
1509266061,31.28395349,121.2089744,164316066,31.2839593842,121.208965662,0.929838556501,1.05798572395
1509266062,31.28397945,121.20897057,164316066,31.2839754502,121.2089765,0.924299980988,0.717950441562
1509266063,31.28397945,121.20897057,164316066,31.2839754502,121.2089765,0.924299980988,0.717950441562
1509266065,31.28428711,121.20900499,164316066,31.2842684092,121.209084957,0.834523343795,7.89164574708
1509266067,31.28439776,121.20898603,164316066,31.28439776,121.2090977,0.797135327137,10.6331782287
1509266068,31.28439776,121.20898603,164316066,31.28439776,121.2090977,0.797135327137,10.6331782287
1509266069,31.28444948,121.20897851,164316066,31.28444948,121.2090977,0.782353999842,11.349223797
1509266070,31.28444948,121.20897851,164316066,31.28444948,121.2090977,0.782353999842,11.349223797
1509266071,31.28463126,121.20893312,164316066,31.2846565844,121.209069332,0.722417280391,13.2704314663
1509266072,31.28463126,121.20893312,164316066,31.2846565844,121.209069332,0.722417280391,13.2704314663
1509266073,31.28468176,121.20886799,164316066,31.2847558969,121.209038356,0.69249422979,18.1858410195
1509266074,31.28468176,121.20886799,164316066,31.2847558969,121.209038356,0.69249422979,18.1858410195
1509266075,31.28468176,121.20886799,164316066,31.2847558969,121.209038356,0.69249422979,18.1858410195
1509266076,31.2848924,121.2087689,164316066,31.2849884536,121.208902301,0.615056208243,16.5761381504
1509266077,31.2848924,121.2087689,164316066,31.2849884536,121.208902301,0.615056208243,16.5761381504
1509266078,31.28495123,121.20873452,164316066,31.2850434996,121.208862665,0.595670492281,15.9231248615
1509266079,31.28495123,121.20873452,164316066,31.2850434996,121.208862665,0.595670492281,15.9231248615
1509266081,31.28512837,121.20865424,164316066,31.2851941605,121.208719186,0.536084565983,9.56302915375
1509266083,31.28518902,121.20861669,164316066,31.2852428611,121.208669881,0.516278569974,7.82867085828
1509266085,31.28522451,121.2085938,164316066,31.2852774963,121.208621837,0.499169479152,6.45293353051
1509266086,31.28522451,121.2085938,164316066,31.2852774963,121.208621837,0.499169479152,6.45293353051
1509266087,31.28529658,121.20851109,164316066,31.2853274524,121.208527426,0.468642740867,3.75979779793
1509266088,31.28529658,121.20851109,164316066,31.2853274524,121.208527426,0.468642740867,3.75979779793
1509266089,31.28534148,121.2084564,164316066,31.2853598822,121.208466137,0.448825857028,2.24111129955
1509266090,31.28534148,121.2084564,164316066,31.2853598822,121.208466137,0.448825857028,2.24111129955
1509266091,31.28534148,121.2084564,164316066,31.2853598822,121.208466137,0.448825857028,2.24111129955
1509266092,31.2853977,121.20834031,164316066,31.2854110623,121.208345921,0.411476161791,1.57490743104
1509266093,31.2853977,121.20834031,164316066,31.2854110623,121.208345921,0.411476161791,1.57490743104
1509266094,31.2853977,121.20834031,164316066,31.2854110623,121.208345921,0.411476161791,1.57490743104
1509266095,31.28543905,121.20822273,164316066,31.285444551,121.208223561,0.374941462004,0.615031382089
1509266096,31.28543905,121.20822273,164316066,31.285444551,121.208223561,0.374941462004,0.615031382089
1509266097,31.28551702,121.20809828,164316066,31.2854646697,121.208090372,0.33644495781,5.85293899129
1509266098,31.28551702,121.20809828,164316066,31.2854646697,121.208090372,0.33644495781,5.85293899129
1509266099,31.28553204,121.20799298,164316066,31.2854782,121.20799298,0.308320308365,5.96947685102
1509266100,31.28553204,121.20799298,164316066,31.2854782,121.20799298,0.308320308365,5.96947685102
1509266101,31.28554207,121.20789878,164316066,31.2854782,121.20789878,0.28139840134,7.08154693135
1509266103,31.28554207,121.20789878,164316066,31.2854782,121.20789878,0.28139840134,7.08154693135
1509266104,31.28555513,121.20786825,164316066,31.2854782,121.20786825,0.272673074152,8.5295664003
1509266105,31.28555513,121.20786825,164316066,31.2854782,121.20786825,0.272673074152,8.5295664003
1509266106,31.28555865,121.20776651,164316066,31.2854782,121.2077862,0.249223578703,9.11474913306
1509266107,31.28555865,121.20776651,164316066,31.2854782,121.2077862,0.249223578703,9.11474913306
1509266108,31.2855496,121.20765834,164316066,31.2854505768,121.207685504,0.219382071676,11.2796997099
1509266109,31.2855496,121.20765834,164316066,31.2854505768,121.207685504,0.219382071676,11.2796997099
1509266110,31.2855496,121.20765834,164316066,31.2854505768,121.207685504,0.219382071676,11.2796997099
1509266111,31.28553,121.20735413,164316066,31.2853676608,121.207415035,0.138458499272,18.9104306481
1509266112,31.28553,121.20735413,164316066,31.2853676608,121.207415035,0.138458499272,18.9104306481
1509266113,31.28556683,121.2071429,164316066,31.2853176,121.2072816,0.0977279696875,30.6270317834
1509266114,31.28556683,121.2071429,164316066,31.2853176,121.2072816,0.0977279696875,30.6270317834
1509266115,31.28556026,121.20714447,164316066,31.2853176,121.2072816,0.0977279696875,29.9058666234
1509266116,31.28556026,121.20714447,164316066,31.2853176,121.2072816,0.0977279696875,29.9058666234
1509266117,31.28556621,121.20704109,164316066,31.2852772533,121.207214287,0.0752990760575,36.0332877243
1509266118,31.28556621,121.20704109,164316066,31.2852772533,121.207214287,0.0752990760575,36.0332877243
1509266120,31.28557591,121.20689697,164316066,31.2852162654,121.207112536,0.041395626022,44.848170142
1509266121,31.28557591,121.20689697,164316066,31.2852162654,121.207112536,0.041395626022,44.848170142
1509266122,31.2855812,121.20672631,164316021,31.2854241532,121.206609308,0.360896228352,20.6714762261
1509266123,31.2855812,121.20672631,164316021,31.2854241532,121.206609308,0.360896228352,20.6714762261
1509266124,31.28558507,121.20668979,164316021,31.285443031,121.206583969,0.347073258243,18.6960507921
1509266125,31.28558507,121.20668979,164316021,31.285443031,121.206583969,0.347073258243,18.6960507921
1509266126,31.28559914,121.2065707,164316021,31.2855043067,121.206501501,0.302127746162,12.4084985254
1509266127,31.28559914,121.2065707,164316021,31.2855043067,121.206501501,0.302127746162,12.4084985254
1509266128,31.28559914,121.2065707,164316021,31.2855043067,121.206501501,0.302127746162,12.4084985254
1509266129,31.28568492,121.20634387,164316021,31.2856421179,121.206312638,0.199849984516,5.60045410847
1509266130,31.28568492,121.20634387,164316021,31.2856421179,121.206312638,0.199849984516,5.60045410847
1509266131,31.28573281,121.20628933,164316021,31.2856847269,121.206254244,0.168227376852,6.29145080943
1509266133,31.28573281,121.20628933,164316021,31.2856847269,121.206254244,0.168227376852,6.29145080943
1509266134,31.2857847,121.20623931,164316021,31.2857265734,121.206196896,0.13717062866,7.60559138296
1509266136,31.2857847,121.20623931,164316021,31.2857265734,121.206196896,0.13717062866,7.60559138296
1509266137,31.285931,121.20609452,164316021,31.285846348,121.206032751,0.0482788825204,11.0763064032
1509266138,31.285931,121.20609452,164316021,31.285846348,121.206032751,0.0482788825204,11.0763064032
1509266139,31.28596791,121.20603524,164316021,31.285887399,121.205976492,0.0178125393809,10.5344756277
1509266140,31.28596791,121.20603524,164316021,31.285887399,121.205976492,0.0178125393809,10.5344756277
1509266141,31.28598905,121.20600162,164316021,31.2859107525,121.205944487,0.000480536677758,10.2448480887
1509266142,31.28598905,121.20600162,164316021,31.2859107525,121.205944487,0.000480536677758,10.2448480887
1509266143,31.28603104,121.20594433,164316021,31.2859112653,121.205943785,0.0001,13.280053272
1509266144,31.28603104,121.20594433,164316021,31.2859112653,121.205943785,0.0001,13.280053272
1509266145,31.28607882,121.20590188,164316021,31.2859112653,121.205943785,0.0001,19.001188785
1509266146,31.28607882,121.20590188,164316021,31.2859112653,121.205943785,0.0001,19.001188785
1509266147,31.28610792,121.20579602,164316021,31.2859112653,121.205943785,0.0001,25.9494562515
1509266148,31.28610792,121.20579602,164316021,31.2859112653,121.205943785,0.0001,25.9494562515
1509266149,31.28609753,121.20573558,164316021,31.2859112653,121.205943785,0.0001,28.6274154121
1509266151,31.28609753,121.20573558,164316021,31.2859112653,121.205943785,0.0001,28.6274154121
1509266152,31.28614991,121.20564016,164316021,31.2859112653,121.205943785,0.0001,39.1909300903
1509266153,31.28614991,121.20564016,164316021,31.2859112653,121.205943785,0.0001,39.1909300903
1509266154,31.28620959,121.20555673,164316021,31.2859112653,121.205943785,0.0001,49.5208900671
1509266155,31.28620959,121.20555673,164316021,31.2859112653,121.205943785,0.0001,49.5208900671
1509266156,31.28632414,121.20538625,164316012,31.2863258608,121.205387529,0.938644814463,0.226321664606
1509266157,31.28632414,121.20538625,164316012,31.2863258608,121.205387529,0.938644814463,0.226321664606
1509266158,31.28632414,121.20538625,164316012,31.2863258608,121.205387529,0.938644814463,0.226321664606
1509266159,31.28642846,121.20532165,164316012,31.2863938894,121.205295965,0.922796189719,4.54675533338
1509266160,31.28642846,121.20532165,164316012,31.2863938894,121.205295965,0.922796189719,4.54675533338
1509266161,31.28642846,121.20532165,164316012,31.2863938894,121.205295965,0.922796189719,4.54675533338
1509266162,31.28654033,121.20521899,164316012,31.2864828232,121.205176264,0.902077269527,7.56333763304
1509266163,31.28654033,121.20521899,164316012,31.2864828232,121.205176264,0.902077269527,7.56333763304
1509266164,31.28660546,121.20509152,164316012,31.28656701,121.205062953,0.882464279596,5.05697946682
1509266165,31.28660546,121.20509152,164316012,31.28656701,121.205062953,0.882464279596,5.05697946682
1509266167,31.28664992,121.20501983,164316012,31.2866171422,121.204995477,0.870784965057,4.31095983703
1509266168,31.28664992,121.20501983,164316012,31.2866171422,121.204995477,0.870784965057,4.31095983703
1509266169,31.28669313,121.20494395,164316012,31.2866688357,121.2049259,0.85874193022,3.19520514804
1509266170,31.28669313,121.20494395,164316012,31.2866688357,121.2049259,0.85874193022,3.19520514804
1509266171,31.28673573,121.20486303,164316012,31.2867227249,121.204853368,0.84618734681,1.71043397252
1509266172,31.28673573,121.20486303,164316012,31.2867227249,121.204853368,0.84618734681,1.71043397252
1509266173,31.28675692,121.2048195,164316012,31.2867511001,121.204815176,0.839576783441,0.765436397943
1509266174,31.28675692,121.2048195,164316012,31.2867511001,121.204815176,0.839576783441,0.765436397943
1509266175,31.28675692,121.2048195,164316012,31.2867511001,121.204815176,0.839576783441,0.765436397943
1509266176,31.28684105,121.20467023,164316012,31.2868524806,121.204678723,0.815958165407,1.50335858734
1509266177,31.28684105,121.20467023,164316012,31.2868524806,121.204678723,0.815958165407,1.50335858734
1509266178,31.2868892,121.20460764,164316012,31.2868995689,121.204615344,0.804987986472,1.36373097456
1509266179,31.2868892,121.20460764,164316012,31.2868995689,121.204615344,0.804987986472,1.36373097456
1509266180,31.2869601,121.20453782,164316012,31.286958335,121.204536487,0.791323915932,0.233239925803
1509266181,31.2869601,121.20453782,164316012,31.286958335,121.204536487,0.791323915932,0.233239925803
1509266183,31.2869601,121.20453782,164316012,31.286958335,121.204536487,0.791323915932,0.233239925803
1509266184,31.28709462,121.20439832,164316012,31.2870742751,121.204382956,0.764593490558,2.68854386684
1509266185,31.28709462,121.20439832,164316012,31.2870742751,121.204382956,0.764593490558,2.68854386684
1509266186,31.28712772,121.20436068,164316012,31.2871142892,121.204344905,0.756886870921,2.11509637418
1509266187,31.28712772,121.20436068,164316012,31.2871142892,121.204344905,0.756886870921,2.11509637418
1509266188,31.2872023,121.20429685,164316012,31.287196802,121.20428795,0.742920838548,1.04391553941
1509266189,31.2872023,121.20429685,164316012,31.287196802,121.20428795,0.742920838548,1.04391553941
1509266190,31.2872023,121.20429685,164316012,31.287196802,121.20428795,0.742920838548,1.04391553941
1509266191,31.28730264,121.20422504,164316012,31.287305964,121.204231644,0.725848749853,0.728850645327
1509266192,31.28730264,121.20422504,164316012,31.287305964,121.204231644,0.725848749853,0.728850645327
1509266193,31.28741113,121.20423981,164316012,31.2874012607,121.204191849,0.711401826002,4.69591177269
1509266194,31.28741113,121.20423981,164316012,31.2874012607,121.204191849,0.711401826002,4.69591177269
1509266195,31.28748982,121.2041909,164316012,31.2874864097,121.204174327,0.699323429994,1.6226489378
1509266196,31.28748982,121.2041909,164316012,31.2874864097,121.204174327,0.699323429994,1.6226489378
1509266197,31.28763208,121.20416031,164316012,31.28763208,121.2041626,0.678918245669,0.218044244289
1509266198,31.28763208,121.20416031,164316012,31.28763208,121.2041626,0.678918245669,0.218044244289
1509266200,31.28763836,121.20416927,164316012,31.28763836,121.2041626,0.678045709099,0.635089530431
1509266201,31.28774128,121.20418174,164316012,31.2877440411,121.204165538,0.663327948572,1.57274393021
1509266203,31.28774128,121.20418174,164316012,31.2877440411,121.204165538,0.663327948572,1.57274393021
1509266204,31.28770423,121.20418991,164316012,31.28770423,121.2041626,0.668893800836,2.60034228124
1509266205,31.28770423,121.20418991,164316012,31.28770423,121.2041626,0.668893800836,2.60034228124
1509266206,31.287758,121.20418893,164316012,31.28776148,121.20416851,0.660870080554,1.9822003489
1509266207,31.287758,121.20418893,164316012,31.28776148,121.20416851,0.660870080554,1.9822003489
1509266208,31.28781587,121.20419577,164316012,31.2878188494,121.204178287,0.652784304099,1.69710017528
1509266209,31.28781587,121.20419577,164316012,31.2878188494,121.204178287,0.652784304099,1.69710017528
1509266210,31.28781587,121.20419577,164316012,31.2878188494,121.204178287,0.652784304099,1.69710017528
1509266211,31.28781587,121.20419577,164316012,31.2878188494,121.204178287,0.652784304099,1.69710017528
1509266212,31.28819553,121.20443206,164316012,31.2881912139,121.204435711,0.588847289267,0.591489627188
1509266213,31.28819553,121.20443206,164316012,31.2881912139,121.204435711,0.588847289267,0.591489627188
1509266214,31.28819553,121.20443206,164316012,31.2881912139,121.204435711,0.588847289267,0.591489627188
1509266215,31.28839001,121.20457963,164316012,31.2883451005,121.204617621,0.555742388144,6.15456374495
1509266216,31.28839001,121.20457963,164316012,31.2883451005,121.204617621,0.555742388144,6.15456374495
1509266217,31.28840765,121.20467579,164316012,31.2883991125,121.204682762,0.543984845253,1.15618226966
1509266218,31.28840765,121.20467579,164316012,31.2883991125,121.204682762,0.543984845253,1.15618226966
1509266219,31.28840333,121.20469051,164316012,31.2884045956,121.204689476,0.542780442504,0.171398709337
1509266221,31.28840333,121.20469051,164316012,31.2884045956,121.204689476,0.542780442504,0.171398709337
1509266222,31.28844864,121.20477928,164316012,31.2884662142,121.204764928,0.529245652664,2.37995839651
1509266223,31.28844864,121.20477928,164316012,31.2884662142,121.204764928,0.529245652664,2.37995839651
1509266224,31.28858645,121.20484658,164316012,31.2885543233,121.204872817,0.509892077356,4.35071170857
1509266225,31.28858645,121.20484658,164316012,31.2885543233,121.204872817,0.509892077356,4.35071170857
1509266226,31.28864353,121.2048964,164316012,31.2886015687,121.204930668,0.499514414743,5.6825508681
1509266227,31.28864353,121.2048964,164316012,31.2886015687,121.204930668,0.499514414743,5.6825508681
1509266228,31.28864353,121.2048964,164316012,31.2886015687,121.204930668,0.499514414743,5.6825508681
1509266229,31.28874494,121.20511178,164316012,31.2887476613,121.205109558,0.467424504365,0.36852884686
1509266230,31.28874494,121.20511178,164316012,31.2887476613,121.205109558,0.467424504365,0.36852884686
1509266231,31.28874494,121.20511178,164316012,31.2887476613,121.205109558,0.467424504365,0.36852884686
1509266232,31.2887902,121.20522353,164316012,31.2888205181,121.20519877,0.45142116748,4.10578885871
1509266233,31.2887902,121.20522353,164316012,31.2888205181,121.20519877,0.45142116748,4.10578885871
1509266234,31.28889889,121.20529477,164316012,31.2888989067,121.205294756,0.434202767834,0.00225679374075
1509266235,31.28889889,121.20529477,164316012,31.2888989067,121.205294756,0.434202767834,0.00225679374075
1509266236,31.28891639,121.20531244,164316012,31.2889145653,121.20531393,0.430763287664,0.247111852848
1509266238,31.28891639,121.20531244,164316012,31.2889145653,121.20531393,0.430763287664,0.247111852848
1509266239,31.28896539,121.20534811,164316012,31.2889516455,121.205359335,0.422618444953,1.86132733285
1509266240,31.28896539,121.20534811,164316012,31.2889516455,121.205359335,0.422618444953,1.86132733285
1509266241,31.28902951,121.20544012,164316012,31.2890223772,121.205445945,0.407081899575,0.965945267757
1509266242,31.28902951,121.20544012,164316012,31.2890223772,121.205445945,0.407081899575,0.965945267757
1509266243,31.28907909,121.20547192,164316012,31.2890577935,121.205489312,0.399302545768,2.88404005288
1509266244,31.28907909,121.20547192,164316012,31.2890577935,121.205489312,0.399302545768,2.88404005288
1509266245,31.28907909,121.20547192,164316012,31.2890577935,121.205489312,0.399302545768,2.88404005288
1509266246,31.28918864,121.20555435,164316012,31.2891420083,121.205592432,0.380804379457,6.31501563753
1509266247,31.28918864,121.20555435,164316012,31.2891420083,121.205592432,0.380804379457,6.31501563753
1509266248,31.2892532,121.20565932,164316012,31.2892192654,121.205687033,0.363834503933,4.59553050702
1509266249,31.2892532,121.20565932,164316012,31.2892192654,121.205687033,0.363834503933,4.59553050702
1509266250,31.28926973,121.20578102,164316012,31.28929485,121.205749083,0.3502191342,4.12358960939
1509266252,31.28926973,121.20578102,164316012,31.28929485,121.205749083,0.3502191342,4.12358960939
1509266253,31.28933536,121.20579789,164316012,31.289344858,121.20578394,0.341747074076,1.69505082456
1509266254,31.28933536,121.20579789,164316012,31.289344858,121.20578394,0.341747074076,1.69505082456
1509266255,31.28940538,121.20587511,164316012,31.289428623,121.205840973,0.327667361371,4.14801867449
1509266256,31.28940538,121.20587511,164316012,31.289428623,121.205840973,0.327667361371,4.14801867449
1509266257,31.28944013,121.20591644,164316012,31.2894715931,121.205870229,0.32044467577,5.61501908497
1509266258,31.28944013,121.20591644,164316012,31.2894715931,121.205870229,0.32044467577,5.61501908497
1509266259,31.28948853,121.20594228,164316012,31.2895166838,121.20590093,0.312865574192,5.02441383232
1509266260,31.28948853,121.20594228,164316012,31.2895166838,121.20590093,0.312865574192,5.02441383232
1509266261,31.28948853,121.20594228,164316012,31.2895166838,121.20590093,0.312865574192,5.02441383232
1509266262,31.28958251,121.20598338,164316012,31.2896000163,121.205957668,0.298858535803,3.12423568627
1509266263,31.28958251,121.20598338,164316012,31.2896000163,121.205957668,0.298858535803,3.12423568627
1509266264,31.28958251,121.20598338,164316012,31.2896000163,121.205957668,0.298858535803,3.12423568627
1509266265,31.28969353,121.20607021,164316012,31.2897162655,121.206036818,0.279318681017,4.05744407503
1509266266,31.28969353,121.20607021,164316012,31.2897162655,121.206036818,0.279318681017,4.05744407503
1509266268,31.28980691,121.20617143,164316012,31.2898408214,121.206121624,0.258382569357,6.0519348654
1509266269,31.28980691,121.20617143,164316012,31.2898408214,121.206121624,0.258382569357,6.0519348654
1509266271,31.28983624,121.20618241,164316012,31.2898659693,121.206138746,0.254155555291,5.3055881606
1509266272,31.28994216,121.20626767,164316012,31.2899780035,121.206215026,0.23532418136,6.39673496026
1509266273,31.28994216,121.20626767,164316012,31.2899780035,121.206215026,0.23532418136,6.39673496026
1509266274,31.29002719,121.20632864,164316012,31.2900644646,121.206273894,0.220791289792,6.65212000203
1509266275,31.29002719,121.20632864,164316012,31.2900644646,121.206273894,0.220791289792,6.65212000203
1509266276,31.29009636,121.20638228,164316012,31.2901366792,121.206323062,0.208653024427,7.19546664246
1509266277,31.29009636,121.20638228,164316012,31.2901366792,121.206323062,0.208653024427,7.19546664246
1509266278,31.29014261,121.20642148,164316012,31.2901865159,121.206356994,0.200276162534,7.83556725401
1509266279,31.29014261,121.20642148,164316012,31.2901865159,121.206356994,0.200276162534,7.83556725401
1509266280,31.29014261,121.20642148,164316012,31.2901865159,121.206356994,0.200276162534,7.83556725401
1509266281,31.29025443,121.20655596,164316012,31.2903245762,121.206450824,0.177083410353,12.6765965629
1509266282,31.29025443,121.20655596,164316012,31.2903245762,121.206450824,0.177083410353,12.6765965629
1509266283,31.29040802,121.20652995,164316012,31.2904188476,121.206513721,0.161337767993,1.95672108141
1509266284,31.29040802,121.20652995,164316012,31.2904188476,121.206513721,0.161337767993,1.95672108141
1509266286,31.29046617,121.20659108,164316012,31.2904873081,121.206559398,0.149903183805,3.81999189
1509266288,31.2905203,121.20662177,164316012,31.2905389334,121.206593842,0.141280495993,3.36734620734
1509266289,31.2905203,121.20662177,164316012,31.2905389334,121.206593842,0.141280495993,3.36734620734
1509266290,31.2905203,121.20662177,164316012,31.2905389334,121.206593842,0.141280495993,3.36734620734
1509266291,31.29077756,121.20669219,164316012,31.290749461,121.206734305,0.106117205975,5.07792093231
1509266292,31.29077756,121.20669219,164316012,31.290749461,121.206734305,0.106117205975,5.07792093231
1509266293,31.29077756,121.20669219,164316012,31.290749461,121.206734305,0.106117205975,5.07792093231
1509266294,31.29087769,121.20674104,164316012,31.290841301,121.20679558,0.0907776731454,6.57605162326
1509266295,31.29087769,121.20674104,164316012,31.290841301,121.20679558,0.0907776731454,6.57605162326
1509266296,31.29087769,121.20674104,164316012,31.290841301,121.20679558,0.0907776731454,6.57605162326
1509266297,31.29102124,121.20680232,164316012,31.290968925,121.20688073,0.0694613315565,9.45411842549
1509266298,31.29102124,121.20680232,164316012,31.290968925,121.20688073,0.0694613315565,9.45411842549
1509266299,31.29124464,121.20692503,164316012,31.2911801638,121.207021668,0.034179273,11.6518692303
1509266300,31.29124464,121.20692503,164316012,31.2911801638,121.207021668,0.034179273,11.6518692303
1509266302,31.29121419,121.20700454,164316012,31.2911958014,121.207032101,0.0315674091924,3.32310032098
1509266304,31.29125075,121.20703415,164316012,31.2912347701,121.207058101,0.0250586724124,2.88780350201
1509266305,31.29125075,121.20703415,164316012,31.2912347701,121.207058101,0.0250586724124,2.88780350201
1509266306,31.29125075,121.20703415,164316012,31.2912347701,121.207058101,0.0250586724124,2.88780350201
1509266307,31.2913002,121.20710843,164316012,31.2913032816,121.207103811,0.0136155802904,0.556884867592
1509266308,31.2913002,121.20710843,164316012,31.2913032816,121.207103811,0.0136155802904,0.556884867592
1509266309,31.2913002,121.20710843,164316012,31.2913032816,121.207103811,0.0136155802904,0.556884867592
1509266310,31.29141061,121.20722474,164316012,31.2913842013,121.207157801,0.0001,7.0138623
1509266311,31.29141061,121.20722474,164316012,31.2913842013,121.207157801,0.0001,7.0138623
1509266312,31.29141061,121.20722474,164316012,31.2913842013,121.207157801,0.0001,7.0138623
1509266313,31.2914498,121.20740937,164316012,31.2913842013,121.207157801,0.0001,25.0324973219
1509266314,31.2914498,121.20740937,164316012,31.2913842013,121.207157801,0.0001,25.0324973219
1509266315,31.29138546,121.20752715,164316012,31.2913842013,121.207157801,0.0001,35.1670093383
1509266316,31.29138546,121.20752715,164316012,31.2913842013,121.207157801,0.0001,35.1670093383
1509266317,31.29138216,121.20770701,164316056,31.291375648,121.207706901,0.685918479224,0.722083511212
1509266318,31.29138216,121.20770701,164316056,31.291375648,121.207706901,0.685918479224,0.722083511212
1509266320,31.29138216,121.20770701,164316056,31.291375648,121.207706901,0.685918479224,0.722083511212
1509266321,31.29140142,121.20786632,164316056,31.291372997,121.207865846,0.737543797927,3.15171323609
1509266322,31.29140142,121.20786632,164316056,31.291372997,121.207865846,0.737543797927,3.15171323609
1509266323,31.29140142,121.20786632,164316056,31.291372997,121.207865846,0.737543797927,3.15171323609
1509266324,31.29139564,121.20796144,164316056,31.2913714105,121.207961039,0.768462442778,2.68670645827
1509266325,31.29139564,121.20796144,164316056,31.2913714105,121.207961039,0.768462442778,2.68670645827
1509266326,31.29139564,121.20796144,164316056,31.2913714105,121.207961039,0.768462442778,2.68670645827
1509266327,31.29138208,121.2080715,164316056,31.2913695838,121.208071293,0.804273095749,1.38564651873
1509266328,31.29138208,121.2080715,164316056,31.2913695838,121.208071293,0.804273095749,1.38564651873
1509266329,31.29138208,121.2080715,164316056,31.2913695838,121.208071293,0.804273095749,1.38564651873
1509266330,31.291348,121.20821534,164316056,31.291367192,121.208215658,0.851162881669,2.12812135106
1509266331,31.291348,121.20821534,164316056,31.291367192,121.208215658,0.851162881669,2.12812135106
1509266332,31.29134702,121.20844032,164316056,31.2913634654,121.208440592,0.924221657615,1.82355692077
1509266333,31.29134702,121.20844032,164316056,31.2913634654,121.208440592,0.924221657615,1.82355692077
1509266334,31.29131254,121.20849336,164316056,31.2913625774,121.208494189,0.941629827332,5.54843259314
1509266335,31.29131254,121.20849336,164316056,31.2913625774,121.208494189,0.941629827332,5.54843259314
1509266336,31.29130508,121.2086388,164316056,31.2913601664,121.208639713,0.988895942796,6.10829505213
1509266337,31.29130508,121.2086388,164316056,31.2913601664,121.208639713,0.988895942796,6.10829505213
1509266339,31.29126725,121.20872494,266345024,31.291357468,121.208728465,0.035752219834,10.0085075764
1509266340,31.29126725,121.20872494,266345024,31.291357468,121.208728465,0.035752219834,10.0085075764
1509266341,31.29127165,121.20883012,266345024,31.2913533714,121.208833313,0.1044510177,9.06591957239
1509266342,31.29127165,121.20883012,266345024,31.2913533714,121.208833313,0.1044510177,9.06591957239
1509266343,31.29127165,121.20883012,266345024,31.2913533714,121.208833313,0.1044510177,9.06591957239
1509266344,31.29127165,121.20883012,266345024,31.2913533714,121.208833313,0.1044510177,9.06591957239
1509266345,31.29127069,121.20903991,266345024,31.2913451856,121.209042821,0.241725188944,8.26430397179
1509266346,31.29127069,121.20903991,266345024,31.2913451856,121.209042821,0.241725188944,8.26430397179
1509266347,31.29127069,121.20903991,266345024,31.2913451856,121.209042821,0.241725188944,8.26430397179
1509266348,31.29128994,121.20928306,266345024,31.291335729,121.209284849,0.400307665559,5.0796924632
1509266349,31.29128994,121.20928306,266345024,31.291335729,121.209284849,0.400307665559,5.0796924632
1509266350,31.29128994,121.20928306,266345024,31.291335729,121.209284849,0.400307665559,5.0796924632
1509266351,31.29134435,121.20947721,266345024,31.2913282377,121.20947658,0.525934418288,1.78744640573
1509266352,31.29134435,121.20947721,266345024,31.2913282377,121.20947658,0.525934418288,1.78744640573
1509266354,31.29132834,121.20958534,266345024,31.2913239949,121.20958517,0.597084892941,0.482030095496
1509266356,31.29131055,121.20969662,266345024,31.2913196265,121.209696975,0.670341672875,1.00691728664
1509266357,31.29131055,121.20969662,266345024,31.2913196265,121.209696975,0.670341672875,1.00691728664
1509266358,31.29130602,121.20974793,266345024,31.2913176179,121.209748383,0.704025696113,1.28663014974
1509266359,31.29130602,121.20974793,266345024,31.2913176179,121.209748383,0.704025696113,1.28663014974
1509266360,31.29125091,121.20991811,266345024,31.2913108956,121.209920447,0.816765877813,6.65459028186
1509266361,31.29125091,121.20991811,266345024,31.2913108956,121.209920447,0.816765877813,6.65459028186
1509266362,31.2912384,121.20998398,266345024,31.2913083141,121.209986704,0.860178664076,7.75603077025
1509266363,31.2912384,121.20998398,266345024,31.2913083141,121.209986704,0.860178664076,7.75603077025
1509266364,31.2912384,121.20998398,266345024,31.2913083141,121.209986704,0.860178664076,7.75603077025
1509266365,31.29132109,121.21025746,164316011,31.2912971827,121.210256261,0.153949298996,2.6531648322
1509266366,31.29132109,121.21025746,164316011,31.2912971827,121.210256261,0.153949298996,2.6531648322
1509266367,31.29129663,121.21034163,164316011,31.2912929096,121.210341443,0.387454406019,0.412879862399
1509266368,31.29129663,121.21034163,164316011,31.2912929096,121.210341443,0.387454406019,0.412879862399
1509266369,31.29130235,121.21046013,164316011,31.2912869944,121.21045936,0.710689948213,1.7041261191
1509266371,31.29130235,121.21046013,164316011,31.2912869944,121.21045936,0.710689948213,1.7041261191
1509266373,31.29126006,121.21059385,164316046,31.2912806163,121.2105946,0.00832788201246,2.28028252194
1509266374,31.29125446,121.21067796,164316046,31.2912775437,121.210678802,0.0319381193028,2.5606536546
1509266375,31.29125446,121.21067796,164316046,31.2912775437,121.210678802,0.0319381193028,2.5606536546
1509266376,31.29127723,121.210901,164316046,31.2912694462,121.210900716,0.0941625300137,0.863451528012
1509266377,31.29127723,121.210901,164316046,31.2912694462,121.210900716,0.0941625300137,0.863451528012
1509266378,31.29127723,121.210901,164316046,31.2912694462,121.210900716,0.0941625300137,0.863451528012
1509266379,31.29122025,121.21109476,164316046,31.2912623096,121.211096295,0.149002661231,4.66562072389
1509266380,31.29122025,121.21109476,164316046,31.2912623096,121.211096295,0.149002661231,4.66562072389
1509266381,31.29122852,121.21116992,164316046,31.2912595816,121.211171053,0.169964937936,3.44563318041
1509266382,31.29122852,121.21116992,164316046,31.2912595816,121.211171053,0.169964937936,3.44563318041
1509266383,31.2912278,121.21130284,164316046,31.2912547369,121.211303823,0.207193396982,2.98808245695
1509266384,31.2912278,121.21130284,164316046,31.2912547369,121.211303823,0.207193396982,2.98808245695
1509266385,31.29119718,121.21147284,164316046,31.2912446192,121.211479592,0.25657134597,5.29894243131
1509266386,31.29119718,121.21147284,164316046,31.2912446192,121.211479592,0.25657134597,5.29894243131
1509266388,31.29120174,121.21149797,164316046,31.2912412038,121.211503587,0.263362760342,4.40809199578
1509266389,31.29120174,121.21149797,164316046,31.2912412038,121.211503587,0.263362760342,4.40809199578
1509266390,31.2911916,121.21161353,164316046,31.2912248803,121.211618267,0.295821412644,3.71739952909
1509266391,31.2911916,121.21161353,164316046,31.2912248803,121.211618267,0.295821412644,3.71739952909
1509266392,31.29116148,121.21180675,164316046,31.2911713033,121.211810138,0.351705260869,1.13590922672
1509266393,31.29116148,121.21180675,164316046,31.2911713033,121.211810138,0.351705260869,1.13590922672
1509266394,31.29111343,121.21188676,164316046,31.2911415364,121.211896453,0.377289731462,3.25006793845
1509266395,31.29111343,121.21188676,164316046,31.2911415364,121.211896453,0.377289731462,3.25006793845
1509266396,31.2910774,121.21200063,164316046,31.2911026113,121.212009324,0.410745719955,2.91528772118
1509266397,31.2910774,121.21200063,164316046,31.2911026113,121.212009324,0.410745719955,2.91528772118
1509266398,31.2910774,121.21200063,164316046,31.2911026113,121.212009324,0.410745719955,2.91528772118
1509266399,31.29098479,121.21223539,164316046,31.2910204131,121.212247675,0.481394658697,4.11925135475
1509266400,31.29098479,121.21223539,164316046,31.2910204131,121.212247675,0.481394658697,4.11925135475
1509266401,31.29087927,121.21236128,164316046,31.2909703972,121.212392706,0.524383035293,10.5374379616
1509266402,31.29087927,121.21236128,164316046,31.2909703972,121.212392706,0.524383035293,10.5374379616
1509266404,31.29086331,121.21239105,164316046,31.2909595255,121.212424231,0.533727213689,11.1258196036
1509266405,31.29086331,121.21239105,164316046,31.2909595255,121.212424231,0.533727213689,11.1258196036
1509266406,31.29087619,121.21243202,164316046,31.2909482673,121.212456877,0.543403624372,8.33460890463
1509266407,31.29087619,121.21243202,164316046,31.2909482673,121.212456877,0.543403624372,8.33460890463
1509266408,31.29080237,121.21253845,164316046,31.2909076185,121.212574746,0.578341041772,12.1703431905
1509266409,31.29080237,121.21253845,164316046,31.2909076185,121.212574746,0.578341041772,12.1703431905
1509266410,31.29076925,121.21260725,164316046,31.2908828936,121.212646441,0.599592023382,13.1410985989
1509266411,31.29076925,121.21260725,164316046,31.2908828936,121.212646441,0.599592023382,13.1410985989
1509266412,31.29076002,121.21266771,164316046,31.2908653677,121.212700155,0.615426353401,12.081965614
1509266413,31.29076002,121.21266771,164316046,31.2908653677,121.212700155,0.615426353401,12.081965614
1509266414,31.2906981,121.21271866,164316046,31.2908456712,121.212764109,0.634177715456,16.9244375895
1509266415,31.2906981,121.21271866,164316046,31.2908456712,121.212764109,0.634177715456,16.9244375895
1509266416,31.2906981,121.21271866,164316046,31.2908456712,121.212764109,0.634177715456,16.9244375895
1509266417,31.29061585,121.21278318,164316046,31.2908239579,121.212838792,0.655975089604,23.6735968025
1509266418,31.29061585,121.21278318,164316046,31.2908239579,121.212838792,0.655975089604,23.6735968025
1509266419,31.290564,121.21265146,164316046,31.2908529568,121.212740453,0.627241699866,33.1394747007
1509266420,31.290564,121.21265146,164316046,31.2908529568,121.212740453,0.627241699866,33.1394747007
1509266421,31.2904863,121.21258143,164316046,31.2908659246,121.212698346,0.614896121719,43.5378787677
1509266422,31.2904863,121.21258143,164316046,31.2908659246,121.212698346,0.614896121719,43.5378787677
1509266423,31.29040177,121.21249552,164316014,31.2903692039,121.212539,0.561997070367,5.49330348761
1509266425,31.29040177,121.21249552,164316014,31.2903692039,121.212539,0.561997070367,5.49330348761
1509266426,31.2902605,121.2124167,164316014,31.2902408835,121.212442891,0.534888910312,3.30894174841
1509266427,31.2902605,121.2124167,164316014,31.2902408835,121.212442891,0.534888910312,3.30894174841
1509266428,31.29018412,121.21235035,164316014,31.2901601167,121.212382398,0.517826609636,4.04892528448
1509266429,31.29018412,121.21235035,164316014,31.2901601167,121.212382398,0.517826609636,4.04892528448
1509266430,31.29013996,121.21231889,164316014,31.2901167316,121.212349903,0.508661349684,3.91821046041
1509266431,31.29013996,121.21231889,164316014,31.2901167316,121.212349903,0.508661349684,3.91821046041
1509266432,31.29006198,121.21226019,164316014,31.2900389854,121.212289282,0.491990659005,3.7646782799
1509266433,31.29006198,121.21226019,164316014,31.2900389854,121.212289282,0.491990659005,3.7646782799
1509266434,31.29006198,121.21226019,164316014,31.2900389854,121.212289282,0.491990659005,3.7646782799
1509266435,31.28989827,121.21215617,164316014,31.2898876206,121.212169643,0.459367754708,1.74352314091
1509266436,31.28989827,121.21215617,164316014,31.2898876206,121.212169643,0.459367754708,1.74352314091
1509266437,31.2898106,121.21206398,164316014,31.2897888124,121.212091545,0.438072107833,3.56707877889
1509266439,31.2898106,121.21206398,164316014,31.2897888124,121.212091545,0.438072107833,3.56707877889
1509266440,31.28979587,121.21202692,164316014,31.2897617173,121.212070129,0.432232443825,5.59149146336
1509266442,31.28967942,121.21193655,164316014,31.2896460808,121.21197873,0.407309882113,5.45830957108
1509266443,31.28967942,121.21193655,164316014,31.2896460808,121.21197873,0.407309882113,5.45830957108
1509266444,31.28965153,121.21192049,164316014,31.289621102,121.211958987,0.40192633345,4.98168122969
1509266445,31.28965153,121.21192049,164316014,31.289621102,121.211958987,0.40192633345,4.98168122969
1509266446,31.28952303,121.21183343,164316014,31.2894996592,121.211862998,0.375752358064,3.82628487029
1509266447,31.28952303,121.21183343,164316014,31.2894996592,121.211862998,0.375752358064,3.82628487029
1509266448,31.289459,121.21179913,164316014,31.2894435634,121.21181866,0.363662307327,2.52729498919
1509266449,31.289459,121.21179913,164316014,31.2894435634,121.21181866,0.363662307327,2.52729498919
1509266450,31.289459,121.21179913,164316014,31.2894435634,121.21181866,0.363662307327,2.52729498919
1509266451,31.28930626,121.21170284,164316014,31.2893023248,121.211708009,0.333323806977,0.65768974366
1509266452,31.28930626,121.21170284,164316014,31.2893023248,121.211708009,0.333323806977,0.65768974366
1509266453,31.28921159,121.21159578,164316014,31.2891907945,121.211623093,0.309621894357,3.47554592826
1509266454,31.28921159,121.21159578,164316014,31.2891907945,121.211623093,0.309621894357,3.47554592826
1509266455,31.28917521,121.21156429,164316014,31.2891525871,121.211594004,0.301502221681,3.78096516369
1509266456,31.28917521,121.21156429,164316014,31.2891525871,121.211594004,0.301502221681,3.78096516369
1509266457,31.28908925,121.21150499,164316014,31.2890695898,121.211530812,0.28386399876,3.2858153
1509266459,31.28908925,121.21150499,164316014,31.2890695898,121.211530812,0.28386399876,3.2858153
1509266460,31.28900756,121.21139918,164316014,31.2889668789,121.211452612,0.262036333105,6.79904870898
1509266461,31.28900756,121.21139918,164316014,31.2889668789,121.211452612,0.262036333105,6.79904870898
1509266462,31.28900756,121.21139918,164316014,31.2889668789,121.211452612,0.262036333105,6.79904870898
1509266463,31.28885657,121.21125004,164316014,31.2887994142,121.21132511,0.226447494496,9.55246861955
1509266464,31.28885657,121.21125004,164316014,31.2887994142,121.21132511,0.226447494496,9.55246861955
1509266465,31.28878485,121.21118612,164316014,31.2887232047,121.211267087,0.210251779835,10.3028140443
1509266466,31.28878485,121.21118612,164316014,31.2887232047,121.211267087,0.210251779835,10.3028140443
1509266467,31.28872659,121.21115766,164316014,31.2886726067,121.211228563,0.199498922446,9.02225937174
1509266468,31.28872659,121.21115766,164316014,31.2886726067,121.211228563,0.199498922446,9.02225937174
1509266469,31.28858704,121.21112314,164316014,31.2885676281,121.211148636,0.177189327621,3.24433112692
1509266470,31.28858704,121.21112314,164316014,31.2885676281,121.211148636,0.177189327621,3.24433112692
1509266471,31.2884837,121.21121714,164316014,31.2885475153,121.211133323,0.172915048947,10.6654971868
1509266473,31.2884837,121.21121714,164316014,31.2885475153,121.211133323,0.172915048947,10.6654971868
1509266474,31.28845942,121.21123999,164316014,31.2885431582,121.211130006,0.171989097351,13.9952749554
1509266475,31.28845942,121.21123999,164316014,31.2885431582,121.211130006,0.171989097351,13.9952749554
1509266476,31.2884147,121.21129279,164316014,31.2885402969,121.211127827,0.171381026671,20.9911789067
1509266477,31.2884147,121.21129279,164316014,31.2885402969,121.211127827,0.171381026671,20.9911789067
1509266478,31.28835286,121.21142892,164316014,31.2885667609,121.211147976,0.177005045295,35.7495569415
1509266479,31.28835286,121.21142892,164316014,31.2885667609,121.211147976,0.177005045295,35.7495569415
1509266480,31.28829687,121.21149244,164316014,31.288561932,121.211144299,0.17597882963,44.3001910505
1509266481,31.28829687,121.21149244,164316014,31.288561932,121.211144299,0.17597882963,44.3001910505
1509266482,31.28829687,121.21149244,164316014,31.288561932,121.211144299,0.17597882963,44.3001910505
1509266483,31.28817974,121.21166159,266157883,31.2881647227,121.2116526,0.798306852001,1.87216781052
1509266484,31.28817974,121.21166159,266157883,31.2881647227,121.2116526,0.798306852001,1.87216781052
1509266485,31.28811365,121.21181731,266157883,31.288078661,121.211796365,0.785054983024,4.36198899149
1509266486,31.28811365,121.21181731,266157883,31.288078661,121.211796365,0.785054983024,4.36198899149
1509266487,31.28810066,121.21184257,266157883,31.2880641019,121.211820685,0.782813157448,4.55760493241
1509266488,31.28810066,121.21184257,266157883,31.2880641019,121.211820685,0.782813157448,4.55760493241
1509266490,31.28800133,121.21196033,266157883,31.287986,121.211951153,0.770786937796,1.91115480976
1509266492,31.28795456,121.21198888,266157883,31.2879610792,121.211992783,0.766949614433,0.812738700167
1509266493,31.28795456,121.21198888,266157883,31.2879610792,121.211992783,0.766949614433,0.812738700167
1509266494,31.28789182,121.21206801,266157883,31.2879096547,121.212078686,0.759031202962,2.22340510594
1509266495,31.28789182,121.21206801,266157883,31.2879096547,121.212078686,0.759031202962,2.22340510594
1509266496,31.28789182,121.21206801,266157883,31.2879096547,121.212078686,0.759031202962,2.22340510594
1509266497,31.28780894,121.21219766,266157883,31.2878306526,121.212210658,0.74686637772,2.70685561245
1509266498,31.28780894,121.21219766,266157883,31.2878306526,121.212210658,0.74686637772,2.70685561245
1509266499,31.28776681,121.2122885,266157883,31.2877795047,121.212296099,0.73899056641,1.58261271259
1509266500,31.28776681,121.2122885,266157883,31.2877795047,121.212296099,0.73899056641,1.58261271259
1509266501,31.28772563,121.21238003,266157883,31.2877283033,121.21238163,0.731106523634,0.333270878902
1509266502,31.28772563,121.21238003,266157883,31.2877283033,121.21238163,0.731106523634,0.333270878902
1509266503,31.28767602,121.21248513,266157883,31.2876688976,121.212480866,0.7219591748,0.887933109728
1509266504,31.28767602,121.21248513,266157883,31.2876688976,121.212480866,0.7219591748,0.887933109728
1509266505,31.28761159,121.21256267,266157883,31.2876177279,121.212566344,0.714080007583,0.765195651339
1509266506,31.28761159,121.21256267,266157883,31.2876177279,121.212566344,0.714080007583,0.765195651339
1509266508,31.28757764,121.21261555,266157883,31.287585467,121.212620235,0.709112443612,0.975774834182
1509266509,31.28757764,121.21261555,266157883,31.287585467,121.212620235,0.709112443612,0.975774834182
1509266510,31.28751822,121.21276643,266157883,31.287503298,121.212757497,0.696459969705,1.86029425727
1509266511,31.28751822,121.21276643,266157883,31.287503298,121.212757497,0.696459969705,1.86029425727
1509266512,31.28748937,121.21287094,266157883,31.2874496292,121.21284715,0.688195988217,4.9544000121
1509266513,31.28748937,121.21287094,266157883,31.2874496292,121.21284715,0.688195988217,4.9544000121
1509266514,31.28745146,121.2129576,266157883,31.2874014367,121.212927655,0.680775258649,6.2362942993
1509266515,31.28745146,121.2129576,266157883,31.2874014367,121.212927655,0.680775258649,6.2362942993
1509266516,31.28740371,121.21304413,266157883,31.2873510961,121.213011646,0.673030651952,6.60280049612
1509266517,31.28740371,121.21304413,266157883,31.2873510961,121.213011646,0.673030651952,6.60280049612
1509266518,31.28732039,121.21316794,266157883,31.287272756,121.21313853,0.661236797201,5.97784880453
1509266519,31.28732039,121.21316794,266157883,31.287272756,121.21313853,0.661236797201,5.97784880453
1509266520,31.28721302,121.21326955,266157883,31.2871976999,121.213260097,0.649937286901,1.92236056835
1509266521,31.28721302,121.21326955,266157883,31.2871976999,121.213260097,0.649937286901,1.92236056835
1509266523,31.28711977,121.21336751,266157883,31.2871281907,121.213372709,0.639470803089,1.0567709116
1509266525,31.28708227,121.21340065,266157883,31.287103026,121.213413466,0.635682474203,2.60481835807
1509266526,31.28708227,121.21340065,266157883,31.287103026,121.213413466,0.635682474203,2.60481835807
1509266527,31.28702791,121.2134797,266157883,31.2870526851,121.213494997,0.628104065848,3.10919912879
1509266528,31.28702791,121.2134797,266157883,31.2870526851,121.213494997,0.628104065848,3.10919912879
1509266529,31.28702791,121.2134797,266157883,31.2870526851,121.213494997,0.628104065848,3.10919912879
1509266530,31.28692395,121.21364195,266157883,31.2869514619,121.213658937,0.612865755795,3.45266004402
1509266531,31.28692395,121.21364195,266157883,31.2869514619,121.213658937,0.612865755795,3.45266004402
1509266532,31.28689339,121.21370618,266157883,31.2869143149,121.2137191,0.607273577212,2.62600649769
1509266533,31.28689339,121.21370618,266157883,31.2869143149,121.2137191,0.607273577212,2.62600649769
1509266534,31.286798,121.21385578,266157883,31.2868211119,121.21387005,0.593242645187,2.90047219089
1509266535,31.286798,121.21385578,266157883,31.2868211119,121.21387005,0.593242645187,2.90047219089
1509266536,31.28674031,121.21387614,266157883,31.2867960875,121.213910579,0.589475437762,6.99991173879
1509266538,31.28674031,121.21387614,266157883,31.2867960875,121.213910579,0.589475437762,6.99991173879
1509266540,31.2866989,121.21392595,266157883,31.2867623919,121.213965152,0.58440283081,7.96803367188
1509266541,31.28665444,121.21401691,266157883,31.2867104847,121.214049975,0.576537530888,6.96600659652
1509266542,31.28665444,121.21401691,266157883,31.2867104847,121.214049975,0.576537530888,6.96600659652
1509266543,31.28660374,121.21414676,266157883,31.2866405653,121.214168486,0.565654877447,4.57715077944
1509266544,31.28660374,121.21414676,266157883,31.2866405653,121.214168486,0.565654877447,4.57715077944
1509266545,31.28660374,121.21414676,266157883,31.2866405653,121.214168486,0.565654877447,4.57715077944
1509266546,31.28651463,121.21426467,266157883,31.2865659537,121.21429495,0.554041914193,6.37921287782
1509266547,31.28651463,121.21426467,266157883,31.2865659537,121.21429495,0.554041914193,6.37921287782
1509266548,31.28644768,121.21433685,266157883,31.2865170775,121.214377793,0.546434554759,8.62567712556
1509266549,31.28644768,121.21433685,266157883,31.2865170775,121.214377793,0.546434554759,8.62567712556
1509266550,31.28644768,121.21433685,266157883,31.2865170775,121.214377793,0.546434554759,8.62567712556
1509266551,31.28637121,121.21445608,266157883,31.286445152,121.214499705,0.535239657448,9.19052196293
1509266552,31.28637121,121.21445608,266157883,31.286445152,121.214499705,0.535239657448,9.19052196293
1509266553,31.28630851,121.21460027,266157883,31.2863658582,121.214634104,0.522897933321,7.12802142322
1509266555,31.28630851,121.21460027,266157883,31.2863658582,121.214634104,0.522897933321,7.12802142322
1509266557,31.28626774,121.21463531,266157883,31.286339996,121.21467794,0.51887260289,8.98097361329
1509266558,31.28617798,121.21478887,266157883,31.2862496145,121.214831133,0.504805116288,8.90372163586
1509266559,31.28617798,121.21478887,266157883,31.2862496145,121.214831133,0.504805116288,8.90372163586
1509266560,31.28617798,121.21478887,266157883,31.2862496145,121.214831133,0.504805116288,8.90372163586
1509266561,31.28612939,121.21492794,266157883,31.2861762047,121.21495556,0.493379213935,5.81878189159
1509266562,31.28612939,121.21492794,266157883,31.2861762047,121.21495556,0.493379213935,5.81878189159
1509266563,31.28609303,121.21502409,266157883,31.2861247366,121.215042796,0.485368433379,3.9409401606
1509266564,31.28609303,121.21502409,266157883,31.2861247366,121.215042796,0.485368433379,3.9409401606
1509266565,31.28603704,121.21511632,266157883,31.2860699156,121.215135716,0.476835776276,4.08623115717
1509266566,31.28603704,121.21511632,266157883,31.2860699156,121.215135716,0.476835776276,4.08623115717
1509266567,31.28603704,121.21511632,266157883,31.2860699156,121.215135716,0.476835776276,4.08623115717
1509266568,31.28595628,121.21525963,266157883,31.2859863438,121.215277367,0.463828193181,3.73674045199
1509266569,31.28595628,121.21525963,266157883,31.2859863438,121.215277367,0.463828193181,3.73674045199
1509266570,31.28588986,121.21540596,266157883,31.2859051529,121.215414983,0.451191196003,1.90081431643
1509266572,31.28588986,121.21540596,266157883,31.2859051529,121.215414983,0.451191196003,1.90081431643
1509266573,31.28586186,121.21542517,266157883,31.285889516,121.215441487,0.448757376909,3.43746806139
1509266574,31.28586186,121.21542517,266157883,31.285889516,121.215441487,0.448757376909,3.43746806139
1509266575,31.285814,121.21549568,266157883,31.2858462998,121.215514736,0.442030970987,4.01466770278
1509266576,31.285814,121.21549568,266157883,31.2858462998,121.215514736,0.442030970987,4.01466770278
1509266577,31.285753,121.21558914,266157883,31.2857896453,121.215610761,0.43321311517,4.55483453693
1509266578,31.285753,121.21558914,266157883,31.2857896453,121.215610761,0.43321311517,4.55483453693
1509266579,31.28571473,121.21564915,266157883,31.2857534993,121.215672024,0.427587349325,4.81883856949
1509266580,31.28571473,121.21564915,266157883,31.2857534993,121.215672024,0.427587349325,4.81883856949
1509266581,31.28571473,121.21564915,266157883,31.2857534993,121.215672024,0.427587349325,4.81883856949
1509266582,31.28562879,121.21579431,266157883,31.2856677774,121.215817313,0.414245571856,4.84593807555
1509266583,31.28562879,121.21579431,266157883,31.2856677774,121.215817313,0.414245571856,4.84593807555
1509266584,31.28558993,121.21585161,266157883,31.2856326651,121.215876824,0.408780691094,5.3117601434
1509266585,31.28558993,121.21585161,266157883,31.2856326651,121.215876824,0.408780691094,5.3117601434
1509266586,31.28552045,121.21594888,266157883,31.2855721528,121.215979385,0.399362561364,6.42641090712
1509266587,31.28552045,121.21594888,266157883,31.2855721528,121.215979385,0.399362561364,6.42641090712
1509266588,31.28544686,121.21609057,266157883,31.28547518,121.216119508,0.385871911275,4.17755048274
1509266590,31.28544686,121.21609057,266157883,31.28547518,121.216119508,0.385871911275,4.17755048274
1509266591,31.28544861,121.21612451,266157883,31.2854591079,121.216135237,0.384093356834,1.54856360702
1509266592,31.28544861,121.21612451,266157883,31.2854591079,121.216135237,0.384093356834,1.54856360702
1509266593,31.28537531,121.21626315,266157883,31.2853551264,121.216232979,0.372787856803,3.64157491757
1509266594,31.28537531,121.21626315,266157883,31.2853551264,121.216232979,0.372787856803,3.64157491757
1509266595,31.2853412,121.21634536,266157883,31.2852935687,121.21627416,0.366930327721,8.59374913891
1509266596,31.2853412,121.21634536,266157883,31.2852935687,121.21627416,0.366930327721,8.59374913891
1509266597,31.28529595,121.21642359,266157883,31.2852261545,121.216319258,0.36051552039,12.5927168269
1509266598,31.28529595,121.21642359,266157883,31.2852261545,121.216319258,0.36051552039,12.5927168269
1509266599,31.2852292,121.21647569,266157883,31.2851778241,121.21633802,0.356409247393,14.2929162354
1509266600,31.2852292,121.21647569,266157883,31.2851778241,121.21633802,0.356409247393,14.2929162354
1509266601,31.2852292,121.21647569,266157883,31.2851778241,121.21633802,0.356409247393,14.2929162354
1509266602,31.28511196,121.21654334,266157883,31.2850656,121.2163799,0.346935599467,16.3894808251
1509266603,31.28511196,121.21654334,266157883,31.2850656,121.2163799,0.346935599467,16.3894808251
1509266604,31.2849727,121.21653514,266157883,31.2849717825,121.216380456,0.339515493707,14.7291753444
1509266605,31.2849727,121.21653514,266157883,31.2849717825,121.216380456,0.339515493707,14.7291753444
1509266607,31.284944,121.21652112,266157883,31.2849431667,121.216380626,0.337252241786,13.3780146054
1509266608,31.284944,121.21652112,266157883,31.2849431667,121.216380626,0.337252241786,13.3780146054
1509266610,31.2848453,121.2165304,266157883,31.2848444538,121.216381198,0.329444956561,14.2072030395
1509266611,31.28476131,121.21652854,266157883,31.284760477,121.216381674,0.32280317119,13.9847519088
1509266612,31.28476131,121.21652854,266157883,31.284760477,121.216381674,0.32280317119,13.9847519088
1509266613,31.28466586,121.21652332,266157883,31.2846650597,121.216382215,0.315256541948,13.4361794169
1509266614,31.28466586,121.21652332,266157883,31.2846650597,121.216382215,0.315256541948,13.4361794169
1509266615,31.28466586,121.21652332,266157883,31.2846650597,121.216382215,0.315256541948,13.4361794169
1509266616,31.28449009,121.21652238,266157883,31.2844893007,121.216383212,0.301355626985,13.2517763542
1509266617,31.28449009,121.21652238,266157883,31.2844893007,121.216383212,0.301355626985,13.2517763542
1509266618,31.28439264,121.21652756,266157883,31.2843918245,121.216383765,0.29364615634,13.6923958987
1509266619,31.28439264,121.21652756,266157883,31.2843918245,121.216383765,0.29364615634,13.6923958987
1509266620,31.28433221,121.216525,266157883,31.2843314109,121.216384108,0.288868003444,13.416010115
1509266621,31.28433221,121.216525,266157883,31.2843314109,121.216384108,0.288868003444,13.416010115
1509266622,31.28416813,121.21653636,266157883,31.2841672718,121.216385039,0.275886112571,14.4091101989
1509266623,31.28416813,121.21653636,266157883,31.2841672718,121.216385039,0.275886112571,14.4091101989
1509266624,31.28413284,121.21653112,266157883,31.2841320126,121.216385239,0.273097439675,13.8911103486
1509266626,31.28413284,121.21653112,266157883,31.2841320126,121.216385239,0.273097439675,13.8911103486
1509266627,31.28405723,121.21652043,266157883,31.2840619816,121.216383249,0.267555900958,13.0730104434
1509266628,31.28405723,121.21652043,266157883,31.2840619816,121.216383249,0.267555900958,13.0730104434
1509266629,31.28396435,121.2165004,266157883,31.28396852,121.216380012,0.260159632833,11.472719704
1509266630,31.28396435,121.2165004,266157883,31.28396852,121.216380012,0.260159632833,11.472719704
1509266631,31.28382601,121.21648004,266157883,31.2838345942,121.216369729,0.249536108182,10.5468973347
1509266632,31.28382601,121.21648004,266157883,31.2838345942,121.216369729,0.249536108182,10.5468973347
1509266633,31.28382601,121.21648004,266157883,31.2838345942,121.216369729,0.249536108182,10.5468973347
1509266634,31.28370175,121.21642144,266157883,31.283724897,121.216339965,0.240536514598,8.17148203963
1509266635,31.28370175,121.21642144,266157883,31.283724897,121.216339965,0.240536514598,8.17148203963
1509266636,31.28370175,121.21642144,266157883,31.283724897,121.216339965,0.240536514598,8.17148203963
1509266637,31.28350482,121.21635456,266157883,31.2835811487,121.216259329,0.227426709256,12.4034934495
1509266638,31.28350482,121.21635456,266157883,31.2835811487,121.216259329,0.227426709256,12.4034934495
1509266639,31.2834354,121.21631425,266157883,31.2835192105,121.216209685,0.221148714814,13.6193265401
1509266640,31.2834354,121.21631425,266157883,31.2835192105,121.216209685,0.221148714814,13.6193265401
1509266642,31.28332636,121.21621292,266157883,31.2834033711,121.216116838,0.209407374851,12.5144359914
1509266643,31.28332636,121.21621292,266157883,31.2834033711,121.216116838,0.209407374851,12.5144359914
1509266644,31.28329391,121.21619219,266157883,31.2833734974,121.216092894,0.206379407079,12.9330851647
1509266645,31.28329391,121.21619219,266157883,31.2833734974,121.216092894,0.206379407079,12.9330851647
1509266646,31.28322659,121.21612266,266157883,31.2832985782,121.216032845,0.198785677597,11.6981615332
1509266647,31.28322659,121.21612266,266157883,31.2832985782,121.216032845,0.198785677597,11.6981615332
1509266648,31.28314426,121.21600358,266157883,31.2831903393,121.21594609,0.187814706556,7.48793830502
1509266649,31.28314426,121.21600358,266157883,31.2831903393,121.21594609,0.187814706556,7.48793830502
1509266650,31.28314426,121.21600358,266157883,31.2831903393,121.21594609,0.187814706556,7.48793830502
1509266651,31.28303696,121.2159086,266157883,31.2830786694,121.215856573,0.176495377858,6.77708722448
1509266652,31.28303696,121.2159086,266157883,31.2830786694,121.215856573,0.176495377858,6.77708722448
1509266653,31.28294779,121.21584651,266157883,31.2829940849,121.215788763,0.167921291223,7.52215747308
1509266654,31.28294779,121.21584651,266157883,31.2829940849,121.215788763,0.167921291223,7.52215747308
1509266655,31.28285536,121.21578856,266157883,31.2829095363,121.215720982,0.159350843017,8.80275670021
1509266656,31.28285536,121.21578856,266157883,31.2829095363,121.215720982,0.159350843017,8.80275670021
1509266657,31.2826605,121.21566346,266157883,31.2827298617,121.21557694,0.141137743361,11.270137093
1509266658,31.2826605,121.21566346,266157883,31.2827298617,121.21557694,0.141137743361,11.270137093
1509266659,31.2825435,121.21556322,266157883,31.2826097172,121.215480622,0.128959043874,10.759216376
1509266661,31.2825435,121.21556322,266157883,31.2826097172,121.215480622,0.128959043874,10.759216376
1509266662,31.28248269,121.21553104,266157883,31.282556994,121.215438355,0.123614641925,12.0731879612
1509266663,31.28248269,121.21553104,266157883,31.282556994,121.215438355,0.123614641925,12.0731879612
1509266664,31.28233467,121.21540955,266157883,31.2824075952,121.215318585,0.108470525593,11.8491782755
1509266665,31.28233467,121.21540955,266157883,31.2824075952,121.215318585,0.108470525593,11.8491782755
1509266666,31.2822489,121.215275,266157883,31.2822855741,121.215223693,0.0962415668725,6.35629323332
1509266667,31.2822489,121.215275,266157883,31.2822855741,121.215223693,0.0962415668725,6.35629323332
1509266668,31.2822489,121.215275,266157883,31.2822855741,121.215223693,0.0962415668725,6.35629323332
1509266669,31.2820454,121.21480873,266157883,31.2819877214,121.214832543,0.0563397949145,6.78518908178
1509266670,31.2820454,121.21480873,266157883,31.2819877214,121.214832543,0.0563397949145,6.78518908178
1509266671,31.2820454,121.21480873,266157883,31.2819877214,121.214832543,0.0563397949145,6.78518908178
1509266672,31.28199334,121.21456577,266157883,31.2819139909,121.214575587,0.0351215978775,8.84730300924
1509266673,31.28199334,121.21456577,266157883,31.2819139909,121.214575587,0.0351215978775,8.84730300924
1509266675,31.28206147,121.21440153,266157883,31.281897423,121.214402241,0.0213318089661,18.1887221919
1509266677,31.28214028,121.21432978,266157883,31.2818971138,121.214330833,0.015684186669,26.9610787261
1509266678,31.28214028,121.21432978,266157883,31.2818971138,121.214330833,0.015684186669,26.9610787261
1509266679,31.28220776,121.21426483,266157883,31.2818968337,121.214266177,0.010570486899,34.4739787445
1509266680,31.28220776,121.21426483,266157883,31.2818968337,121.214266177,0.010570486899,34.4739787445
1509266681,31.28229928,121.21424374,266157883,31.2818967441,121.214245483,0.00893385442489,44.6312045392
1509266682,31.28229928,121.21424374,266157883,31.2818967441,121.214245483,0.00893385442489,44.6312045392
1509266683,31.2824038,121.21424489,135420817,31.2824036353,121.214131952,0.931403952849,10.7541399933
1509266684,31.2824038,121.21424489,135420817,31.2824036353,121.214131952,0.931403952849,10.7541399933
1509266685,31.2824038,121.21424489,135420817,31.2824036353,121.214131952,0.931403952849,10.7541399933
1509266686,31.2825064,121.21422908,135420817,31.2825062582,121.214131803,0.917679960958,9.26291989333
1509266687,31.2825064,121.21422908,135420817,31.2825062582,121.214131803,0.917679960958,9.26291989333
1509266688,31.2825064,121.21422908,135420817,31.2825062582,121.214131803,0.917679960958,9.26291989333
1509266689,31.28262116,121.2141852,135420817,31.2826210819,121.214131635,0.902324314476,5.10049567805
1509266690,31.28262116,121.2141852,135420817,31.2826210819,121.214131635,0.902324314476,5.10049567805
1509266691,31.28277823,121.21415181,135420817,31.2827782003,121.214131406,0.881312509698,1.94287474662
1509266693,31.28277823,121.21415181,135420817,31.2827782003,121.214131406,0.881312509698,1.94287474662
1509266694,31.28281991,121.21416057,135420817,31.2828198674,121.214131345,0.875740265307,2.78279241785
1509266695,31.28281991,121.21416057,135420817,31.2828198674,121.214131345,0.875740265307,2.78279241785
1509266696,31.28295794,121.21418056,135420817,31.282957868,121.214131144,0.857285126316,4.70540686248
1509266697,31.28295794,121.21418056,135420817,31.282957868,121.214131144,0.857285126316,4.70540686248
1509266698,31.28308972,121.21417052,135420817,31.2830896623,121.214130952,0.839659957844,3.76768207753
1509266699,31.28308972,121.21417052,135420817,31.2830896623,121.214130952,0.839659957844,3.76768207753
1509266700,31.28325126,121.21417185,135420817,31.2832512,121.214130717,0.818057140012,3.91674359862
1509266701,31.28325126,121.21417185,135420817,31.2832512,121.214130717,0.818057140012,3.91674359862
1509266702,31.28325126,121.21417185,135420817,31.2832512,121.214130717,0.818057140012,3.91674359862
1509266703,31.28345244,121.21418198,135420817,31.2834523648,121.214130423,0.791154898991,4.90924143368
1509266704,31.28345244,121.21418198,135420817,31.2834523648,121.214130423,0.791154898991,4.90924143368
1509266705,31.28345244,121.21418198,135420817,31.2834523648,121.214130423,0.791154898991,4.90924143368
1509266706,31.28375676,121.21422944,135420817,31.283756615,121.21412998,0.750466811319,9.47065314566
1509266707,31.28375676,121.21422944,135420817,31.283756615,121.21412998,0.750466811319,9.47065314566
1509266708,31.28380841,121.21421273,135420817,31.2838082892,121.214129904,0.743556292467,7.88664163248
1509266710,31.28380841,121.21421273,135420817,31.2838082892,121.214129904,0.743556292467,7.88664163248
1509266712,31.28386915,121.2142027,135420817,31.2838690437,121.214129816,0.735431451559,6.94001647341
1509266713,31.2839372,121.21420913,135420817,31.2839370842,121.214129717,0.726332238445,7.56171941296
1509266714,31.2839372,121.21420913,135420817,31.2839370842,121.214129717,0.726332238445,7.56171941296
1509266715,31.28400493,121.21422743,135420817,31.2840047874,121.214129618,0.71727813385,9.31368729491
1509266716,31.28400493,121.21422743,135420817,31.2840047874,121.214129618,0.71727813385,9.31368729491
1509266717,31.28412403,121.21421971,135420817,31.2841238984,121.214129444,0.701349140235,8.59506023838
1509266718,31.28412403,121.21421971,135420817,31.2841238984,121.214129444,0.701349140235,8.59506023838
1509266719,31.28412403,121.21421971,135420817,31.2841238984,121.214129444,0.701349140235,8.59506023838
1509266720,31.28412403,121.21421971,135420817,31.2841238984,121.214129444,0.701349140235,8.59506023838
1509266721,31.28442884,121.21421686,135420817,31.2844287119,121.214129,0.660585715057,8.36597196089
1509266722,31.28442884,121.21421686,135420817,31.2844287119,121.214129,0.660585715057,8.36597196089
1509266723,31.28457249,121.21419452,135420817,31.2845741977,121.214130969,0.64112585814,6.05421918592
1509266724,31.28457249,121.21419452,135420817,31.2845741977,121.214130969,0.64112585814,6.05421918592
1509266725,31.28469866,121.21418853,135420817,31.2847001158,121.214134352,0.62428047144,5.16123980837
1509266726,31.28469866,121.21418853,135420817,31.2847001158,121.214134352,0.62428047144,5.16123980837
1509266728,31.28471261,121.21416731,135420817,31.2847134859,121.214134712,0.622491806569,3.10548255181
1509266729,31.28471261,121.21416731,135420817,31.2847134859,121.214134712,0.622491806569,3.10548255181
1509266730,31.2848463,121.21414414,135420817,31.2848449374,121.214131159,0.60486928128,1.24522641281
1509266731,31.2848463,121.21414414,135420817,31.2848449374,121.214131159,0.60486928128,1.24522641281
1509266732,31.2848463,121.21414414,135420817,31.2848449374,121.214131159,0.60486928128,1.24522641281
1509266733,31.28489812,121.21411859,135420817,31.2848988454,121.2141255,0.597620431674,0.662877314986
1509266734,31.28489812,121.21411859,135420817,31.2848988454,121.2141255,0.597620431674,0.662877314986
1509266735,31.28489812,121.21411859,135420817,31.2848988454,121.2141255,0.597620431674,0.662877314986
1509266736,31.28496588,121.21407151,135420817,31.2849771153,121.214109412,0.586889432779,3.81793592018
1509266737,31.28496588,121.21407151,135420817,31.2849771153,121.214109412,0.586889432779,3.81793592018
1509266738,31.28508772,121.21400149,135420817,31.2851150053,121.214052696,0.566848651019,5.73804392086
1509266739,31.28508772,121.21400149,135420817,31.2851150053,121.214052696,0.566848651019,5.73804392086
1509266740,31.28518846,121.21394162,135420817,31.2852248169,121.213988005,0.54975603797,5.97969179815
1509266741,31.28518846,121.21394162,135420817,31.2852248169,121.213988005,0.54975603797,5.97969179815
1509266743,31.28525856,121.21385221,135420817,31.2853116506,121.213919944,0.535001582489,8.7319118157
1509266745,31.28530721,121.21377331,135420817,31.2853851675,121.213838209,0.520250886223,10.6252889891
1509266746,31.28530721,121.21377331,135420817,31.2853851675,121.213838209,0.520250886223,10.6252889891
1509266747,31.28532944,121.21373364,135420817,31.2854137735,121.213803847,0.514271616985,11.4943194006
1509266748,31.28532944,121.21373364,135420817,31.2854137735,121.213803847,0.514271616985,11.4943194006
1509266749,31.28535613,121.21367742,135420817,31.2854569429,121.2137366,0.503558616335,12.5176510103
1509266750,31.28535613,121.21367742,135420817,31.2854569429,121.2137366,0.503558616335,12.5176510103
1509266751,31.28535613,121.21367742,135420817,31.2854569429,121.2137366,0.503558616335,12.5176510103
1509266752,31.2854358,121.21353684,135420817,31.2855387361,121.213597267,0.481951869053,12.7812885952
1509266753,31.2854358,121.21353684,135420817,31.2855387361,121.213597267,0.481951869053,12.7812885952
1509266754,31.2854358,121.21353684,135420817,31.2855387361,121.213597267,0.481951869053,12.7812885952
1509266755,31.28550264,121.21341405,135420817,31.2856094744,121.213476765,0.463265437989,13.2653254331
1509266756,31.28550264,121.21341405,135420817,31.2856094744,121.213476765,0.463265437989,13.2653254331
1509266757,31.28563234,121.21329472,135420817,31.2856948124,121.213331393,0.440722310725,7.7570157095
1509266758,31.28563234,121.21329472,135420817,31.2856948124,121.213331393,0.440722310725,7.7570157095
1509266759,31.28571733,121.21328922,135420817,31.2857189955,121.213290198,0.434334026428,0.206799084846
1509266761,31.28571733,121.21328922,135420817,31.2857189955,121.213290198,0.434334026428,0.206799084846
1509266762,31.28570337,121.21320011,135420817,31.2857540081,121.213230938,0.425129083937,6.33552819998
1509266763,31.28570337,121.21320011,135420817,31.2857540081,121.213230938,0.425129083937,6.33552819998
1509266764,31.28567748,121.21312534,135420817,31.2857802179,121.213187887,0.418388652397,12.8539326011
1509266765,31.28567748,121.21312534,135420817,31.2857802179,121.213187887,0.418388652397,12.8539326011
1509266766,31.28564408,121.21310653,135420817,31.2857795411,121.213188998,0.418562719137,16.9480504396
1509266767,31.28564408,121.21310653,135420817,31.2857795411,121.213188998,0.418562719137,16.9480504396
1509266768,31.28556591,121.21307673,135420817,31.2857716394,121.213201978,0.420594815208,25.7396194886
1509266769,31.28556591,121.21307673,135420817,31.2857716394,121.213201978,0.420594815208,25.7396194886
1509266770,31.28556591,121.21307673,135420817,31.2857716394,121.213201978,0.420594815208,25.7396194886
1509266771,31.28546038,121.21301949,135420817,31.2857685273,121.213207089,0.421395149911,38.5535382982
1509266772,31.28546038,121.21301949,135420817,31.2857685273,121.213207089,0.421395149911,38.5535382982
1509266773,31.28540393,121.21301916,135420817,31.2857534092,121.213231922,0.425283109342,43.7247370171
1509266774,31.28540393,121.21301916,135420817,31.2857534092,121.213231922,0.425283109342,43.7247370171
1509266775,31.28535706,121.21298082,135420819,31.2853843842,121.212947079,0.308365034694,4.41588464314
1509266776,31.28535706,121.21298082,135420819,31.2853843842,121.212947079,0.308365034694,4.41588464314
1509266778,31.28525044,121.21289809,135420819,31.2852766091,121.212863168,0.3984740117,4.41313383903
1509266779,31.28525044,121.21289809,135420819,31.2852766091,121.212863168,0.3984740117,4.41313383903
1509266780,31.28515625,121.2128996,135420819,31.2851962363,121.212818113,0.459469125739,8.93634187916
1509266781,31.28515625,121.2128996,135420819,31.2851962363,121.212818113,0.459469125739,8.93634187916
1509266782,31.28507414,121.21290388,135420819,31.2850957876,121.212781593,0.530630061371,11.8888417743
1509266783,31.28507414,121.21290388,135420819,31.2850957876,121.212781593,0.530630061371,11.8888417743
1509266784,31.28507414,121.21290388,135420819,31.2850957876,121.212781593,0.530630061371,11.8888417743
1509266785,31.28495516,121.21291002,135420819,31.2849474752,121.212767021,0.629505749031,13.6429079571
1509266786,31.28495516,121.21291002,135420819,31.2849474752,121.212767021,0.629505749031,13.6429079571
1509266787,31.28495516,121.21291002,135420819,31.2849474752,121.212767021,0.629505749031,13.6429079571
1509266788,31.28483549,121.21291832,135420819,31.2848277051,121.212773457,0.708619184815,13.8207180181
1509266789,31.28483549,121.21291832,135420819,31.2848277051,121.212773457,0.708619184815,13.8207180181
1509266791,31.28476283,121.21293235,135420819,31.2847545025,121.212777391,0.756972689384,14.7839517178
1509266792,31.28476283,121.21293235,135420819,31.2847545025,121.212777391,0.756972689384,14.7839517178
1509266793,31.28466136,121.21292666,135420819,31.2846608208,121.212779326,0.818794932017,14.0291367381
1509266794,31.28466136,121.21292666,135420819,31.2846608208,121.212779326,0.818794932017,14.0291367381
1509266795,31.28454596,121.21282077,135420819,31.2845458099,121.212779747,0.894655747155,3.90616766887
1509266796,31.28454596,121.21282077,135420819,31.2845458099,121.212779747,0.894655747155,3.90616766887
1509266797,31.28455422,121.21274891,135420819,31.2845543327,121.212779716,0.889034092775,2.93335648204
1509266798,31.28455422,121.21274891,135420819,31.2845543327,121.212779716,0.889034092775,2.93335648204
1509266799,31.28456753,121.21261007,135420819,31.2845681507,121.212779666,0.879919840133,16.1489508815
1509266800,31.28456753,121.21261007,135420819,31.2845681507,121.212779666,0.879919840133,16.1489508815
1509266801,31.28456753,121.21261007,135420819,31.2845681507,121.212779666,0.879919840133,16.1489508815
1509266802,31.28459392,121.21244984,135420819,31.2845951267,121.212779567,0.862126548062,31.3966971505
1509266803,31.28459392,121.21244984,135420819,31.2845951267,121.212779567,0.862126548062,31.3966971505
1509266804,31.28462765,121.21236309,135420819,31.2846291737,121.212779442,0.839669252924,39.6451809147
1509266805,31.28462765,121.21236309,135420819,31.2846291737,121.212779442,0.839669252924,39.6451809147
1509266806,31.28463301,121.21228746,135420819,31.2846348104,121.212779422,0.835951302576,46.8447238842
1509266807,31.28463301,121.21228746,135420819,31.2846348104,121.212779422,0.835951302576,46.8447238842
1509266809,31.28464719,121.2120689,384531666,31.2845041,121.2120689,0.806908913363,15.865013352
1509266811,31.28466531,121.21187853,384531666,31.2845040994,121.211878543,0.755212383528,17.8741238384
1509266812,31.28466531,121.21187853,384531666,31.2845040994,121.211878543,0.755212383528,17.8741238384
1509266813,31.28467572,121.21173432,384531666,31.2845040877,121.211734334,0.71604852565,19.0296191246
1509266814,31.28467572,121.21173432,384531666,31.2845040877,121.211734334,0.71604852565,19.0296191246
1509266815,31.28467506,121.21168553,384531666,31.2845040838,121.211685544,0.702798280369,18.9568795302
1509266816,31.28467506,121.21168553,384531666,31.2845040838,121.211685544,0.702798280369,18.9568795302
1509266817,31.28468001,121.21159673,384531666,31.2845040766,121.211596744,0.678682371595,19.5065039108
1509266818,31.28468001,121.21159673,384531666,31.2845040766,121.211596744,0.678682371595,19.5065039108
1509266819,31.28467969,121.21151893,384531666,31.2845040703,121.211518944,0.657553691583,19.4717217292
1509266820,31.28467969,121.21151893,384531666,31.2845040703,121.211518944,0.657553691583,19.4717217292
1509266821,31.28467969,121.21151893,384531666,31.2845040703,121.211518944,0.657553691583,19.4717217292
1509266822,31.28465249,121.21135596,384531666,31.2845040571,121.211355972,0.613294227394,16.4574002003
1509266823,31.28465249,121.21135596,384531666,31.2845040571,121.211355972,0.613294227394,16.4574002003
1509266824,31.28461724,121.21127314,384531666,31.2845040504,121.211273149,0.590801464799,12.5498213288
1509266826,31.28461724,121.21127314,384531666,31.2845040504,121.211273149,0.590801464799,12.5498213288
1509266828,31.28460273,121.21121918,384531666,31.2845040461,121.211219188,0.576146863408,10.9415180934
1509266829,31.28458754,121.21113511,384531666,31.2845040393,121.211135117,0.553315070431,9.25809027868
1509266830,31.28458754,121.21113511,384531666,31.2845040393,121.211135117,0.553315070431,9.25809027868
1509266831,31.28457589,121.21105741,384531666,31.284504033,121.211057416,0.53221329925,7.96710061255
1509266832,31.28457589,121.21105741,384531666,31.284504033,121.211057416,0.53221329925,7.96710061255
1509266833,31.28457893,121.21090422,384531666,31.2845040206,121.210904226,0.490610520078,8.30553231335
1509266834,31.28457893,121.21090422,384531666,31.2845040206,121.210904226,0.490610520078,8.30553231335
1509266835,31.28458735,121.21081434,384531666,31.2845040133,121.210814347,0.4662013846,9.23990042676
1509266836,31.28458735,121.21081434,384531666,31.2845040133,121.210814347,0.4662013846,9.23990042676
1509266837,31.28458735,121.21081434,384531666,31.2845040133,121.210814347,0.4662013846,9.23990042676
1509266838,31.28459266,121.21060908,384531666,31.284504,121.21060908,0.410455705376,9.83012144884
1509266839,31.28459266,121.21060908,384531666,31.284504,121.21060908,0.410455705376,9.83012144884
1509266840,31.28459651,121.21046316,384531666,31.284504,121.21046316,0.370827222449,10.2569877672
1509266841,31.28459651,121.21046316,384531666,31.284504,121.21046316,0.370827222449,10.2569877672
1509266843,31.2846029,121.21042641,384531666,31.284504,121.21042641,0.360846775986,10.9654749823
1509266844,31.2846029,121.21042641,384531666,31.284504,121.21042641,0.360846775986,10.9654749823
1509266845,31.284599,121.21030591,384531666,31.284504,121.21030591,0.328121774666,10.5330649444
1509266846,31.284599,121.21030591,384531666,31.284504,121.21030591,0.328121774666,10.5330649444
1509266847,31.28458106,121.21022843,384531666,31.284504,121.21022843,0.307080006181,8.54397877447
1509266848,31.28458106,121.21022843,384531666,31.284504,121.21022843,0.307080006181,8.54397877447
1509266849,31.28456369,121.21017454,384531666,31.284504,121.21017454,0.292444733804,6.61809099818
1509266850,31.28456369,121.21017454,384531666,31.284504,121.21017454,0.292444733804,6.61809099818
1509266851,31.2845393,121.21008903,384531666,31.284504,121.21008903,0.269222203823,3.91386516679
1509266852,31.2845393,121.21008903,384531666,31.284504,121.21008903,0.269222203823,3.91386516679
1509266853,31.28452061,121.20999507,384531666,31.284504,121.20999507,0.243704850095,1.84162323996
1509266854,31.28452061,121.20999507,384531666,31.284504,121.20999507,0.243704850095,1.84162323996
1509266855,31.28452061,121.20999507,384531666,31.284504,121.20999507,0.243704850095,1.84162323996
1509266856,31.28446656,121.20986726,384531666,31.284504,121.20986726,0.208994622549,4.15113628797
1509266857,31.28446656,121.20986726,384531666,31.284504,121.20986726,0.208994622549,4.15113628797
1509266858,31.284406,121.20981424,384531666,31.284504,121.20981424,0.194595621968,10.8656878826
1509266859,31.284406,121.20981424,384531666,31.284504,121.20981424,0.194595621968,10.8656878826
1509266861,31.284406,121.20981424,384531666,31.284504,121.20981424,0.194595621968,10.8656878826
1509266863,31.28429153,121.20975717,384531666,31.284504,121.20975717,0.179096735451,23.5574763674
1509266864,31.28429153,121.20975717,384531666,31.284504,121.20975717,0.179096735451,23.5574763674
1509266865,31.2842498,121.20982779,384531666,31.284504,121.20982779,0.198275487264,28.184263534
1509266866,31.2842498,121.20982779,384531666,31.284504,121.20982779,0.198275487264,28.184263534
1509266867,31.2842498,121.20982779,384531666,31.284504,121.20982779,0.198275487264,28.184263534
1509266868,31.2842498,121.20982779,384531666,31.284504,121.20982779,0.198275487264,28.184263534
1509266869,31.2842498,121.20982779,384531666,31.284504,121.20982779,0.198275487264,28.184263534
1509266870,31.28425595,121.20989363,384531666,31.284504,121.20989363,0.216156102091,27.5023862048
1509266871,31.28425595,121.20989363,384531666,31.284504,121.20989363,0.216156102091,27.5023862048
1509266872,31.28425595,121.20989363,384531666,31.284504,121.20989363,0.216156102091,27.5023862048
1509266873,31.28429024,121.20997236,384531666,31.284504,121.20997236,0.237537341544,23.7005042968
1509266874,31.28429024,121.20997236,384531666,31.284504,121.20997236,0.237537341544,23.7005042968
1509266875,31.28429024,121.20997236,384531666,31.284504,121.20997236,0.237537341544,23.7005042968
1509266877,31.28427587,121.20996432,384531666,31.284504,121.20996432,0.235353864278,25.2937688958
1509266878,31.28427587,121.20996432,384531666,31.284504,121.20996432,0.235353864278,25.2937688958
1509266880,31.28429424,121.20996518,384531666,31.284504,121.20996518,0.235587420304,23.2570068428
1509266881,31.28429424,121.20996518,384531666,31.284504,121.20996518,0.235587420304,23.2570068428
1509266882,31.28429424,121.20996518,384531666,31.284504,121.20996518,0.235587420304,23.2570068428
1509266883,31.28429424,121.20996518,384531666,31.284504,121.20996518,0.235587420304,23.2570068428
1509266884,31.28429424,121.20996518,384531666,31.284504,121.20996518,0.235587420304,23.2570068428
1509266885,31.28429424,121.20996518,384531666,31.284504,121.20996518,0.235587420304,23.2570068428
Time_cost 0.734066009521
