1510710138,31.29024906,121.21267818
1510710141,31.29024906,121.21267818
1510710144,31.29024906,121.21267818
1510710147,31.29024906,121.21267818
1510710150,31.29024906,121.21267818
1510710153,31.29024906,121.21267818
1510710156,31.29024906,121.21267818
1510710159,31.29024906,121.21267818
1510710163,31.29024906,121.21267818
1510710166,31.29024906,121.21267818
1510710169,31.29024906,121.21267818
1510710172,31.29024906,121.21267818
1510710175,31.29024906,121.21267818
1510710178,31.29024906,121.21267818
1510710181,31.29024906,121.21267818
1510710184,31.29024906,121.21267818
1510710187,31.29024906,121.21267818
1510710190,31.29062922,121.21302909
1510710193,31.2906209,121.21305575
1510710196,31.29057073,121.21306974
1510710199,31.29055537,121.21308734
1510710202,31.29048738,121.21303472
1510710205,31.29040238,121.21290845
1510710208,31.29037805,121.21274824
1510710211,31.29025174,121.2126669
1510710214,31.2902215,121.21260495
1510710218,31.29020544,121.21256576
1510710221,31.29023649,121.21253668
1510710224,31.2902072,121.21248246
1510710227,31.29018331,121.2124781
1510710230,31.29016265,121.21247951
1510710233,31.29019294,121.21247815
1510710236,31.29003734,121.21234347
1510710239,31.28998016,121.21225305
1510710242,31.28994631,121.21220779
1510710245,31.28990576,121.21214421
1510710248,31.28985157,121.21213407
1510710251,31.28981501,121.21212513
1510710254,31.28973713,121.21210197
1510710257,31.28971314,121.2121074
1510710260,31.28966305,121.21209886
1510710264,31.28966307,121.21209671
1510710267,31.28961115,121.21206176
1510710270,31.28959028,121.21203538
1510710273,31.28955067,121.21203189
1510710276,31.28950819,121.21199849
1510710279,31.28944447,121.21197438
1510710282,31.28940274,121.21198634
1510710285,31.2893179,121.21188718
1510710288,31.28928423,121.21186474
1510710291,31.28927794,121.21190143
1510710294,31.28926526,121.21188632
1510710297,31.28922517,121.21180856
1510710300,31.28918919,121.21177029
1510710303,31.28911543,121.2117157
1510710306,31.2890918,121.21170915
1510710310,31.28908767,121.21168978
1510710313,31.28906362,121.21166397
1510710316,31.28908047,121.21161918
1510710319,31.28896771,121.21154692
1510710322,31.28898179,121.21151763
1510710325,31.2889043,121.21148331
1510710328,31.28888139,121.21145707
1510710331,31.28883972,121.21140224
1510710334,31.28878169,121.21136068
1510710337,31.28872003,121.21133087
1510710340,31.28870491,121.21131072
1510710343,31.28866671,121.21127096
1510710346,31.28862537,121.21125377
1510710349,31.28857218,121.21124145
1510710352,31.28850385,121.21120788
1510710355,31.28848377,121.21118717
1510710359,31.28845326,121.21115643
1510710362,31.28832723,121.21097191
1510710365,31.28827883,121.21101584
1510710368,31.28822217,121.21102428
1510710371,31.28818659,121.21100406
1510710374,31.28817618,121.21097271
1510710377,31.28814989,121.21091864
1510710380,31.28813835,121.21089075
1510710383,31.28811834,121.21085597
1510710386,31.28806765,121.2108063
1510710389,31.28805004,121.21079323
1510710392,31.288063,121.21079726
1510710395,31.288063,121.21079726
1510710398,31.28808223,121.21083695
1510710402,31.28808223,121.21083695
1510710405,31.28805673,121.21074646
1510710408,31.28797899,121.21065469
1510710411,31.2879456,121.21072132
1510710414,31.28790095,121.21072499
1510710417,31.28781825,121.21072079
1510710420,31.28776361,121.21069603
1510710423,31.28767719,121.2106416
1510710426,31.28761303,121.21062352
1510710429,31.28757225,121.21060094
1510710432,31.28751989,121.21056832
1510710435,31.28747724,121.21051599
1510710438,31.28742468,121.21041405
1510710441,31.28735934,121.210324
1510710444,31.28729218,121.21030235
1510710447,31.28728204,121.21027488
1510710451,31.2872,121.21026947
1510710454,31.2870789,121.21028911
1510710457,31.28710367,121.21025283
1510710460,31.28704223,121.2102559
1510710463,31.2870464,121.21022676
1510710466,31.28704045,121.21021775
1510710469,31.28701503,121.2101878
1510710472,31.2869857,121.21015732
1510710475,31.28695427,121.2101287
1510710478,31.28692211,121.21008438
1510710481,31.28687646,121.21002064
1510710484,31.2868376,121.20998609
1510710487,31.28679774,121.20995214
1510710490,31.28668487,121.20991247
1510710493,31.28664908,121.20990134
1510710497,31.28659409,121.20986934
1510710500,31.28647487,121.20980171
1510710503,31.2864121,121.20975841
1510710506,31.28638542,121.2097196
1510710509,31.28633635,121.20967981
1510710512,31.28630487,121.20968269
1510710515,31.28627513,121.20967177
1510710518,31.28625739,121.20962535
1510710521,31.28620336,121.20957633
1510710524,31.28616665,121.20955222
1510710527,31.28611925,121.20951935
1510710530,31.28606602,121.20948134
1510710533,31.28600784,121.20944312
1510710536,31.28596715,121.20941988
1510710539,31.28594297,121.2094109
1510710542,31.28589449,121.20943598
1510710546,31.28583837,121.20949694
1510710549,31.28580459,121.20954125
1510710552,31.28581163,121.20956028
1510710555,31.28576642,121.20964529
1510710558,31.28574067,121.2096911
1510710561,31.28568066,121.20971042
1510710564,31.28562923,121.20971733
1510710567,31.28559683,121.20973374
1510710570,31.28557706,121.20976569
1510710573,31.28554854,121.20981374
1510710576,31.28553687,121.20983976
1510710579,31.28550447,121.20987867
1510710582,31.28546717,121.20989993
1510710585,31.28543826,121.20990389
1510710588,31.28539082,121.20991032
1510710592,31.28532344,121.20991143
1510710595,31.28524777,121.20991255
1510710598,31.2852223,121.20992897
1510710601,31.28515489,121.20990597
1510710604,31.28510728,121.20988427
1510710607,31.28505175,121.20994572
1510710610,31.28500716,121.21004583
1510710613,31.2849598,121.21005977
1510710616,31.28493247,121.21008027
1510710619,31.28485471,121.21011983
1510710622,31.2848253,121.21012133
1510710625,31.28478505,121.21013416
1510710628,31.28473093,121.21014577
1510710631,31.28470238,121.210139
1510710634,31.28466531,121.2101285
1510710637,31.28454591,121.21013833
1510710641,31.28451085,121.21014104
1510710644,31.28444629,121.21015185
1510710647,31.28443648,121.21012153
1510710650,31.28441873,121.21004131
1510710653,31.28442031,121.2100129
1510710656,31.28440503,121.20996393
1510710659,31.28443489,121.20992905
1510710662,31.28439939,121.20987185
1510710665,31.2844061,121.2098008
1510710668,31.28439206,121.20976703
1510710671,31.28435835,121.20974578
1510710674,31.28430023,121.20970818
1510710677,31.28428584,121.20968345
1510710680,31.28428584,121.20968345
1510710683,31.28427532,121.2096797
1510710686,31.28427532,121.2096797
1510710690,31.28427532,121.2096797
1510710693,31.28427532,121.2096797
1510710696,31.28427532,121.2096797
