1509873346,31.2843241,121.20979346,384531666,31.284504,121.20979346,0.188952256595,19.9462983447
1509873350,31.28430332,121.21018062,384531666,31.284504,121.21018062,0.294095920594,22.2502676226
1509873353,31.28430332,121.21018062,384531666,31.284504,121.21018062,0.294095920594,22.2502676226
1509873356,31.28437668,121.21013954,384531666,31.284504,121.21013954,0.282939546699,14.1165242659
1509873359,31.28437668,121.21013954,384531666,31.284504,121.21013954,0.282939546699,14.1165242659
1509873362,31.28435294,121.21024274,384531666,31.284504,121.21024274,0.310966269822,16.7486816827
1509873365,31.28431532,121.21020901,384531666,31.284504,121.21020901,0.30180598522,20.9197752584
1509873368,31.28443739,121.21030587,384531666,31.284504,121.21030587,0.328110911594,7.38534154756
1509873371,31.28440905,121.21029617,384531666,31.284504,121.21029617,0.325476616884,10.5275210686
1509873374,31.28442051,121.21043073,384531666,31.284504,121.21043073,0.362019987652,9.25690084086
1509873377,31.28442815,121.21043472,384531666,31.284504,121.21043472,0.363103578982,8.40982068697
1509873380,31.28447719,121.21050743,384531666,31.284504,121.21050743,0.382849926255,2.97254177207
1509873383,31.28447719,121.21050743,384531666,31.284504,121.21050743,0.382849926255,2.97254177207
1509873386,31.284461,121.21060326,384531666,31.284504,121.21060326,0.408875128549,4.76759776485
1509873389,31.28443275,121.21062206,384531666,31.284504,121.21062206,0.413980771911,7.89979860428
1509873393,31.28438537,121.21059708,384531666,31.284504,121.21059708,0.407196784083,13.153026036
1509873396,31.28438537,121.21059708,384531666,31.284504,121.21059708,0.407196784083,13.153026036
1509873399,31.28454751,121.21072729,384531666,31.2845040063,121.210727294,0.44255975144,4.82344617843
1509873402,31.28447415,121.21086224,384531666,31.2845040172,121.210862238,0.479207425803,3.3115074281
1509873405,31.28446961,121.21085716,384531666,31.2845040168,121.210857157,0.477827716081,3.81483149783
1509873408,31.28446527,121.21087115,384531666,31.2845040179,121.210871147,0.481626979822,4.29615169351
1509873411,31.28447986,121.21095472,384531666,31.2845040247,121.210954718,0.504322971235,2.67924404612
1509873414,31.28446761,121.21093925,384531666,31.2845040234,121.210939247,0.500121409494,4.03731631491
1509873417,31.28440355,121.21094305,384531666,31.2845040237,121.210943042,0.501151994263,11.1399622343
1509873420,31.28442509,121.21097615,384531666,31.2845040264,121.210976144,0.510141658557,8.75202521307
1509873423,31.28443783,121.21102538,384531666,31.2845040304,121.211025375,0.523511662933,7.33992723435
1509873426,31.28446356,121.21103344,384531666,31.2845040311,121.211033437,0.525701136845,4.48720207836
1509873429,31.28447054,121.21107015,384531666,31.284504034,121.211070147,0.535670873508,3.71362817569
1509873432,31.28449389,121.21110023,384531666,31.2845040365,121.211100229,0.543840415701,1.12498144679
1509873435,31.28451895,121.21110891,384531666,31.2845040372,121.211108911,0.546198252495,1.65345234825
1509873439,31.28453135,121.21110974,384531666,31.2845040372,121.211109742,0.546423933564,3.02828705579
1509873441,31.28453885,121.21111296,384531666,31.2845040375,121.211112963,0.547298575499,3.85981593632
1509873445,31.28454086,121.21110617,384531666,31.2845040369,121.211106173,0.545454613353,4.08273429865
1509873448,31.28453835,121.2111027,384531666,31.2845040367,121.211102703,0.544512186822,3.80447074994
1509873451,31.28452383,121.21111375,384531666,31.2845040375,121.211113752,0.547512791261,2.19447585926
1509873454,31.28449803,121.21113866,384531666,31.2845040396,121.21113866,0.554277202039,0.666306163099
1509873457,31.28452174,121.21119531,384531666,31.2845040441,121.211195311,0.56966254701,1.96201710078
1509873460,31.28450763,121.2112344,384531666,31.2845040473,121.2112344,0.580278173186,0.397229276122
1509873463,31.28448502,121.21127796,384531666,31.2845040508,121.211277958,0.592107560854,2.11003074324
1509873466,31.28451575,121.21132051,384531666,31.2845040543,121.211320511,0.6036638275,1.29675700265
1509873469,31.28452115,121.21135188,384531666,31.2845040568,121.211351881,0.612183309489,1.8951972959
1509873472,31.28456113,121.21145848,384531666,31.2845040654,121.211458485,0.641134271649,6.32699863604
1509873475,31.28458578,121.2115323,384531666,31.2845040714,121.211532307,0.661182610469,9.05938987107
1509873478,31.28457846,121.21156966,384531666,31.2845040744,121.211569666,0.671328557956,8.24745449913
1509873481,31.28457444,121.21160406,384531666,31.2845040772,121.211604066,0.680670710675,7.80143108467
1509873484,31.28457077,121.21165383,384531666,31.2845040812,121.211653835,0.694187006091,7.39407587477
1509873487,31.28456604,121.21167558,384531666,31.284504083,121.211675585,0.70009369703,6.86944509006
1509873490,31.2845528,121.21172332,384531666,31.2845040868,121.211723324,0.713058481406,5.40104038869
1509873494,31.28453828,121.2117677,384531666,31.2845040904,121.211767703,0.725110739706,3.79074662954
1509873497,31.28453587,121.21181339,384531666,31.2845040941,121.211813393,0.737519029561,3.52312971288
1509873500,31.28453234,121.21189703,384531666,31.2845041,121.21189703,0.760233013137,3.13109213104
1509873503,31.28449695,121.21191108,384531666,31.2845041,121.21191108,0.764048666815,0.792751723008
1509873506,31.28450293,121.21193521,384531666,31.2845041,121.21193521,0.770601814383,0.129723009265
1509873509,31.28451625,121.21196718,384531666,31.2845041,121.21196718,0.779284123864,1.34712356086
1509873512,31.28453126,121.2119663,384531666,31.2845041,121.2119663,0.779045136302,3.01134781416
1509873515,31.28454989,121.21197823,384531666,31.2845041,121.21197823,0.782285047222,5.07693728371
1509873518,31.2845931,121.21201802,384531666,31.2845041,121.21201802,0.793091087078,9.86781873269
1509873521,31.28462266,121.21202003,384531666,31.2845041,121.21202003,0.793636956395,13.1452650754
1509873524,31.28466009,121.21201933,384531666,31.2845041,121.21201933,0.793446852653,17.2952927201
1509873527,31.28469237,121.21200884,384531666,31.2845041,121.21200884,0.790598012287,20.8743173836
1509873530,31.28474528,121.21199859,384531666,31.2845041,121.21199859,0.787814350348,26.7406803383
1509873533,31.28477965,121.21199749,384531666,31.2845041,121.21199749,0.787515615898,30.5514324862
1509873537,31.28481412,121.21199685,384531666,31.2845041,121.21199685,0.787341806763,34.3732720911
1509873540,31.28485539,121.21198741,384531666,31.2845041,121.21198741,0.784778122013,38.9490574544
1509873543,31.28486758,121.21198516,384531666,31.2845041,121.21198516,0.784167074268,40.3006160619
1509873546,31.2848888,121.21198333,384531666,31.2845041,121.21198333,0.78367008877,42.6533702684
1509873549,31.2849349,121.21198745,384531666,31.2845041,121.21198745,0.784788985081,47.7646789123
1509873552,31.2849896,121.2119915,135372842,31.2852205433,121.212145553,0.600380935302,29.5097380608
1509873555,31.28503109,121.21200374,135372842,31.2852276694,121.21213487,0.592662077658,25.1187440187
1509873558,31.28506945,121.21202479,135372842,31.2852297645,121.212131729,0.590392658875,20.4848502396
1509873561,31.28509887,121.21204517,135372842,31.285229416,121.212132252,0.590770237073,16.6810217827
1509873564,31.28514591,121.21205527,135372842,31.285239239,121.212117526,0.580130024852,11.9254828578
1509873567,31.28518074,121.21205561,135372842,31.2852498078,121.212101682,0.568682142661,8.82540272364
1509873570,31.28518792,121.21205373,135372842,31.2852528867,121.212097067,0.565347096846,8.30137179722
1509873573,31.28519041,121.2120329,135372842,31.2852566,121.2120915,0.561324887757,9.21909270693
1509873576,31.2852079,121.21200948,135372842,31.2852591726,121.212089859,0.559490671807,9.53382964302
1509873579,31.28522606,121.21198226,135372842,31.285284422,121.212073753,0.541488711126,10.8520458706
1509873582,31.2852386,121.21196799,135372842,31.2852998052,121.21206394,0.530520972213,11.3807677641
1509873586,31.28526742,121.21196059,135372842,31.2853236451,121.212048733,0.513523882632,10.4547064808
1509873589,31.28530515,121.21195103,135372842,31.2853342,121.212042,0.505998594884,9.24144813973
1509873592,31.28524871,121.21190483,135372842,31.2853342,121.212042,0.505998594884,16.1381107803
1509873595,31.28526833,121.21191271,135372842,31.2853342,121.212042,0.505998594884,14.3141428698
1509873598,31.28541404,121.21195151,135372842,31.2854304135,121.212018475,0.446462109054,6.62967163755
1509873601,31.28546624,121.2119818,135372842,31.2854726804,121.21200814,0.420307527128,2.60774688942
1509873604,31.2855514,121.21200567,135372842,31.2855416691,121.211984129,0.376212035754,2.31754195407
1509873607,31.28564328,121.21204294,135372842,31.2856039944,121.211955974,0.335103920626,9.35641037185
1509873610,31.28568924,121.21206884,135372842,31.2856324479,121.211943121,0.316336679983,13.5258643427
1509873613,31.28573602,121.212099,135372842,31.2856367,121.2119412,0.313532128767,18.6287265785
1509873616,31.28578554,121.21212634,135372842,31.2856367,121.2119412,0.313532128767,24.147583253
1509873619,31.28585587,121.21217533,135372842,31.2856367,121.2119412,0.313532128767,32.9773381816
1509873622,31.28588293,121.21218296,135372842,31.2856367,121.2119412,0.313532128767,35.7105290911
1509873625,31.28592187,121.21219773,135372842,31.2856367,121.2119412,0.313532128767,39.9543134694
1509873629,31.28598724,121.21224285,135372842,31.2860329674,121.2118231,0.0001,40.2880934526
1509873632,31.28601503,121.21227485,135372842,31.2860329674,121.2118231,0.0001,43.0607297181
1509873635,31.28604938,121.21230699,135372842,31.2860329674,121.2118231,0.0001,46.1109983052
1509873638,31.28609008,121.21234328,135372842,31.2860329674,121.2118231,0.0001,49.933671334
1509873641,31.28613808,121.21238365,266221576,31.2862834915,121.212518274,0.0001,20.5973054219
1509873644,31.28615313,121.21238875,266221576,31.2862834915,121.212518274,0.0001,19.000364549
1509873647,31.28619486,121.21242109,266221576,31.2862834915,121.212518274,0.0001,13.4981230509
1509873650,31.28619719,121.21246063,266221576,31.2862834915,121.212518274,0.0001,11.0310720991
1509873653,31.28619168,121.21247066,266221576,31.2862834915,121.212518274,0.0001,11.1434913539
1509873656,31.28624806,121.21253132,266221576,31.2862834915,121.212518274,0.0001,4.12016462744
1509873659,31.28628069,121.21258755,266221576,31.2863156751,121.212544319,0.0352686645607,5.65601501427
1509873662,31.2863119,121.21259563,266221576,31.2863384854,121.212562778,0.0601946214379,4.29804279365
1509873665,31.28632338,121.21261667,266221576,31.2863557111,121.212576719,0.0790179968703,5.22694273837
1509873669,31.28634573,121.2126396,266221576,31.2863804294,121.212596722,0.106028897644,5.60981930393
1509873672,31.28641966,121.21266773,266221576,31.2864388591,121.212644008,0.169878248271,3.10377249047
1509873674,31.28644565,121.21266751,266221576,31.2864544554,121.21265663,0.186921663146,1.42350836795
1509873678,31.28649696,121.21267594,266221576,31.2864895809,121.212685058,0.225306111337,1.19292894996
1509873681,31.28654726,121.21270154,266221576,31.2865324924,121.212719787,0.272199091991,2.38736122595
1509873684,31.28661085,121.21275087,266221576,31.2865950386,121.212770407,0.340548355308,2.55611599532
1509873687,31.28665848,121.21280123,266221576,31.2866484449,121.212813629,0.398909782602,1.62230482509
1509873690,31.28669204,121.2128432,266221576,31.2866892468,121.212846651,0.443497398318,0.45155484548
1509873693,31.28672914,121.21286789,266221576,31.2867237375,121.212874565,0.481188236874,0.873375895971
1509873696,31.28672654,121.2128768,266221576,31.2867265237,121.21287682,0.484232867914,0.00263791790668
1509873699,31.28673401,121.21288485,266221576,31.2867349738,121.212883659,0.493467062952,0.155815798589
1509873702,31.28674441,121.21291473,266221576,31.2867558696,121.21290057,0.516301583594,1.85258758946
1509873705,31.2868219,121.21295952,266221576,31.2868245944,121.212956191,0.591402783312,0.435583153415
1509873708,31.28688014,121.21298616,266221576,31.2868728121,121.212995214,0.644094242303,1.1846393658
1509873711,31.28691262,121.21300504,266221576,31.2869016701,121.21301857,0.675629744194,1.77017891266
1509873714,31.28694696,121.21303239,266221576,31.286935794,121.213046187,0.712919647554,1.80512443423
1509873717,31.28699404,121.21306882,266221576,31.286982056,121.213083628,0.763473901713,1.93736590589
1509873721,31.28705254,121.21310846,266221576,31.287036788,121.213127923,0.823284069228,2.54650276597
1509873724,31.28705619,121.21311801,266221576,31.2870436635,121.213133488,0.830797530855,2.02505553389
1509873727,31.28707435,121.21313932,266221576,31.2870650573,121.213150802,0.854176217009,1.50228251763
1509873730,31.28711619,121.21318052,266221576,31.2871104857,121.213187568,0.903819569516,0.922170221155
1509873733,31.28714571,121.21319478,266221576,31.2871352959,121.213207648,0.930931739576,1.68356057212
1509873736,31.28717816,121.21317346,266221576,31.2871444774,121.213215078,0.940965070074,5.44519960776
1509873739,31.28722191,121.21315226,266221576,31.2871605453,121.213228083,0.958523822706,9.92033536875
1509873742,31.2872291,121.21312401,266221576,31.2871510751,121.213220418,0.948174883254,12.6137080218
1509873745,31.28728115,121.21309907,266221576,31.2871703292,121.213236001,0.969215448725,17.9155663354
1509873748,31.28732844,121.21309576,266221576,31.2871972846,121.213257816,0.998671819568,21.2029034091
1509873751,31.28737074,121.21307468,266221576,31.2871984085,121.213258726,0.9999,25.9264908645
1509873754,31.28742104,121.21308057,266221576,31.2871984085,121.213258726,0.9999,29.9510345687
1509873757,31.28742412,121.21308421,266221576,31.2871984085,121.213258726,0.9999,30.0399977856
1509873760,31.28746953,121.21309766,266221576,31.2871984085,121.213258726,0.9999,33.7465259299
1509873763,31.28749721,121.21311112,266221576,31.2871984085,121.213258726,0.9999,35.987363242
1509873766,31.28754297,121.21316776,266221576,31.2871984085,121.213258726,0.9999,39.1726145385
1509873769,31.28756778,121.21319293,266221576,31.2871984085,121.213258726,0.9999,41.4302546203
1509873773,31.28756778,121.21319293,266221576,31.2871984085,121.213258726,0.9999,41.4302546203
1509873776,31.2875938,121.21317809,266221576,31.2871984085,121.213258726,0.9999,44.506065167
1509873779,31.2875938,121.21317809,266221576,31.2871984085,121.213258726,0.9999,44.506065167
1509873782,31.28762212,121.21320338,266221576,31.2871984085,121.213258726,0.9999,47.2734126336
1509873785,31.28769413,121.21333033,164316030,31.2877154144,121.213304265,0.921595183256,3.42465951905
1509873788,31.28768761,121.21334669,164316030,31.2877195177,121.213307616,0.92070722514,5.13395173713
1509873791,31.28771399,121.2133766,164316030,31.2877499974,121.213332506,0.914111433431,5.7935823356
1509873794,31.28774937,121.21340252,164316030,31.2877839217,121.213360208,0.906770204315,5.55936834902
1509873797,31.28774719,121.21339152,164316030,31.2877772248,121.21335474,0.908219409084,4.83260247297
1509873800,31.28776676,121.2134409,164316030,31.2878131574,121.213384082,0.900443597695,7.46534193908
1509873803,31.28775772,121.21345613,164316030,31.2878151953,121.213385746,0.900002602397,9.24777090864
1509873806,31.28777368,121.21349614,164316030,31.2878443716,121.213409572,0.893688841501,11.3742795649
1509873809,31.28797871,121.21359494,164316030,31.2880157805,121.213549544,0.856595970383,5.96463675105
1509873813,31.28803114,121.2135982,164316030,31.2880488325,121.213576534,0.849443524784,2.84671662172
1509873816,31.28806478,121.21360277,164316030,31.28807089,121.213591143,0.844986494164,1.29787302144
1509873819,31.28811089,121.21361548,164316030,31.2881122556,121.213612881,0.837153939783,0.290066611351
1509873822,31.28816311,121.2136547,164316030,31.2881693255,121.213642873,0.826347763382,1.32027260916
1509873825,31.28816546,121.21366735,164316030,31.2881763761,121.213646578,0.825012729487,2.31876522461
1509873828,31.28818588,121.21366814,164316030,31.2881927025,121.213655158,0.821921335861,1.44920724555
1509873831,31.28822364,121.21368921,164316030,31.2882309675,121.213675266,0.814675851451,1.55649478604
1509873834,31.28824926,121.21370074,164316030,31.2882557913,121.213688312,0.809975486239,1.38735063091
1509873837,31.28827475,121.21370164,164316030,31.2882764284,121.213697334,0.806194818923,0.450286518067
1509873840,31.28831036,121.21371076,164316030,31.2883104283,121.213710585,0.800078417117,0.0182847693886
1509873843,31.28832786,121.21374063,164316030,31.288335727,121.213720445,0.795527309139,2.11061238126
1509873846,31.2883668,121.21376743,164316030,31.2883785998,121.213737154,0.787814727842,3.16571617197
1509873849,31.28840543,121.21378239,164316030,31.2884171974,121.213752197,0.780871223309,3.1570267202
1509873852,31.28847974,121.21377196,164316030,31.2884781793,121.213775964,0.769900899436,0.418700106349
1509873856,31.28854948,121.21376305,164316030,31.2885445248,121.213794027,0.758310027748,3.0001886897
1509873858,31.28858053,121.21376115,164316030,31.2885745037,121.213798822,0.753221244258,3.6486759684
1509873861,31.28862815,121.21376657,164316030,31.2886217809,121.213806385,0.745196154398,3.85620583715
1509873864,31.28865965,121.21376297,164316030,31.2886519335,121.213811209,0.740077900589,4.67203160762
1509873868,31.28873798,121.21377329,164316030,31.2887299187,121.213823684,0.726840263804,4.88074543245
1509873871,31.28883538,121.21382724,164316030,31.2888353053,121.213829424,0.709131112764,0.208125654211
1509873874,31.28887291,121.21377147,164316030,31.2888708859,121.213830641,0.703163804009,5.63843389165
1509873877,31.28886315,121.21376923,164316030,31.2888610608,121.213830305,0.704811599522,5.81985793535
1509873880,31.2888815,121.21375587,164316030,31.2888789328,121.213830917,0.701814231534,7.15118882253
1509873883,31.28889306,121.21372032,164316030,31.2888892647,121.21383127,0.700081455376,10.5724913854
1509873886,31.28892062,121.21370266,164316030,31.2889161891,121.213832191,0.69556590216,12.343084864
1509873889,31.28892666,121.21367383,164316030,31.288921237,121.213832364,0.694719308515,15.1067668039
1509873892,31.28889512,121.21361823,164316030,31.2888878341,121.213831221,0.70032138005,20.2960498342
1509873895,31.28895551,121.21363356,164316030,31.2889485526,121.213833314,0.690138040878,19.0352636097
1509873898,31.28884572,121.21347762,164316030,31.2888336875,121.213829369,0.709402428131,33.5183860981
1509873901,31.28885369,121.21346947,164316030,31.2888413698,121.213829632,0.708114024911,34.3200438424
1509873904,31.2888953,121.21349989,164316030,31.2888839705,121.213831089,0.700969353165,31.5601510397
1509873907,31.28895268,121.21354303,164316030,31.2889425767,121.213833106,0.691140292273,27.64233785
1509873910,31.28898954,121.21355582,164316030,31.288979837,121.213834404,0.684891149722,26.5471938214
1509873914,31.28899694,121.21355237,164316030,31.288987108,121.213834657,0.683671684066,26.9000864881
1509873917,31.28899694,121.21355237,164316030,31.288987108,121.213834657,0.683671684066,26.9000864881
1509873920,31.28899694,121.21355237,164316030,31.288987108,121.213834657,0.683671684066,26.9000864881
1509873923,31.28899694,121.21355237,164316030,31.288987108,121.213834657,0.683671684066,26.9000864881
1509873926,31.28898384,121.21353147,164316030,31.2889732968,121.213834176,0.685988040639,28.8458809206
1509873929,31.28898384,121.21353147,164316030,31.2889732968,121.213834176,0.685988040639,28.8458809206
1509873932,31.28898459,121.21352391,164316030,31.2889737829,121.213834193,0.685906514306,29.5679116473
1509873935,31.28898459,121.21352391,164316030,31.2889737829,121.213834193,0.685906514306,29.5679116473
1509873938,31.28897022,121.21352358,164316030,31.2889594189,121.213833693,0.688315598008,29.5516880001
1509873941,31.28897022,121.21352358,164316030,31.2889594189,121.213833693,0.688315598008,29.5516880001
1509873944,31.28897075,121.2135234,164316030,31.288959942,121.213833711,0.688227866442,29.5705768142
1509873947,31.28897075,121.2135234,164316030,31.288959942,121.213833711,0.688227866442,29.5705768142
1509873951,31.28897075,121.2135234,164316030,31.288959942,121.213833711,0.688227866442,29.5705768142
1509873953,31.28899709,121.2135089,164316030,31.2889857456,121.21383461,0.683900179507,31.037965111
1509873956,31.28899709,121.2135089,164316030,31.2889857456,121.21383461,0.683900179507,31.037965111
1509873960,31.28899709,121.2135089,164316030,31.2889857456,121.21383461,0.683900179507,31.037965111
1509873963,31.28899709,121.2135089,164316030,31.2889857456,121.21383461,0.683900179507,31.037965111
1509873966,31.28899709,121.2135089,164316030,31.2889857456,121.21383461,0.683900179507,31.037965111
1509873969,31.28899709,121.2135089,164316030,31.2889857456,121.21383461,0.683900179507,31.037965111
1509873972,31.28899709,121.2135089,164316030,31.2889857456,121.21383461,0.683900179507,31.037965111
1509873975,31.28901873,121.21350967,164316030,31.2890073862,121.213835364,0.680270710904,31.036408078
1509873978,31.28901873,121.21350967,164316030,31.2890073862,121.213835364,0.680270710904,31.036408078
1509873981,31.28903801,121.21349934,164316030,31.2890791115,121.213833504,0.668209158206,32.1420916172
1509873984,31.28903801,121.21349934,164316030,31.2890791115,121.213833504,0.668209158206,32.1420916172
1509873987,31.28903801,121.21349934,164316030,31.2890791115,121.213833504,0.668209158206,32.1420916172
1509873990,31.28903877,121.21349059,164316030,31.2890809204,121.213833281,0.667903681239,32.9623238466
1509873993,31.28903877,121.21349059,164316030,31.2890809204,121.213833281,0.667903681239,32.9623238466
1509873996,31.28903921,121.21348298,164316030,31.2890822759,121.213833115,0.667674766412,33.6782670312
1509873999,31.28903926,121.21348194,164316030,31.2890824512,121.213833093,0.667645167855,33.7762275424
1509874003,31.28904916,121.21348068,164316030,31.2890923563,121.213831875,0.665972415134,33.780233942
1509874006,31.28905038,121.21348019,164316030,31.2890936175,121.21383172,0.665759428727,33.8124441134
1509874009,31.28905048,121.21348001,164316030,31.2890937378,121.213831705,0.665739109494,33.8283341928
1509874012,31.28906765,121.21346194,164316030,31.2891128414,121.213829355,0.662512947845,35.340409764
1509874015,31.28916495,121.21336535,164316030,31.2892205817,121.213816098,0.644317928403,43.3588490412
1509874018,31.2892516,121.21327142,263913992,31.2892435298,121.213272424,0.677566162243,0.899870072981
Time_cost 0.27289390564
