1509266020,31.28396074,121.20891129,164316066,31.2839351089,121.208949287,0.93820720836,4.60069498798
1509266021,31.28396074,121.20891129,164316066,31.2839351089,121.208949287,0.93820720836,4.60069498798
1509266023,31.28396074,121.20891129,164316066,31.2839351089,121.208949287,0.93820720836,4.60069498798
1509266024,31.28396074,121.20891129,164316066,31.2839351089,121.208949287,0.93820720836,4.60069498798
1509266025,31.28393799,121.20891892,164316066,31.2839230107,121.208941126,0.942377914338,2.68872908683
1509266026,31.28393799,121.20891892,164316066,31.2839230107,121.208941126,0.942377914338,2.68872908683
1509266027,31.28394112,121.20892722,164316066,31.2839290098,121.208945173,0.940309798335,2.17373986832
1509266028,31.28394112,121.20892722,164316066,31.2839290098,121.208945173,0.940309798335,2.17373986832
1509266029,31.28393784,121.20892528,164316066,31.2839258561,121.208943046,0.941396983269,2.15106006614
1509266030,31.28393784,121.20892528,164316066,31.2839258561,121.208943046,0.941396983269,2.15106006614
1509266031,31.28393683,121.20892386,164316066,31.2839245037,121.208942133,0.941863230101,2.21253103992
1509266032,31.28393683,121.20892386,164316066,31.2839245037,121.208942133,0.941863230101,2.21253103992
1509266033,31.28393397,121.20892211,164316066,31.2839217268,121.20894026,0.942820538295,2.19761634731
1509266034,31.28393397,121.20892211,164316066,31.2839217268,121.20894026,0.942820538295,2.19761634731
1509266035,31.28392931,121.20891919,164316066,31.2839171703,121.208937187,0.944391312192,2.17902346534
1509266036,31.28392931,121.20891919,164316066,31.2839171703,121.208937187,0.944391312192,2.17902346534
1509266038,31.28392779,121.20891937,164316066,31.2839162091,121.208936538,0.944722677322,2.0787220188
1509266039,31.28392779,121.20891937,164316066,31.2839162091,121.208936538,0.944722677322,2.0787220188
1509266040,31.28392787,121.20891821,164316066,31.2839157263,121.208936212,0.944889116942,2.17974238618
1509266041,31.28392787,121.20891821,164316066,31.2839157263,121.208936212,0.944889116942,2.17974238618
1509266042,31.28392853,121.20891743,164316066,31.2839158183,121.208936274,0.94485740481,2.28169830441
1509266043,31.28392853,121.20891743,164316066,31.2839158183,121.208936274,0.94485740481,2.28169830441
1509266044,31.28392963,121.20891499,164316066,31.2839154431,121.208936021,0.944986748807,2.54649022714
1509266045,31.28392963,121.20891499,164316066,31.2839154431,121.208936021,0.944986748807,2.54649022714
1509266046,31.28392996,121.20891529,164316066,31.283915809,121.208936268,0.944860615279,2.54004965698
1509266047,31.28393134,121.20891522,164316066,31.283916725,121.208936886,0.944544839844,2.62333875287
1509266048,31.28393134,121.20891522,164316066,31.283916725,121.208936886,0.944544839844,2.62333875287
1509266049,31.28393136,121.20891536,164316066,31.2839168037,121.208936939,0.94451772611,2.612811282
1509266050,31.28393136,121.20891536,164316066,31.2839168037,121.208936939,0.94451772611,2.612811282
1509266051,31.28393618,121.20891718,164316066,31.2839209601,121.208939743,0.94308484811,2.73192227041
1509266053,31.28393618,121.20891718,164316066,31.2839209601,121.208939743,0.94308484811,2.73192227041
1509266054,31.28401472,121.20894121,164316066,31.2839940453,121.2089877,0.918076318133,4.98501162245
1509266055,31.28401472,121.20894121,164316066,31.2839940453,121.2089877,0.918076318133,4.98501162245
1509266056,31.28410291,121.20896928,164316066,31.2840780956,121.209025078,0.891786868044,5.98316006139
1509266057,31.28410291,121.20896928,164316066,31.2840780956,121.209025078,0.891786868044,5.98316006139
1509266058,31.28420145,121.20899319,164316066,31.2841845745,121.209065352,0.859129331905,7.12137352621
1509266059,31.28420145,121.20899319,164316066,31.2841845745,121.209065352,0.859129331905,7.12137352621
1509266060,31.28435968,121.20902373,164316066,31.28435968,121.2090977,0.808018408022,7.04335804106
1509266061,31.28435968,121.20902373,164316066,31.28435968,121.2090977,0.808018408022,7.04335804106
1509266062,31.28449907,121.20902703,164316066,31.2845119347,121.209096225,0.764465894907,6.74128353259
1509266063,31.28449907,121.20902703,164316066,31.2845119347,121.209096225,0.764465894907,6.74128353259
1509266064,31.28453867,121.20902948,164316066,31.2845497713,121.20908919,0.753467064545,5.81724916485
1509266065,31.28453867,121.20902948,164316066,31.2845497713,121.20908919,0.753467064545,5.81724916485
1509266066,31.28461376,121.20901759,164316066,31.2846244892,121.209075299,0.731747127094,5.62224705859
1509266067,31.28461376,121.20901759,164316066,31.2846244892,121.209075299,0.731747127094,5.62224705859
1509266068,31.28468086,121.20899583,164316066,31.2846932577,121.209062513,0.711756615399,6.49658696589
1509266069,31.28468086,121.20899583,164316066,31.2846932577,121.209062513,0.711756615399,6.49658696589
1509266071,31.28477296,121.20896481,164316066,31.2847971522,121.209020403,0.679635679197,5.93432717323
1509266072,31.28477296,121.20896481,164316066,31.2847971522,121.209020403,0.679635679197,5.93432717323
1509266073,31.28485311,121.20891777,164316066,31.2848919858,121.208971761,0.649029568693,6.70883781376
1509266074,31.28489189,121.20889631,164316066,31.284927701,121.208946045,0.63645162266,6.17995057921
1509266075,31.28489189,121.20889631,164316066,31.284927701,121.208946045,0.63645162266,6.17995057921
1509266076,31.28491747,121.20888751,164316066,31.28494872,121.20893091,0.629049317745,5.39284454722
1509266077,31.28491747,121.20888751,164316066,31.28494872,121.20893091,0.629049317745,5.39284454722
1509266078,31.28498512,121.20883317,164316066,31.2850190394,121.208880278,0.604284726461,5.85350607884
1509266079,31.28498512,121.20883317,164316066,31.2850190394,121.208880278,0.604284726461,5.85350607884
1509266080,31.28508135,121.2087634,164316066,31.2851163788,121.208797979,0.567727106011,5.09164629566
1509266081,31.28508135,121.2087634,164316066,31.2851163788,121.208797979,0.567727106011,5.09164629566
1509266082,31.28515592,121.20869315,164316066,31.2851883041,121.208725118,0.538467014459,4.70721614006
1509266083,31.28515592,121.20869315,164316066,31.2851883041,121.208725118,0.538467014459,4.70721614006
1509266084,31.28521286,121.20861573,164316066,31.2852551163,121.208657476,0.511294957855,6.14420730983
1509266085,31.28521286,121.20861573,164316066,31.2852551163,121.208657476,0.511294957855,6.14420730983
1509266086,31.28525407,121.20854869,164316066,31.2853026103,121.208574374,0.483823036675,5.91147998406
1509266087,31.28525407,121.20854869,164316066,31.2853026103,121.208574374,0.483823036675,5.91147998406
1509266089,31.28533727,121.20844271,164316066,31.2853654972,121.208454531,0.445137479626,3.32592069115
1509266090,31.28533727,121.20844271,164316066,31.2853654972,121.208454531,0.445137479626,3.32592069115
1509266091,31.28538642,121.20834417,164316066,31.2854079939,121.208353228,0.413741345943,2.54274532578
1509266092,31.28538642,121.20834417,164316066,31.2854079939,121.208353228,0.413741345943,2.54274532578
1509266093,31.28540346,121.20826248,164316066,31.2854378866,121.20826768,0.38769359726,3.84901052853
1509266094,31.28540346,121.20826248,164316066,31.2854378866,121.20826768,0.38769359726,3.84901052853
1509266095,31.28542732,121.20816567,164316066,31.2854527162,121.208169506,0.35931762163,2.83938255443
1509266096,31.28542732,121.20816567,164316066,31.2854527162,121.208169506,0.35931762163,2.83938255443
1509266097,31.28547577,121.20806523,164316066,31.2854686305,121.208064152,0.328866189506,0.798222813073
1509266098,31.28547577,121.20806523,164316066,31.2854686305,121.208064152,0.328866189506,0.798222813073
1509266099,31.28549759,121.20796556,164316066,31.2854782,121.20796556,0.30048380422,2.1498543057
1509266100,31.28549759,121.20796556,164316066,31.2854782,121.20796556,0.30048380422,2.1498543057
1509266101,31.28552502,121.20787248,164316066,31.2854782,121.20787248,0.273881987812,5.19113866992
1509266102,31.28552502,121.20787248,164316066,31.2854782,121.20787248,0.273881987812,5.19113866992
1509266103,31.28552635,121.20777109,164316066,31.2854777149,121.207784432,0.24869955415,5.54000478625
1509266104,31.28552635,121.20777109,164316066,31.2854777149,121.207784432,0.24869955415,5.54000478625
1509266105,31.28549025,121.20767992,164316066,31.2854519287,121.207690432,0.220842510992,4.36516919435
1509266107,31.28549025,121.20767992,164316066,31.2854519287,121.207690432,0.220842510992,4.36516919435
1509266108,31.28550019,121.20759399,164316066,31.2854307015,121.207613052,0.19791063373,7.91541524758
1509266109,31.28550019,121.20759399,164316066,31.2854307015,121.207613052,0.19791063373,7.91541524758
1509266110,31.28547369,121.20745919,164316066,31.2853952651,121.207488613,0.160917881384,9.13549810974
1509266111,31.28547369,121.20745919,164316066,31.2853952651,121.207488613,0.160917881384,9.13549810974
1509266112,31.28547342,121.20734186,164316066,31.2853566443,121.207385671,0.129495219293,13.6028716907
1509266113,31.28547342,121.20734186,164316066,31.2853566443,121.207385671,0.129495219293,13.6028716907
1509266114,31.28549792,121.20722365,164316066,31.2853207904,121.207290104,0.100323729168,20.6333292306
1509266115,31.28549792,121.20722365,164316066,31.2853207904,121.207290104,0.100323729168,20.6333292306
1509266116,31.28549797,121.20711594,164316066,31.2852922231,121.207239262,0.0836208453305,25.6569164341
1509266117,31.28549797,121.20711594,164316066,31.2852922231,121.207239262,0.0836208453305,25.6569164341
1509266118,31.28550568,121.20698205,164316066,31.2852352203,121.20714416,0.0519327227875,33.7266970959
1509266119,31.28550568,121.20698205,164316066,31.2852352203,121.20714416,0.0519327227875,33.7266970959
1509266120,31.285521,121.2068544,164316066,31.2851829804,121.207057004,0.0228923701637,42.1515033028
1509266121,31.285521,121.2068544,164316066,31.2851829804,121.207057004,0.0228923701637,42.1515033028
1509266122,31.28550555,121.20672604,164316066,31.2851419799,121.2069886,0.0001,47.4339254862
1509266123,31.28550555,121.20672604,164316066,31.2851419799,121.2069886,0.0001,47.4339254862
1509266125,31.28555661,121.2066116,164316021,31.2854703331,121.206547323,0.327081752331,11.3562747173
1509266126,31.28555661,121.2066116,164316021,31.2854703331,121.206547323,0.327081752331,11.3562747173
1509266127,31.28559777,121.20650068,164316021,31.2855371713,121.206456462,0.277736955507,7.92905185513
1509266128,31.28559777,121.20650068,164316021,31.2855371713,121.206456462,0.277736955507,7.92905185513
1509266129,31.28567393,121.20638287,164316021,31.2856197292,121.20634332,0.216465913997,7.09191479415
1509266130,31.28567393,121.20638287,164316021,31.2856197292,121.20634332,0.216465913997,7.09191479415
1509266131,31.28574104,121.20627567,164316021,31.2856940907,121.206241412,0.161277934576,6.14309489487
1509266132,31.28574104,121.20627567,164316021,31.2856940907,121.206241412,0.161277934576,6.14309489487
1509266133,31.28585373,121.20617655,164316021,31.2857804414,121.206123072,0.0971920126516,9.589460679
1509266134,31.28585373,121.20617655,164316021,31.2857804414,121.206123072,0.0971920126516,9.589460679
1509266135,31.28591782,121.20609802,164316021,31.2858401021,121.20604131,0.0529143383289,10.169014512
1509266136,31.28593237,121.20605645,164316021,31.2858649514,121.206007256,0.03447222317,8.82140039328
1509266137,31.28593237,121.20605645,164316021,31.2858649514,121.206007256,0.03447222317,8.82140039328
1509266138,31.28592699,121.20600542,164316021,31.2858873805,121.205976517,0.017826247209,5.18270780941
1509266139,31.28592699,121.20600542,164316021,31.2858873805,121.205976517,0.017826247209,5.18270780941
1509266140,31.28598274,121.2059579,164316021,31.2859112653,121.205943785,0.0001,8.03788377233
1509266141,31.28598274,121.2059579,164316021,31.2859112653,121.205943785,0.0001,8.03788377233
1509266143,31.2860186,121.20588452,164316021,31.2859112653,121.205943785,0.0001,13.1707959906
1509266144,31.2860186,121.20588452,164316021,31.2859112653,121.205943785,0.0001,13.1707959906
1509266145,31.28607631,121.20581247,164316021,31.2859112653,121.205943785,0.0001,22.1630358869
1509266146,31.28607631,121.20581247,164316021,31.2859112653,121.205943785,0.0001,22.1630358869
1509266147,31.28610578,121.20574951,164316021,31.2859112653,121.205943785,0.0001,28.4132958707
1509266148,31.28610578,121.20574951,164316021,31.2859112653,121.205943785,0.0001,28.4132958707
1509266149,31.28614368,121.20567864,164316021,31.2859112653,121.205943785,0.0001,36.0752191261
1509266150,31.28614368,121.20567864,164316021,31.2859112653,121.205943785,0.0001,36.0752191261
1509266151,31.28624192,121.20559537,164316021,31.2859112653,121.205943785,0.0001,49.4433237074
1509266152,31.28624192,121.20559537,164316021,31.2859112653,121.205943785,0.0001,49.4433237074
1509266153,31.28635052,121.20547622,164316012,31.2862921733,121.20543287,0.946492991297,7.67380671705
1509266154,31.28635052,121.20547622,164316012,31.2862921733,121.20543287,0.946492991297,7.67380671705
1509266155,31.28638094,121.20543112,164316012,31.2863245829,121.205389249,0.938942528384,7.41213433172
1509266156,31.28638094,121.20543112,164316012,31.2863245829,121.205389249,0.938942528384,7.41213433172
1509266158,31.28646819,121.20533312,164316012,31.2864025293,121.205284336,0.920783348585,8.6357488949
1509266159,31.28646819,121.20533312,164316012,31.2864025293,121.205284336,0.920783348585,8.6357488949
1509266160,31.28652499,121.20524927,164316012,31.2864628717,121.205203118,0.906725372628,8.16984660504
1509266161,31.28652499,121.20524927,164316012,31.2864628717,121.205203118,0.906725372628,8.16984660504
1509266162,31.28652457,121.20520794,164316012,31.2864825077,121.205176689,0.902150784203,5.5320719709
1509266163,31.28652457,121.20520794,164316012,31.2864825077,121.205176689,0.902150784203,5.5320719709
1509266164,31.28658341,121.20512679,164316012,31.2865422831,121.205096234,0.888224894233,5.40904041856
1509266165,31.28658341,121.20512679,164316012,31.2865422831,121.205096234,0.888224894233,5.40904041856
1509266166,31.28662252,121.20506029,164316012,31.286588028,121.205034664,0.877567706169,4.53641524764
1509266167,31.28662252,121.20506029,164316012,31.286588028,121.205034664,0.877567706169,4.53641524764
1509266168,31.28668546,121.20497944,164316012,31.2866491181,121.204952439,0.863335545856,4.7797172744
1509266169,31.28668546,121.20497944,164316012,31.2866491181,121.204952439,0.863335545856,4.7797172744
1509266170,31.28674426,121.20489858,164316012,31.2867087405,121.20487219,0.849445312991,4.671554913
1509266171,31.28674426,121.20489858,164316012,31.2867087405,121.20487219,0.849445312991,4.671554913
1509266172,31.28680464,121.20481578,164316012,31.2867698535,121.204789935,0.835207799052,4.57514155149
1509266173,31.28680464,121.20481578,164316012,31.2867698535,121.204789935,0.835207799052,4.57514155149
1509266174,31.28686816,121.20472976,164316012,31.2868336249,121.204704102,0.820350987659,4.54208557941
1509266176,31.28686816,121.20472976,164316012,31.2868336249,121.204704102,0.820350987659,4.54208557941
1509266177,31.28686816,121.20472976,164316012,31.2868336249,121.204704102,0.820350987659,4.54208557941
1509266178,31.28710175,121.20452857,164316012,31.2870142258,121.204462475,0.778438100604,11.5662066045
1509266179,31.28710175,121.20452857,164316012,31.2870142258,121.204462475,0.778438100604,11.5662066045
1509266180,31.28711735,121.2044832,164316012,31.2870417101,121.20442608,0.772101484553,9.99570728539
1509266181,31.28711735,121.2044832,164316012,31.2870417101,121.20442608,0.772101484553,9.99570728539
1509266182,31.28717109,121.20440389,164316012,31.2871181046,121.204341657,0.756190659924,8.34419488754
1509266183,31.28717109,121.20440389,164316012,31.2871181046,121.204341657,0.756190659924,8.34419488754
1509266184,31.28720555,121.20436164,164316012,31.2871701857,121.204304392,0.747267558327,6.71471824495
1509266185,31.28720555,121.20436164,164316012,31.2871701857,121.204304392,0.747267558327,6.71471824495
1509266186,31.28727695,121.2042783,164316012,31.2872640781,121.204252726,0.732363940598,2.82242745757
1509266187,31.28727695,121.2042783,164316012,31.2872640781,121.204252726,0.732363940598,2.82242745757
1509266188,31.28731334,121.20425551,164316012,31.2873022647,121.204233506,0.726424163122,2.428480713
1509266189,31.28731334,121.20425551,164316012,31.2873022647,121.204233506,0.726424163122,2.428480713
1509266190,31.28738643,121.20422397,164316012,31.2873806912,121.204196082,0.714319606701,2.7305609727
1509266191,31.28738643,121.20422397,164316012,31.2873806912,121.204196082,0.714319606701,2.7305609727
1509266192,31.28747671,121.20420532,164316012,31.2874709855,121.204177501,0.701511353084,2.72376382653
1509266194,31.28747671,121.20420532,164316012,31.2874709855,121.204177501,0.701511353084,2.72376382653
1509266195,31.28757396,121.20419606,164316012,31.28757396,121.2041626,0.686993377113,3.18592355973
1509266196,31.28757396,121.20419606,164316012,31.28757396,121.2041626,0.686993377113,3.18592355973
1509266197,31.28767079,121.20419398,164316012,31.28767079,121.2041626,0.673539919134,2.98787146094
1509266198,31.28767079,121.20419398,164316012,31.28767079,121.2041626,0.673539919134,2.98787146094
1509266199,31.28777837,121.20421581,164316012,31.2877857267,121.204172642,0.657452696958,4.19038899149
1509266200,31.28777837,121.20421581,164316012,31.2877857267,121.204172642,0.657452696958,4.19038899149
1509266201,31.28785997,121.20423622,164316012,31.2878741886,121.204196017,0.644693449429,4.13982735774
1509266202,31.28785997,121.20423622,164316012,31.2878741886,121.204196017,0.644693449429,4.13982735774
1509266203,31.28794876,121.20427691,164316012,31.2879710383,121.20424357,0.629631116312,4.02224342487
1509266204,31.28794876,121.20427691,164316012,31.2879710383,121.20424357,0.629631116312,4.02224342487
1509266205,31.28806167,121.20435663,164316012,31.2880856049,121.204329345,0.609730152162,3.71373981647
1509266206,31.28806167,121.20435663,164316012,31.2880856049,121.204329345,0.609730152162,3.71373981647
1509266208,31.28810604,121.20438419,164316012,31.2881243422,121.204363326,0.602570691915,2.83977616991
1509266209,31.28810604,121.20438419,164316012,31.2881243422,121.204363326,0.602570691915,2.83977616991
1509266210,31.28817651,121.20443679,164316012,31.2881856125,121.20442909,0.590052293715,1.24744538791
1509266211,31.28817651,121.20443679,164316012,31.2881856125,121.20442909,0.590052293715,1.24744538791
1509266212,31.28823778,121.20449024,164316012,31.288237525,121.204490456,0.578884601509,0.0349139374237
1509266213,31.28823778,121.20449024,164316012,31.288237525,121.204490456,0.578884601509,0.0349139374237
1509266214,31.28829703,121.20455341,164316012,31.2882933877,121.204556491,0.566867124697,0.499155455621
1509266215,31.28829703,121.20455341,164316012,31.2882933877,121.204556491,0.566867124697,0.499155455621
1509266216,31.28836985,121.20471987,164316012,31.2884055843,121.204690687,0.54256327423,4.83927450163
1509266217,31.28836985,121.20471987,164316012,31.2884055843,121.204690687,0.54256327423,4.83927450163
1509266218,31.28840662,121.20473937,164316012,31.2884298494,121.204720399,0.537233346067,3.14580724017
1509266219,31.28840662,121.20473937,164316012,31.2884298494,121.204720399,0.537233346067,3.14580724017
1509266220,31.28844147,121.2048204,164316012,31.2884834909,121.204786083,0.525450741265,5.69062302467
1509266221,31.28844147,121.2048204,164316012,31.2884834909,121.204786083,0.525450741265,5.69062302467
1509266222,31.28850338,121.20489388,164316012,31.2885442602,121.204860495,0.512102483046,5.53614659541
1509266223,31.28850338,121.20489388,164316012,31.2885442602,121.204860495,0.512102483046,5.53614659541
1509266224,31.28856328,121.20496644,164316012,31.2886037746,121.204933369,0.499029874568,5.48392539522
1509266225,31.28856328,121.20496644,164316012,31.2886037746,121.204933369,0.499029874568,5.48392539522
1509266227,31.28861297,121.20501809,164316012,31.2886489598,121.204988698,0.489104740283,4.87386766185
1509266228,31.28866396,121.20507239,164316012,31.2886959634,121.205046254,0.478780183525,4.33401528125
1509266230,31.28866396,121.20507239,164316012,31.2886959634,121.205046254,0.478780183525,4.33401528125
1509266231,31.28870609,121.20512497,164316012,31.2887385795,121.205098437,0.469419369259,4.39983992571
1509266232,31.28870609,121.20512497,164316012,31.2887385795,121.205098437,0.469419369259,4.39983992571
1509266233,31.28876971,121.20519533,164316012,31.2887985044,121.205171815,0.456256581925,3.89944144539
1509266234,31.28876971,121.20519533,164316012,31.2887985044,121.205171815,0.456256581925,3.89944144539
1509266235,31.28884095,121.20525363,164316012,31.2888555697,121.205241691,0.443721931572,1.97985141936
1509266236,31.28884095,121.20525363,164316012,31.2888555697,121.205241691,0.443721931572,1.97985141936
1509266237,31.28892716,121.20537031,164316012,31.2889472259,121.205353923,0.423589231059,2.71739251315
1509266238,31.28892716,121.20537031,164316012,31.2889472259,121.205353923,0.423589231059,2.71739251315
1509266239,31.28895802,121.20542625,164316012,31.288986979,121.2054026,0.4148572859,3.92172325035
1509266240,31.28895802,121.20542625,164316012,31.288986979,121.2054026,0.4148572859,3.92172325035
1509266241,31.28901807,121.20549587,164316012,31.289045113,121.205473785,0.402087876399,3.66225801848
1509266242,31.28901807,121.20549587,164316012,31.289045113,121.205473785,0.402087876399,3.66225801848
1509266244,31.28907647,121.20556317,164316012,31.2891014503,121.205542769,0.389713136412,3.38291634233
1509266245,31.28907647,121.20556317,164316012,31.2891014503,121.205542769,0.389713136412,3.38291634233
1509266246,31.28913309,121.20562335,164316012,31.2891535872,121.205606611,0.378261032055,2.77579702185
1509266247,31.28913309,121.20562335,164316012,31.2891535872,121.205606611,0.378261032055,2.77579702185
1509266248,31.28919509,121.20568158,164316012,31.2892069213,121.205671918,0.366545958902,1.60222825011
1509266249,31.28919509,121.20568158,164316012,31.2892069213,121.205671918,0.366545958902,1.60222825011
1509266250,31.28930646,121.20579059,164316012,31.2893217159,121.205768183,0.345636948256,2.7226148143
1509266251,31.28930646,121.20579059,164316012,31.2893217159,121.205768183,0.345636948256,2.7226148143
1509266252,31.28937667,121.20584536,164316012,31.2893951667,121.205818193,0.333290883023,3.30099299996
1509266253,31.28937667,121.20584536,164316012,31.2893951667,121.205818193,0.333290883023,3.30099299996
1509266254,31.28941127,121.20586589,164316012,31.2894283581,121.205840792,0.327711871535,3.0496105516
1509266255,31.28941127,121.20586589,164316012,31.2894283581,121.205840792,0.327711871535,3.0496105516
1509266256,31.28946549,121.20591412,164316012,31.2894878413,121.205881292,0.31771358879,3.98888696855
1509266257,31.28946549,121.20591412,164316012,31.2894878413,121.205881292,0.31771358879,3.98888696855
1509266258,31.28953357,121.20596603,164316012,31.2895585063,121.205929405,0.305835782348,4.45022268241
1509266259,31.28953357,121.20596603,164316012,31.2895585063,121.205929405,0.305835782348,4.45022268241
1509266260,31.28960621,121.20601662,164316012,31.289631673,121.205979222,0.293537494297,4.54420664959
1509266262,31.28960621,121.20601662,164316012,31.289631673,121.205979222,0.293537494297,4.54420664959
1509266263,31.28960621,121.20601662,164316012,31.289631673,121.205979222,0.293537494297,4.54420664959
1509266264,31.28973028,121.20610132,164316012,31.2897558478,121.206063768,0.272665451684,4.56290289632
1509266265,31.28973028,121.20610132,164316012,31.2897558478,121.206063768,0.272665451684,4.56290289632
1509266266,31.28977753,121.2061325,164316012,31.2898026368,121.206095625,0.264800864143,4.48064243169
1509266267,31.28977753,121.2061325,164316012,31.2898026368,121.206095625,0.264800864143,4.48064243169
1509266268,31.28985414,121.20618051,164316012,31.2898773158,121.206146471,0.252248378879,4.13601853282
1509266269,31.28985414,121.20618051,164316012,31.2898773158,121.206146471,0.252248378879,4.13601853282
1509266270,31.29001706,121.20629867,164316012,31.2900436009,121.206259689,0.22429817276,4.73656848717
1509266271,31.29001706,121.20629867,164316012,31.2900436009,121.206259689,0.22429817276,4.73656848717
1509266272,31.29005009,121.20630127,164316012,31.2900673785,121.206275878,0.220301498485,3.0853510748
1509266273,31.29005009,121.20630127,164316012,31.2900673785,121.206275878,0.220301498485,3.0853510748
1509266274,31.29011754,121.20635827,164316012,31.290139981,121.20632531,0.208098034724,4.00487845466
1509266275,31.29011754,121.20635827,164316012,31.290139981,121.20632531,0.208098034724,4.00487845466
1509266277,31.29016029,121.20640051,164316012,31.2901888406,121.206358577,0.199885422848,5.0952093845
1509266278,31.29016029,121.20640051,164316012,31.2901888406,121.206358577,0.199885422848,5.0952093845
1509266280,31.29026517,121.20646726,164316012,31.2902915532,121.20642851,0.182620870524,4.7084087029
1509266281,31.29026517,121.20646726,164316012,31.2902915532,121.20642851,0.182620870524,4.7084087029
1509266282,31.29038315,121.20654638,164316012,31.2904092237,121.2065073,0.162945197575,4.71193416401
1509266283,31.29038315,121.20654638,164316012,31.2904092237,121.2065073,0.162945197575,4.71193416401
1509266284,31.29045346,121.20658086,164316012,31.2904737948,121.206550382,0.152160236609,3.67482317597
1509266285,31.29045346,121.20658086,164316012,31.2904737948,121.206550382,0.152160236609,3.67482317597
1509266286,31.29050876,121.20662016,164316012,31.2905302047,121.206588018,0.14273839294,3.87540417658
1509266287,31.29050876,121.20662016,164316012,31.2905302047,121.206588018,0.14273839294,3.87540417658
1509266288,31.29063805,121.2067041,164316012,31.2906584229,121.206673565,0.121322813509,3.68170095239
1509266289,31.29063805,121.2067041,164316012,31.2906584229,121.206673565,0.121322813509,3.68170095239
1509266290,31.29066237,121.20675725,164316012,31.2906997898,121.206701165,0.114413517045,6.76235207873
1509266291,31.29066237,121.20675725,164316012,31.2906997898,121.206701165,0.114413517045,6.76235207873
1509266292,31.29073507,121.20681221,164316012,31.2907754699,121.206751658,0.101773081345,7.30090032009
1509266293,31.29073507,121.20681221,164316012,31.2907754699,121.206751658,0.101773081345,7.30090032009
1509266295,31.2908277,121.20685657,164316012,31.2908600472,121.206808088,0.0876466001722,5.84564323685
1509266296,31.2908277,121.20685657,164316012,31.2908600472,121.206808088,0.0876466001722,5.84564323685
1509266297,31.29091751,121.20688581,164316012,31.2909356925,121.206858558,0.0750119725787,3.28586583781
1509266298,31.29091751,121.20688581,164316012,31.2909356925,121.206858558,0.0750119725787,3.28586583781
1509266299,31.29099608,121.20692013,164316012,31.2910059055,121.206905403,0.0632846917047,1.77561090722
1509266300,31.29099608,121.20692013,164316012,31.2910059055,121.206905403,0.0632846917047,1.77561090722
1509266301,31.2911097,121.2069785,164316012,31.2911114753,121.206975839,0.0456519349936,0.320824728631
1509266302,31.2911097,121.2069785,164316012,31.2911114753,121.206975839,0.0456519349936,0.320824728631
1509266303,31.29122519,121.20705613,164316012,31.2912272311,121.207053071,0.0263178793741,0.368852959421
1509266304,31.29122519,121.20705613,164316012,31.2912272311,121.207053071,0.0263178793741,0.368852959421
1509266305,31.29125656,121.20708147,164316012,31.2912606371,121.207075359,0.0207382491046,0.73679739247
1509266306,31.29125656,121.20708147,164316012,31.2912606371,121.207075359,0.0207382491046,0.73679739247
1509266307,31.29132467,121.2071405,164316012,31.2913350201,121.207124987,0.00831446254628,1.87042108677
1509266308,31.29132467,121.2071405,164316012,31.2913350201,121.207124987,0.00831446254628,1.87042108677
1509266309,31.29138378,121.20722061,164316012,31.2913842013,121.207157801,0.0001,5.98040024429
1509266311,31.29138378,121.20722061,164316012,31.2913842013,121.207157801,0.0001,5.98040024429
1509266313,31.29141628,121.20733209,164316012,31.2913842013,121.207157801,0.0001,16.9714300016
1509266314,31.2914238,121.20744746,164316012,31.2913842013,121.207157801,0.0001,27.9265186865
1509266315,31.2914238,121.20744746,164316012,31.2913842013,121.207157801,0.0001,27.9265186865
1509266316,31.29141453,121.2075548,164316012,31.2913842013,121.207157801,0.0001,37.9486352474
1509266317,31.29141453,121.2075548,164316012,31.2913842013,121.207157801,0.0001,37.9486352474
1509266318,31.29138636,121.20767997,164316012,31.2913842013,121.207157801,0.0001,49.7177020146
1509266319,31.29138787,121.20777842,164316056,31.2913744589,121.207778196,0.709075131005,1.48710126127
1509266320,31.29138787,121.20777842,164316056,31.2913744589,121.207778196,0.709075131005,1.48710126127
1509266321,31.29138536,121.20783206,164316056,31.2913735638,121.207831863,0.726506196261,1.30803477451
1509266322,31.29138536,121.20783206,164316056,31.2913735638,121.207831863,0.726506196261,1.30803477451
1509266323,31.29139805,121.20798482,164316056,31.2913710239,121.207984372,0.776041223217,2.99680783726
1509266324,31.29139805,121.20798482,164316056,31.2913710239,121.207984372,0.776041223217,2.99680783726
1509266325,31.29140363,121.20803679,164316056,31.2913701646,121.208036236,0.792886440355,3.7108293947
1509266326,31.29140363,121.20803679,164316056,31.2913701646,121.208036236,0.792886440355,3.7108293947
1509266328,31.29140679,121.20813005,164316056,31.2913686208,121.208129418,0.823151997841,4.23241518678
1509266329,31.29140679,121.20813005,164316056,31.2913686208,121.208129418,0.823151997841,4.23241518678
1509266330,31.2914081,121.20822374,164316056,31.2913670694,121.20822306,0.853567133588,4.54970846038
1509266331,31.2914081,121.20822374,164316056,31.2913670694,121.20822306,0.853567133588,4.54970846038
1509266332,31.29141645,121.20831982,164316056,31.2913654803,121.208318976,0.884720455623,5.65181241727
1509266333,31.29141645,121.20831982,164316056,31.2913654803,121.208318976,0.884720455623,5.65181241727
1509266334,31.29141655,121.20849891,164316056,31.291362514,121.208498015,0.94287242898,5.99181809005
1509266335,31.29141655,121.20849891,164316056,31.291362514,121.208498015,0.94287242898,5.99181809005
1509266336,31.29142063,121.2085339,164316056,31.2913619356,121.208532928,0.954212121185,6.50837093502
1509266337,31.29142063,121.2085339,164316056,31.2913619356,121.208532928,0.954212121185,6.50837093502
1509266338,31.2914151,121.20863886,164316056,31.2913601956,121.20863795,0.988323548356,6.08811280198
1509266339,31.2914151,121.20863886,164316056,31.2913601956,121.20863795,0.988323548356,6.08811280198
1509266340,31.29140459,121.20874265,266345024,31.2913569865,121.20874079,0.0438278678462,5.28098629027
1509266341,31.29140459,121.20874265,266345024,31.2913569865,121.20874079,0.0438278678462,5.28098629027
1509266342,31.29139188,121.20884602,266345024,31.2913529344,121.208844498,0.111779882798,4.3205040944
1509266343,31.29139188,121.20884602,266345024,31.2913529344,121.208844498,0.111779882798,4.3205040944
1509266344,31.29138307,121.2089499,266345024,31.2913488684,121.208948564,0.179965860933,3.79422347171
1509266346,31.29138307,121.2089499,266345024,31.2913488684,121.208948564,0.179965860933,3.79422347171
1509266347,31.29137841,121.20905194,266345024,31.2913448804,121.20905063,0.246841985636,3.7196657705
1509266348,31.29137841,121.20905194,266345024,31.2913448804,121.20905063,0.246841985636,3.7196657705
1509266349,31.29138315,121.20915438,266345024,31.2913408912,121.209152729,0.313739519006,4.68805634639
1509266350,31.29138315,121.20915438,266345024,31.2913408912,121.209152729,0.313739519006,4.68805634639
1509266351,31.2914606,121.20934943,266345024,31.2913333999,121.20934446,0.439366129434,14.1111800514
1509266352,31.2914606,121.20934943,266345024,31.2913333999,121.20934446,0.439366129434,14.1111800514
1509266353,31.29143769,121.2094697,266345024,31.291328673,121.20946544,0.518635258628,12.0940082092
1509266355,31.29143769,121.2094697,266345024,31.291328673,121.20946544,0.518635258628,12.0940082092
1509266356,31.29143056,121.20951717,266345024,31.2913268102,121.209513116,0.549873522762,11.5096799299
1509266357,31.29141737,121.20964128,266345024,31.2913219483,121.209637552,0.631406411063,10.5857900895
1509266358,31.29141737,121.20964128,266345024,31.2913219483,121.209637552,0.631406411063,10.5857900895
1509266359,31.29140315,121.20976082,266345024,31.291317263,121.209757464,0.709975824793,9.528030882
1509266360,31.29140315,121.20976082,266345024,31.291317263,121.209757464,0.709975824793,9.528030882
1509266361,31.29131564,121.20989709,266345024,31.2913118134,121.20989694,0.801363828497,0.424506054514
1509266362,31.29131564,121.20989709,266345024,31.2913118134,121.20989694,0.801363828497,0.424506054514
1509266364,31.29125777,121.21002396,266345024,31.2913067882,121.21002587,0.885840919822,5.4379075136
1509266365,31.29125777,121.21002396,266345024,31.2913067882,121.21002587,0.885840919822,5.4379075136
1509266367,31.29125822,121.21014203,266345024,31.2913021957,121.210143743,0.963073999179,4.87851280596
1509266368,31.29124518,121.21025139,164316011,31.2912972959,121.210254004,0.147764165261,5.78368428005
1509266369,31.29124518,121.21025139,164316011,31.2912972959,121.210254004,0.147764165261,5.78368428005
1509266370,31.29124161,121.21036516,164316011,31.2912915941,121.210367667,0.459340527636,5.54709757719
1509266371,31.29124161,121.21036516,164316011,31.2912915941,121.210367667,0.459340527636,5.54709757719
1509266372,31.29123753,121.21047716,164316011,31.2912859795,121.21047959,0.766147050767,5.37679630045
1509266373,31.29123753,121.21047716,164316011,31.2912859795,121.21047959,0.766147050767,5.37679630045
1509266374,31.29117813,121.21060957,164316046,31.2912799345,121.210613285,0.0135670635527,11.2930561974
1509266375,31.29117813,121.21060957,164316046,31.2912799345,121.210613285,0.0135670635527,11.2930561974
1509266376,31.29116404,121.21074039,164316046,31.2912751485,121.210744444,0.0503440830105,12.3251417478
1509266377,31.29116404,121.21074039,164316046,31.2912751485,121.210744444,0.0503440830105,12.3251417478
1509266378,31.29117204,121.21094635,164316046,31.2912676537,121.210949839,0.107936564769,10.6063217061
1509266379,31.29117204,121.21094635,164316046,31.2912676537,121.210949839,0.107936564769,10.6063217061
1509266380,31.29119989,121.21100833,164316046,31.2912654321,121.211010722,0.125008024197,7.27051299884
1509266382,31.29119989,121.21100833,164316046,31.2912654321,121.211010722,0.125008024197,7.27051299884
1509266383,31.29119634,121.21115508,164316046,31.2912600796,121.211157406,0.166138164789,7.07056749366
1509266384,31.29120213,121.21130555,164316046,31.291254604,121.211307465,0.208214566519,5.82088607903
1509266386,31.29120213,121.21130555,164316046,31.291254604,121.211307465,0.208214566519,5.82088607903
1509266387,31.2912004,121.21144791,164316046,31.2912481612,121.211454708,0.249528203408,5.33490983448
1509266388,31.2912004,121.21144791,164316046,31.2912481612,121.211454708,0.249528203408,5.33490983448
1509266389,31.29119217,121.21160448,164316046,31.2912261542,121.211609317,0.293288285544,3.79602619666
1509266390,31.29119217,121.21160448,164316046,31.2912261542,121.211609317,0.293288285544,3.79602619666
1509266391,31.29117288,121.21172523,164316046,31.2911953363,121.211731635,0.32869231117,2.56342503874
1509266393,31.29115594,121.21184617,164316046,31.2911585649,121.211847075,0.36265383121,0.303530120011
1509266394,31.29109963,121.21190894,164316046,31.2911332336,121.211920529,0.384425971735,3.8857297511
1509266395,31.29109963,121.21190894,164316046,31.2911332336,121.211920529,0.384425971735,3.8857297511
1509266396,31.29106459,121.21201815,164316046,31.2910958499,121.21202893,0.416557072295,3.61471867638
1509266397,31.29106459,121.21201815,164316046,31.2910958499,121.21202893,0.416557072295,3.61471867638
1509266398,31.29103257,121.21212434,164316046,31.291059718,121.212133702,0.447612274701,3.13924054879
1509266400,31.29103257,121.21212434,164316046,31.291059718,121.212133702,0.447612274701,3.13924054879
1509266401,31.2909755,121.21225782,164316046,31.2910125126,121.212270584,0.48818511366,4.27992345072
1509266403,31.2909755,121.21225782,164316046,31.2910125126,121.212270584,0.48818511366,4.27992345072
1509266404,31.290973,121.21240776,164316046,31.2909660342,121.212405358,0.528133009264,0.8054813211
1509266405,31.290973,121.21240776,164316046,31.2909660342,121.212405358,0.528133009264,0.8054813211
1509266406,31.2909501,121.21246854,164316046,31.2909448674,121.212466735,0.546325823421,0.605070975948
1509266407,31.2909501,121.21246854,164316046,31.2909448674,121.212466735,0.546325823421,0.605070975948
1509266408,31.29091325,121.21256363,164316046,31.2909116432,121.212563076,0.574881850632,0.185802522379
1509266409,31.29091325,121.21256363,164316046,31.2909116432,121.212563076,0.574881850632,0.185802522379
1509266410,31.29085074,121.21261176,164316046,31.290890165,121.212625356,0.593342216795,4.55888861581
1509266411,31.29076401,121.21264192,164316046,31.290872968,121.212675477,0.608190713531,12.4960228597
1509266412,31.29076401,121.21264192,164316046,31.290872968,121.212675477,0.608190713531,12.4960228597
1509266413,31.29073166,121.21262438,164316046,31.2908737,121.2126731,0.607493836868,16.4175767886
1509266414,31.29073166,121.21262438,164316046,31.2908737,121.2126731,0.607493836868,16.4175767886
1509266415,31.29064564,121.21259281,164316046,31.2908742057,121.212671634,0.607059218281,26.4300441867
1509266416,31.29064564,121.21259281,164316046,31.2908742057,121.212671634,0.607059218281,26.4300441867
1509266418,31.29056886,121.21250905,164316046,31.2908918602,121.212620441,0.591885205338,37.3499433637
1509266419,31.29056886,121.21250905,164316046,31.2908918602,121.212620441,0.591885205338,37.3499433637
1509266420,31.29045759,121.21244088,164316014,31.2903787464,121.212546148,0.564012963545,13.2995055294
1509266421,31.29045759,121.21244088,164316014,31.2903787464,121.212546148,0.564012963545,13.2995055294
1509266422,31.29034976,121.21236639,164316014,31.2902739262,121.212467639,0.541869294269,12.7918207066
1509266423,31.29034976,121.21236639,164316014,31.2902739262,121.212467639,0.541869294269,12.7918207066
1509266424,31.29032643,121.2123432,164316014,31.2902478534,121.212448111,0.536361326906,13.2544766712
1509266425,31.29032643,121.2123432,164316014,31.2902478534,121.212448111,0.536361326906,13.2544766712
1509266426,31.29024417,121.21228172,164316014,31.2901656564,121.212386547,0.518996897492,13.2438596631
1509266427,31.29024417,121.21228172,164316014,31.2901656564,121.212386547,0.518996897492,13.2438596631
1509266428,31.29017405,121.21220019,164316014,31.290078774,121.212320731,0.500566105277,15.5986352043
1509266429,31.29017405,121.21220019,164316014,31.290078774,121.212320731,0.500566105277,15.5986352043
1509266430,31.29009539,121.21212353,164316014,31.2899930664,121.212252988,0.482093957729,16.7524909158
1509266431,31.29009539,121.21212353,164316014,31.2899930664,121.212252988,0.482093957729,16.7524909158
1509266432,31.29002252,121.21207875,164316014,31.2899264314,121.212200319,0.467732444474,15.7317010107
1509266434,31.29002252,121.21207875,164316014,31.2899264314,121.212200319,0.467732444474,15.7317010107
1509266436,31.28994396,121.21200682,164316014,31.2898430863,121.212134443,0.449769496478,16.5151229296
1509266437,31.28987076,121.21197555,164316014,31.2897828205,121.212086809,0.436780713686,14.3975267359
1509266438,31.28987076,121.21197555,164316014,31.2897828205,121.212086809,0.436780713686,14.3975267359
1509266439,31.28987076,121.21197555,164316014,31.2897828205,121.212086809,0.436780713686,14.3975267359
1509266440,31.2897202,121.2118686,164316014,31.289638124,121.211972441,0.405594983334,13.4375703375
1509266441,31.2897202,121.2118686,164316014,31.289638124,121.211972441,0.405594983334,13.4375703375
1509266442,31.2896725,121.21182237,164316014,31.2895862753,121.21193146,0.394420303343,14.1167938594
1509266443,31.2896725,121.21182237,164316014,31.2895862753,121.21193146,0.394420303343,14.1167938594
1509266444,31.28959456,121.2117857,164316014,31.2895204651,121.211879443,0.380236564694,12.1308509568
1509266445,31.28959456,121.2117857,164316014,31.2895204651,121.211879443,0.380236564694,12.1308509568
1509266446,31.28951239,121.21170282,164316014,31.2894295712,121.211807601,0.360646647963,13.5591879678
1509266447,31.28951239,121.21170282,164316014,31.2894295712,121.211807601,0.360646647963,13.5591879678
1509266448,31.2894335,121.21164691,164316014,31.2893538165,121.211747724,0.344319600641,13.0458886993
1509266449,31.2894335,121.21164691,164316014,31.2893538165,121.211747724,0.344319600641,13.0458886993
1509266450,31.28931834,121.21157073,164316014,31.2892462982,121.211665352,0.321417281128,12.040349429
1509266451,31.28931834,121.21157073,164316014,31.2892462982,121.211665352,0.321417281128,12.040349429
1509266452,31.28924254,121.21149715,164316014,31.28916285,121.211601817,0.30368323281,13.3186508618
1509266454,31.28924254,121.21149715,164316014,31.28916285,121.211601817,0.30368323281,13.3186508618
1509266455,31.28918687,121.21145942,164316014,31.2891094236,121.21156114,0.292329310433,12.9436662955
1509266456,31.28918687,121.21145942,164316014,31.2891094236,121.21156114,0.292329310433,12.9436662955
1509266457,31.28911074,121.21140508,164316014,31.2890350397,121.211504507,0.276521566703,12.6518516406
1509266458,31.28911074,121.21140508,164316014,31.2890350397,121.211504507,0.276521566703,12.6518516406
1509266459,31.28903988,121.21134955,164316014,31.2889634183,121.211449977,0.261300913165,12.7791044914
1509266460,31.28903988,121.21134955,164316014,31.2889634183,121.211449977,0.261300913165,12.7791044914
1509266461,31.28896323,121.21130553,164316014,31.2888936792,121.21139688,0.246480262266,11.6240520126
1509266462,31.28896323,121.21130553,164316014,31.2888936792,121.21139688,0.246480262266,11.6240520126
1509266463,31.28885023,121.21123625,164316014,31.2887887543,121.211316994,0.224182096239,10.2744590164
1509266464,31.28885023,121.21123625,164316014,31.2887887543,121.211316994,0.224182096239,10.2744590164
1509266465,31.28880515,121.21121364,164316014,31.2887493194,121.21128697,0.215801557261,9.33100064885
1509266466,31.28880515,121.21121364,164316014,31.2887493194,121.21128697,0.215801557261,9.33100064885
1509266467,31.2887188,121.21116693,164316014,31.2886721432,121.21122821,0.199400426012,7.79777370472
1509266469,31.2887188,121.21116693,164316014,31.2886721432,121.21122821,0.199400426012,7.79777370472
1509266470,31.28862715,121.21116716,164316014,31.2886142359,121.211184122,0.18709421423,2.15834508695
1509266471,31.28862715,121.21116716,164316014,31.2886142359,121.211184122,0.18709421423,2.15834508695
1509266472,31.28853681,121.21120728,164316014,31.2885763838,121.211155303,0.179050060163,6.6139997959
1509266473,31.28853681,121.21120728,164316014,31.2885763838,121.211155303,0.179050060163,6.6139997959
1509266474,31.2884696,121.21127719,164316014,31.288567532,121.211148563,0.177168916176,16.3675080562
1509266475,31.2884696,121.21127719,164316014,31.288567532,121.211148563,0.177168916176,16.3675080562
1509266476,31.28842949,121.21137973,164316014,31.2885915625,121.211166859,0.182275763828,27.087390871
1509266477,31.28842949,121.21137973,164316014,31.2885915625,121.211166859,0.182275763828,27.087390871
1509266478,31.28838397,121.21145943,164316014,31.2886011599,121.211174166,0.184315360696,36.2992397159
1509266479,31.28838397,121.21145943,164316014,31.2886011599,121.211174166,0.184315360696,36.2992397159
1509266480,31.28832086,121.21154025,164316014,31.2886001619,121.211173406,0.184103275019,46.6801151293
1509266481,31.28832086,121.21154025,164316014,31.2886001619,121.211173406,0.184103275019,46.6801151293
1509266482,31.2882874,121.21161239,266157883,31.2882148078,121.211568934,0.806019001945,9.04989320977
1509266483,31.2882874,121.21161239,266157883,31.2882148078,121.211568934,0.806019001945,9.04989320977
1509266484,31.28823706,121.21169287,266157883,31.2881660596,121.211650367,0.79851270315,8.85144777875
1509266485,31.28823706,121.21169287,266157883,31.2881660596,121.211650367,0.79851270315,8.85144777875
1509266487,31.28816217,121.2118131,266157883,31.2880933168,121.211771882,0.787311692348,8.58376081357
1509266488,31.28816217,121.2118131,266157883,31.2880933168,121.211771882,0.787311692348,8.58376081357
1509266489,31.28811802,121.21189171,266157883,31.2880470257,121.211849211,0.780183746485,8.85068185193
1509266490,31.28811802,121.21189171,266157883,31.2880470257,121.211849211,0.780183746485,8.85068185193
1509266491,31.28811802,121.21189171,266157883,31.2880470257,121.211849211,0.780183746485,8.85068185193
1509266492,31.28802942,121.21201493,266157883,31.2879693483,121.211978969,0.768222896184,7.48899072632
1509266493,31.28802942,121.21201493,266157883,31.2879693483,121.211978969,0.768222896184,7.48899072632
1509266494,31.28795952,121.21207753,266157883,31.2879233196,121.212055859,0.761135345282,4.51301620431
1509266495,31.28795952,121.21207753,266157883,31.2879233196,121.212055859,0.761135345282,4.51301620431
1509266496,31.28790582,121.21217359,266157883,31.2878668189,121.212150243,0.752435300317,4.86217921416
1509266497,31.28790582,121.21217359,266157883,31.2878668189,121.212150243,0.752435300317,4.86217921416
1509266498,31.28784731,121.21226676,266157883,31.2878103228,121.212244618,0.743735973898,4.61110926228
1509266499,31.28784731,121.21226676,266157883,31.2878103228,121.212244618,0.743735973898,4.61110926228
1509266500,31.28779459,121.21235532,266157883,31.2877573858,121.212333048,0.735584686731,4.6381560009
1509266501,31.28779459,121.21235532,266157883,31.2877573858,121.212333048,0.735584686731,4.6381560009
1509266502,31.28775315,121.21244247,266157883,31.2877080461,121.212415469,0.727987307307,5.62299362665
1509266503,31.28775315,121.21244247,266157883,31.2877080461,121.212415469,0.727987307307,5.62299362665
1509266505,31.28771568,121.2125336,266157883,31.2876579998,121.212499071,0.720281119129,7.19085688613
1509266506,31.28771568,121.2125336,266157883,31.2876579998,121.212499071,0.720281119129,7.19085688613
1509266507,31.28767154,121.21261986,266157883,31.28760834,121.212582027,0.712634453132,7.87899611066
1509266508,31.28767154,121.21261986,266157883,31.28760834,121.212582027,0.712634453132,7.87899611066
1509266509,31.28761406,121.21271217,266157883,31.2875524947,121.212675315,0.704035327541,7.67520850192
1509266510,31.28761406,121.21271217,266157883,31.2875524947,121.212675315,0.704035327541,7.67520850192
1509266511,31.28754343,121.21279778,266157883,31.2874961328,121.212769466,0.6953566713,5.89643094179
1509266512,31.28754343,121.21279778,266157883,31.2874961328,121.212769466,0.6953566713,5.89643094179
1509266513,31.28749558,121.21287627,266157883,31.2874489185,121.212848337,0.688086564089,5.8171796417
1509266514,31.28749558,121.21287627,266157883,31.2874489185,121.212848337,0.688086564089,5.8171796417
1509266515,31.28744605,121.21296626,266157883,31.287396193,121.212936414,0.679967824472,6.21556511322
1509266516,31.28744605,121.21296626,266157883,31.287396193,121.212936414,0.679967824472,6.21556511322
1509266517,31.28739445,121.21305629,266157883,31.2873431048,121.213024589,0.671827580992,6.44358970701
1509266518,31.28739445,121.21305629,266157883,31.2873431048,121.213024589,0.671827580992,6.44358970701
1509266520,31.28733549,121.21314536,266157883,31.287287017,121.213115432,0.663383744284,6.08314014229
1509266521,31.28733549,121.21314536,266157883,31.287287017,121.213115432,0.663383744284,6.08314014229
1509266522,31.28727666,121.21323006,266157883,31.2872329186,121.213203054,0.655239393623,5.48935394245
1509266523,31.28727666,121.21323006,266157883,31.2872329186,121.213203054,0.655239393623,5.48935394245
1509266524,31.28721824,121.21331266,266157883,31.2871798737,121.213288986,0.647252482985,4.81419670026
1509266525,31.28721824,121.21331266,266157883,31.2871798737,121.213288986,0.647252482985,4.81419670026
1509266526,31.28715286,121.21341333,266157883,31.2871168413,121.213391091,0.637762249539,4.52022982471
1509266527,31.28715286,121.21341333,266157883,31.2871168413,121.213391091,0.637762249539,4.52022982471
1509266528,31.28711689,121.21349813,266157883,31.2870690058,121.213468564,0.630561014521,6.00931190451
1509266529,31.28711689,121.21349813,266157883,31.2870690058,121.213468564,0.630561014521,6.00931190451
1509266530,31.28706747,121.21358374,266157883,31.2870170959,121.213552637,0.622746410139,6.32178796636
1509266531,31.28706747,121.21358374,266157883,31.2870170959,121.213552637,0.622746410139,6.32178796636
1509266532,31.28702157,121.21365941,266157883,31.286970601,121.21362794,0.615746981083,6.39645400567
1509266533,31.28702157,121.21365941,266157883,31.286970601,121.21362794,0.615746981083,6.39645400567
1509266534,31.28697602,121.21373688,266157883,31.286923398,121.213704389,0.608640963181,6.60390022139
1509266535,31.28697602,121.21373688,266157883,31.286923398,121.213704389,0.608640963181,6.60390022139
1509266536,31.28693534,121.21381904,266157883,31.2868754426,121.213782057,0.601421683037,7.51693579512
1509266538,31.28693534,121.21381904,266157883,31.2868754426,121.213782057,0.601421683037,7.51693579512
1509266539,31.28689539,121.21390635,266157883,31.2868253866,121.213863127,0.593886163897,8.78521241513
1509266540,31.28689539,121.21390635,266157883,31.2868253866,121.213863127,0.593886163897,8.78521241513
1509266541,31.28684765,121.21399193,266157883,31.2867739538,121.213946427,0.586143383951,9.2486483419
1509266542,31.28684765,121.21399193,266157883,31.2867739538,121.213946427,0.586143383951,9.2486483419
1509266543,31.28677593,121.21405962,266157883,31.2867238995,121.214027494,0.578608126778,6.52966945893
1509266544,31.28677593,121.21405962,266157883,31.2867238995,121.214027494,0.578608126778,6.52966945893
1509266545,31.28672133,121.21413822,266157883,31.2866746651,121.214110688,0.570962358772,5.80015378854
1509266546,31.28672133,121.21413822,266157883,31.2866746651,121.214110688,0.570962358772,5.80015378854
1509266547,31.28665841,121.21421817,266157883,31.286623429,121.214197532,0.562987683033,4.34792248485
1509266548,31.28665841,121.21421817,266157883,31.286623429,121.214197532,0.562987683033,4.34792248485
1509266549,31.28660538,121.21430727,266157883,31.286570742,121.214286834,0.554787192449,4.30528407812
1509266550,31.28660538,121.21430727,266157883,31.286570742,121.214286834,0.554787192449,4.30528407812
1509266552,31.28655165,121.21440044,266157883,31.2865160931,121.214379462,0.546281330384,4.41950022849
1509266553,31.28648892,121.21451994,266157883,31.2864475971,121.21449556,0.535620229997,5.13617941032
1509266554,31.28648892,121.21451994,266157883,31.2864475971,121.21449556,0.535620229997,5.13617941032
1509266556,31.28642581,121.21460564,266157883,31.2863937954,121.214586752,0.527246240898,3.97921083567
1509266557,31.28642581,121.21460564,266157883,31.2863937954,121.214586752,0.527246240898,3.97921083567
1509266558,31.28642581,121.21460564,266157883,31.2863937954,121.214586752,0.527246240898,3.97921083567
1509266559,31.28636509,121.21472772,266157883,31.2863246893,121.214703884,0.516490175193,5.02155694238
1509266560,31.28636509,121.21472772,266157883,31.2863246893,121.214703884,0.516490175193,5.02155694238
1509266561,31.28632168,121.21480456,266157883,31.2862798518,121.214779882,0.509511421782,5.19898279084
1509266562,31.28632168,121.21480456,266157883,31.2862798518,121.214779882,0.509511421782,5.19898279084
1509266563,31.28627468,121.21488457,266157883,31.2862327,121.214859803,0.502172458442,5.21784664379
1509266564,31.28627468,121.21488457,266157883,31.2862327,121.214859803,0.502172458442,5.21784664379
1509266565,31.2862126,121.21497728,266157883,31.2861760964,121.214955743,0.493362357368,4.53716585278
1509266566,31.2862126,121.21497728,266157883,31.2861760964,121.214955743,0.493362357368,4.53716585278
1509266567,31.28614898,121.21510333,266157883,31.286104504,121.21507709,0.482219317465,5.52808627328
1509266568,31.28614898,121.21510333,266157883,31.286104504,121.21507709,0.482219317465,5.52808627328
1509266570,31.28614898,121.21510333,266157883,31.286104504,121.21507709,0.482219317465,5.52808627328
1509266571,31.28607429,121.21524197,266157883,31.2860245433,121.21521262,0.469773788311,6.18320279434
1509266572,31.28607429,121.21524197,266157883,31.2860245433,121.21521262,0.469773788311,6.18320279434
1509266573,31.28603753,121.21530689,266157883,31.2859866397,121.215276866,0.463874252435,6.32535236606
1509266574,31.28603753,121.21530689,266157883,31.2859866397,121.215276866,0.463874252435,6.32535236606
1509266575,31.28598741,121.21539813,266157883,31.2859337675,121.215366482,0.455644937951,6.66742709062
1509266576,31.28598741,121.21539813,266157883,31.2859337675,121.215366482,0.455644937951,6.66742709062
1509266577,31.28596497,121.21550666,266157883,31.2858804756,121.21545681,0.447350281225,10.5021359894
1509266578,31.28596497,121.21550666,266157883,31.2858804756,121.21545681,0.447350281225,10.5021359894
1509266579,31.28590109,121.21559203,266157883,31.2858266195,121.215548094,0.438967825938,9.25622133967
1509266580,31.28590109,121.21559203,266157883,31.2858266195,121.215548094,0.438967825938,9.25622133967
1509266581,31.28582735,121.21566749,266157883,31.2857745538,121.21563634,0.43086426133,6.56231422222
1509266582,31.28582735,121.21566749,266157883,31.2857745538,121.21563634,0.43086426133,6.56231422222
1509266583,31.28576288,121.21574232,266157883,31.2857251562,121.215720063,0.423176028151,4.68887818722
1509266585,31.28576288,121.21574232,266157883,31.2857251562,121.215720063,0.423176028151,4.68887818722
1509266586,31.28567946,121.21584995,266157883,31.2856565103,121.215836409,0.412491960145,2.85254106599
1509266587,31.28567946,121.21584995,266157883,31.2856565103,121.215836409,0.412491960145,2.85254106599
1509266588,31.28562727,121.21593368,266157883,31.2856063886,121.21592136,0.404691016665,2.59545951888
1509266589,31.28562727,121.21593368,266157883,31.2856063886,121.21592136,0.404691016665,2.59545951888
1509266590,31.28560334,121.2160137,266157883,31.2855653,121.215991,0.39829598676,4.73925294569
1509266591,31.28560334,121.2160137,266157883,31.2855653,121.215991,0.39829598676,4.73925294569
1509266592,31.28554832,121.21610353,266157883,31.285507297,121.216075306,0.390202602212,5.28301862065
1509266593,31.28554832,121.21610353,266157883,31.285507297,121.216075306,0.390202602212,5.28301862065
1509266594,31.28547522,121.21617963,266157883,31.2854451467,121.2161489,0.382548402065,4.43618986325
1509266595,31.28547522,121.21617963,266157883,31.2854451467,121.2161489,0.382548402065,4.43618986325
1509266596,31.28540106,121.21625361,266157883,31.2853702844,121.216222162,0.374264089012,4.53978712535
1509266597,31.28540106,121.21625361,266157883,31.2853702844,121.216222162,0.374264089012,4.53978712535
1509266598,31.2853351,121.21631106,266157883,31.2853052064,121.216266374,0.368037711495,5.39347840221
1509266599,31.2853351,121.21631106,266157883,31.2853052064,121.216266374,0.368037711495,5.39347840221
1509266600,31.2853351,121.21631106,266157883,31.2853052064,121.216266374,0.368037711495,5.39347840221
1509266601,31.28514697,121.21634912,266157883,31.2851471057,121.216349484,0.353816082945,0.0377472218588
1509266603,31.28514697,121.21634912,266157883,31.2851471057,121.216349484,0.353816082945,0.0377472218588
1509266604,31.2850886,121.21638282,266157883,31.285084832,121.216372723,0.348559109731,1.04826983773
1509266605,31.2850886,121.21638282,266157883,31.285084832,121.216372723,0.348559109731,1.04826983773
1509266606,31.28499015,121.21639445,266157883,31.2849900664,121.216380348,0.340961576962,1.34280259358
1509266607,31.28499015,121.21639445,266157883,31.2849900664,121.216380348,0.340961576962,1.34280259358
1509266608,31.28486245,121.21641717,266157883,31.2848622454,121.216381097,0.330852109317,3.43488511532
1509266609,31.28486245,121.21641717,266157883,31.2848622454,121.216381097,0.330852109317,3.43488511532
1509266610,31.28470126,121.21635204,266157883,31.28470143,121.216382009,0.318133093296,2.85369154929
1509266611,31.28470126,121.21635204,266157883,31.28470143,121.216382009,0.318133093296,2.85369154929
1509266612,31.28465296,121.21635098,266157883,31.2846531375,121.216382283,0.314313607689,2.98070755657
1509266613,31.28465296,121.21635098,266157883,31.2846531375,121.216382283,0.314313607689,2.98070755657
1509266614,31.28455826,121.21634386,266157883,31.284558481,121.21638282,0.306827146866,3.70980348201
1509266615,31.28455826,121.21634386,266157883,31.284558481,121.21638282,0.306827146866,3.70980348201
1509266617,31.28446501,121.2163393,266157883,31.2844652598,121.216383349,0.299454215664,4.19435960119
1509266618,31.28446501,121.2163393,266157883,31.2844652598,121.216383349,0.299454215664,4.19435960119
1509266619,31.28433601,121.21636371,266157883,31.2843361255,121.216384081,0.289240885954,1.93975482068
1509266620,31.28433601,121.21636371,266157883,31.2843361255,121.216384081,0.289240885954,1.93975482068
1509266621,31.28420627,121.21636823,266157883,31.2842063641,121.216384817,0.278977952699,1.57943518764
1509266622,31.28420627,121.21636823,266157883,31.2842063641,121.216384817,0.278977952699,1.57943518764
1509266623,31.28417027,121.21637084,266157883,31.2841703504,121.216385021,0.276129606017,1.35035730066
1509266624,31.28417027,121.21637084,266157883,31.2841703504,121.216385021,0.276129606017,1.35035730066
1509266625,31.28406873,121.21636579,266157883,31.2840681179,121.216383461,0.268041507378,1.68402489596
1509266626,31.28406873,121.21636579,266157883,31.2840681179,121.216383461,0.268041507378,1.68402489596
1509266627,31.28396969,121.21634314,266157883,31.283968413,121.216380008,0.260151166863,3.51339044478
1509266628,31.28396969,121.21634314,266157883,31.283968413,121.216380008,0.260151166863,3.51339044478
1509266629,31.28382996,121.21629549,266157883,31.2838104216,121.216364263,0.247568294755,6.89753756375
1509266630,31.28382996,121.21629549,266157883,31.2838104216,121.216364263,0.247568294755,6.89753756375
1509266632,31.28378515,121.21627292,266157883,31.283763025,121.216350797,0.243671376091,7.81068431546
1509266633,31.28378515,121.21627292,266157883,31.283763025,121.216350797,0.243671376091,7.81068431546
1509266635,31.2836699,121.21622195,266157883,31.2836299958,121.216291749,0.232077314286,7.9841702523
1509266636,31.28357661,121.21615743,266157883,31.2835286577,121.216217257,0.222106279596,7.79228838634
1509266637,31.28357661,121.21615743,266157883,31.2835286577,121.216217257,0.222106279596,7.79228838634
1509266638,31.28350073,121.21610158,266157883,31.2834552026,121.216158382,0.214660952499,7.39824656828
1509266639,31.28350073,121.21610158,266157883,31.2834552026,121.216158382,0.214660952499,7.39824656828
1509266640,31.28341415,121.21605674,266157883,31.2833806057,121.216098591,0.207099893868,5.45098692086
1509266641,31.28341415,121.21605674,266157883,31.2833806057,121.216098591,0.207099893868,5.45098692086
1509266642,31.28332627,121.21601291,266157883,31.2833057101,121.216038561,0.199508566913,3.341001017
1509266643,31.28332627,121.21601291,266157883,31.2833057101,121.216038561,0.199508566913,3.341001017
1509266644,31.28326818,121.215971,266157883,31.2832498894,121.21599382,0.193850637444,2.97224969459
1509266645,31.28326818,121.215971,266157883,31.2832498894,121.21599382,0.193850637444,2.97224969459
1509266646,31.28321352,121.21591213,266157883,31.2831878804,121.215944119,0.187565477214,4.16647068684
1509266647,31.28321352,121.21591213,266157883,31.2831878804,121.215944119,0.187565477214,4.16647068684
1509266648,31.28313782,121.21584965,266157883,31.2831112993,121.215882731,0.179802972782,4.30916893221
1509266650,31.28313782,121.21584965,266157883,31.2831112993,121.215882731,0.179802972782,4.30916893221
1509266651,31.28304403,121.21577693,266157883,31.2830187146,121.215808508,0.170417929023,4.1133305386
1509266652,31.28304403,121.21577693,266157883,31.2830187146,121.215808508,0.170417929023,4.1133305386
1509266653,31.282944,121.21569917,266157883,31.2829198716,121.215729267,0.160398499059,3.92046620037
1509266654,31.282944,121.21569917,266157883,31.2829198716,121.215729267,0.160398499059,3.92046620037
1509266655,31.28283239,121.21561112,266157883,31.2828089574,121.215640349,0.149155445054,3.80741601996
1509266656,31.28283239,121.21561112,266157883,31.2828089574,121.215640349,0.149155445054,3.80741601996
1509266657,31.28269435,121.21545856,266157883,31.282650471,121.215513294,0.133090138297,7.12962238109
1509266658,31.28269435,121.21545856,266157883,31.282650471,121.215513294,0.133090138297,7.12962238109
1509266659,31.28256897,121.21537185,266157883,31.2825318281,121.21541818,0.121063656879,6.03494758269
1509266660,31.28256897,121.21537185,266157883,31.2825318281,121.21541818,0.121063656879,6.03494758269
1509266661,31.28244296,121.21527579,266157883,31.2824082387,121.215319101,0.108535754401,5.6416468733
1509266662,31.28244296,121.21527579,266157883,31.2824082387,121.215319101,0.108535754401,5.6416468733
1509266663,31.28228407,121.21516315,266157883,31.2822559369,121.215202508,0.0933603317114,4.87599252637
1509266664,31.28228407,121.21516315,266157883,31.2822559369,121.215202508,0.0933603317114,4.87599252637
1509266665,31.28213268,121.21493976,266157883,31.282054019,121.214982291,0.0693049661397,9.61590182267
1509266666,31.28213268,121.21493976,266157883,31.282054019,121.214982291,0.0693049661397,9.61590182267
1509266668,31.28208108,121.21485193,266157883,31.2820081557,121.214882038,0.0605747790879,8.5786563903
1509266669,31.28208108,121.21485193,266157883,31.2820081557,121.214882038,0.0605747790879,8.5786563903
1509266670,31.28201154,121.21468486,266157883,31.2819443335,121.214705564,0.0457169378344,7.70787161634
1509266671,31.28201154,121.21468486,266157883,31.2819443335,121.214705564,0.0457169378344,7.70787161634
1509266672,31.28195648,121.21450208,266157883,31.2819056744,121.214508366,0.0297645650948,5.66473853346
1509266673,31.28195648,121.21450208,266157883,31.2819056744,121.214508366,0.0297645650948,5.66473853346
1509266674,31.28198754,121.21435683,266157883,31.2818972281,121.214357221,0.0177712177822,10.0133454326
1509266675,31.28198754,121.21435683,266157883,31.2818972281,121.214357221,0.0177712177822,10.0133454326
1509266676,31.28203466,121.21425803,266157883,31.281896801,121.214258627,0.00997338966281,15.285125549
1509266677,31.28203466,121.21425803,266157883,31.281896801,121.214258627,0.00997338966281,15.285125549
1509266678,31.28213814,121.21423029,266157883,31.2818967,121.2142353,0.00812844548729,26.7737473034
1509266679,31.28213814,121.21423029,266157883,31.2818967,121.2142353,0.00812844548729,26.7737473034
1509266680,31.28225777,121.2142211,266157883,31.2818967,121.2142353,0.00812844548729,40.0562206534
1509266681,31.28225777,121.2142211,266157883,31.2818967,121.2142353,0.00812844548729,40.0562206534
1509266682,31.28243245,121.21420515,135420817,31.2824323432,121.21413191,0.927564781307,6.97396742886
1509266683,31.28243245,121.21420515,135420817,31.2824323432,121.21413191,0.927564781307,6.97396742886
1509266684,31.28250663,121.21420817,135420817,31.2825065187,121.214131802,0.917645125821,7.27182694161
1509266686,31.28250663,121.21420817,135420817,31.2825065187,121.214131802,0.917645125821,7.27182694161
1509266687,31.28259454,121.21420542,135420817,31.2825944325,121.214131674,0.905888204176,7.02216675771
1509266688,31.28259454,121.21420542,135420817,31.2825944325,121.214131674,0.905888204176,7.02216675771
1509266689,31.28269699,121.2141948,135420817,31.2826968978,121.214131525,0.892185283973,6.0251373777
1509266690,31.28282022,121.2141979,135420817,31.282820123,121.214131345,0.875706086491,6.33742037388
1509266691,31.28282022,121.2141979,135420817,31.282820123,121.214131345,0.875706086491,6.33742037388
1509266692,31.28289053,121.21419616,135420817,31.2828904354,121.214131242,0.866303046037,6.1814924871
1509266693,31.28289053,121.21419616,135420817,31.2828904354,121.214131242,0.866303046037,6.1814924871
1509266694,31.28300864,121.21419128,135420817,31.2830085522,121.21413107,0.85050700087,5.73320536177
1509266695,31.28300864,121.21419128,135420817,31.2830085522,121.21413107,0.85050700087,5.73320536177
1509266696,31.28314856,121.21416471,135420817,31.2831485107,121.214130866,0.831790030614,3.22261820837
1509266697,31.28314856,121.21416471,135420817,31.2831485107,121.214130866,0.831790030614,3.22261820837
1509266698,31.28328106,121.21417687,135420817,31.2832809926,121.214130673,0.814072903328,4.3988843069
1509266700,31.28328106,121.21417687,135420817,31.2832809926,121.214130673,0.814072903328,4.3988843069
1509266701,31.28341386,121.21420648,135420817,31.2834137492,121.21413048,0.7963190586,7.23677777431
1509266702,31.28341386,121.21420648,135420817,31.2834137492,121.21413048,0.7963190586,7.23677777431
1509266703,31.28354866,121.214207,135420817,31.2835485482,121.214130283,0.778292078157,7.30499480733
1509266704,31.28354866,121.214207,135420817,31.2835485482,121.214130283,0.778292078157,7.30499480733
1509266705,31.28367606,121.2142192,135420817,31.2836759301,121.214130097,0.761256992181,8.4843514932
1509266706,31.28367606,121.2142192,135420817,31.2836759301,121.214130097,0.761256992181,8.4843514932
1509266707,31.28381338,121.21421488,135420817,31.2838132561,121.214129897,0.742892063302,8.09205329651
1509266708,31.28381338,121.21421488,135420817,31.2838132561,121.214129897,0.742892063302,8.09205329651
1509266709,31.28390172,121.21422328,135420817,31.2839015837,121.214129768,0.731079810755,8.90415300023
1509266710,31.28390172,121.21422328,135420817,31.2839015837,121.214129768,0.731079810755,8.90415300023
1509266711,31.28400863,121.21422715,135420817,31.2840084878,121.214129612,0.716783270634,9.2875389755
1509266712,31.28400863,121.21422715,135420817,31.2840084878,121.214129612,0.716783270634,9.2875389755
1509266713,31.28410992,121.21424779,135420817,31.2841097475,121.214129465,0.703241574294,11.2669283599
1509266715,31.28410992,121.21424779,135420817,31.2841097475,121.214129465,0.703241574294,11.2669283599
1509266716,31.28431093,121.2142194,135420817,31.2843107985,121.214129172,0.67635455759,8.59147069783
1509266717,31.28431093,121.2142194,135420817,31.2843107985,121.214129172,0.67635455759,8.59147069783
1509266719,31.28436998,121.21422209,135420817,31.2843698444,121.214129086,0.668458203847,8.85580184102
1509266720,31.28436998,121.21422209,135420817,31.2843698444,121.214129086,0.668458203847,8.85580184102
1509266721,31.28448228,121.21419698,135420817,31.2844821808,121.214128922,0.65343519777,6.48043344433
1509266722,31.28448228,121.21419698,135420817,31.2844821808,121.214128922,0.65343519777,6.48043344433
1509266723,31.28456291,121.21420388,135420817,31.2845648759,121.214130719,0.642372927499,6.9697673048
1509266724,31.28456291,121.21420388,135420817,31.2845648759,121.214130719,0.642372927499,6.9697673048
1509266725,31.28465158,121.21420944,135420817,31.2846536312,121.214133103,0.630499199135,7.27223594546
1509266726,31.28465158,121.21420944,135420817,31.2846536312,121.214133103,0.630499199135,7.27223594546
1509266727,31.28480579,121.21415864,135420817,31.2848033634,121.214135523,0.61045961045,2.21753497174
1509266728,31.28480579,121.21415864,135420817,31.2848033634,121.214135523,0.61045961045,2.21753497174
1509266729,31.28484596,121.21415368,135420817,31.2848436105,121.214131298,0.605047694243,2.14701224239
1509266730,31.28484596,121.21415368,135420817,31.2848436105,121.214131298,0.605047694243,2.14701224239
1509266731,31.28493812,121.21414809,135420817,31.2849353465,121.214121669,0.592712238161,2.53453113477
1509266733,31.28493812,121.21414809,135420817,31.2849353465,121.214121669,0.592712238161,2.53453113477
1509266734,31.2850126,121.21413497,135420817,31.2850027697,121.214101808,0.583311054594,3.34048941335
1509266735,31.2850126,121.21413497,135420817,31.2850027697,121.214101808,0.583311054594,3.34048941335
1509266736,31.28512221,121.21408379,135420817,31.2851077123,121.214056582,0.567953776865,3.04884225893
1509266737,31.28512221,121.21408379,135420817,31.2851077123,121.214056582,0.567953776865,3.04884225893
1509266738,31.28520192,121.21404053,135420817,31.2851877487,121.214013935,0.555825637331,2.98020523475
1509266739,31.28520192,121.21404053,135420817,31.2851877487,121.214013935,0.555825637331,2.98020523475
1509266740,31.28526763,121.21401049,135420817,31.2852404203,121.213975775,0.547104767567,4.47523056027
1509266741,31.28526763,121.21401049,135420817,31.2852404203,121.213975775,0.547104767567,4.47523056027
1509266742,31.28534014,121.2139519,135420817,31.285313783,121.213918273,0.534639249331,4.33497968739
1509266743,31.28534014,121.2139519,135420817,31.285313783,121.213918273,0.534639249331,4.33497968739
1509266744,31.28541222,121.21389368,135420817,31.2853689655,121.213857671,0.523637442514,5.89541464259
1509266745,31.28541222,121.21389368,135420817,31.2853689655,121.213857671,0.523637442514,5.89541464259
1509266747,31.28546929,121.21381646,135420817,31.2854263,121.2137888,0.511653321892,5.44572867942
1509266748,31.28546929,121.21381646,135420817,31.2854263,121.2137888,0.511653321892,5.44572867942
1509266749,31.2855438,121.21370813,135420817,31.285491633,121.213677506,0.494394774207,6.47743351591
1509266751,31.2855438,121.21370813,135420817,31.285491633,121.213677506,0.494394774207,6.47743351591
1509266752,31.2855985,121.213606,135420817,31.2855502401,121.21357767,0.478912939257,5.99229347207
1509266753,31.2855985,121.213606,135420817,31.2855502401,121.21357767,0.478912939257,5.99229347207
1509266754,31.28562751,121.21354404,135420817,31.2855847257,121.213518924,0.469803127747,5.31240586802
1509266755,31.28562751,121.21354404,135420817,31.2855847257,121.213518924,0.469803127747,5.31240586802
1509266756,31.28561614,121.21339279,135420817,31.2856478448,121.213411402,0.453129391228,3.93669920045
1509266757,31.28561614,121.21339279,135420817,31.2856478448,121.213411402,0.453129391228,3.93669920045
1509266758,31.28573012,121.21334443,135420817,31.2856981697,121.213325674,0.439835432676,3.96717951365
1509266759,31.28573012,121.21334443,135420817,31.2856981697,121.213325674,0.439835432676,3.96717951365
1509266760,31.2857159,121.21328512,135420817,31.285720419,121.213287773,0.433957991232,0.561109666703
1509266761,31.2857159,121.21328512,135420817,31.285720419,121.213287773,0.433957991232,0.561109666703
1509266762,31.28567325,121.21322977,135420817,31.2857336532,121.213265229,0.430462014331,7.50008713363
1509266763,31.28567325,121.21322977,135420817,31.2857336532,121.213265229,0.430462014331,7.50008713363
1509266764,31.28561381,121.21317075,135420817,31.2857441865,121.213247285,0.427679493158,16.1884789142
1509266766,31.28561381,121.21317075,135420817,31.2857441865,121.213247285,0.427679493158,16.1884789142
1509266767,31.28554976,121.21310535,135420817,31.2857545601,121.213230032,0.424987145767,25.6233464746
1509266768,31.28554976,121.21310535,135420817,31.2857545601,121.213230032,0.424987145767,25.6233464746
1509266769,31.28548477,121.21303934,135420817,31.2857663058,121.213210738,0.421966455849,35.2240677897
1509266770,31.28548477,121.21303934,135420817,31.2857663058,121.213210738,0.421966455849,35.2240677897
1509266771,31.28543217,121.2129557,135420817,31.2857892328,121.213173079,0.416070287035,44.673544662
1509266772,31.28543217,121.2129557,135420817,31.2857892328,121.213173079,0.416070287035,44.673544662
1509266773,31.28536558,121.21290822,135420819,31.2853540226,121.212922491,0.334134498834,1.86779004485
1509266774,31.28536558,121.21290822,135420819,31.2853540226,121.212922491,0.334134498834,1.86779004485
1509266775,31.28528899,121.21286311,135420819,31.2852845101,121.212869088,0.391961767767,0.755494363044
1509266776,31.28528899,121.21286311,135420819,31.2852845101,121.212869088,0.391961767767,0.755494363044
1509266777,31.28520773,121.2128104,135420819,31.2852024491,121.212821162,0.454904477114,1.18020797519
1509266778,31.28520773,121.2128104,135420819,31.2852024491,121.212821162,0.454904477114,1.18020797519
1509266779,31.28513597,121.21277894,135420819,31.2851342937,121.212788409,0.504836882775,0.920619937845
1509266780,31.28513597,121.21277894,135420819,31.2851342937,121.212788409,0.504836882775,0.920619937845
1509266781,31.28506041,121.21275567,135420819,31.2850570354,121.212774733,0.556588124133,1.85330315138
1509266782,31.28506041,121.21275567,135420819,31.2850570354,121.212774733,0.556588124133,1.85330315138
1509266784,31.28498337,121.21274574,135420819,31.284984407,121.212765036,0.60511070748,1.84091677163
1509266785,31.28498337,121.21274574,135420819,31.284984407,121.212765036,0.60511070748,1.84091677163
1509266786,31.28489879,121.21274393,135420819,31.2849001675,121.212769563,0.660754557894,2.44550151417
1509266787,31.28489879,121.21274393,135420819,31.2849001675,121.212769563,0.660754557894,2.44550151417
1509266788,31.28481659,121.21274582,135420819,31.2848181029,121.212773973,0.714961804067,2.68593838469
1509266789,31.28481659,121.21274582,135420819,31.2848181029,121.212773973,0.714961804067,2.68593838469
1509266790,31.28473394,121.21275811,135420819,31.2847350324,121.212778437,0.769833551329,1.93932164617
1509266791,31.28473394,121.21275811,135420819,31.2847350324,121.212778437,0.769833551329,1.93932164617
1509266792,31.28465839,121.21275035,135420819,31.2846584961,121.212779335,0.820328319506,2.75993902357
1509266793,31.28465839,121.21275035,135420819,31.2846584961,121.212779335,0.820328319506,2.75993902357
1509266794,31.28459424,121.21267509,135420819,31.2845946224,121.212779569,0.862459202326,9.94849671455
1509266795,31.28459424,121.21267509,135420819,31.2845946224,121.212779569,0.862459202326,9.94849671455
1509266796,31.28456985,121.21258613,135420819,31.2845705582,121.212779657,0.878331808855,18.427686453
1509266797,31.28456985,121.21258613,135420819,31.2845705582,121.212779657,0.878331808855,18.427686453
1509266798,31.28456572,121.21249043,135420819,31.2845667785,121.212779671,0.880824899443,27.5415913171
1509266799,31.28456572,121.21249043,135420819,31.2845667785,121.212779671,0.880824899443,27.5415913171
1509266800,31.28455916,121.21238966,135420819,31.2845605874,121.212779693,0.884908549828,37.1391053724
1509266802,31.28455916,121.21238966,135420819,31.2845605874,121.212779693,0.884908549828,37.1391053724
1509266803,31.28455916,121.21238966,135420819,31.2845605874,121.212779693,0.884908549828,37.1391053724
1509266804,31.28455599,121.21223497,384531666,31.2845041,121.21223497,0.852009668295,5.75327092743
1509266805,31.28455599,121.21223497,384531666,31.2845041,121.21223497,0.852009668295,5.75327092743
1509266806,31.28454265,121.21217055,384531666,31.2845041,121.21217055,0.834514692484,4.27420686129
1509266807,31.28454265,121.21217055,384531666,31.2845041,121.21217055,0.834514692484,4.27420686129
1509266808,31.28453643,121.21207773,384531666,31.2845041,121.21207773,0.809306936281,3.58456829413
1509266809,31.28453643,121.21207773,384531666,31.2845041,121.21207773,0.809306936281,3.58456829413
1509266810,31.2845239,121.21197311,384531666,31.2845041,121.21197311,0.780894574137,2.19531247109
1509266811,31.2845239,121.21197311,384531666,31.2845041,121.21197311,0.780894574137,2.19531247109
1509266812,31.28451254,121.21187392,384531666,31.284504099,121.211873921,0.75395705926,0.935887973171
1509266813,31.28451254,121.21187392,384531666,31.284504099,121.211873921,0.75395705926,0.935887973171
1509266814,31.28452011,121.21178268,384531666,31.2845040916,121.211782681,0.729178560701,1.77602505903
1509266816,31.28452011,121.21178268,384531666,31.2845040916,121.211782681,0.729178560701,1.77602505903
1509266817,31.28452943,121.21168784,384531666,31.284504084,121.211687842,0.703422424194,2.81022456953
1509266818,31.28452943,121.21168784,384531666,31.284504084,121.211687842,0.703422424194,2.81022456953
1509266819,31.28453493,121.21158775,384531666,31.2845040759,121.211587752,0.676240425729,3.42093107355
1509266820,31.28453493,121.21158775,384531666,31.2845040759,121.211587752,0.676240425729,3.42093107355
1509266821,31.28450354,121.21146922,384531666,31.2845040663,121.21146922,0.644049741326,0.0583524665841
1509266822,31.28450354,121.21146922,384531666,31.2845040663,121.21146922,0.644049741326,0.0583524665841
1509266823,31.28449293,121.21137244,384531666,31.2845040585,121.211372439,0.617766308151,1.23386168846
1509266824,31.28449293,121.21137244,384531666,31.2845040585,121.211372439,0.617766308151,1.23386168846
1509266825,31.28449321,121.21128522,384531666,31.2845040514,121.211285219,0.594079388107,1.20203478173
1509266826,31.28449321,121.21128522,384531666,31.2845040514,121.211285219,0.594079388107,1.20203478173
1509266827,31.28450742,121.21118859,384531666,31.2845040436,121.21118859,0.56783723658,0.374356427218
1509266828,31.28450742,121.21118859,384531666,31.2845040436,121.21118859,0.56783723658,0.374356427218
1509266829,31.28450365,121.21108731,384531666,31.2845040354,121.21108731,0.540331858148,0.0427317796453
1509266830,31.28450365,121.21108731,384531666,31.2845040354,121.21108731,0.540331858148,0.0427317796453
1509266831,31.28450272,121.2109856,384531666,31.2845040272,121.2109856,0.512709764084,0.144932928563
1509266832,31.28450272,121.2109856,384531666,31.2845040272,121.2109856,0.512709764084,0.144932928563
1509266834,31.28450441,121.21089769,384531666,31.2845040201,121.21089769,0.488835487036,0.0432330234641
1509266835,31.28450441,121.21089769,384531666,31.2845040201,121.21089769,0.488835487036,0.0432330234641
1509266836,31.28451018,121.21077636,384531666,31.2845040103,121.21077636,0.455885203828,0.684066060165
1509266837,31.28451018,121.21077636,384531666,31.2845040103,121.21077636,0.455885203828,0.684066060165
1509266838,31.28451351,121.21068563,384531666,31.2845040029,121.210685631,0.431245116301,1.05409125665
1509266839,31.28451351,121.21068563,384531666,31.2845040029,121.210685631,0.431245116301,1.05409125665
1509266840,31.28450686,121.2105746,384531666,31.284504,121.2105746,0.401091738194,0.317100691191
1509266841,31.28450686,121.2105746,384531666,31.284504,121.2105746,0.401091738194,0.317100691191
1509266842,31.28451045,121.21045906,384531666,31.284504,121.21045906,0.369713757675,0.715139668348
1509266843,31.28451045,121.21045906,384531666,31.284504,121.21045906,0.369713757675,0.715139668348
1509266844,31.28451252,121.2103733,384531666,31.284504,121.2103733,0.346423333496,0.944649608592
1509266845,31.28451252,121.2103733,384531666,31.284504,121.2103733,0.346423333496,0.944649608592
1509266846,31.2844929,121.21026847,384531666,31.284504,121.21026847,0.31795394023,1.23070547151
1509266847,31.2844929,121.21026847,384531666,31.284504,121.21026847,0.31795394023,1.23070547151
1509266848,31.28447077,121.21018343,384531666,31.284504,121.21018343,0.29485905133,3.68435520539
1509266849,31.28447077,121.21018343,384531666,31.284504,121.21018343,0.29485905133,3.68435520539
1509266850,31.2844558,121.21010846,384531666,31.284504,121.21010846,0.274498940549,5.34414446896
1509266852,31.2844558,121.21010846,384531666,31.284504,121.21010846,0.274498940549,5.34414446896
1509266853,31.28446363,121.21002235,384531666,31.284504,121.21002235,0.251113464501,4.4759981816
1509266854,31.28446363,121.21002235,384531666,31.284504,121.21002235,0.251113464501,4.4759981816
1509266855,31.28441661,121.20989469,384531666,31.284504,121.20989469,0.216443973473,9.68931086619
1509266856,31.28441661,121.20989469,384531666,31.284504,121.20989469,0.216443973473,9.68931086619
1509266857,31.28437244,121.20984415,384531666,31.284504,121.20984415,0.202718483291,14.5866315736
1509266858,31.28437244,121.20984415,384531666,31.284504,121.20984415,0.202718483291,14.5866315736
1509266859,31.2843012,121.2098187,384531666,31.284504,121.2098187,0.195806854382,22.4853212737
1509266860,31.2843012,121.2098187,384531666,31.284504,121.2098187,0.195806854382,22.4853212737
1509266861,31.28423826,121.20980132,384531666,31.284504,121.20980132,0.191086850042,29.4637536784
1509266862,31.28423826,121.20980132,384531666,31.284504,121.20980132,0.191086850042,29.4637536784
1509266863,31.28423826,121.20980132,384531666,31.284504,121.20980132,0.191086850042,29.4637536784
1509266864,31.28416556,121.20977711,384531666,31.284504,121.20977711,0.184511976334,37.52431978
1509266865,31.28416556,121.20977711,384531666,31.284504,121.20977711,0.184511976334,37.52431978
1509266867,31.28416556,121.20977711,384531666,31.284504,121.20977711,0.184511976334,37.52431978
1509266868,31.28415401,121.20978713,384531666,31.284504,121.20978713,0.187233175612,38.8049186505
1509266869,31.28415401,121.20978713,384531666,31.284504,121.20978713,0.187233175612,38.8049186505
1509266870,31.28415401,121.20978713,384531666,31.284504,121.20978713,0.187233175612,38.8049186505
1509266871,31.28422192,121.20982019,384531666,31.284504,121.20982019,0.196211503777,31.2754407572
1509266872,31.28422192,121.20982019,384531666,31.284504,121.20982019,0.196211503777,31.2754407572
1509266873,31.28427479,121.20985942,384531666,31.284504,121.20985942,0.206865460639,25.4135132079
1509266874,31.28427479,121.20985942,384531666,31.284504,121.20985942,0.206865460639,25.4135132079
1509266875,31.28426343,121.20985397,384531666,31.284504,121.20985397,0.205385367217,26.6730459706
1509266876,31.28426343,121.20985397,384531666,31.284504,121.20985397,0.205385367217,26.6730459706
1509266877,31.28425304,121.20983758,384531666,31.284504,121.20983758,0.200934223884,27.8250306002
1509266878,31.28425304,121.20983758,384531666,31.284504,121.20983758,0.200934223884,27.8250306002
Time_cost 0.73442697525
