1521793875,31.28377062,121.49527944,49247354,31.2837798603,121.495282852,0.26212486546,1.07479937918
1521793876,31.28377062,121.49527944,49247354,31.2837798603,121.495282852,0.26212486546,1.07479937918
1521793877,31.28377062,121.49527944,49247354,31.2837798603,121.495282852,0.26212486546,1.07479937918
1521793879,31.28377062,121.49527944,49247354,31.2837798603,121.495282852,0.26212486546,1.07479937918
1521793880,31.28377062,121.49527944,49247354,31.2837798603,121.495282852,0.26212486546,1.07479937918
1521793881,31.28370319,121.49534668,49247354,31.283749919,121.495363935,0.240393873576,5.4353356379
1521793882,31.28370319,121.49534668,49247354,31.283749919,121.495363935,0.240393873576,5.4353356379
1521793883,31.28370319,121.49534668,49247354,31.283749919,121.495363935,0.240393873576,5.4353356379
1521793884,31.28368547,121.49537938,49247354,31.2837371666,121.49539847,0.231138377749,6.01314934539
1521793885,31.28368547,121.49537938,49247354,31.2837371666,121.49539847,0.231138377749,6.01314934539
1521793886,31.28366651,121.49541032,49247354,31.2837248373,121.495431858,0.222189982438,6.78441182038
1521793887,31.28366651,121.49541032,49247354,31.2837248373,121.495431858,0.222189982438,6.78441182038
1521793888,31.283646,121.49542036,49247354,31.2837191137,121.495447358,0.218035828849,8.50430154335
1521793889,31.283646,121.49542036,49247354,31.2837191137,121.495447358,0.218035828849,8.50430154335
1521793891,31.28363279,121.49541931,49247354,31.2837178697,121.495450727,0.217132998443,9.89614838175
1521793892,31.28363279,121.49541931,49247354,31.2837178697,121.495450727,0.217132998443,9.89614838175
1521793893,31.28363494,121.49543002,49247354,31.2837146474,121.495459453,0.214794307025,9.2712640715
1521793894,31.28363494,121.49543002,49247354,31.2837146474,121.495459453,0.214794307025,9.2712640715
1521793895,31.28363494,121.49543002,49247354,31.2837146474,121.495459453,0.214794307025,9.2712640715
1521793896,31.28363835,121.49544628,49247354,31.2837097728,121.495472654,0.211256391273,8.30763068911
1521793897,31.28363835,121.49544628,49247354,31.2837097728,121.495472654,0.211256391273,8.30763068911
1521793898,31.28364082,121.49546382,49247354,31.2837043695,121.495487287,0.207334724019,7.39183353795
1521793899,31.28364082,121.49546382,49247354,31.2837043695,121.495487287,0.207334724019,7.39183353795
1521793900,31.28364826,121.49547169,49247354,31.2837027049,121.495491795,0.206126553264,6.33281672332
1521793901,31.28364826,121.49547169,49247354,31.2837027049,121.495491795,0.206126553264,6.33281672332
1521793902,31.28365455,121.49547623,49247354,31.2837019843,121.495493746,0.205603603284,5.5173787067
1521793904,31.28365455,121.49547623,49247354,31.2837019843,121.495493746,0.205603603284,5.5173787067
1521793905,31.28365517,121.49547811,49247354,31.2837014478,121.495495199,0.205214204573,5.3828566673
1521793906,31.28365517,121.49547811,49247354,31.2837014478,121.495495199,0.205214204573,5.3828566673
1521793907,31.2836559,121.49548006,49247354,31.2837009017,121.495496678,0.204817876471,5.23442932852
1521793908,31.2836559,121.49548006,49247354,31.2837009017,121.495496678,0.204817876471,5.23442932852
1521793909,31.2836559,121.49548006,49247354,31.2837009017,121.495496678,0.204817876471,5.23442932852
1521793910,31.28365498,121.49548102,49247354,31.2837004794,121.495497821,0.204511338295,5.29231363293
1521793911,31.28365498,121.49548102,49247354,31.2837004794,121.495497821,0.204511338295,5.29231363293
1521793912,31.28365432,121.49548248,49247354,31.2836999257,121.495499321,0.204109519533,5.3046858301
1521793913,31.28365432,121.49548248,49247354,31.2836999257,121.495499321,0.204109519533,5.3046858301
1521793914,31.28364781,121.49551141,49247354,31.2836897436,121.495526895,0.196719461782,4.87755499645
1521793915,31.28364781,121.49551141,49247354,31.2836897436,121.495526895,0.196719461782,4.87755499645
1521793917,31.28363375,121.49556487,49247354,31.2836706843,121.495578509,0.182886504901,4.29605614853
1521793918,31.28363375,121.49556487,49247354,31.2836706843,121.495578509,0.182886504901,4.29605614853
1521793919,31.28363875,121.49559801,49247354,31.2836605152,121.495606047,0.175505941849,2.53164774267
1521793920,31.28363875,121.49559801,49247354,31.2836605152,121.495606047,0.175505941849,2.53164774267
1521793921,31.28363875,121.49559801,49247354,31.2836605152,121.495606047,0.175505941849,2.53164774267
1521793922,31.28361101,121.495669,49247354,31.2836341179,121.495677533,0.156347157559,2.68782371744
1521793923,31.28361101,121.495669,49247354,31.2836341179,121.495677533,0.156347157559,2.68782371744
1521793924,31.28346629,121.49587828,49247354,31.2835487453,121.495908728,0.0943849928509,9.59088987977
1521793925,31.28346629,121.49587828,49247354,31.2835487453,121.495908728,0.0943849928509,9.59088987977
1521793926,31.28335368,121.49603316,49247354,31.2834849034,121.496081616,0.0480494739881,15.2634097861
1521793927,31.28335368,121.49603316,49247354,31.2834849034,121.496081616,0.0480494739881,15.2634097861
1521793928,31.28332471,121.49611339,49247354,31.2834553559,121.496161633,0.0266043281378,15.1962369164
1521793930,31.28332471,121.49611339,49247354,31.2834553559,121.496161633,0.0266043281378,15.1962369164
1521793931,31.28331798,121.49618911,49247354,31.2834299427,121.496230454,0.00815976125723,13.02307196
1521793932,31.28331798,121.49618911,49247354,31.2834299427,121.496230454,0.00815976125723,13.02307196
1521793933,31.28330383,121.49623051,49247354,31.2834188378,121.496260527,0.0001,13.067819052
1521793934,31.28330383,121.49623051,49247354,31.2834188378,121.496260527,0.0001,13.067819052
1521793935,31.28330383,121.49623051,49247354,31.2834188378,121.496260527,0.0001,13.067819052
1521793936,31.28329606,121.49628048,49247354,31.2834188378,121.496260527,0.0001,13.7448531592
1521793937,31.28329606,121.49628048,49247354,31.2834188378,121.496260527,0.0001,13.7448531592
1521793938,31.28333041,121.49630245,49247354,31.2834188378,121.496260527,0.0001,10.5858953868
1521793939,31.28333041,121.49630245,49247354,31.2834188378,121.496260527,0.0001,10.5858953868
1521793940,31.28338174,121.49635279,49247354,31.2834188378,121.496260527,0.0001,9.70050938767
1521793941,31.28338174,121.49635279,49247354,31.2834188378,121.496260527,0.0001,9.70050938767
1521793942,31.28344556,121.49639682,49247354,31.2834188378,121.496260527,0.0001,13.3118190933
1521793943,31.28344556,121.49639682,49247354,31.2834188378,121.496260527,0.0001,13.3118190933
1521793945,31.28344556,121.49639682,49247354,31.2834188378,121.496260527,0.0001,13.3118190933
1521793946,31.28344556,121.49639682,49247354,31.2834188378,121.496260527,0.0001,13.3118190933
1521793947,31.28344556,121.49639682,49247354,31.2834188378,121.496260527,0.0001,13.3118190933
1521793948,31.28344556,121.49639682,49247354,31.2834188378,121.496260527,0.0001,13.3118190933
1521793949,31.28344556,121.49639682,49247354,31.2834188378,121.496260527,0.0001,13.3118190933
1521793950,31.28344556,121.49639682,49247354,31.2834188378,121.496260527,0.0001,13.3118190933
1521793951,31.28344556,121.49639682,49247354,31.2834188378,121.496260527,0.0001,13.3118190933
1521793952,31.28344556,121.49639682,49247354,31.2834188378,121.496260527,0.0001,13.3118190933
1521793953,31.28344556,121.49639682,49247354,31.2834188378,121.496260527,0.0001,13.3118190933
1521793954,31.28344556,121.49639682,49247354,31.2834188378,121.496260527,0.0001,13.3118190933
1521793955,31.28344556,121.49639682,49247354,31.2834188378,121.496260527,0.0001,13.3118190933
1521793956,31.28344556,121.49639682,49247354,31.2834188378,121.496260527,0.0001,13.3118190933
1521793958,31.28344556,121.49639682,49247354,31.2834188378,121.496260527,0.0001,13.3118190933
1521793959,31.28344556,121.49639682,49247354,31.2834188378,121.496260527,0.0001,13.3118190933
1521793960,31.28344556,121.49639682,49247354,31.2834188378,121.496260527,0.0001,13.3118190933
1521793961,31.28344556,121.49639682,49247354,31.2834188378,121.496260527,0.0001,13.3118190933
1521793962,31.28344556,121.49639682,49247354,31.2834188378,121.496260527,0.0001,13.3118190933
1521793963,31.28344556,121.49639682,49247354,31.2834188378,121.496260527,0.0001,13.3118190933
1521793964,31.28344556,121.49639682,49247354,31.2834188378,121.496260527,0.0001,13.3118190933
1521793965,31.28344556,121.49639682,49247354,31.2834188378,121.496260527,0.0001,13.3118190933
1521793966,31.28344556,121.49639682,49247354,31.2834188378,121.496260527,0.0001,13.3118190933
1521793967,31.28344556,121.49639682,49247354,31.2834188378,121.496260527,0.0001,13.3118190933
1521793968,31.28344556,121.49639682,49247354,31.2834188378,121.496260527,0.0001,13.3118190933
1521793969,31.28344556,121.49639682,49247354,31.2834188378,121.496260527,0.0001,13.3118190933
1521793971,31.28344556,121.49639682,49247354,31.2834188378,121.496260527,0.0001,13.3118190933
1521793972,31.28344556,121.49639682,49247354,31.2834188378,121.496260527,0.0001,13.3118190933
1521793973,31.28344556,121.49639682,49247354,31.2834188378,121.496260527,0.0001,13.3118190933
1521793974,31.28344556,121.49639682,49247354,31.2834188378,121.496260527,0.0001,13.3118190933
1521793975,31.28344556,121.49639682,49247354,31.2834188378,121.496260527,0.0001,13.3118190933
1521793976,31.28344556,121.49639682,49247354,31.2834188378,121.496260527,0.0001,13.3118190933
1521793977,31.28344556,121.49639682,49247354,31.2834188378,121.496260527,0.0001,13.3118190933
1521793978,31.28344556,121.49639682,49247354,31.2834188378,121.496260527,0.0001,13.3118190933
1521793979,31.28344556,121.49639682,49247354,31.2834188378,121.496260527,0.0001,13.3118190933
1521793980,31.28344556,121.49639682,49247354,31.2834188378,121.496260527,0.0001,13.3118190933
1521793981,31.28344556,121.49639682,49247354,31.2834188378,121.496260527,0.0001,13.3118190933
1521793982,31.28344556,121.49639682,49247354,31.2834188378,121.496260527,0.0001,13.3118190933
1521793984,31.28344556,121.49639682,49247354,31.2834188378,121.496260527,0.0001,13.3118190933
1521793985,31.28344556,121.49639682,49247354,31.2834188378,121.496260527,0.0001,13.3118190933
1521793986,31.28344556,121.49639682,49247354,31.2834188378,121.496260527,0.0001,13.3118190933
1521793987,31.28344556,121.49639682,49247354,31.2834188378,121.496260527,0.0001,13.3118190933
1521793988,31.28344556,121.49639682,49247354,31.2834188378,121.496260527,0.0001,13.3118190933
1521793989,31.28344556,121.49639682,49247354,31.2834188378,121.496260527,0.0001,13.3118190933
1521793990,31.28344556,121.49639682,49247354,31.2834188378,121.496260527,0.0001,13.3118190933
1521793991,31.28344556,121.49639682,49247354,31.2834188378,121.496260527,0.0001,13.3118190933
1521793992,31.28344556,121.49639682,49247354,31.2834188378,121.496260527,0.0001,13.3118190933
1521793993,31.28344556,121.49639682,49247354,31.2834188378,121.496260527,0.0001,13.3118190933
1521793994,31.28344556,121.49639682,49247354,31.2834188378,121.496260527,0.0001,13.3118190933
1521793995,31.28344556,121.49639682,49247354,31.2834188378,121.496260527,0.0001,13.3118190933
1521793997,31.28344556,121.49639682,49247354,31.2834188378,121.496260527,0.0001,13.3118190933
1521793998,31.28344556,121.49639682,49247354,31.2834188378,121.496260527,0.0001,13.3118190933
1521793999,31.28344556,121.49639682,49247354,31.2834188378,121.496260527,0.0001,13.3118190933
1521794000,31.28344556,121.49639682,49247354,31.2834188378,121.496260527,0.0001,13.3118190933
1521794001,31.28344556,121.49639682,49247354,31.2834188378,121.496260527,0.0001,13.3118190933
1521794002,31.28344556,121.49639682,49247354,31.2834188378,121.496260527,0.0001,13.3118190933
1521794003,31.28344556,121.49639682,49247354,31.2834188378,121.496260527,0.0001,13.3118190933
1521794004,31.28344556,121.49639682,49247354,31.2834188378,121.496260527,0.0001,13.3118190933
1521794005,31.28344556,121.49639682,49247354,31.2834188378,121.496260527,0.0001,13.3118190933
1521794006,31.28344556,121.49639682,49247354,31.2834188378,121.496260527,0.0001,13.3118190933
1521794007,31.28344556,121.49639682,49247354,31.2834188378,121.496260527,0.0001,13.3118190933
1521794008,31.28344556,121.49639682,49247354,31.2834188378,121.496260527,0.0001,13.3118190933
1521794010,31.28344556,121.49639682,49247354,31.2834188378,121.496260527,0.0001,13.3118190933
1521794011,31.28344556,121.49639682,49247354,31.2834188378,121.496260527,0.0001,13.3118190933
1521794012,31.28344556,121.49639682,49247354,31.2834188378,121.496260527,0.0001,13.3118190933
1521794013,31.28344556,121.49639682,49247354,31.2834188378,121.496260527,0.0001,13.3118190933
1521794014,31.28344556,121.49639682,49247354,31.2834188378,121.496260527,0.0001,13.3118190933
1521794015,31.28344556,121.49639682,49247354,31.2834188378,121.496260527,0.0001,13.3118190933
1521794016,31.28344556,121.49639682,49247354,31.2834188378,121.496260527,0.0001,13.3118190933
1521794017,31.28344556,121.49639682,49247354,31.2834188378,121.496260527,0.0001,13.3118190933
1521794018,31.28344556,121.49639682,49247354,31.2834188378,121.496260527,0.0001,13.3118190933
1521794019,31.28344556,121.49639682,49247354,31.2834188378,121.496260527,0.0001,13.3118190933
1521794020,31.28344556,121.49639682,49247354,31.2834188378,121.496260527,0.0001,13.3118190933
1521794021,31.28344556,121.49639682,49247354,31.2834188378,121.496260527,0.0001,13.3118190933
1521794023,31.28344556,121.49639682,49247354,31.2834188378,121.496260527,0.0001,13.3118190933
1521794024,31.28344556,121.49639682,49247354,31.2834188378,121.496260527,0.0001,13.3118190933
1521794025,31.28344556,121.49639682,49247354,31.2834188378,121.496260527,0.0001,13.3118190933
1521794026,31.28344556,121.49639682,49247354,31.2834188378,121.496260527,0.0001,13.3118190933
1521794027,31.28344556,121.49639682,49247354,31.2834188378,121.496260527,0.0001,13.3118190933
1521794028,31.28344556,121.49639682,49247354,31.2834188378,121.496260527,0.0001,13.3118190933
1521794029,31.28344556,121.49639682,49247354,31.2834188378,121.496260527,0.0001,13.3118190933
1521794030,31.28344556,121.49639682,49247354,31.2834188378,121.496260527,0.0001,13.3118190933
1521794031,31.28344556,121.49639682,49247354,31.2834188378,121.496260527,0.0001,13.3118190933
1521794032,31.28344556,121.49639682,49247354,31.2834188378,121.496260527,0.0001,13.3118190933
1521794033,31.28344556,121.49639682,49247354,31.2834188378,121.496260527,0.0001,13.3118190933
1521794034,31.28344556,121.49639682,49247354,31.2834188378,121.496260527,0.0001,13.3118190933
1521794036,31.28344556,121.49639682,49247354,31.2834188378,121.496260527,0.0001,13.3118190933
1521794037,31.28344556,121.49639682,49247354,31.2834188378,121.496260527,0.0001,13.3118190933
1521794038,31.28344556,121.49639682,49247354,31.2834188378,121.496260527,0.0001,13.3118190933
1521794039,31.28344556,121.49639682,49247354,31.2834188378,121.496260527,0.0001,13.3118190933
1521794040,31.28344556,121.49639682,49247354,31.2834188378,121.496260527,0.0001,13.3118190933
1521794041,31.28344556,121.49639682,49247354,31.2834188378,121.496260527,0.0001,13.3118190933
1521794042,31.28344556,121.49639682,49247354,31.2834188378,121.496260527,0.0001,13.3118190933
1521794043,31.28344556,121.49639682,49247354,31.2834188378,121.496260527,0.0001,13.3118190933
1521794044,31.28344556,121.49639682,49247354,31.2834188378,121.496260527,0.0001,13.3118190933
1521794045,31.28344556,121.49639682,49247354,31.2834188378,121.496260527,0.0001,13.3118190933
1521794046,31.28344556,121.49639682,49247354,31.2834188378,121.496260527,0.0001,13.3118190933
1521794048,31.28344556,121.49639682,49247354,31.2834188378,121.496260527,0.0001,13.3118190933
1521794049,31.28344556,121.49639682,49247354,31.2834188378,121.496260527,0.0001,13.3118190933
1521794050,31.28344556,121.49639682,49247354,31.2834188378,121.496260527,0.0001,13.3118190933
1521794051,31.28344556,121.49639682,49247354,31.2834188378,121.496260527,0.0001,13.3118190933
1521794052,31.28344556,121.49639682,49247354,31.2834188378,121.496260527,0.0001,13.3118190933
1521794053,31.28344556,121.49639682,49247354,31.2834188378,121.496260527,0.0001,13.3118190933
1521794054,31.28344556,121.49639682,49247354,31.2834188378,121.496260527,0.0001,13.3118190933
1521794055,31.28344556,121.49639682,49247354,31.2834188378,121.496260527,0.0001,13.3118190933
1521794056,31.28344556,121.49639682,49247354,31.2834188378,121.496260527,0.0001,13.3118190933
1521794057,31.28344556,121.49639682,49247354,31.2834188378,121.496260527,0.0001,13.3118190933
1521794058,31.28344556,121.49639682,49247354,31.2834188378,121.496260527,0.0001,13.3118190933
1521794059,31.28344556,121.49639682,49247354,31.2834188378,121.496260527,0.0001,13.3118190933
1521794061,31.28344556,121.49639682,49247354,31.2834188378,121.496260527,0.0001,13.3118190933
1521794062,31.28344556,121.49639682,49247354,31.2834188378,121.496260527,0.0001,13.3118190933
1521794063,31.28344556,121.49639682,49247354,31.2834188378,121.496260527,0.0001,13.3118190933
1521794064,31.28344556,121.49639682,49247354,31.2834188378,121.496260527,0.0001,13.3118190933
1521794065,31.28344556,121.49639682,49247354,31.2834188378,121.496260527,0.0001,13.3118190933
1521794066,31.28344556,121.49639682,49247354,31.2834188378,121.496260527,0.0001,13.3118190933
1521794067,31.28344556,121.49639682,49247354,31.2834188378,121.496260527,0.0001,13.3118190933
1521794068,31.28344556,121.49639682,49247354,31.2834188378,121.496260527,0.0001,13.3118190933
1521794069,31.28344556,121.49639682,49247354,31.2834188378,121.496260527,0.0001,13.3118190933
1521794070,31.28344556,121.49639682,49247354,31.2834188378,121.496260527,0.0001,13.3118190933
1521794071,31.28344556,121.49639682,49247354,31.2834188378,121.496260527,0.0001,13.3118190933
1521794072,31.28344556,121.49639682,49247354,31.2834188378,121.496260527,0.0001,13.3118190933
1521794074,31.28344556,121.49639682,49247354,31.2834188378,121.496260527,0.0001,13.3118190933
1521794075,31.28344556,121.49639682,49247354,31.2834188378,121.496260527,0.0001,13.3118190933
1521794076,31.28344556,121.49639682,49247354,31.2834188378,121.496260527,0.0001,13.3118190933
1521794077,31.28344556,121.49639682,49247354,31.2834188378,121.496260527,0.0001,13.3118190933
1521794078,31.28344556,121.49639682,49247354,31.2834188378,121.496260527,0.0001,13.3118190933
1521794079,31.28344556,121.49639682,49247354,31.2834188378,121.496260527,0.0001,13.3118190933
1521794080,31.28344556,121.49639682,49247354,31.2834188378,121.496260527,0.0001,13.3118190933
1521794081,31.28344556,121.49639682,49247354,31.2834188378,121.496260527,0.0001,13.3118190933
1521794082,31.28344556,121.49639682,49247354,31.2834188378,121.496260527,0.0001,13.3118190933
1521794083,31.28344556,121.49639682,49247354,31.2834188378,121.496260527,0.0001,13.3118190933
1521794084,31.28344556,121.49639682,49247354,31.2834188378,121.496260527,0.0001,13.3118190933
1521794086,31.28344556,121.49639682,49247354,31.2834188378,121.496260527,0.0001,13.3118190933
1521794087,31.28344556,121.49639682,49247354,31.2834188378,121.496260527,0.0001,13.3118190933
1521794088,31.28344556,121.49639682,49247354,31.2834188378,121.496260527,0.0001,13.3118190933
1521794089,31.28344556,121.49639682,49247354,31.2834188378,121.496260527,0.0001,13.3118190933
1521794090,31.28344556,121.49639682,49247354,31.2834188378,121.496260527,0.0001,13.3118190933
1521794091,31.28344556,121.49639682,49247354,31.2834188378,121.496260527,0.0001,13.3118190933
1521794092,31.28344556,121.49639682,49247354,31.2834188378,121.496260527,0.0001,13.3118190933
1521794093,31.28344556,121.49639682,49247354,31.2834188378,121.496260527,0.0001,13.3118190933
1521794094,31.28344556,121.49639682,49247354,31.2834188378,121.496260527,0.0001,13.3118190933
1521794095,31.28344556,121.49639682,49247354,31.2834188378,121.496260527,0.0001,13.3118190933
1521794096,31.28344556,121.49639682,49247354,31.2834188378,121.496260527,0.0001,13.3118190933
1521794097,31.28344556,121.49639682,49247354,31.2834188378,121.496260527,0.0001,13.3118190933
1521794099,31.28344556,121.49639682,49247354,31.2834188378,121.496260527,0.0001,13.3118190933
1521794100,31.28344556,121.49639682,49247354,31.2834188378,121.496260527,0.0001,13.3118190933
1521794101,31.28344556,121.49639682,49247354,31.2834188378,121.496260527,0.0001,13.3118190933
1521794102,31.28344556,121.49639682,49247354,31.2834188378,121.496260527,0.0001,13.3118190933
1521794103,31.28344556,121.49639682,49247354,31.2834188378,121.496260527,0.0001,13.3118190933
1521794104,31.28344556,121.49639682,49247354,31.2834188378,121.496260527,0.0001,13.3118190933
Time_cost 0.227118015289
