IMEI:862305032225518
IMSI:460011640368461
OSVersion:3.10.73-perf-g94fc9a6
apiLevel:5.1.1
model:Redmi Note 3
device:kenzo
product:kenzo
30
1508853732473,121.21222138,31.28931972,-6.0,11.0,0.23086792,-112,true,-1,-1,5,14.0,4000.0,-6.66961669921875,-27.48565673828125,-2.19879150390625,2.8777964115142822,-0.47247734665870667,-0.16851085424423218,460,1,6271,11138581,0,-1,0.0,0.0,0,0,0,,3,460,1,6271,11138581,0,497,0.0,0.0,70,4,-70,LTE,2147483647,2147483647,2147483647,2147483647,0,60,0.0,0.0,53,4,-87,LTE,2147483647,2147483647,2147483647,2147483647,0,61,0.0,0.0,40,3,-100,LTE
1508853762544,121.20920068,31.28402112,5.0,33.0,1.7477129,-109,true,-1,-1,5,13.0,4000.0,-35.93902587890625,-17.58575439453125,56.30035400390625,2.9906327724456787,1.274487018585205,-2.417407512664795,460,1,6271,13073675,0,-1,0.0,0.0,0,0,0,,1,460,1,6271,13073675,0,60,0.0,0.0,76,4,-64,LTE
1508853792637,121.20920834,31.2840057,26.0,11.0,1.245793,-109,true,-1,-1,5,13.0,4000.0,-27.2796630859375,-1.08642578125,22.100830078125,3.0846822261810303,0.9395141005516052,-2.2047014236450195,460,1,6271,13073675,0,-1,0.0,0.0,0,0,0,,3,460,1,6271,13073675,0,60,0.0,0.0,72,4,-68,LTE,2147483647,2147483647,2147483647,2147483647,0,414,0.0,0.0,39,3,-101,LTE,2147483647,2147483647,2147483647,2147483647,0,170,0.0,0.0,52,4,-88,LTE
1508853822697,121.20906907,31.28415985,37.0,21.0,1.3609188,-109,true,-1,-1,5,13.0,4000.0,-39.22882080078125,-10.38665771484375,42.20123291015625,-2.0846471786499023,1.3920555114746094,2.812206506729126,460,1,6271,13073675,0,-1,0.0,0.0,0,0,0,,4,460,1,6271,13073675,0,60,0.0,0.0,64,4,-76,LTE,2147483647,2147483647,2147483647,2147483647,0,414,0.0,0.0,40,3,-100,LTE,2147483647,2147483647,2147483647,2147483647,0,208,0.0,0.0,39,3,-101,LTE,2147483647,2147483647,2147483647,2147483647,0,416,0.0,0.0,41,3,-99,LTE
1508853852777,121.20899221,31.28448632,53.0,19.0,1.4317123,-109,true,-1,-1,5,13.0,4000.0,-33.50982666015625,-9.185791015625,25.1007080078125,-2.7567834854125977,1.1509785652160645,-2.601898670196533,460,1,6271,13073675,0,-1,0.0,0.0,0,0,0,,2,460,1,6271,13073675,0,60,0.0,0.0,63,4,-77,LTE,2147483647,2147483647,2147483647,2147483647,0,414,0.0,0.0,46,4,-94,LTE
1508853882854,121.20884653,31.28482921,32.0,30.0,1.3689412,-109,true,-1,-1,5,13.0,4000.0,-15.4998779296875,3.41339111328125,22.100830078125,-2.902757406234741,1.059433937072754,-2.7244675159454346,460,1,6271,13073675,0,-1,0.0,0.0,0,0,0,,2,460,1,6271,13073675,0,60,0.0,0.0,71,4,-69,LTE,2147483647,2147483647,2147483647,2147483647,0,414,0.0,0.0,50,4,-90,LTE
1508853912931,121.20880914,31.28531829,30.0,13.0,1.4043148,-109,true,-1,-1,5,13.0,4000.0,-15.84930419921875,5.8135986328125,24.50103759765625,-3.0714542865753174,0.8270812630653381,-2.6096060276031494,460,1,6271,13073675,0,-1,0.0,0.0,0,0,0,,1,460,1,6271,13073675,0,60,0.0,0.0,72,4,-68,LTE
1508853943020,121.20912552,31.28568693,9.0,9.0,1.432236,-109,true,-1,-1,5,13.0,4000.0,-58.62884521484375,8.8134765625,14.60113525390625,-2.60802960395813,0.75850510597229,-2.142834424972534,460,1,6271,13073675,0,-1,0.0,0.0,0,0,0,,3,460,1,6271,13073675,0,60,0.0,0.0,60,4,-80,LTE,2147483647,2147483647,2147483647,2147483647,0,414,0.0,0.0,54,4,-86,LTE,2147483647,2147483647,2147483647,2147483647,0,170,0.0,0.0,50,4,-90,LTE
1508853973126,121.20947232,31.28591462,17.0,7.0,1.4908386,-109,true,-1,-1,5,13.0,4000.0,-23.11859130859375,2.813720703125,26.300048828125,3.1148717403411865,1.026291012763977,-2.3987374305725098,460,1,6271,10216213,0,-1,0.0,0.0,0,0,0,,7,460,1,6271,10216213,0,170,0.0,0.0,60,4,-80,LTE,2147483647,2147483647,2147483647,2147483647,0,60,0.0,0.0,60,4,-80,LTE,2147483647,2147483647,2147483647,2147483647,0,414,0.0,0.0,44,3,-96,LTE,2147483647,2147483647,2147483647,2147483647,0,299,0.0,0.0,40,3,-100,LTE,2147483647,2147483647,2147483647,2147483647,0,170,0.0,0.0,50,4,-90,LTE,2147483647,2147483647,2147483647,2147483647,0,0,0.0,0.0,97,4,0,LTE,2147483647,2147483647,2147483647,2147483647,0,0,0.0,0.0,97,4,0,LTE
1508854003432,121.20978343,31.28625965,12.0,11.0,1.1941943,-116,true,-1,-1,5,13.0,4000.0,-19.99969482421875,3.41339111328125,24.50103759765625,-3.1141257286071777,0.97067791223526,-2.477998971939087,460,1,6271,13073675,0,-1,0.0,0.0,0,0,0,,4,460,1,6271,13073675,0,60,0.0,0.0,53,4,-87,LTE,2147483647,2147483647,2147483647,2147483647,0,170,0.0,0.0,50,4,-90,LTE,2147483647,2147483647,2147483647,2147483647,0,169,0.0,0.0,45,4,-95,LTE,2147483647,2147483647,2147483647,2147483647,0,162,0.0,0.0,31,2,-109,LTE
1508854033518,121.21007288,31.28668886,19.0,14.0,1.2319903,-110,true,-1,-1,5,13.0,4000.0,-13.76953125,2.21405029296875,23.3001708984375,-2.5042884349823,1.1727417707443237,3.0958638191223145,460,1,6271,13073675,0,-1,0.0,0.0,0,0,0,,6,460,1,6271,13073675,0,60,0.0,0.0,55,4,-85,LTE,2147483647,2147483647,2147483647,2147483647,0,170,0.0,0.0,45,4,-95,LTE,2147483647,2147483647,2147483647,2147483647,0,13,0.0,0.0,37,3,-103,LTE,2147483647,2147483647,2147483647,2147483647,0,83,0.0,0.0,46,4,-94,LTE,2147483647,2147483647,2147483647,2147483647,0,502,0.0,0.0,52,4,-88,LTE,2147483647,2147483647,2147483647,2147483647,0,14,0.0,0.0,34,2,-106,LTE
1508854063587,121.21024341,31.28703507,23.0,22.0,1.525549,-109,true,-1,-1,5,13.0,4000.0,-18.26934814453125,3.11431884765625,23.3001708984375,-2.919769287109375,1.0796986818313599,-2.6619765758514404,460,1,6271,10215967,0,-1,0.0,0.0,0,0,0,,5,460,1,6271,10215967,0,13,0.0,0.0,56,4,-84,LTE,2147483647,2147483647,2147483647,2147483647,0,369,0.0,0.0,45,4,-95,LTE,2147483647,2147483647,2147483647,2147483647,0,14,0.0,0.0,45,4,-95,LTE,2147483647,2147483647,2147483647,2147483647,0,170,0.0,0.0,47,4,-93,LTE,2147483647,2147483647,2147483647,2147483647,0,414,0.0,0.0,42,3,-98,LTE
1508854093667,121.21023143,31.28749083,38.0,23.0,0.5536244,-112,true,-1,-1,5,13.0,4000.0,-27.2796630859375,-5.58624267578125,25.1007080078125,-2.7089920043945313,1.1045335531234741,-2.7347612380981445,460,1,6271,13073675,0,-1,0.0,0.0,0,0,0,,5,460,1,6271,13073675,0,60,0.0,0.0,50,4,-90,LTE,2147483647,2147483647,2147483647,2147483647,0,83,0.0,0.0,50,4,-90,LTE,2147483647,2147483647,2147483647,2147483647,0,13,0.0,0.0,44,3,-96,LTE,2147483647,2147483647,2147483647,2147483647,0,81,0.0,0.0,35,3,-105,LTE,2147483647,2147483647,2147483647,2147483647,0,414,0.0,0.0,50,4,-90,LTE
1508854123753,121.21057729,31.28781404,67.0,34.0,0.6972087,-109,true,-1,-1,5,13.0,4000.0,-19.3084716796875,1.6143798828125,29.2999267578125,-3.075317621231079,1.061242699623108,-2.615309476852417,460,1,6271,8889109,0,-1,0.0,0.0,0,0,0,,5,460,1,6271,8889109,0,83,0.0,0.0,63,4,-77,LTE,2147483647,2147483647,2147483647,2147483647,0,13,0.0,0.0,51,4,-89,LTE,2147483647,2147483647,2147483647,2147483647,0,414,0.0,0.0,52,4,-88,LTE,2147483647,2147483647,2147483647,2147483647,0,98,0.0,0.0,48,4,-92,LTE,2147483647,2147483647,2147483647,2147483647,0,96,0.0,0.0,42,3,-98,LTE
1508854153823,121.21078765,31.28794246,-9.0,23.0,0.8287339,-109,true,-1,-1,5,13.0,4000.0,-12.0391845703125,3.7139892578125,15.4998779296875,-2.370436668395996,0.955622136592865,-3.0688819885253906,460,1,6271,8889109,0,-1,0.0,0.0,0,0,0,,7,460,1,6271,8889109,0,83,0.0,0.0,63,4,-77,LTE,2147483647,2147483647,2147483647,2147483647,0,81,0.0,0.0,54,4,-86,LTE,2147483647,2147483647,2147483647,2147483647,0,60,0.0,0.0,43,3,-97,LTE,2147483647,2147483647,2147483647,2147483647,0,13,0.0,0.0,42,3,-98,LTE,2147483647,2147483647,2147483647,2147483647,0,414,0.0,0.0,43,3,-97,LTE,2147483647,2147483647,2147483647,2147483647,0,98,0.0,0.0,51,4,-89,LTE,2147483647,2147483647,2147483647,2147483647,0,96,0.0,0.0,43,3,-97,LTE
1508854183898,121.21093233,31.28778683,18.0,23.0,1.320038,-109,true,-1,-1,5,13.0,4000.0,-12.20855712890625,4.6142578125,23.0010986328125,-2.5147793292999268,0.7798013091087341,-3.0432348251342773,460,1,6271,8889109,0,-1,0.0,0.0,0,0,0,,5,460,1,6271,8889109,0,83,0.0,0.0,63,4,-77,LTE,2147483647,2147483647,2147483647,2147483647,0,13,0.0,0.0,53,4,-87,LTE,2147483647,2147483647,2147483647,2147483647,0,81,0.0,0.0,53,4,-87,LTE,2147483647,2147483647,2147483647,2147483647,0,98,0.0,0.0,50,4,-90,LTE,2147483647,2147483647,2147483647,2147483647,0,96,0.0,0.0,37,3,-103,LTE
1508854213994,121.21141328,31.28857215,10.0,10.0,1.1403947,-109,true,-1,-1,5,13.0,4000.0,-12.7288818359375,4.913330078125,22.100830078125,-2.4402339458465576,0.7727450132369995,-3.051280975341797,460,1,6271,8889109,0,-1,0.0,0.0,0,0,0,,3,460,1,6271,8889109,0,83,0.0,0.0,62,4,-78,LTE,2147483647,2147483647,2147483647,2147483647,0,98,0.0,0.0,56,4,-84,LTE,2147483647,2147483647,2147483647,2147483647,0,96,0.0,0.0,44,3,-96,LTE
1508854244055,121.2116329,31.28868895,-4.0,14.0,1.7465681,-109,true,-1,-1,5,13.0,4000.0,24.1607666015625,-3.18603515625,39.801025390625,2.314068078994751,1.0614041090011597,-2.9011459350585938,460,1,6271,8889109,0,-1,0.0,0.0,0,0,0,,4,460,1,6271,8889109,0,83,0.0,0.0,65,4,-75,LTE,2147483647,2147483647,2147483647,2147483647,0,414,0.0,0.0,56,4,-84,LTE,2147483647,2147483647,2147483647,2147483647,0,13,0.0,0.0,62,4,-78,LTE,2147483647,2147483647,2147483647,2147483647,0,98,0.0,0.0,59,4,-81,LTE
1508854274050,121.21187358,31.28897235,23.0,20.0,0.9075792,-117,true,-1,-1,5,13.0,4000.0,-9.60845947265625,-41.28570556640625,71.30126953125,2.8594253063201904,1.0278518199920654,-2.6808292865753174,460,1,6271,8889109,0,-1,0.0,0.0,0,0,0,,6,460,1,6271,8889109,0,83,0.0,0.0,36,3,-104,LTE,2147483647,2147483647,2147483647,2147483647,0,486,0.0,0.0,31,2,-109,LTE,2147483647,2147483647,2147483647,2147483647,0,81,0.0,0.0,17,1,-123,LTE,2147483647,2147483647,2147483647,2147483647,0,416,0.0,0.0,18,1,-122,LTE,2147483647,2147483647,2147483647,2147483647,0,98,0.0,0.0,46,4,-94,LTE,2147483647,2147483647,2147483647,2147483647,0,96,0.0,0.0,38,3,-102,LTE
1508854304225,121.21187358,31.28897235,23.0,20.0,0.9075792,-126,true,-1,-1,3,13.0,4000.0,-30.5694580078125,-27.48565673828125,65.6005859375,2.1444056034088135,0.44974857568740845,-1.6585164070129395,460,1,6271,8889109,0,-1,0.0,0.0,0,0,0,,6,460,1,6271,8889109,0,83,0.0,0.0,29,2,-111,LTE,2147483647,2147483647,2147483647,2147483647,0,486,0.0,0.0,30,2,-110,LTE,2147483647,2147483647,2147483647,2147483647,0,81,0.0,0.0,16,1,-124,LTE,2147483647,2147483647,2147483647,2147483647,0,98,0.0,0.0,20,1,-120,LTE,2147483647,2147483647,2147483647,2147483647,0,486,0.0,0.0,21,1,-119,LTE,2147483647,2147483647,2147483647,2147483647,0,83,0.0,0.0,28,2,-112,LTE
1508854334295,121.21187358,31.28897235,23.0,20.0,0.9075792,-125,true,-1,-1,3,13.0,4000.0,22.430419921875,-22.0855712890625,56.6009521484375,2.261406898498535,1.1632931232452393,-2.5643017292022705,460,1,6271,10781195,0,-1,0.0,0.0,0,0,0,,3,460,1,6271,10781195,0,486,0.0,0.0,33,2,-107,LTE,2147483647,2147483647,2147483647,2147483647,0,83,0.0,0.0,22,1,-118,LTE,2147483647,2147483647,2147483647,2147483647,0,81,0.0,0.0,12,1,-128,LTE
1508854364369,121.21187358,31.28897235,23.0,20.0,0.9075792,-122,true,-1,-1,4,13.0,4000.0,12.90130615234375,-7.086181640625,50.9002685546875,1.7054144144058228,0.9113271832466125,-1.885452389717102,460,1,6271,8889109,0,-1,0.0,0.0,0,0,0,,3,460,1,6271,8889109,0,83,0.0,0.0,39,3,-101,LTE,2147483647,2147483647,2147483647,2147483647,0,486,0.0,0.0,32,2,-108,LTE,2147483647,2147483647,2147483647,2147483647,0,98,0.0,0.0,17,1,-123,LTE
1508854394456,121.21187358,31.28897235,23.0,20.0,0.9075792,-123,true,-1,-1,4,13.0,4000.0,11.6912841796875,-26.58538818359375,71.00067138671875,2.280482292175293,1.1006678342819214,-2.3652076721191406,460,1,6271,8889109,0,-1,0.0,0.0,0,0,0,,3,460,1,6271,8889109,0,83,0.0,0.0,32,2,-108,LTE,2147483647,2147483647,2147483647,2147483647,0,486,0.0,0.0,27,2,-113,LTE,2147483647,2147483647,2147483647,2147483647,0,81,0.0,0.0,18,1,-122,LTE
1508854424524,121.21191731,31.28890638,-8.0,38.0,0.0,-114,true,-1,-1,5,13.0,4000.0,-3.37982177734375,-7.086181640625,25.70037841796875,2.6367785930633545,1.113871693611145,-2.490743398666382,460,1,6271,8889109,0,-1,0.0,0.0,0,0,0,,7,460,1,6271,8889109,0,83,0.0,0.0,56,4,-84,LTE,2147483647,2147483647,2147483647,2147483647,0,486,0.0,0.0,39,3,-101,LTE,2147483647,2147483647,2147483647,2147483647,0,414,0.0,0.0,34,2,-106,LTE,2147483647,2147483647,2147483647,2147483647,0,14,0.0,0.0,44,3,-96,LTE,2147483647,2147483647,2147483647,2147483647,0,13,0.0,0.0,49,4,-91,LTE,2147483647,2147483647,2147483647,2147483647,0,98,0.0,0.0,47,4,-93,LTE,2147483647,2147483647,2147483647,2147483647,0,96,0.0,0.0,33,2,-107,LTE
1508854454603,121.21191567,31.28891662,-5.0,21.0,0.0,-109,true,-1,-1,5,13.0,4000.0,-28.31878662109375,-4.986572265625,13.70086669921875,-2.7093021869659424,1.267044186592102,-2.456165313720703,460,1,6271,8889109,0,-1,0.0,0.0,0,0,0,,4,460,1,6271,8889109,0,83,0.0,0.0,77,4,-63,LTE,2147483647,2147483647,2147483647,2147483647,0,414,0.0,0.0,51,4,-89,LTE,2147483647,2147483647,2147483647,2147483647,0,98,0.0,0.0,47,4,-93,LTE,2147483647,2147483647,2147483647,2147483647,0,96,0.0,0.0,33,2,-107,LTE
1508854484687,121.21195108,31.28900077,9.0,23.0,0.0,-109,true,-1,-1,5,13.0,4000.0,-31.08978271484375,-4.986572265625,17.90008544921875,-2.956582546234131,1.002463936805725,-2.263469696044922,460,1,6271,8889109,0,-1,0.0,0.0,0,0,0,,2,460,1,6271,8889109,0,83,0.0,0.0,71,4,-69,LTE,2147483647,2147483647,2147483647,2147483647,0,98,0.0,0.0,60,4,-80,LTE
1508854514761,121.21195197,31.28937447,15.0,16.0,1.1827087,-109,true,-1,-1,5,13.0,4000.0,-20.69854736328125,1.31378173828125,20.30029296875,-2.249925136566162,1.2340245246887207,3.085507869720459,460,1,6271,8889109,0,-1,0.0,0.0,0,0,0,,7,460,1,6271,8889109,0,83,0.0,0.0,74,4,-66,LTE,2147483647,2147483647,2147483647,2147483647,0,13,0.0,0.0,53,4,-87,LTE,2147483647,2147483647,2147483647,2147483647,0,14,0.0,0.0,51,4,-89,LTE,2147483647,2147483647,2147483647,2147483647,0,416,0.0,0.0,37,3,-103,LTE,2147483647,2147483647,2147483647,2147483647,0,60,0.0,0.0,45,4,-95,LTE,2147483647,2147483647,2147483647,2147483647,0,98,0.0,0.0,63,4,-77,LTE,2147483647,2147483647,2147483647,2147483647,0,96,0.0,0.0,39,3,-101,LTE
1508854544833,121.21212237,31.28954215,28.0,14.0,1.3640014,-109,true,-1,-1,5,13.0,4000.0,-12.37945556640625,1.6143798828125,12.5,-2.984715223312378,0.9602596759796143,-2.4816694259643555,460,1,6271,8889109,0,-1,0.0,0.0,0,0,0,,6,460,1,6271,8889109,0,83,0.0,0.0,74,4,-66,LTE,2147483647,2147483647,2147483647,2147483647,0,62,0.0,0.0,61,4,-79,LTE,2147483647,2147483647,2147483647,2147483647,0,13,0.0,0.0,60,4,-80,LTE,2147483647,2147483647,2147483647,2147483647,0,81,0.0,0.0,60,4,-80,LTE,2147483647,2147483647,2147483647,2147483647,0,14,0.0,0.0,53,4,-87,LTE,2147483647,2147483647,2147483647,2147483647,0,98,0.0,0.0,61,4,-79,LTE
1508854574920,121.21205234,31.28979087,76.0,21.0,1.3138112,-109,true,-1,-1,5,13.0,4000.0,-23.11859130859375,-3.78570556640625,14.90020751953125,-2.0306761264801025,1.0754423141479492,3.016982316970825,460,1,6271,8889110,0,-1,0.0,0.0,0,0,0,,2,460,1,6271,8889110,0,83,0.0,0.0,68,4,-72,LTE,2147483647,2147483647,2147483647,2147483647,0,83,0.0,0.0,71,4,-69,LTE
1508854604996,121.21282759,31.29037974,-5.0,11.0,1.4029255,-117,true,-1,-1,5,13.0,4000.0,-29.8797607421875,-22.98583984375,8.00018310546875,-2.176170587539673,1.2316323518753052,-2.9830737113952637,460,1,6271,8889110,0,-1,0.0,0.0,0,0,0,,3,460,1,6271,8889110,0,83,0.0,0.0,43,3,-97,LTE,2147483647,2147483647,2147483647,2147483647,0,487,0.0,0.0,36,3,-104,LTE,2147483647,2147483647,2147483647,2147483647,0,83,0.0,0.0,72,4,-68,LTE
