IMEI:862305032225518
IMSI:460011640368461
OSVersion:3.10.73-perf-g94fc9a6
apiLevel:5.1.1
model:Redmi Note 3
device:kenzo
product:kenzo
126
1511168568436,121.20903622,31.28401379,29.0,28.0,0.9261209,-109,true,-1,-1,5,99.0,4000.0,-11.6302490234375,-28.11737060546875,-12.7777099609375,2.7340011596679688,0.12661173939704895,0.08583122491836548,460,1,6271,13073675,0,-1,0.0,0.0,0,0,0,,4,460,1,6271,13073675,0,60,0.0,0.0,69,4,-71,LTE,2147483647,2147483647,2147483647,2147483647,0,414,0.0,0.0,58,4,-82,LTE,2147483647,2147483647,2147483647,2147483647,0,417,0.0,0.0,40,3,-100,LTE,2147483647,2147483647,2147483647,2147483647,0,13,0.0,0.0,43,3,-97,LTE
1511168571511,121.20903622,31.28401379,29.0,28.0,0.9261209,-109,true,-1,-1,5,99.0,4000.0,-5.7403564453125,-6.2164306640625,22.021484375,1.8724486827850342,0.5072303414344788,-1.4587550163269043,460,1,6271,13073675,0,-1,0.0,0.0,0,0,0,,5,460,1,6271,13073675,0,60,0.0,0.0,79,4,-61,LTE,2147483647,2147483647,2147483647,2147483647,0,414,0.0,0.0,52,4,-88,LTE,2147483647,2147483647,2147483647,2147483647,0,417,0.0,0.0,49,4,-91,LTE,2147483647,2147483647,2147483647,2147483647,0,13,0.0,0.0,51,4,-89,LTE,2147483647,2147483647,2147483647,2147483647,0,416,0.0,0.0,61,4,-79,LTE
1511168574667,121.20903622,31.28401379,29.0,28.0,0.9261209,-109,true,-1,-1,5,99.0,4000.0,57.12890625,-19.41680908203125,22.9217529296875,2.2207682132720947,1.035481333732605,2.9400079250335693,460,1,6271,13073675,0,-1,0.0,0.0,0,0,0,,5,460,1,6271,13073675,0,60,0.0,0.0,73,4,-67,LTE,2147483647,2147483647,2147483647,2147483647,0,414,0.0,0.0,52,4,-88,LTE,2147483647,2147483647,2147483647,2147483647,0,13,0.0,0.0,47,4,-93,LTE,2147483647,2147483647,2147483647,2147483647,0,417,0.0,0.0,46,4,-94,LTE,2147483647,2147483647,2147483647,2147483647,0,208,0.0,0.0,46,4,-94,LTE
1511168577636,121.20901393,31.28515285,4.0,39.0,1.4135417,-109,true,-1,-1,5,99.0,4000.0,56.08978271484375,-17.9168701171875,22.9217529296875,2.195683240890503,1.1359933614730835,2.965359926223755,460,1,6271,13073675,0,-1,0.0,0.0,0,0,0,,4,460,1,6271,13073675,0,60,0.0,0.0,59,4,-81,LTE,2147483647,2147483647,2147483647,2147483647,0,414,0.0,0.0,54,4,-86,LTE,2147483647,2147483647,2147483647,2147483647,0,13,0.0,0.0,39,3,-101,LTE,2147483647,2147483647,2147483647,2147483647,0,417,0.0,0.0,45,4,-95,LTE
1511168580858,121.20910348,31.28546181,11.0,15.0,1.1955333,-111,true,-1,-1,5,99.0,4000.0,56.7901611328125,-18.817138671875,25.32196044921875,-2.444467782974243,1.2585928440093994,1.2564624547958374,460,1,6271,13073675,0,-1,0.0,0.0,0,0,0,,6,460,1,6271,13073675,0,60,0.0,0.0,69,4,-71,LTE,2147483647,2147483647,2147483647,2147483647,0,414,0.0,0.0,54,4,-86,LTE,2147483647,2147483647,2147483647,2147483647,0,13,0.0,0.0,36,3,-104,LTE,2147483647,2147483647,2147483647,2147483647,0,417,0.0,0.0,38,3,-102,LTE,2147483647,2147483647,2147483647,2147483647,0,170,0.0,0.0,33,2,-107,LTE,2147483647,2147483647,2147483647,2147483647,0,297,0.0,0.0,35,3,-105,LTE
1511168583808,121.20920313,31.28565582,-21.0,6.0,2.119835,-109,true,-1,-1,5,99.0,4000.0,63.89007568359375,-25.41656494140625,13.62152099609375,1.981959581375122,1.3661222457885742,3.006549835205078,460,1,6271,13073675,0,-1,0.0,0.0,0,0,0,,5,460,1,6271,13073675,0,60,0.0,0.0,66,4,-74,LTE,2147483647,2147483647,2147483647,2147483647,0,414,0.0,0.0,51,4,-89,LTE,2147483647,2147483647,2147483647,2147483647,0,13,0.0,0.0,38,3,-102,LTE,2147483647,2147483647,2147483647,2147483647,0,417,0.0,0.0,36,3,-104,LTE,2147483647,2147483647,2147483647,2147483647,0,170,0.0,0.0,39,3,-101,LTE
1511168586784,121.20916634,31.28563174,20.0,11.0,1.9192706,-109,true,-1,-1,5,99.0,4000.0,61.97967529296875,-25.11749267578125,3.72161865234375,2.1511600017547607,1.2908848524093628,2.6990654468536377,460,1,6271,13073675,0,-1,0.0,0.0,0,0,0,,5,460,1,6271,13073675,0,60,0.0,0.0,62,4,-78,LTE,2147483647,2147483647,2147483647,2147483647,0,414,0.0,0.0,57,4,-83,LTE,2147483647,2147483647,2147483647,2147483647,0,13,0.0,0.0,51,4,-89,LTE,2147483647,2147483647,2147483647,2147483647,0,417,0.0,0.0,51,4,-89,LTE,2147483647,2147483647,2147483647,2147483647,0,170,0.0,0.0,49,4,-91,LTE
1511168589985,121.20914593,31.28556532,30.0,9.0,2.8034441,-110,true,-1,-1,5,99.0,4000.0,61.80877685546875,-22.41668701171875,10.02197265625,2.845716953277588,1.3465790748596191,2.043682098388672,460,1,6271,13073675,0,-1,0.0,0.0,0,0,0,,6,460,1,6271,13073675,0,60,0.0,0.0,73,4,-67,LTE,2147483647,2147483647,2147483647,2147483647,0,414,0.0,0.0,40,3,-100,LTE,2147483647,2147483647,2147483647,2147483647,0,170,0.0,0.0,31,2,-109,LTE,2147483647,2147483647,2147483647,2147483647,0,417,0.0,0.0,36,3,-104,LTE,2147483647,2147483647,2147483647,2147483647,0,416,0.0,0.0,40,3,-100,LTE,2147483647,2147483647,2147483647,2147483647,0,208,0.0,0.0,51,4,-89,LTE
1511168592934,121.20914593,31.28556532,30.0,9.0,2.8034441,-109,true,-1,-1,5,99.0,4000.0,61.639404296875,-21.8170166015625,18.7225341796875,-2.98494029045105,1.1658602952957153,1.7006611824035645,460,1,6271,13073675,0,-1,0.0,0.0,0,0,0,,5,460,1,6271,13073675,0,60,0.0,0.0,77,4,-63,LTE,2147483647,2147483647,2147483647,2147483647,0,414,0.0,0.0,56,4,-84,LTE,2147483647,2147483647,2147483647,2147483647,0,13,0.0,0.0,41,3,-99,LTE,2147483647,2147483647,2147483647,2147483647,0,417,0.0,0.0,52,4,-88,LTE,2147483647,2147483647,2147483647,2147483647,0,208,0.0,0.0,42,3,-98,LTE
1511168596165,121.2092097,31.28572642,8.0,5.0,1.500833,-109,true,-1,-1,5,99.0,4000.0,60.5987548828125,-21.8170166015625,17.52166748046875,3.102797746658325,1.1131980419158936,1.8929964303970337,460,1,6271,13073675,0,-1,0.0,0.0,0,0,0,,7,460,1,6271,13073675,0,60,0.0,0.0,67,4,-73,LTE,2147483647,2147483647,2147483647,2147483647,0,414,0.0,0.0,47,4,-93,LTE,2147483647,2147483647,2147483647,2147483647,0,416,0.0,0.0,43,3,-97,LTE,2147483647,2147483647,2147483647,2147483647,0,417,0.0,0.0,42,3,-98,LTE,2147483647,2147483647,2147483647,2147483647,0,170,0.0,0.0,40,3,-100,LTE,2147483647,2147483647,2147483647,2147483647,0,419,0.0,0.0,43,3,-97,LTE,2147483647,2147483647,2147483647,2147483647,0,299,0.0,0.0,41,3,-99,LTE
1511168599115,121.20931137,31.28577643,17.0,8.0,1.6228987,-109,true,-1,-1,5,99.0,4000.0,59.89990234375,-22.11761474609375,17.52166748046875,-3.1269423961639404,1.2885502576828003,1.8398561477661133,460,1,6271,13073675,0,-1,0.0,0.0,0,0,0,,7,460,1,6271,13073675,0,60,0.0,0.0,66,4,-74,LTE,2147483647,2147483647,2147483647,2147483647,0,414,0.0,0.0,40,3,-100,LTE,2147483647,2147483647,2147483647,2147483647,0,417,0.0,0.0,44,3,-96,LTE,2147483647,2147483647,2147483647,2147483647,0,13,0.0,0.0,38,3,-102,LTE,2147483647,2147483647,2147483647,2147483647,0,297,0.0,0.0,35,3,-105,LTE,2147483647,2147483647,2147483647,2147483647,0,299,0.0,0.0,39,3,-101,LTE,2147483647,2147483647,2147483647,2147483647,0,419,0.0,0.0,39,3,-101,LTE
1511168602091,121.20923984,31.28576935,-4.0,8.0,1.4054537,-109,true,-1,-1,5,99.0,4000.0,60.7696533203125,-25.7171630859375,5.82122802734375,2.3623111248016357,1.2305799722671509,2.5178940296173096,460,1,6271,13073675,0,-1,0.0,0.0,0,0,0,,8,460,1,6271,13073675,0,60,0.0,0.0,58,4,-82,LTE,2147483647,2147483647,2147483647,2147483647,0,414,0.0,0.0,49,4,-91,LTE,2147483647,2147483647,2147483647,2147483647,0,417,0.0,0.0,44,3,-96,LTE,2147483647,2147483647,2147483647,2147483647,0,13,0.0,0.0,42,3,-98,LTE,2147483647,2147483647,2147483647,2147483647,0,297,0.0,0.0,31,2,-109,LTE,2147483647,2147483647,2147483647,2147483647,0,299,0.0,0.0,31,2,-109,LTE,2147483647,2147483647,2147483647,2147483647,0,419,0.0,0.0,31,2,-109,LTE,2147483647,2147483647,2147483647,2147483647,0,170,0.0,0.0,41,3,-99,LTE
1511168605293,121.20925091,31.28569203,11.0,13.0,1.8757932,-109,true,-1,-1,5,99.0,4000.0,56.7901611328125,-28.11737060546875,1.922607421875,2.036500930786133,1.2171484231948853,2.845341920852661,460,1,6271,13073675,0,-1,0.0,0.0,0,0,0,,7,460,1,6271,13073675,0,60,0.0,0.0,69,4,-71,LTE,2147483647,2147483647,2147483647,2147483647,0,414,0.0,0.0,58,4,-82,LTE,2147483647,2147483647,2147483647,2147483647,0,417,0.0,0.0,48,4,-92,LTE,2147483647,2147483647,2147483647,2147483647,0,170,0.0,0.0,44,3,-96,LTE,2147483647,2147483647,2147483647,2147483647,0,299,0.0,0.0,40,3,-100,LTE,2147483647,2147483647,2147483647,2147483647,0,419,0.0,0.0,46,4,-94,LTE,2147483647,2147483647,2147483647,2147483647,0,297,0.0,0.0,40,3,-100,LTE
1511168608247,121.20926685,31.28580329,32.0,11.0,1.6531485,-109,true,-1,-1,5,99.0,4000.0,71.5087890625,-28.11737060546875,2.82135009765625,2.1730411052703857,1.253678798675537,2.6593546867370605,460,1,6271,13073675,0,-1,0.0,0.0,0,0,0,,6,460,1,6271,13073675,0,60,0.0,0.0,63,4,-77,LTE,2147483647,2147483647,2147483647,2147483647,0,414,0.0,0.0,56,4,-84,LTE,2147483647,2147483647,2147483647,2147483647,0,417,0.0,0.0,48,4,-92,LTE,2147483647,2147483647,2147483647,2147483647,0,419,0.0,0.0,46,4,-94,LTE,2147483647,2147483647,2147483647,2147483647,0,170,0.0,0.0,37,3,-103,LTE,2147483647,2147483647,2147483647,2147483647,0,418,0.0,0.0,38,3,-102,LTE
1511168611473,121.20926685,31.28580329,32.0,11.0,1.6531485,-109,true,-1,-1,5,99.0,4000.0,65.618896484375,-25.41656494140625,5.82122802734375,2.5099904537200928,1.2377434968948364,2.34016489982605,460,1,6271,13073675,0,-1,0.0,0.0,0,0,0,,8,460,1,6271,13073675,0,60,0.0,0.0,58,4,-82,LTE,2147483647,2147483647,2147483647,2147483647,0,414,0.0,0.0,51,4,-89,LTE,2147483647,2147483647,2147483647,2147483647,0,417,0.0,0.0,46,4,-94,LTE,2147483647,2147483647,2147483647,2147483647,0,419,0.0,0.0,45,4,-95,LTE,2147483647,2147483647,2147483647,2147483647,0,170,0.0,0.0,44,3,-96,LTE,2147483647,2147483647,2147483647,2147483647,0,299,0.0,0.0,34,2,-106,LTE,2147483647,2147483647,2147483647,2147483647,0,61,0.0,0.0,35,3,-105,LTE,2147483647,2147483647,2147483647,2147483647,0,416,0.0,0.0,36,3,-104,LTE
1511168614423,121.20933731,31.28588166,23.0,13.0,1.4217242,-109,true,-1,-1,5,99.0,4000.0,59.20867919921875,-19.7174072265625,10.32257080078125,2.5886518955230713,1.3512884378433228,2.323323965072632,460,1,6271,13073675,0,-1,0.0,0.0,0,0,0,,5,460,1,6271,13073675,0,60,0.0,0.0,52,4,-88,LTE,2147483647,2147483647,2147483647,2147483647,0,414,0.0,0.0,48,4,-92,LTE,2147483647,2147483647,2147483647,2147483647,0,417,0.0,0.0,47,4,-93,LTE,2147483647,2147483647,2147483647,2147483647,0,419,0.0,0.0,43,3,-97,LTE,2147483647,2147483647,2147483647,2147483647,0,170,0.0,0.0,50,4,-90,LTE
1511168617652,121.20933731,31.28588166,23.0,13.0,1.4217242,-112,true,-1,-1,5,99.0,4000.0,58.00018310546875,-28.41644287109375,6.42242431640625,2.128901243209839,1.436071753501892,2.7455475330352783,460,1,6271,13073675,0,-1,0.0,0.0,0,0,0,,4,460,1,6271,13073675,0,60,0.0,0.0,62,4,-78,LTE,2147483647,2147483647,2147483647,2147483647,0,170,0.0,0.0,44,3,-96,LTE,2147483647,2147483647,2147483647,2147483647,0,414,0.0,0.0,55,4,-85,LTE,2147483647,2147483647,2147483647,2147483647,0,417,0.0,0.0,48,4,-92,LTE
1511168620590,121.2093135,31.28579431,29.0,15.0,1.8439089,-110,true,-1,-1,5,99.0,4000.0,60.0799560546875,-23.6175537109375,13.0218505859375,-3.0662317276000977,1.2683742046356201,1.7036669254302979,460,1,6271,13073675,0,-1,0.0,0.0,0,0,0,,4,460,1,6271,13073675,0,60,0.0,0.0,56,4,-84,LTE,2147483647,2147483647,2147483647,2147483647,0,417,0.0,0.0,45,4,-95,LTE,2147483647,2147483647,2147483647,2147483647,0,414,0.0,0.0,50,4,-90,LTE,2147483647,2147483647,2147483647,2147483647,0,170,0.0,0.0,36,3,-104,LTE
1511168623831,121.2094232,31.28590509,28.0,12.0,4.886031,-109,true,-1,-1,5,99.0,4000.0,61.28997802734375,-10.1165771484375,23.52142333984375,2.2774088382720947,1.0764530897140503,2.7976489067077637,460,1,6154,185624391,0,-1,0.0,0.0,0,0,0,,5,460,1,6154,185624391,0,417,0.0,0.0,67,4,-73,LTE,2147483647,2147483647,2147483647,2147483647,0,60,0.0,0.0,57,4,-83,LTE,2147483647,2147483647,2147483647,2147483647,0,419,0.0,0.0,58,4,-82,LTE,2147483647,2147483647,2147483647,2147483647,0,414,0.0,0.0,55,4,-85,LTE,2147483647,2147483647,2147483647,2147483647,0,416,0.0,0.0,41,3,-99,LTE
1511168626771,121.20951753,31.28602075,3.0,9.0,0.9677293,-109,true,-1,-1,5,99.0,4000.0,75.6591796875,8.782958984375,17.822265625,3.0238161087036133,1.3633493185043335,1.914677381515503,460,1,6154,185624391,0,-1,0.0,0.0,0,0,0,,7,460,1,6154,185624391,0,417,0.0,0.0,58,4,-82,LTE,2147483647,2147483647,2147483647,2147483647,0,60,0.0,0.0,54,4,-86,LTE,2147483647,2147483647,2147483647,2147483647,0,419,0.0,0.0,48,4,-92,LTE,2147483647,2147483647,2147483647,2147483647,0,414,0.0,0.0,50,4,-90,LTE,2147483647,2147483647,2147483647,2147483647,0,170,0.0,0.0,45,4,-95,LTE,2147483647,2147483647,2147483647,2147483647,0,297,0.0,0.0,41,3,-99,LTE,2147483647,2147483647,2147483647,2147483647,0,50,0.0,0.0,35,3,-105,LTE
1511168629735,121.20950392,31.2861231,16.0,16.0,1.8011385,-109,true,-1,-1,5,99.0,4000.0,63.189697265625,-2.0172119140625,10.02197265625,2.4767849445343018,1.3605482578277588,2.386207103729248,460,1,6154,185624391,0,-1,0.0,0.0,0,0,0,,7,460,1,6154,185624391,0,417,0.0,0.0,56,4,-84,LTE,2147483647,2147483647,2147483647,2147483647,0,60,0.0,0.0,55,4,-85,LTE,2147483647,2147483647,2147483647,2147483647,0,170,0.0,0.0,47,4,-93,LTE,2147483647,2147483647,2147483647,2147483647,0,414,0.0,0.0,51,4,-89,LTE,2147483647,2147483647,2147483647,2147483647,0,299,0.0,0.0,43,3,-97,LTE,2147483647,2147483647,2147483647,2147483647,0,297,0.0,0.0,39,3,-101,LTE,2147483647,2147483647,2147483647,2147483647,0,419,0.0,0.0,46,4,-94,LTE
1511168632960,121.20952459,31.28604171,24.0,12.0,2.2060144,-109,true,-1,-1,5,99.0,4000.0,62.5,-14.9169921875,9.42230224609375,2.5862648487091064,1.3416128158569336,2.292431354522705,460,1,6271,13073675,0,-1,0.0,0.0,0,0,0,,8,460,1,6271,13073675,0,60,0.0,0.0,60,4,-80,LTE,2147483647,2147483647,2147483647,2147483647,0,170,0.0,0.0,36,3,-104,LTE,2147483647,2147483647,2147483647,2147483647,0,417,0.0,0.0,51,4,-89,LTE,2147483647,2147483647,2147483647,2147483647,0,414,0.0,0.0,45,4,-95,LTE,2147483647,2147483647,2147483647,2147483647,0,299,0.0,0.0,35,3,-105,LTE,2147483647,2147483647,2147483647,2147483647,0,419,0.0,0.0,41,3,-99,LTE,2147483647,2147483647,2147483647,2147483647,0,50,0.0,0.0,32,2,-108,LTE,2147483647,2147483647,2147483647,2147483647,0,297,0.0,0.0,33,2,-107,LTE
1511168635899,121.20956304,31.28616248,12.0,15.0,2.9140522,-109,true,-1,-1,5,99.0,4000.0,50.02899169921875,-17.31719970703125,24.42169189453125,2.685656785964966,1.3938674926757813,2.4988465309143066,460,1,6271,13073675,0,-1,0.0,0.0,0,0,0,,8,460,1,6271,13073675,0,60,0.0,0.0,58,4,-82,LTE,2147483647,2147483647,2147483647,2147483647,0,419,0.0,0.0,41,3,-99,LTE,2147483647,2147483647,2147483647,2147483647,0,417,0.0,0.0,55,4,-85,LTE,2147483647,2147483647,2147483647,2147483647,0,414,0.0,0.0,42,3,-98,LTE,2147483647,2147483647,2147483647,2147483647,0,299,0.0,0.0,39,3,-101,LTE,2147483647,2147483647,2147483647,2147483647,0,297,0.0,0.0,33,2,-107,LTE,2147483647,2147483647,2147483647,2147483647,0,170,0.0,0.0,53,4,-87,LTE,2147483647,2147483647,2147483647,2147483647,0,416,0.0,0.0,32,2,-108,LTE
1511168638859,121.20952332,31.28609536,15.0,9.0,1.8147175,-111,true,-1,-1,5,99.0,4000.0,51.4190673828125,-18.817138671875,18.42193603515625,2.958130359649658,1.2509539127349854,2.1089656352996826,460,1,6271,13073675,0,-1,0.0,0.0,0,0,0,,7,460,1,6271,13073675,0,60,0.0,0.0,57,4,-83,LTE,2147483647,2147483647,2147483647,2147483647,0,170,0.0,0.0,47,4,-93,LTE,2147483647,2147483647,2147483647,2147483647,0,417,0.0,0.0,54,4,-86,LTE,2147483647,2147483647,2147483647,2147483647,0,414,0.0,0.0,36,3,-104,LTE,2147483647,2147483647,2147483647,2147483647,0,169,0.0,0.0,35,3,-105,LTE,2147483647,2147483647,2147483647,2147483647,0,299,0.0,0.0,36,3,-104,LTE,2147483647,2147483647,2147483647,2147483647,0,297,0.0,0.0,44,3,-96,LTE
1511168642089,121.209552,31.28610913,28.0,10.0,1.6964964,-111,true,-1,-1,5,99.0,4000.0,50.19989013671875,-18.817138671875,15.72265625,2.474520444869995,0.960386335849762,2.5834689140319824,460,1,6271,13073675,0,-1,0.0,0.0,0,0,0,,6,460,1,6271,13073675,0,60,0.0,0.0,55,4,-85,LTE,2147483647,2147483647,2147483647,2147483647,0,170,0.0,0.0,53,4,-87,LTE,2147483647,2147483647,2147483647,2147483647,0,417,0.0,0.0,54,4,-86,LTE,2147483647,2147483647,2147483647,2147483647,0,414,0.0,0.0,34,2,-106,LTE,2147483647,2147483647,2147483647,2147483647,0,297,0.0,0.0,32,2,-108,LTE,2147483647,2147483647,2147483647,2147483647,0,419,0.0,0.0,46,4,-94,LTE
1511168645038,121.20955037,31.28614028,11.0,12.0,4.135807,-111,true,-1,-1,5,99.0,4000.0,49.33929443359375,-21.51641845703125,21.42181396484375,-3.095005750656128,1.0971537828445435,1.9304474592208862,460,1,6154,185624391,0,-1,0.0,0.0,0,0,0,,4,460,1,6154,185624391,0,417,0.0,0.0,58,4,-82,LTE,2147483647,2147483647,2147483647,2147483647,0,60,0.0,0.0,56,4,-84,LTE,2147483647,2147483647,2147483647,2147483647,0,170,0.0,0.0,58,4,-82,LTE,2147483647,2147483647,2147483647,2147483647,0,419,0.0,0.0,40,3,-100,LTE
1511168648267,121.20963746,31.28622189,13.0,12.0,1.5572412,-111,true,-1,-1,5,99.0,4000.0,43.798828125,-17.31719970703125,16.62139892578125,-2.9404821395874023,1.1760801076889038,1.7190029621124268,460,1,6271,10216213,0,-1,0.0,0.0,0,0,0,,5,460,1,6271,10216213,0,170,0.0,0.0,55,4,-85,LTE,2147483647,2147483647,2147483647,2147483647,0,417,0.0,0.0,54,4,-86,LTE,2147483647,2147483647,2147483647,2147483647,0,60,0.0,0.0,58,4,-82,LTE,2147483647,2147483647,2147483647,2147483647,0,419,0.0,0.0,47,4,-93,LTE,2147483647,2147483647,2147483647,2147483647,0,0,0.0,0.0,97,4,0,LTE
1511168651206,121.20972067,31.28623429,20.0,11.0,3.3596578,-111,true,-1,-1,5,99.0,4000.0,52.62908935546875,-26.01776123046875,2.52227783203125,2.4469733238220215,1.3487378358840942,2.371479034423828,460,1,6271,13073675,0,-1,0.0,0.0,0,0,0,,5,460,1,6271,13073675,0,60,0.0,0.0,59,4,-81,LTE,2147483647,2147483647,2147483647,2147483647,0,170,0.0,0.0,56,4,-84,LTE,2147483647,2147483647,2147483647,2147483647,0,417,0.0,0.0,55,4,-85,LTE,2147483647,2147483647,2147483647,2147483647,0,419,0.0,0.0,49,4,-91,LTE,2147483647,2147483647,2147483647,2147483647,0,414,0.0,0.0,43,3,-97,LTE
1511168654168,121.20971767,31.28643454,14.0,13.0,0.8343261,-109,true,-1,-1,5,99.0,4000.0,53.1494140625,-26.91650390625,7.0220947265625,2.0436618328094482,1.2191917896270752,2.9364657402038574,460,1,6271,13073675,0,-1,0.0,0.0,0,0,0,,5,460,1,6271,13073675,0,60,0.0,0.0,61,4,-79,LTE,2147483647,2147483647,2147483647,2147483647,0,170,0.0,0.0,51,4,-89,LTE,2147483647,2147483647,2147483647,2147483647,0,417,0.0,0.0,56,4,-84,LTE,2147483647,2147483647,2147483647,2147483647,0,414,0.0,0.0,37,3,-103,LTE,2147483647,2147483647,2147483647,2147483647,0,299,0.0,0.0,38,3,-102,LTE
1511168657395,121.20967736,31.28631723,7.0,5.0,1.786449,-111,true,-1,-1,5,99.0,4000.0,60.7696533203125,-26.91650390625,4.022216796875,2.0721874237060547,1.1881523132324219,2.827779769897461,460,1,6271,13073675,0,-1,0.0,0.0,0,0,0,,5,460,1,6271,13073675,0,60,0.0,0.0,62,4,-78,LTE,2147483647,2147483647,2147483647,2147483647,0,419,0.0,0.0,43,3,-97,LTE,2147483647,2147483647,2147483647,2147483647,0,417,0.0,0.0,49,4,-91,LTE,2147483647,2147483647,2147483647,2147483647,0,414,0.0,0.0,42,3,-98,LTE,2147483647,2147483647,2147483647,2147483647,0,170,0.0,0.0,47,4,-93,LTE
1511168660345,121.20975865,31.28653375,11.0,16.0,0.97862154,-109,true,-1,-1,5,99.0,4000.0,56.7901611328125,-19.7174072265625,9.1217041015625,2.5356616973876953,1.261878490447998,2.3737905025482178,460,1,6271,13073675,0,-1,0.0,0.0,0,0,0,,6,460,1,6271,13073675,0,60,0.0,0.0,59,4,-81,LTE,2147483647,2147483647,2147483647,2147483647,0,419,0.0,0.0,49,4,-91,LTE,2147483647,2147483647,2147483647,2147483647,0,417,0.0,0.0,56,4,-84,LTE,2147483647,2147483647,2147483647,2147483647,0,414,0.0,0.0,36,3,-104,LTE,2147483647,2147483647,2147483647,2147483647,0,170,0.0,0.0,46,4,-94,LTE,2147483647,2147483647,2147483647,2147483647,0,299,0.0,0.0,45,4,-95,LTE
1511168663573,121.20990798,31.28664886,-16.0,19.0,1.5339491,-109,true,-1,-1,5,99.0,4000.0,55.74951171875,-21.8170166015625,5.52215576171875,-2.7799980640411377,1.055864930152893,1.2825645208358765,460,1,6154,185624391,0,-1,0.0,0.0,0,0,0,,6,460,1,6154,185624391,0,417,0.0,0.0,62,4,-78,LTE,2147483647,2147483647,2147483647,2147483647,0,414,0.0,0.0,40,3,-100,LTE,2147483647,2147483647,2147483647,2147483647,0,60,0.0,0.0,53,4,-87,LTE,2147483647,2147483647,2147483647,2147483647,0,299,0.0,0.0,42,3,-98,LTE,2147483647,2147483647,2147483647,2147483647,0,170,0.0,0.0,46,4,-94,LTE,2147483647,2147483647,2147483647,2147483647,0,419,0.0,0.0,48,4,-92,LTE
1511168666514,121.20980422,31.28644432,19.0,5.0,2.8094485,-109,true,-1,-1,5,99.0,4000.0,40.15960693359375,-4.41741943359375,11.52191162109375,1.3383935689926147,1.253639817237854,-2.5843780040740967,460,1,6154,185624391,0,-1,0.0,0.0,0,0,0,,7,460,1,6154,185624391,0,417,0.0,0.0,69,4,-71,LTE,2147483647,2147483647,2147483647,2147483647,0,414,0.0,0.0,46,4,-94,LTE,2147483647,2147483647,2147483647,2147483647,0,60,0.0,0.0,52,4,-88,LTE,2147483647,2147483647,2147483647,2147483647,0,419,0.0,0.0,56,4,-84,LTE,2147483647,2147483647,2147483647,2147483647,0,170,0.0,0.0,47,4,-93,LTE,2147483647,2147483647,2147483647,2147483647,0,297,0.0,0.0,51,4,-89,LTE,2147483647,2147483647,2147483647,2147483647,0,299,0.0,0.0,51,4,-89,LTE
1511168669472,121.20980422,31.28644432,19.0,5.0,2.8094485,-109,true,-1,-1,5,99.0,4000.0,39.46990966796875,-1.71661376953125,20.52154541015625,1.6268095970153809,1.3385323286056519,-2.7105724811553955,460,1,6154,185624391,0,-1,0.0,0.0,0,0,0,,8,460,1,6154,185624391,0,417,0.0,0.0,66,4,-74,LTE,2147483647,2147483647,2147483647,2147483647,0,414,0.0,0.0,42,3,-98,LTE,2147483647,2147483647,2147483647,2147483647,0,60,0.0,0.0,50,4,-90,LTE,2147483647,2147483647,2147483647,2147483647,0,299,0.0,0.0,42,3,-98,LTE,2147483647,2147483647,2147483647,2147483647,0,170,0.0,0.0,44,3,-96,LTE,2147483647,2147483647,2147483647,2147483647,0,297,0.0,0.0,44,3,-96,LTE,2147483647,2147483647,2147483647,2147483647,0,419,0.0,0.0,49,4,-91,LTE,2147483647,2147483647,2147483647,2147483647,0,162,0.0,0.0,39,3,-101,LTE
1511168672703,121.2098335,31.28651436,5.0,25.0,1.1214722,-112,true,-1,-1,5,99.0,4000.0,44.8394775390625,-11.016845703125,34.02252197265625,-1.4595773220062256,1.4169893264770508,0.5063923597335815,460,1,6154,185624391,0,-1,0.0,0.0,0,0,0,,6,460,1,6154,185624391,0,417,0.0,0.0,60,4,-80,LTE,2147483647,2147483647,2147483647,2147483647,0,414,0.0,0.0,40,3,-100,LTE,2147483647,2147483647,2147483647,2147483647,0,60,0.0,0.0,51,4,-89,LTE,2147483647,2147483647,2147483647,2147483647,0,299,0.0,0.0,39,3,-101,LTE,2147483647,2147483647,2147483647,2147483647,0,170,0.0,0.0,44,3,-96,LTE,2147483647,2147483647,2147483647,2147483647,0,419,0.0,0.0,48,4,-92,LTE
1511168675652,121.2098335,31.28651436,5.0,25.0,1.1214722,-112,true,-1,-1,5,99.0,4000.0,63.018798828125,-23.9166259765625,16.32232666015625,-0.6768806576728821,1.5553785562515259,-0.6440839171409607,460,1,6154,185624391,0,-1,0.0,0.0,0,0,0,,5,460,1,6154,185624391,0,417,0.0,0.0,62,4,-78,LTE,2147483647,2147483647,2147483647,2147483647,0,60,0.0,0.0,51,4,-89,LTE,2147483647,2147483647,2147483647,2147483647,0,414,0.0,0.0,48,4,-92,LTE,2147483647,2147483647,2147483647,2147483647,0,299,0.0,0.0,47,4,-93,LTE,2147483647,2147483647,2147483647,2147483647,0,297,0.0,0.0,51,4,-89,LTE
1511168678882,121.20991249,31.2865799,15.0,27.0,1.9148107,-110,true,-1,-1,5,99.0,4000.0,63.71002197265625,-26.91650390625,5.52215576171875,-2.492448329925537,1.556720495223999,1.0045801401138306,460,1,6154,185624391,0,-1,0.0,0.0,0,0,0,,5,460,1,6154,185624391,0,417,0.0,0.0,69,4,-71,LTE,2147483647,2147483647,2147483647,2147483647,0,60,0.0,0.0,58,4,-82,LTE,2147483647,2147483647,2147483647,2147483647,0,297,0.0,0.0,58,4,-82,LTE,2147483647,2147483647,2147483647,2147483647,0,299,0.0,0.0,53,4,-87,LTE,2147483647,2147483647,2147483647,2147483647,0,414,0.0,0.0,55,4,-85,LTE
1511168681821,121.20991249,31.2865799,15.0,27.0,1.9148107,-111,true,-1,-1,5,99.0,4000.0,44.8394775390625,-5.9173583984375,35.22186279296875,0.1331315040588379,1.351391315460205,-1.0319300889968872,460,1,6154,185624391,0,-1,0.0,0.0,0,0,0,,5,460,1,6154,185624391,0,417,0.0,0.0,60,4,-80,LTE,2147483647,2147483647,2147483647,2147483647,0,60,0.0,0.0,49,4,-91,LTE,2147483647,2147483647,2147483647,2147483647,0,414,0.0,0.0,45,4,-95,LTE,2147483647,2147483647,2147483647,2147483647,0,299,0.0,0.0,43,3,-97,LTE,2147483647,2147483647,2147483647,2147483647,0,297,0.0,0.0,47,4,-93,LTE
1511168684787,121.20991249,31.2865799,15.0,27.0,1.9148107,-111,true,-1,-1,5,99.0,4000.0,38.42926025390625,-2.61688232421875,37.92266845703125,-1.6078212261199951,1.5099866390228271,0.8129076361656189,460,1,6154,185624391,0,-1,0.0,0.0,0,0,0,,6,460,1,6154,185624391,0,417,0.0,0.0,63,4,-77,LTE,2147483647,2147483647,2147483647,2147483647,0,297,0.0,0.0,51,4,-89,LTE,2147483647,2147483647,2147483647,2147483647,0,419,0.0,0.0,49,4,-91,LTE,2147483647,2147483647,2147483647,2147483647,0,299,0.0,0.0,48,4,-92,LTE,2147483647,2147483647,2147483647,2147483647,0,414,0.0,0.0,49,4,-91,LTE,2147483647,2147483647,2147483647,2147483647,0,60,0.0,0.0,54,4,-86,LTE
1511168688010,121.20998509,31.28660498,20.0,11.0,1.7568437,-110,true,-1,-1,5,99.0,4000.0,30.62896728515625,-6.817626953125,33.42132568359375,1.2034863233566284,1.1895347833633423,-1.8639299869537354,460,1,6154,185624391,0,-1,0.0,0.0,0,0,0,,3,460,1,6154,185624391,0,417,0.0,0.0,66,4,-74,LTE,2147483647,2147483647,2147483647,2147483647,0,60,0.0,0.0,52,4,-88,LTE,2147483647,2147483647,2147483647,2147483647,0,419,0.0,0.0,47,4,-93,LTE
1511168690961,121.20998509,31.28660498,20.0,11.0,1.7568437,-111,true,-1,-1,5,99.0,4000.0,33.91876220703125,-8.917236328125,39.7216796875,1.7238861322402954,0.9598904848098755,-2.3459863662719727,460,1,6154,185624391,0,-1,0.0,0.0,0,0,0,,3,460,1,6154,185624391,0,417,0.0,0.0,60,4,-80,LTE,2147483647,2147483647,2147483647,2147483647,0,419,0.0,0.0,46,4,-94,LTE,2147483647,2147483647,2147483647,2147483647,0,60,0.0,0.0,51,4,-89,LTE
1511168693936,121.20993941,31.28668472,-1.0,18.0,2.1324399,-111,true,-1,-1,5,99.0,4000.0,38.76953125,-8.0169677734375,35.5224609375,-2.392129421234131,1.3382664918899536,1.5524053573608398,460,1,6154,185624391,0,-1,0.0,0.0,0,0,0,,4,460,1,6154,185624391,0,417,0.0,0.0,53,4,-87,LTE,2147483647,2147483647,2147483647,2147483647,0,60,0.0,0.0,49,4,-91,LTE,2147483647,2147483647,2147483647,2147483647,0,170,0.0,0.0,44,3,-96,LTE,2147483647,2147483647,2147483647,2147483647,0,162,0.0,0.0,45,4,-95,LTE
1511168697139,121.20993941,31.28668472,-1.0,18.0,2.1324399,-109,true,-1,-1,5,99.0,4000.0,31.84967041015625,-8.0169677734375,39.7216796875,-2.959228277206421,1.4255794286727905,2.2811222076416016,460,1,6154,185624391,0,-1,0.0,0.0,0,0,0,,6,460,1,6154,185624391,0,417,0.0,0.0,61,4,-79,LTE,2147483647,2147483647,2147483647,2147483647,0,60,0.0,0.0,49,4,-91,LTE,2147483647,2147483647,2147483647,2147483647,0,162,0.0,0.0,43,3,-97,LTE,2147483647,2147483647,2147483647,2147483647,0,170,0.0,0.0,48,4,-92,LTE,2147483647,2147483647,2147483647,2147483647,0,414,0.0,0.0,39,3,-101,LTE,2147483647,2147483647,2147483647,2147483647,0,419,0.0,0.0,46,4,-94,LTE
1511168700087,121.20996984,31.28666235,72.0,16.0,1.6903551,-111,true,-1,-1,5,99.0,4000.0,48.46954345703125,-21.21734619140625,43.92242431640625,3.1061906814575195,1.3730131387710571,2.343986988067627,460,1,6154,185624391,0,-1,0.0,0.0,0,0,0,,7,460,1,6154,185624391,0,417,0.0,0.0,54,4,-86,LTE,2147483647,2147483647,2147483647,2147483647,0,60,0.0,0.0,48,4,-92,LTE,2147483647,2147483647,2147483647,2147483647,0,162,0.0,0.0,42,3,-98,LTE,2147483647,2147483647,2147483647,2147483647,0,170,0.0,0.0,44,3,-96,LTE,2147483647,2147483647,2147483647,2147483647,0,414,0.0,0.0,38,3,-102,LTE,2147483647,2147483647,2147483647,2147483647,0,419,0.0,0.0,40,3,-100,LTE,2147483647,2147483647,2147483647,2147483647,0,169,0.0,0.0,36,3,-104,LTE
1511168703323,121.20996984,31.28666235,72.0,16.0,1.6903551,-111,true,-1,-1,5,99.0,4000.0,43.798828125,-13.7176513671875,41.8212890625,1.2305697202682495,1.4688434600830078,-2.0155842304229736,460,1,6154,185624391,0,-1,0.0,0.0,0,0,0,,7,460,1,6154,185624391,0,417,0.0,0.0,58,4,-82,LTE,2147483647,2147483647,2147483647,2147483647,0,60,0.0,0.0,49,4,-91,LTE,2147483647,2147483647,2147483647,2147483647,0,162,0.0,0.0,44,3,-96,LTE,2147483647,2147483647,2147483647,2147483647,0,170,0.0,0.0,41,3,-99,LTE,2147483647,2147483647,2147483647,2147483647,0,419,0.0,0.0,45,4,-95,LTE,2147483647,2147483647,2147483647,2147483647,0,164,0.0,0.0,40,3,-100,LTE,2147483647,2147483647,2147483647,2147483647,0,414,0.0,0.0,45,4,-95,LTE
1511168706268,121.20990403,31.28657873,134.0,15.0,1.3532553,-113,true,-1,-1,5,99.0,4000.0,50.54931640625,-20.61767578125,36.7218017578125,1.1038427352905273,1.4455643892288208,-2.0061659812927246,460,1,6154,185624391,0,-1,0.0,0.0,0,0,0,,3,460,1,6154,185624391,0,417,0.0,0.0,53,4,-87,LTE,2147483647,2147483647,2147483647,2147483647,0,60,0.0,0.0,45,4,-95,LTE,2147483647,2147483647,2147483647,2147483647,0,170,0.0,0.0,44,3,-96,LTE
1511168709246,121.20990403,31.28657873,134.0,15.0,1.3532553,-114,true,-1,-1,5,99.0,4000.0,49.33929443359375,-19.41680908203125,37.6220703125,0.2733149230480194,1.4049732685089111,-1.1751210689544678,460,1,6154,185624391,0,-1,0.0,0.0,0,0,0,,8,460,1,6154,185624391,0,417,0.0,0.0,52,4,-88,LTE,2147483647,2147483647,2147483647,2147483647,0,60,0.0,0.0,49,4,-91,LTE,2147483647,2147483647,2147483647,2147483647,0,170,0.0,0.0,46,4,-94,LTE,2147483647,2147483647,2147483647,2147483647,0,414,0.0,0.0,35,3,-105,LTE,2147483647,2147483647,2147483647,2147483647,0,162,0.0,0.0,41,3,-99,LTE,2147483647,2147483647,2147483647,2147483647,0,13,0.0,0.0,47,4,-93,LTE,2147483647,2147483647,2147483647,2147483647,0,14,0.0,0.0,41,3,-99,LTE,2147483647,2147483647,2147483647,2147483647,0,419,0.0,0.0,39,3,-101,LTE
1511168712446,121.20988996,31.28663179,117.0,21.0,1.4618481,-114,true,-1,-1,5,99.0,4000.0,40.15960693359375,-12.51678466796875,37.32147216796875,2.8345541954040527,1.1824254989624023,2.6313259601593018,460,1,6154,185624391,0,-1,0.0,0.0,0,0,0,,7,460,1,6154,185624391,0,417,0.0,0.0,55,4,-85,LTE,2147483647,2147483647,2147483647,2147483647,0,60,0.0,0.0,48,4,-92,LTE,2147483647,2147483647,2147483647,2147483647,0,170,0.0,0.0,45,4,-95,LTE,2147483647,2147483647,2147483647,2147483647,0,414,0.0,0.0,37,3,-103,LTE,2147483647,2147483647,2147483647,2147483647,0,162,0.0,0.0,42,3,-98,LTE,2147483647,2147483647,2147483647,2147483647,0,13,0.0,0.0,42,3,-98,LTE,2147483647,2147483647,2147483647,2147483647,0,419,0.0,0.0,40,3,-100,LTE
1511168715395,121.20988996,31.28663179,117.0,21.0,1.4618481,-114,true,-1,-1,5,99.0,4000.0,34.09881591796875,-11.31744384765625,41.22161865234375,1.5274790525436401,1.2545901536941528,-2.14713454246521,460,1,6154,185624391,0,-1,0.0,0.0,0,0,0,,8,460,1,6154,185624391,0,417,0.0,0.0,55,4,-85,LTE,2147483647,2147483647,2147483647,2147483647,0,60,0.0,0.0,48,4,-92,LTE,2147483647,2147483647,2147483647,2147483647,0,170,0.0,0.0,46,4,-94,LTE,2147483647,2147483647,2147483647,2147483647,0,414,0.0,0.0,35,3,-105,LTE,2147483647,2147483647,2147483647,2147483647,0,162,0.0,0.0,41,3,-99,LTE,2147483647,2147483647,2147483647,2147483647,0,13,0.0,0.0,39,3,-101,LTE,2147483647,2147483647,2147483647,2147483647,0,14,0.0,0.0,36,3,-104,LTE,2147483647,2147483647,2147483647,2147483647,0,208,0.0,0.0,34,2,-106,LTE
1511168718628,121.20986664,31.28670716,154.0,22.0,1.6717057,-109,true,-1,-1,5,99.0,4000.0,37.2100830078125,-12.8173828125,43.621826171875,1.9429123401641846,1.1140642166137695,-2.5863373279571533,460,1,6154,185624391,0,-1,0.0,0.0,0,0,0,,8,460,1,6154,185624391,0,417,0.0,0.0,52,4,-88,LTE,2147483647,2147483647,2147483647,2147483647,0,60,0.0,0.0,47,4,-93,LTE,2147483647,2147483647,2147483647,2147483647,0,170,0.0,0.0,42,3,-98,LTE,2147483647,2147483647,2147483647,2147483647,0,414,0.0,0.0,44,3,-96,LTE,2147483647,2147483647,2147483647,2147483647,0,14,0.0,0.0,42,3,-98,LTE,2147483647,2147483647,2147483647,2147483647,0,13,0.0,0.0,45,4,-95,LTE,2147483647,2147483647,2147483647,2147483647,0,419,0.0,0.0,39,3,-101,LTE,2147483647,2147483647,2147483647,2147483647,0,83,0.0,0.0,43,3,-97,LTE
1511168721580,121.20986664,31.28670716,154.0,22.0,1.6717057,-109,true,-1,-1,5,99.0,4000.0,33.7493896484375,-10.7177734375,43.621826171875,2.04091215133667,1.2357847690582275,-2.663270950317383,460,1,6154,185624391,0,-1,0.0,0.0,0,0,0,,8,460,1,6154,185624391,0,417,0.0,0.0,54,4,-86,LTE,2147483647,2147483647,2147483647,2147483647,0,60,0.0,0.0,47,4,-93,LTE,2147483647,2147483647,2147483647,2147483647,0,170,0.0,0.0,46,4,-94,LTE,2147483647,2147483647,2147483647,2147483647,0,414,0.0,0.0,40,3,-100,LTE,2147483647,2147483647,2147483647,2147483647,0,14,0.0,0.0,43,3,-97,LTE,2147483647,2147483647,2147483647,2147483647,0,13,0.0,0.0,48,4,-92,LTE,2147483647,2147483647,2147483647,2147483647,0,162,0.0,0.0,43,3,-97,LTE,2147483647,2147483647,2147483647,2147483647,0,208,0.0,0.0,39,3,-101,LTE
1511168724551,121.20993409,31.2867345,150.0,28.0,1.3418272,-111,true,-1,-1,5,99.0,4000.0,36.86981201171875,0.38299560546875,41.8212890625,-3.118924379348755,1.4045354127883911,2.3967044353485107,460,1,6154,185624391,0,-1,0.0,0.0,0,0,0,,3,460,1,6154,185624391,0,417,0.0,0.0,55,4,-85,LTE,2147483647,2147483647,2147483647,2147483647,0,60,0.0,0.0,44,3,-96,LTE,2147483647,2147483647,2147483647,2147483647,0,170,0.0,0.0,43,3,-97,LTE
1511168727753,121.20993409,31.2867345,150.0,28.0,1.3418272,-112,true,-1,-1,5,99.0,4000.0,36.18011474609375,-16.717529296875,50.82244873046875,3.0121636390686035,1.3621125221252441,2.6567490100860596,460,1,6154,185624391,0,-1,0.0,0.0,0,0,0,,8,460,1,6154,185624391,0,417,0.0,0.0,57,4,-83,LTE,2147483647,2147483647,2147483647,2147483647,0,60,0.0,0.0,48,4,-92,LTE,2147483647,2147483647,2147483647,2147483647,0,170,0.0,0.0,44,3,-96,LTE,2147483647,2147483647,2147483647,2147483647,0,414,0.0,0.0,41,3,-99,LTE,2147483647,2147483647,2147483647,2147483647,0,13,0.0,0.0,48,4,-92,LTE,2147483647,2147483647,2147483647,2147483647,0,419,0.0,0.0,43,3,-97,LTE,2147483647,2147483647,2147483647,2147483647,0,14,0.0,0.0,44,3,-96,LTE,2147483647,2147483647,2147483647,2147483647,0,162,0.0,0.0,42,3,-98,LTE
1511168730724,121.2100869,31.28694664,79.0,14.0,2.0459228,-112,true,-1,-1,5,99.0,4000.0,44.13909912109375,-19.11773681640625,43.02215576171875,1.2268054485321045,1.528648018836975,-2.0124218463897705,460,1,6271,13073675,0,-1,0.0,0.0,0,0,0,,8,460,1,6154,185624391,0,417,0.0,0.0,42,3,-98,LTE,2147483647,2147483647,2147483647,2147483647,0,60,0.0,0.0,46,4,-94,LTE,2147483647,2147483647,2147483647,2147483647,0,170,0.0,0.0,42,3,-98,LTE,2147483647,2147483647,2147483647,2147483647,0,83,0.0,0.0,41,3,-99,LTE,2147483647,2147483647,2147483647,2147483647,0,13,0.0,0.0,51,4,-89,LTE,2147483647,2147483647,2147483647,2147483647,0,208,0.0,0.0,35,3,-105,LTE,2147483647,2147483647,2147483647,2147483647,0,14,0.0,0.0,45,4,-95,LTE,2147483647,2147483647,2147483647,2147483647,0,502,0.0,0.0,40,3,-100,LTE
1511168733935,121.2100869,31.28694664,79.0,14.0,2.0459228,-111,true,-1,-1,5,99.0,4000.0,53.31878662109375,-20.916748046875,38.5223388671875,1.4504328966140747,1.442525029182434,-2.3538570404052734,460,1,6271,10215967,0,-1,0.0,0.0,0,0,0,,8,460,1,6271,10215967,0,13,0.0,0.0,54,4,-86,LTE,2147483647,2147483647,2147483647,2147483647,0,417,0.0,0.0,42,3,-98,LTE,2147483647,2147483647,2147483647,2147483647,0,60,0.0,0.0,46,4,-94,LTE,2147483647,2147483647,2147483647,2147483647,0,170,0.0,0.0,44,3,-96,LTE,2147483647,2147483647,2147483647,2147483647,0,81,0.0,0.0,40,3,-100,LTE,2147483647,2147483647,2147483647,2147483647,0,414,0.0,0.0,34,2,-106,LTE,2147483647,2147483647,2147483647,2147483647,0,14,0.0,0.0,44,3,-96,LTE,2147483647,2147483647,2147483647,2147483647,0,502,0.0,0.0,51,4,-89,LTE
1511168736885,121.20996571,31.28712427,147.0,29.0,27.985699,-112,true,-1,-1,5,99.0,4000.0,46.2188720703125,-16.11785888671875,37.02239990234375,0.9796111583709717,1.4111193418502808,-1.8328477144241333,460,1,6271,10215967,0,-1,0.0,0.0,0,0,0,,8,460,1,6271,10215967,0,13,0.0,0.0,55,4,-85,LTE,2147483647,2147483647,2147483647,2147483647,0,502,0.0,0.0,46,4,-94,LTE,2147483647,2147483647,2147483647,2147483647,0,60,0.0,0.0,47,4,-93,LTE,2147483647,2147483647,2147483647,2147483647,0,170,0.0,0.0,45,4,-95,LTE,2147483647,2147483647,2147483647,2147483647,0,81,0.0,0.0,39,3,-101,LTE,2147483647,2147483647,2147483647,2147483647,0,414,0.0,0.0,33,2,-107,LTE,2147483647,2147483647,2147483647,2147483647,0,14,0.0,0.0,38,3,-102,LTE,2147483647,2147483647,2147483647,2147483647,0,83,0.0,0.0,38,3,-102,LTE
1511168740112,121.20996571,31.28712427,147.0,29.0,27.985699,-112,true,-1,-1,5,99.0,4000.0,53.66973876953125,-20.0164794921875,34.9212646484375,0.6049221754074097,1.532875895500183,-1.5917948484420776,460,1,6271,10215967,0,-1,0.0,0.0,0,0,0,,8,460,1,6271,10215967,0,13,0.0,0.0,50,4,-90,LTE,2147483647,2147483647,2147483647,2147483647,0,502,0.0,0.0,50,4,-90,LTE,2147483647,2147483647,2147483647,2147483647,0,60,0.0,0.0,46,4,-94,LTE,2147483647,2147483647,2147483647,2147483647,0,170,0.0,0.0,45,4,-95,LTE,2147483647,2147483647,2147483647,2147483647,0,417,0.0,0.0,28,2,-112,LTE,2147483647,2147483647,2147483647,2147483647,0,414,0.0,0.0,36,3,-104,LTE,2147483647,2147483647,2147483647,2147483647,0,14,0.0,0.0,42,3,-98,LTE,2147483647,2147483647,2147483647,2147483647,0,83,0.0,0.0,37,3,-103,LTE
1511168743050,121.21026327,31.28714782,130.0,22.0,1.3756816,-110,true,-1,-1,5,99.0,4000.0,29.58984375,-5.61676025390625,38.8214111328125,2.7962522506713867,1.4377857446670532,2.8380215167999268,460,1,6271,10215967,0,-1,0.0,0.0,0,0,0,,8,460,1,6271,10215967,0,13,0.0,0.0,50,4,-90,LTE,2147483647,2147483647,2147483647,2147483647,0,502,0.0,0.0,48,4,-92,LTE,2147483647,2147483647,2147483647,2147483647,0,60,0.0,0.0,45,4,-95,LTE,2147483647,2147483647,2147483647,2147483647,0,170,0.0,0.0,40,3,-100,LTE,2147483647,2147483647,2147483647,2147483647,0,81,0.0,0.0,39,3,-101,LTE,2147483647,2147483647,2147483647,2147483647,0,414,0.0,0.0,32,2,-108,LTE,2147483647,2147483647,2147483647,2147483647,0,14,0.0,0.0,42,3,-98,LTE,2147483647,2147483647,2147483647,2147483647,0,83,0.0,0.0,39,3,-101,LTE
1511168746046,121.21026327,31.28714782,130.0,22.0,1.3756816,-110,true,-1,-1,5,99.0,4000.0,40.679931640625,-9.8175048828125,41.22161865234375,2.3303709030151367,1.3387768268585205,-3.094055414199829,460,1,6271,10215967,0,-1,0.0,0.0,0,0,0,,8,460,1,6271,10215967,0,13,0.0,0.0,62,4,-78,LTE,2147483647,2147483647,2147483647,2147483647,0,502,0.0,0.0,47,4,-93,LTE,2147483647,2147483647,2147483647,2147483647,0,60,0.0,0.0,49,4,-91,LTE,2147483647,2147483647,2147483647,2147483647,0,170,0.0,0.0,43,3,-97,LTE,2147483647,2147483647,2147483647,2147483647,0,414,0.0,0.0,34,2,-106,LTE,2147483647,2147483647,2147483647,2147483647,0,83,0.0,0.0,47,4,-93,LTE,2147483647,2147483647,2147483647,2147483647,0,14,0.0,0.0,49,4,-91,LTE,2147483647,2147483647,2147483647,2147483647,0,81,0.0,0.0,43,3,-97,LTE
1511168749240,121.21026327,31.28714782,130.0,22.0,1.3756816,-112,true,-1,-1,5,99.0,4000.0,34.4390869140625,-9.51690673828125,46.6217041015625,1.6139144897460938,0.8945063352584839,-2.13033390045166,460,1,6271,10215967,0,-1,0.0,0.0,0,0,0,,8,460,1,6271,10215967,0,13,0.0,0.0,44,3,-96,LTE,2147483647,2147483647,2147483647,2147483647,0,417,0.0,0.0,38,3,-102,LTE,2147483647,2147483647,2147483647,2147483647,0,60,0.0,0.0,43,3,-97,LTE,2147483647,2147483647,2147483647,2147483647,0,170,0.0,0.0,35,3,-105,LTE,2147483647,2147483647,2147483647,2147483647,0,14,0.0,0.0,34,2,-106,LTE,2147483647,2147483647,2147483647,2147483647,0,83,0.0,0.0,42,3,-98,LTE,2147483647,2147483647,2147483647,2147483647,0,208,0.0,0.0,30,2,-110,LTE,2147483647,2147483647,2147483647,2147483647,0,502,0.0,0.0,36,3,-104,LTE
1511168752192,121.2103367,31.2871311,100.0,21.0,1.6860012,-110,true,-1,-1,5,99.0,4000.0,35.82916259765625,-8.0169677734375,41.22161865234375,1.4340553283691406,0.9450832605361938,-2.0134048461914063,460,1,6271,10215967,0,-1,0.0,0.0,0,0,0,,3,460,1,6271,10215967,0,13,0.0,0.0,40,3,-100,LTE,2147483647,2147483647,2147483647,2147483647,0,414,0.0,0.0,37,3,-103,LTE,2147483647,2147483647,2147483647,2147483647,0,417,0.0,0.0,36,3,-104,LTE
1511168755421,121.2103367,31.2871311,100.0,21.0,1.6860012,-117,true,-1,-1,5,99.0,4000.0,39.6392822265625,-4.41741943359375,29.22210693359375,-2.4737014770507813,1.481656551361084,1.5351446866989136,460,1,6271,10215967,0,-1,0.0,0.0,0,0,0,,6,460,1,6271,10215967,0,13,0.0,0.0,44,3,-96,LTE,2147483647,2147483647,2147483647,2147483647,0,417,0.0,0.0,34,2,-106,LTE,2147483647,2147483647,2147483647,2147483647,0,414,0.0,0.0,34,2,-106,LTE,2147483647,2147483647,2147483647,2147483647,0,81,0.0,0.0,44,3,-96,LTE,2147483647,2147483647,2147483647,2147483647,0,83,0.0,0.0,37,3,-103,LTE,2147483647,2147483647,2147483647,2147483647,0,369,0.0,0.0,34,2,-106,LTE
1511168758360,121.2103367,31.2871311,100.0,21.0,1.6860012,-115,true,-1,-1,5,99.0,4000.0,38.76953125,-6.51702880859375,33.721923828125,1.6681785583496094,1.000693917274475,-2.4603805541992188,460,1,6271,10215967,0,-1,0.0,0.0,0,0,0,,8,460,1,6271,10215967,0,13,0.0,0.0,50,4,-90,LTE,2147483647,2147483647,2147483647,2147483647,0,60,0.0,0.0,43,3,-97,LTE,2147483647,2147483647,2147483647,2147483647,0,14,0.0,0.0,32,2,-108,LTE,2147483647,2147483647,2147483647,2147483647,0,417,0.0,0.0,34,2,-106,LTE,2147483647,2147483647,2147483647,2147483647,0,81,0.0,0.0,36,3,-104,LTE,2147483647,2147483647,2147483647,2147483647,0,414,0.0,0.0,35,3,-105,LTE,2147483647,2147483647,2147483647,2147483647,0,83,0.0,0.0,37,3,-103,LTE,2147483647,2147483647,2147483647,2147483647,0,170,0.0,0.0,37,3,-103,LTE
1511168761349,121.21037455,31.28747851,157.0,30.0,2.5622256,-114,true,-1,-1,5,99.0,4000.0,40.3289794921875,-6.817626953125,31.02264404296875,2.272482395172119,1.4779664278030396,3.10299015045166,460,1,6271,10215967,0,-1,0.0,0.0,0,0,0,,8,460,1,6271,10215967,0,13,0.0,0.0,43,3,-97,LTE,2147483647,2147483647,2147483647,2147483647,0,60,0.0,0.0,43,3,-97,LTE,2147483647,2147483647,2147483647,2147483647,0,83,0.0,0.0,38,3,-102,LTE,2147483647,2147483647,2147483647,2147483647,0,369,0.0,0.0,28,2,-112,LTE,2147483647,2147483647,2147483647,2147483647,0,417,0.0,0.0,35,3,-105,LTE,2147483647,2147483647,2147483647,2147483647,0,414,0.0,0.0,38,3,-102,LTE,2147483647,2147483647,2147483647,2147483647,0,81,0.0,0.0,38,3,-102,LTE,2147483647,2147483647,2147483647,2147483647,0,468,0.0,0.0,20,1,-120,LTE
1511168764549,121.21037455,31.28747851,157.0,30.0,2.5622256,-116,true,-1,-1,5,99.0,4000.0,37.7288818359375,-12.21771240234375,42.12188720703125,-2.871795892715454,1.371840238571167,2.1350343227386475,460,1,6271,10215967,0,-1,0.0,0.0,0,0,0,,8,460,1,6271,10215967,0,13,0.0,0.0,44,3,-96,LTE,2147483647,2147483647,2147483647,2147483647,0,417,0.0,0.0,25,2,-115,LTE,2147483647,2147483647,2147483647,2147483647,0,60,0.0,0.0,44,3,-96,LTE,2147483647,2147483647,2147483647,2147483647,0,170,0.0,0.0,37,3,-103,LTE,2147483647,2147483647,2147483647,2147483647,0,414,0.0,0.0,36,3,-104,LTE,2147483647,2147483647,2147483647,2147483647,0,81,0.0,0.0,33,2,-107,LTE,2147483647,2147483647,2147483647,2147483647,0,83,0.0,0.0,43,3,-97,LTE,2147483647,2147483647,2147483647,2147483647,0,369,0.0,0.0,29,2,-111,LTE
1511168767527,121.21037455,31.28747851,157.0,30.0,2.5622256,-117,true,-1,-1,5,99.0,4000.0,37.55950927734375,-9.21783447265625,37.02239990234375,2.719777822494507,1.4735182523727417,2.775996208190918,460,1,6271,8889109,0,-1,0.0,0.0,0,0,0,,8,460,1,6271,8889109,0,83,0.0,0.0,50,4,-90,LTE,2147483647,2147483647,2147483647,2147483647,0,13,0.0,0.0,42,3,-98,LTE,2147483647,2147483647,2147483647,2147483647,0,417,0.0,0.0,39,3,-101,LTE,2147483647,2147483647,2147483647,2147483647,0,60,0.0,0.0,46,4,-94,LTE,2147483647,2147483647,2147483647,2147483647,0,170,0.0,0.0,35,3,-105,LTE,2147483647,2147483647,2147483647,2147483647,0,414,0.0,0.0,38,3,-102,LTE,2147483647,2147483647,2147483647,2147483647,0,81,0.0,0.0,39,3,-101,LTE,2147483647,2147483647,2147483647,2147483647,0,50,0.0,0.0,35,3,-105,LTE
1511168770729,121.21050201,31.28753209,117.0,14.0,0.9762172,-115,true,-1,-1,5,99.0,4000.0,49.51019287109375,-15.21759033203125,30.12237548828125,-0.8631663918495178,1.528186559677124,-0.1700044870376587,460,1,6271,8889109,0,-1,0.0,0.0,0,0,0,,8,460,1,6271,8889109,0,83,0.0,0.0,45,4,-95,LTE,2147483647,2147483647,2147483647,2147483647,0,13,0.0,0.0,40,3,-100,LTE,2147483647,2147483647,2147483647,2147483647,0,417,0.0,0.0,37,3,-103,LTE,2147483647,2147483647,2147483647,2147483647,0,208,0.0,0.0,28,2,-112,LTE,2147483647,2147483647,2147483647,2147483647,0,170,0.0,0.0,34,2,-106,LTE,2147483647,2147483647,2147483647,2147483647,0,414,0.0,0.0,34,2,-106,LTE,2147483647,2147483647,2147483647,2147483647,0,81,0.0,0.0,37,3,-103,LTE,2147483647,2147483647,2147483647,2147483647,0,468,0.0,0.0,36,3,-104,LTE
1511168773674,121.21050201,31.28753209,117.0,14.0,0.9762172,-116,true,-1,-1,5,99.0,4000.0,55.40008544921875,-21.51641845703125,27.72216796875,0.5098637342453003,1.4041239023208618,-1.58255136013031,460,1,6271,8889109,0,-1,0.0,0.0,0,0,0,,12,460,1,6271,8889109,0,83,0.0,0.0,45,4,-95,LTE,2147483647,2147483647,2147483647,2147483647,0,61,0.0,0.0,29,2,-111,LTE,2147483647,2147483647,2147483647,2147483647,0,468,0.0,0.0,38,3,-102,LTE,2147483647,2147483647,2147483647,2147483647,0,60,0.0,0.0,39,3,-101,LTE,2147483647,2147483647,2147483647,2147483647,0,170,0.0,0.0,28,2,-112,LTE,2147483647,2147483647,2147483647,2147483647,0,13,0.0,0.0,38,3,-102,LTE,2147483647,2147483647,2147483647,2147483647,0,81,0.0,0.0,40,3,-100,LTE,2147483647,2147483647,2147483647,2147483647,0,414,0.0,0.0,39,3,-101,LTE,2147483647,2147483647,2147483647,2147483647,0,83,0.0,0.0,42,3,-98,LTE,2147483647,2147483647,2147483647,2147483647,0,170,0.0,0.0,34,2,-106,LTE,2147483647,2147483647,2147483647,2147483647,0,81,0.0,0.0,37,3,-103,LTE,2147483647,2147483647,2147483647,2147483647,0,468,0.0,0.0,29,2,-111,LTE
1511168776900,121.21045529,31.2875924,71.0,26.0,1.7830592,-111,true,-1,-1,5,99.0,4000.0,58.1695556640625,-25.41656494140625,18.7225341796875,0.8550692796707153,1.4378855228424072,-2.068270683288574,460,1,6271,8889109,0,-1,0.0,0.0,0,0,0,,8,460,1,6271,8889109,0,83,0.0,0.0,44,3,-96,LTE,2147483647,2147483647,2147483647,2147483647,0,468,0.0,0.0,25,2,-115,LTE,2147483647,2147483647,2147483647,2147483647,0,208,0.0,0.0,28,2,-112,LTE,2147483647,2147483647,2147483647,2147483647,0,60,0.0,0.0,39,3,-101,LTE,2147483647,2147483647,2147483647,2147483647,0,170,0.0,0.0,33,2,-107,LTE,2147483647,2147483647,2147483647,2147483647,0,13,0.0,0.0,40,3,-100,LTE,2147483647,2147483647,2147483647,2147483647,0,81,0.0,0.0,37,3,-103,LTE,2147483647,2147483647,2147483647,2147483647,0,414,0.0,0.0,39,3,-101,LTE
1511168779849,121.21045529,31.2875924,71.0,26.0,1.7830592,-114,true,-1,-1,5,99.0,4000.0,49.6795654296875,-14.9169921875,25.62255859375,0.11148373037576675,1.3981432914733887,-1.1993613243103027,460,1,6271,8889109,0,-1,0.0,0.0,0,0,0,,8,460,1,6271,8889109,0,83,0.0,0.0,46,4,-94,LTE,2147483647,2147483647,2147483647,2147483647,0,468,0.0,0.0,40,3,-100,LTE,2147483647,2147483647,2147483647,2147483647,0,417,0.0,0.0,40,3,-100,LTE,2147483647,2147483647,2147483647,2147483647,0,60,0.0,0.0,43,3,-97,LTE,2147483647,2147483647,2147483647,2147483647,0,170,0.0,0.0,35,3,-105,LTE,2147483647,2147483647,2147483647,2147483647,0,13,0.0,0.0,44,3,-96,LTE,2147483647,2147483647,2147483647,2147483647,0,81,0.0,0.0,38,3,-102,LTE,2147483647,2147483647,2147483647,2147483647,0,414,0.0,0.0,42,3,-98,LTE
1511168782843,121.21040961,31.28755574,52.0,25.0,0.3720215,-113,true,-1,-1,5,99.0,4000.0,50.89874267578125,-17.6177978515625,25.921630859375,-0.46117013692855835,1.4686789512634277,-0.6546680331230164,460,1,6271,8889109,0,-1,0.0,0.0,0,0,0,,8,460,1,6271,8889109,0,83,0.0,0.0,49,4,-91,LTE,2147483647,2147483647,2147483647,2147483647,0,468,0.0,0.0,37,3,-103,LTE,2147483647,2147483647,2147483647,2147483647,0,208,0.0,0.0,26,2,-114,LTE,2147483647,2147483647,2147483647,2147483647,0,60,0.0,0.0,41,3,-99,LTE,2147483647,2147483647,2147483647,2147483647,0,170,0.0,0.0,36,3,-104,LTE,2147483647,2147483647,2147483647,2147483647,0,13,0.0,0.0,43,3,-97,LTE,2147483647,2147483647,2147483647,2147483647,0,81,0.0,0.0,38,3,-102,LTE,2147483647,2147483647,2147483647,2147483647,0,414,0.0,0.0,42,3,-98,LTE
1511168786037,121.21040961,31.28755574,52.0,25.0,0.3720215,-115,true,-1,-1,5,99.0,4000.0,40.3289794921875,-13.116455078125,31.622314453125,-2.8739733695983887,1.3696547746658325,1.9597607851028442,460,1,6271,8889109,0,-1,0.0,0.0,0,0,0,,8,460,1,6271,8889109,0,83,0.0,0.0,45,4,-95,LTE,2147483647,2147483647,2147483647,2147483647,0,60,0.0,0.0,43,3,-97,LTE,2147483647,2147483647,2147483647,2147483647,0,414,0.0,0.0,38,3,-102,LTE,2147483647,2147483647,2147483647,2147483647,0,81,0.0,0.0,39,3,-101,LTE,2147483647,2147483647,2147483647,2147483647,0,13,0.0,0.0,44,3,-96,LTE,2147483647,2147483647,2147483647,2147483647,0,417,0.0,0.0,36,3,-104,LTE,2147483647,2147483647,2147483647,2147483647,0,14,0.0,0.0,38,3,-102,LTE,2147483647,2147483647,2147483647,2147483647,0,468,0.0,0.0,40,3,-100,LTE
1511168788986,121.21040961,31.28755574,52.0,25.0,0.3720215,-115,true,-1,-1,5,99.0,4000.0,36.18011474609375,-9.51690673828125,32.22198486328125,1.25823974609375,1.2552013397216797,-2.0255513191223145,460,1,6271,8889109,0,-1,0.0,0.0,0,0,0,,8,460,1,6271,8889109,0,83,0.0,0.0,48,4,-92,LTE,2147483647,2147483647,2147483647,2147483647,0,60,0.0,0.0,42,3,-98,LTE,2147483647,2147483647,2147483647,2147483647,0,414,0.0,0.0,40,3,-100,LTE,2147483647,2147483647,2147483647,2147483647,0,81,0.0,0.0,41,3,-99,LTE,2147483647,2147483647,2147483647,2147483647,0,13,0.0,0.0,41,3,-99,LTE,2147483647,2147483647,2147483647,2147483647,0,417,0.0,0.0,33,2,-107,LTE,2147483647,2147483647,2147483647,2147483647,0,14,0.0,0.0,33,2,-107,LTE,2147483647,2147483647,2147483647,2147483647,0,369,0.0,0.0,40,3,-100,LTE
1511168792206,121.21034779,31.28745347,212.0,43.0,1.3967104,-115,true,-1,-1,5,99.0,4000.0,35.82916259765625,-10.1165771484375,43.02215576171875,-2.190086603164673,1.271793007850647,1.4726029634475708,460,1,6271,8889109,0,-1,0.0,0.0,0,0,0,,8,460,1,6271,8889109,0,83,0.0,0.0,50,4,-90,LTE,2147483647,2147483647,2147483647,2147483647,0,60,0.0,0.0,45,4,-95,LTE,2147483647,2147483647,2147483647,2147483647,0,414,0.0,0.0,43,3,-97,LTE,2147483647,2147483647,2147483647,2147483647,0,81,0.0,0.0,43,3,-97,LTE,2147483647,2147483647,2147483647,2147483647,0,13,0.0,0.0,43,3,-97,LTE,2147483647,2147483647,2147483647,2147483647,0,417,0.0,0.0,30,2,-110,LTE,2147483647,2147483647,2147483647,2147483647,0,198,0.0,0.0,30,2,-110,LTE,2147483647,2147483647,2147483647,2147483647,0,369,0.0,0.0,33,2,-107,LTE
1511168795155,121.21034779,31.28745347,212.0,43.0,1.3967104,-115,true,-1,-1,5,99.0,4000.0,31.66961669921875,-19.41680908203125,51.422119140625,-2.4750378131866455,1.3225133419036865,1.888660192489624,460,1,6271,8889109,0,-1,0.0,0.0,0,0,0,,8,460,1,6271,8889109,0,83,0.0,0.0,49,4,-91,LTE,2147483647,2147483647,2147483647,2147483647,0,60,0.0,0.0,44,3,-96,LTE,2147483647,2147483647,2147483647,2147483647,0,414,0.0,0.0,40,3,-100,LTE,2147483647,2147483647,2147483647,2147483647,0,81,0.0,0.0,44,3,-96,LTE,2147483647,2147483647,2147483647,2147483647,0,13,0.0,0.0,43,3,-97,LTE,2147483647,2147483647,2147483647,2147483647,0,417,0.0,0.0,29,2,-111,LTE,2147483647,2147483647,2147483647,2147483647,0,198,0.0,0.0,39,3,-101,LTE,2147483647,2147483647,2147483647,2147483647,0,369,0.0,0.0,37,3,-103,LTE
1511168798389,121.21034779,31.28745347,212.0,43.0,1.3967104,-113,true,-1,-1,5,98.0,4000.0,30.2886962890625,-17.6177978515625,51.422119140625,2.6745686531066895,1.487633228302002,3.0859673023223877,460,1,6271,8889109,0,-1,0.0,0.0,0,0,0,,7,460,1,6271,8889109,0,83,0.0,0.0,47,4,-93,LTE,2147483647,2147483647,2147483647,2147483647,0,60,0.0,0.0,45,4,-95,LTE,2147483647,2147483647,2147483647,2147483647,0,414,0.0,0.0,45,4,-95,LTE,2147483647,2147483647,2147483647,2147483647,0,81,0.0,0.0,42,3,-98,LTE,2147483647,2147483647,2147483647,2147483647,0,13,0.0,0.0,42,3,-98,LTE,2147483647,2147483647,2147483647,2147483647,0,369,0.0,0.0,36,3,-104,LTE,2147483647,2147483647,2147483647,2147483647,0,14,0.0,0.0,34,2,-106,LTE
1511168801337,121.21034779,31.28745347,212.0,43.0,1.3967104,-112,true,-1,-1,5,98.0,4000.0,48.9898681640625,-24.517822265625,44.82269287109375,-2.635484457015991,1.5241631269454956,1.7978096008300781,460,1,6271,8889109,0,-1,0.0,0.0,0,0,0,,3,460,1,6271,8889109,0,83,0.0,0.0,51,4,-89,LTE,2147483647,2147483647,2147483647,2147483647,0,81,0.0,0.0,45,4,-95,LTE,2147483647,2147483647,2147483647,2147483647,0,13,0.0,0.0,43,3,-97,LTE
1511168804566,121.21041598,31.28744862,106.0,19.0,4.1938643,-109,true,-1,-1,5,98.0,4000.0,53.31878662109375,-21.8170166015625,34.32159423828125,0.9714221358299255,1.4264435768127441,-1.9242323637008667,460,1,6271,13073675,0,-1,0.0,0.0,0,0,0,,4,460,1,6271,13073675,0,60,0.0,0.0,51,4,-89,LTE,2147483647,2147483647,2147483647,2147483647,0,83,0.0,0.0,48,4,-92,LTE,2147483647,2147483647,2147483647,2147483647,0,13,0.0,0.0,47,4,-93,LTE,2147483647,2147483647,2147483647,2147483647,0,414,0.0,0.0,40,3,-100,LTE
1511168807503,121.21041598,31.28744862,106.0,19.0,4.1938643,-109,true,-1,-1,5,98.0,4000.0,43.280029296875,-14.31732177734375,40.92254638671875,0.5331385731697083,1.4179712533950806,-1.3227559328079224,460,1,6271,13073675,0,-1,0.0,0.0,0,0,0,,5,460,1,6271,13073675,0,60,0.0,0.0,66,4,-74,LTE,2147483647,2147483647,2147483647,2147483647,0,83,0.0,0.0,52,4,-88,LTE,2147483647,2147483647,2147483647,2147483647,0,13,0.0,0.0,43,3,-97,LTE,2147483647,2147483647,2147483647,2147483647,0,81,0.0,0.0,42,3,-98,LTE,2147483647,2147483647,2147483647,2147483647,0,414,0.0,0.0,41,3,-99,LTE
1511168810741,121.21041598,31.28744862,106.0,19.0,4.1938643,-109,true,-1,-1,5,98.0,4000.0,43.280029296875,-14.9169921875,39.7216796875,-3.0826377868652344,1.4858920574188232,2.253338098526001,460,1,6271,13073675,0,-1,0.0,0.0,0,0,0,,5,460,1,6271,13073675,0,60,0.0,0.0,55,4,-85,LTE,2147483647,2147483647,2147483647,2147483647,0,83,0.0,0.0,47,4,-93,LTE,2147483647,2147483647,2147483647,2147483647,0,13,0.0,0.0,40,3,-100,LTE,2147483647,2147483647,2147483647,2147483647,0,81,0.0,0.0,43,3,-97,LTE,2147483647,2147483647,2147483647,2147483647,0,414,0.0,0.0,45,4,-95,LTE
1511168813684,121.21055894,31.28761491,63.0,21.0,0.88645357,-110,true,-1,-1,5,98.0,4000.0,28.37982177734375,-8.917236328125,40.92254638671875,-3.0518836975097656,1.479581594467163,2.4444427490234375,460,1,6271,8889109,0,-1,0.0,0.0,0,0,0,,6,460,1,6271,8889109,0,83,0.0,0.0,55,4,-85,LTE,2147483647,2147483647,2147483647,2147483647,0,60,0.0,0.0,52,4,-88,LTE,2147483647,2147483647,2147483647,2147483647,0,13,0.0,0.0,41,3,-99,LTE,2147483647,2147483647,2147483647,2147483647,0,81,0.0,0.0,47,4,-93,LTE,2147483647,2147483647,2147483647,2147483647,0,414,0.0,0.0,39,3,-101,LTE,2147483647,2147483647,2147483647,2147483647,0,369,0.0,0.0,37,3,-103,LTE
1511168816646,121.21055894,31.28761491,63.0,21.0,0.88645357,-112,true,-1,-1,5,98.0,4000.0,29.93927001953125,-11.31744384765625,43.621826171875,1.5681232213974,0.9691728353500366,-2.021665096282959,460,1,6271,8889109,0,-1,0.0,0.0,0,0,0,,6,460,1,6271,8889109,0,83,0.0,0.0,55,4,-85,LTE,2147483647,2147483647,2147483647,2147483647,0,60,0.0,0.0,47,4,-93,LTE,2147483647,2147483647,2147483647,2147483647,0,13,0.0,0.0,43,3,-97,LTE,2147483647,2147483647,2147483647,2147483647,0,81,0.0,0.0,46,4,-94,LTE,2147483647,2147483647,2147483647,2147483647,0,414,0.0,0.0,44,3,-96,LTE,2147483647,2147483647,2147483647,2147483647,0,416,0.0,0.0,35,3,-105,LTE
1511168819872,121.21055894,31.28761491,63.0,21.0,0.88645357,-111,true,-1,-1,5,98.0,4000.0,33.22906494140625,-8.31756591796875,39.12200927734375,2.36860990524292,1.3625065088272095,-3.0600085258483887,460,1,6271,8889109,0,-1,0.0,0.0,0,0,0,,4,460,1,6271,8889109,0,83,0.0,0.0,59,4,-81,LTE,2147483647,2147483647,2147483647,2147483647,0,60,0.0,0.0,53,4,-87,LTE,2147483647,2147483647,2147483647,2147483647,0,414,0.0,0.0,38,3,-102,LTE,2147483647,2147483647,2147483647,2147483647,0,81,0.0,0.0,49,4,-91,LTE
1511168822811,121.21055894,31.28761491,63.0,21.0,0.88645357,-110,true,-1,-1,5,98.0,4000.0,25.09002685546875,-12.8173828125,48.4222412109375,-1.8440282344818115,1.3625410795211792,1.3239312171936035,460,1,6271,8889109,0,-1,0.0,0.0,0,0,0,,5,460,1,6271,8889109,0,83,0.0,0.0,58,4,-82,LTE,2147483647,2147483647,2147483647,2147483647,0,60,0.0,0.0,53,4,-87,LTE,2147483647,2147483647,2147483647,2147483647,0,414,0.0,0.0,46,4,-94,LTE,2147483647,2147483647,2147483647,2147483647,0,81,0.0,0.0,54,4,-86,LTE,2147483647,2147483647,2147483647,2147483647,0,13,0.0,0.0,46,4,-94,LTE
1511168825805,121.21053778,31.28795973,57.0,15.0,1.9623711,-110,true,-1,-1,5,98.0,4000.0,29.58984375,-10.1165771484375,44.82269287109375,-2.9626801013946533,1.491563320159912,2.37709641456604,460,1,6271,8889109,0,-1,0.0,0.0,0,0,0,,2,460,1,6271,8889109,0,83,0.0,0.0,62,4,-78,LTE,2147483647,2147483647,2147483647,2147483647,0,414,0.0,0.0,42,3,-98,LTE
1511168829002,121.21053778,31.28795973,57.0,15.0,1.9623711,-111,true,-1,-1,5,98.0,4000.0,37.55950927734375,-12.8173828125,46.6217041015625,2.550708293914795,1.489104986190796,3.0625150203704834,460,1,6271,8889109,0,-1,0.0,0.0,0,0,0,,4,460,1,6271,8889109,0,83,0.0,0.0,55,4,-85,LTE,2147483647,2147483647,2147483647,2147483647,0,81,0.0,0.0,44,3,-96,LTE,2147483647,2147483647,2147483647,2147483647,0,60,0.0,0.0,39,3,-101,LTE,2147483647,2147483647,2147483647,2147483647,0,414,0.0,0.0,37,3,-103,LTE
1511168831959,121.21053778,31.28795973,57.0,15.0,1.9623711,-109,true,-1,-1,5,98.0,4000.0,41.71905517578125,-16.41693115234375,44.82269287109375,1.4765759706497192,1.5304386615753174,-2.2152719497680664,460,1,6271,8889109,0,-1,0.0,0.0,0,0,0,,4,460,1,6271,8889109,0,83,0.0,0.0,60,4,-80,LTE,2147483647,2147483647,2147483647,2147483647,0,81,0.0,0.0,53,4,-87,LTE,2147483647,2147483647,2147483647,2147483647,0,60,0.0,0.0,41,3,-99,LTE,2147483647,2147483647,2147483647,2147483647,0,414,0.0,0.0,44,3,-96,LTE
1511168835180,121.21053778,31.28795973,57.0,15.0,1.9623711,-109,true,-1,-1,5,98.0,4000.0,50.54931640625,-17.31719970703125,42.7215576171875,0.876811146736145,1.3798718452453613,-1.698317050933838,460,1,6271,8889109,0,-1,0.0,0.0,0,0,0,,4,460,1,6271,8889109,0,83,0.0,0.0,64,4,-76,LTE,2147483647,2147483647,2147483647,2147483647,0,81,0.0,0.0,56,4,-84,LTE,2147483647,2147483647,2147483647,2147483647,0,60,0.0,0.0,35,3,-105,LTE,2147483647,2147483647,2147483647,2147483647,0,414,0.0,0.0,48,4,-92,LTE
1511168838123,121.21074532,31.28783178,17.0,29.0,0.9350936,-109,true,-1,-1,5,98.0,4000.0,54.52880859375,-14.0167236328125,34.6221923828125,0.8188737034797668,1.4134538173675537,-1.7927535772323608,460,1,6271,8889109,0,-1,0.0,0.0,0,0,0,,5,460,1,6271,8889109,0,83,0.0,0.0,68,4,-72,LTE,2147483647,2147483647,2147483647,2147483647,0,81,0.0,0.0,55,4,-85,LTE,2147483647,2147483647,2147483647,2147483647,0,60,0.0,0.0,34,2,-106,LTE,2147483647,2147483647,2147483647,2147483647,0,414,0.0,0.0,41,3,-99,LTE,2147483647,2147483647,2147483647,2147483647,0,13,0.0,0.0,36,3,-104,LTE
1511168841351,121.21074532,31.28783178,17.0,29.0,0.9350936,-109,true,-1,-1,5,98.0,4000.0,58.68988037109375,-8.31756591796875,32.22198486328125,0.7322287559509277,1.4254274368286133,-1.7835773229599,460,1,6271,8889109,0,-1,0.0,0.0,0,0,0,,5,460,1,6271,8889109,0,83,0.0,0.0,62,4,-78,LTE,2147483647,2147483647,2147483647,2147483647,0,81,0.0,0.0,55,4,-85,LTE,2147483647,2147483647,2147483647,2147483647,0,60,0.0,0.0,42,3,-98,LTE,2147483647,2147483647,2147483647,2147483647,0,414,0.0,0.0,46,4,-94,LTE,2147483647,2147483647,2147483647,2147483647,0,13,0.0,0.0,52,4,-88,LTE
1511168844304,121.21074532,31.28783178,17.0,29.0,0.9350936,-109,true,-1,-1,5,98.0,4000.0,29.24957275390625,-5.9173583984375,36.42120361328125,3.071927785873413,1.4171979427337646,2.535165786743164,460,1,6271,8889109,0,-1,0.0,0.0,0,0,0,,5,460,1,6271,8889109,0,83,0.0,0.0,64,4,-76,LTE,2147483647,2147483647,2147483647,2147483647,0,81,0.0,0.0,57,4,-83,LTE,2147483647,2147483647,2147483647,2147483647,0,60,0.0,0.0,37,3,-103,LTE,2147483647,2147483647,2147483647,2147483647,0,414,0.0,0.0,44,3,-96,LTE,2147483647,2147483647,2147483647,2147483647,0,13,0.0,0.0,41,3,-99,LTE
1511168847303,121.21078599,31.288183,45.0,13.0,1.3110682,-109,true,-1,-1,5,98.0,4000.0,28.37982177734375,-7.41729736328125,42.7215576171875,1.521164894104004,0.90394526720047,-1.9801725149154663,460,1,6271,8889109,0,-1,0.0,0.0,0,0,0,,6,460,1,6271,8889109,0,83,0.0,0.0,59,4,-81,LTE,2147483647,2147483647,2147483647,2147483647,0,81,0.0,0.0,45,4,-95,LTE,2147483647,2147483647,2147483647,2147483647,0,60,0.0,0.0,36,3,-104,LTE,2147483647,2147483647,2147483647,2147483647,0,414,0.0,0.0,36,3,-104,LTE,2147483647,2147483647,2147483647,2147483647,0,13,0.0,0.0,46,4,-94,LTE,2147483647,2147483647,2147483647,2147483647,0,369,0.0,0.0,31,2,-109,LTE
1511168850488,121.21078599,31.288183,45.0,13.0,1.3110682,-111,true,-1,-1,5,98.0,4000.0,28.20892333984375,-7.41729736328125,41.22161865234375,1.7351852655410767,1.2664552927017212,-2.297109842300415,460,1,6271,8889109,0,-1,0.0,0.0,0,0,0,,8,460,1,6271,8889109,0,83,0.0,0.0,58,4,-82,LTE,2147483647,2147483647,2147483647,2147483647,0,81,0.0,0.0,51,4,-89,LTE,2147483647,2147483647,2147483647,2147483647,0,60,0.0,0.0,48,4,-92,LTE,2147483647,2147483647,2147483647,2147483647,0,414,0.0,0.0,43,3,-97,LTE,2147483647,2147483647,2147483647,2147483647,0,13,0.0,0.0,48,4,-92,LTE,2147483647,2147483647,2147483647,2147483647,0,369,0.0,0.0,45,4,-95,LTE,2147483647,2147483647,2147483647,2147483647,0,198,0.0,0.0,33,2,-107,LTE,2147483647,2147483647,2147483647,2147483647,0,14,0.0,0.0,44,3,-96,LTE
1511168853435,121.21078599,31.288183,45.0,13.0,1.3110682,-111,true,-1,-1,5,98.0,4000.0,22.83935546875,-11.31744384765625,48.12164306640625,-2.085023880004883,1.4101349115371704,1.6175687313079834,460,1,6271,8889109,0,-1,0.0,0.0,0,0,0,,8,460,1,6271,8889109,0,83,0.0,0.0,56,4,-84,LTE,2147483647,2147483647,2147483647,2147483647,0,81,0.0,0.0,46,4,-94,LTE,2147483647,2147483647,2147483647,2147483647,0,60,0.0,0.0,45,4,-95,LTE,2147483647,2147483647,2147483647,2147483647,0,414,0.0,0.0,44,3,-96,LTE,2147483647,2147483647,2147483647,2147483647,0,13,0.0,0.0,48,4,-92,LTE,2147483647,2147483647,2147483647,2147483647,0,297,0.0,0.0,44,3,-96,LTE,2147483647,2147483647,2147483647,2147483647,0,299,0.0,0.0,41,3,-99,LTE,2147483647,2147483647,2147483647,2147483647,0,14,0.0,0.0,40,3,-100,LTE
1511168856660,121.21082165,31.28815522,-12.0,15.0,1.2362847,-111,true,-1,-1,5,98.0,4000.0,34.26971435546875,-12.51678466796875,45.721435546875,2.8155338764190674,1.4489827156066895,2.8307321071624756,460,1,6271,8889109,0,-1,0.0,0.0,0,0,0,,7,460,1,6271,8889109,0,83,0.0,0.0,55,4,-85,LTE,2147483647,2147483647,2147483647,2147483647,0,81,0.0,0.0,49,4,-91,LTE,2147483647,2147483647,2147483647,2147483647,0,60,0.0,0.0,45,4,-95,LTE,2147483647,2147483647,2147483647,2147483647,0,414,0.0,0.0,41,3,-99,LTE,2147483647,2147483647,2147483647,2147483647,0,13,0.0,0.0,41,3,-99,LTE,2147483647,2147483647,2147483647,2147483647,0,297,0.0,0.0,37,3,-103,LTE,2147483647,2147483647,2147483647,2147483647,0,299,0.0,0.0,45,4,-95,LTE
1511168859609,121.21082165,31.28815522,-12.0,15.0,1.2362847,-109,true,-1,-1,5,98.0,4000.0,52.1087646484375,-22.71728515625,41.8212890625,0.18552257120609283,1.4980788230895996,-1.0749726295471191,460,1,6271,8889109,0,-1,0.0,0.0,0,0,0,,8,460,1,6271,8889109,0,83,0.0,0.0,58,4,-82,LTE,2147483647,2147483647,2147483647,2147483647,0,81,0.0,0.0,45,4,-95,LTE,2147483647,2147483647,2147483647,2147483647,0,60,0.0,0.0,47,4,-93,LTE,2147483647,2147483647,2147483647,2147483647,0,414,0.0,0.0,45,4,-95,LTE,2147483647,2147483647,2147483647,2147483647,0,14,0.0,0.0,47,4,-93,LTE,2147483647,2147483647,2147483647,2147483647,0,369,0.0,0.0,46,4,-94,LTE,2147483647,2147483647,2147483647,2147483647,0,299,0.0,0.0,41,3,-99,LTE,2147483647,2147483647,2147483647,2147483647,0,13,0.0,0.0,43,3,-97,LTE
1511168862601,121.21079703,31.2882299,30.0,18.0,0.7224957,-109,true,-1,-1,5,98.0,4000.0,56.95953369140625,-22.11761474609375,31.622314453125,1.2116278409957886,1.4385371208190918,-2.230473756790161,460,1,6271,8889109,0,-1,0.0,0.0,0,0,0,,8,460,1,6271,8889109,0,83,0.0,0.0,58,4,-82,LTE,2147483647,2147483647,2147483647,2147483647,0,81,0.0,0.0,48,4,-92,LTE,2147483647,2147483647,2147483647,2147483647,0,60,0.0,0.0,36,3,-104,LTE,2147483647,2147483647,2147483647,2147483647,0,13,0.0,0.0,47,4,-93,LTE,2147483647,2147483647,2147483647,2147483647,0,299,0.0,0.0,37,3,-103,LTE,2147483647,2147483647,2147483647,2147483647,0,414,0.0,0.0,41,3,-99,LTE,2147483647,2147483647,2147483647,2147483647,0,297,0.0,0.0,42,3,-98,LTE,2147483647,2147483647,2147483647,2147483647,0,369,0.0,0.0,51,4,-89,LTE
1511168865799,121.21079703,31.2882299,30.0,18.0,0.7224957,-109,true,-1,-1,5,98.0,4000.0,47.42889404296875,-12.21771240234375,34.32159423828125,-0.4049910008907318,1.4537063837051392,-0.551485538482666,460,1,6271,8889109,0,-1,0.0,0.0,0,0,0,,7,460,1,6271,8889109,0,83,0.0,0.0,56,4,-84,LTE,2147483647,2147483647,2147483647,2147483647,0,81,0.0,0.0,52,4,-88,LTE,2147483647,2147483647,2147483647,2147483647,0,60,0.0,0.0,43,3,-97,LTE,2147483647,2147483647,2147483647,2147483647,0,13,0.0,0.0,48,4,-92,LTE,2147483647,2147483647,2147483647,2147483647,0,299,0.0,0.0,43,3,-97,LTE,2147483647,2147483647,2147483647,2147483647,0,414,0.0,0.0,40,3,-100,LTE,2147483647,2147483647,2147483647,2147483647,0,297,0.0,0.0,48,4,-92,LTE
1511168868765,121.21123451,31.28871526,21.0,8.0,1.588238,-109,true,-1,-1,5,98.0,4000.0,48.3001708984375,-14.31732177734375,33.42132568359375,2.305453062057495,1.5088093280792236,3.0225000381469727,460,1,6271,8889109,0,-1,0.0,0.0,0,0,0,,7,460,1,6271,8889109,0,83,0.0,0.0,56,4,-84,LTE,2147483647,2147483647,2147483647,2147483647,0,81,0.0,0.0,50,4,-90,LTE,2147483647,2147483647,2147483647,2147483647,0,60,0.0,0.0,39,3,-101,LTE,2147483647,2147483647,2147483647,2147483647,0,13,0.0,0.0,34,2,-106,LTE,2147483647,2147483647,2147483647,2147483647,0,299,0.0,0.0,31,2,-109,LTE,2147483647,2147483647,2147483647,2147483647,0,414,0.0,0.0,37,3,-103,LTE,2147483647,2147483647,2147483647,2147483647,0,14,0.0,0.0,46,4,-94,LTE
1511168871966,121.21123451,31.28871526,21.0,8.0,1.588238,-109,true,-1,-1,5,98.0,4000.0,42.059326171875,-11.61651611328125,38.8214111328125,-2.958317756652832,1.418713927268982,2.129371166229248,460,1,6271,8889109,0,-1,0.0,0.0,0,0,0,,5,460,1,6271,8889109,0,83,0.0,0.0,56,4,-84,LTE,2147483647,2147483647,2147483647,2147483647,0,81,0.0,0.0,50,4,-90,LTE,2147483647,2147483647,2147483647,2147483647,0,60,0.0,0.0,36,3,-104,LTE,2147483647,2147483647,2147483647,2147483647,0,13,0.0,0.0,49,4,-91,LTE,2147483647,2147483647,2147483647,2147483647,0,414,0.0,0.0,35,3,-105,LTE
1511168874915,121.21118495,31.28870287,-68.0,19.0,2.6093104,-109,true,-1,-1,5,98.0,4000.0,36.00006103515625,-5.61676025390625,36.12213134765625,-2.266469717025757,1.443364143371582,1.4759763479232788,460,1,6271,8889109,0,-1,0.0,0.0,0,0,0,,3,460,1,6271,8889109,0,83,0.0,0.0,61,4,-79,LTE,2147483647,2147483647,2147483647,2147483647,0,81,0.0,0.0,52,4,-88,LTE,2147483647,2147483647,2147483647,2147483647,0,414,0.0,0.0,40,3,-100,LTE
1511168878148,121.21118495,31.28870287,-68.0,19.0,2.6093104,-110,true,-1,-1,5,98.0,4000.0,29.4189453125,-6.817626953125,34.32159423828125,1.3094978332519531,0.9578654766082764,-1.8624699115753174,460,1,6271,8889109,0,-1,0.0,0.0,0,0,0,,3,460,1,6271,8889109,0,83,0.0,0.0,66,4,-74,LTE,2147483647,2147483647,2147483647,2147483647,0,81,0.0,0.0,46,4,-94,LTE,2147483647,2147483647,2147483647,2147483647,0,414,0.0,0.0,35,3,-105,LTE
1511168881101,121.21118495,31.28870287,-68.0,19.0,2.6093104,-110,true,-1,-1,5,98.0,4000.0,34.7900390625,-9.51690673828125,40.02227783203125,1.5523909330368042,0.8838270902633667,-2.114865779876709,460,1,6271,8889109,0,-1,0.0,0.0,0,0,0,,3,460,1,6271,8889109,0,83,0.0,0.0,70,4,-70,LTE,2147483647,2147483647,2147483647,2147483647,0,81,0.0,0.0,46,4,-94,LTE,2147483647,2147483647,2147483647,2147483647,0,414,0.0,0.0,38,3,-102,LTE
1511168884076,121.21129467,31.28878052,-31.0,14.0,1.1682893,-109,true,-1,-1,5,98.0,4000.0,30.80902099609375,-10.1165771484375,42.12188720703125,-1.4261287450790405,1.3423160314559937,0.7462197542190552,460,1,6271,8889109,0,-1,0.0,0.0,0,0,0,,3,460,1,6271,8889109,0,83,0.0,0.0,66,4,-74,LTE,2147483647,2147483647,2147483647,2147483647,0,81,0.0,0.0,53,4,-87,LTE,2147483647,2147483647,2147483647,2147483647,0,414,0.0,0.0,42,3,-98,LTE
1511168887277,121.21129467,31.28878052,-31.0,14.0,1.1682893,-109,true,-1,-1,5,98.0,4000.0,27.33917236328125,-10.7177734375,42.7215576171875,-1.61069917678833,1.3283653259277344,0.9903945922851563,460,1,6271,8889109,0,-1,0.0,0.0,0,0,0,,2,460,1,6271,8889109,0,83,0.0,0.0,62,4,-78,LTE,2147483647,2147483647,2147483647,2147483647,0,81,0.0,0.0,55,4,-85,LTE
1511168890223,121.21137659,31.28864215,34.0,24.0,1.9678669,-109,true,-1,-1,5,98.0,4000.0,41.53900146484375,-16.41693115234375,42.7215576171875,3.0778770446777344,1.4882808923721313,2.435173511505127,460,1,6271,8889109,0,-1,0.0,0.0,0,0,0,,4,460,1,6271,8889109,0,83,0.0,0.0,67,4,-73,LTE,2147483647,2147483647,2147483647,2147483647,0,13,0.0,0.0,54,4,-86,LTE,2147483647,2147483647,2147483647,2147483647,0,81,0.0,0.0,48,4,-92,LTE,2147483647,2147483647,2147483647,2147483647,0,60,0.0,0.0,48,4,-92,LTE
1511168893455,121.21137659,31.28864215,34.0,24.0,1.9678669,-109,true,-1,-1,5,98.0,4000.0,36.18011474609375,-13.116455078125,45.42236328125,-1.022718906402588,1.5248017311096191,0.34075772762298584,460,1,6271,8889109,0,-1,0.0,0.0,0,0,0,,6,460,1,6271,8889109,0,83,0.0,0.0,64,4,-76,LTE,2147483647,2147483647,2147483647,2147483647,0,13,0.0,0.0,48,4,-92,LTE,2147483647,2147483647,2147483647,2147483647,0,60,0.0,0.0,39,3,-101,LTE,2147483647,2147483647,2147483647,2147483647,0,81,0.0,0.0,51,4,-89,LTE,2147483647,2147483647,2147483647,2147483647,0,414,0.0,0.0,43,3,-97,LTE,2147483647,2147483647,2147483647,2147483647,0,416,0.0,0.0,39,3,-101,LTE
1511168896403,121.21137659,31.28864215,34.0,24.0,1.9678669,-109,true,-1,-1,5,98.0,4000.0,50.71868896484375,-18.817138671875,34.6221923828125,0.28257113695144653,1.3908202648162842,-1.2347491979599,460,1,6271,8889109,0,-1,0.0,0.0,0,0,0,,7,460,1,6271,8889109,0,83,0.0,0.0,60,4,-80,LTE,2147483647,2147483647,2147483647,2147483647,0,13,0.0,0.0,51,4,-89,LTE,2147483647,2147483647,2147483647,2147483647,0,60,0.0,0.0,39,3,-101,LTE,2147483647,2147483647,2147483647,2147483647,0,81,0.0,0.0,43,3,-97,LTE,2147483647,2147483647,2147483647,2147483647,0,414,0.0,0.0,40,3,-100,LTE,2147483647,2147483647,2147483647,2147483647,0,14,0.0,0.0,49,4,-91,LTE,2147483647,2147483647,2147483647,2147483647,0,369,0.0,0.0,40,3,-100,LTE
1511168899634,121.21137659,31.28864215,34.0,24.0,1.9678669,-110,true,-1,-1,5,98.0,4000.0,55.74951171875,-21.51641845703125,32.5225830078125,0.911353588104248,1.450226068496704,-1.9186773300170898,460,1,6271,8889109,0,-1,0.0,0.0,0,0,0,,7,460,1,6271,8889109,0,83,0.0,0.0,61,4,-79,LTE,2147483647,2147483647,2147483647,2147483647,0,13,0.0,0.0,52,4,-88,LTE,2147483647,2147483647,2147483647,2147483647,0,60,0.0,0.0,41,3,-99,LTE,2147483647,2147483647,2147483647,2147483647,0,81,0.0,0.0,49,4,-91,LTE,2147483647,2147483647,2147483647,2147483647,0,414,0.0,0.0,42,3,-98,LTE,2147483647,2147483647,2147483647,2147483647,0,416,0.0,0.0,39,3,-101,LTE,2147483647,2147483647,2147483647,2147483647,0,14,0.0,0.0,46,4,-94,LTE
1511168902572,121.21141092,31.28879131,-28.0,19.0,2.0902152,-109,true,-1,-1,5,98.0,4000.0,43.0999755859375,-11.31744384765625,32.22198486328125,0.16779504716396332,1.4019187688827515,-1.0883722305297852,460,1,6271,8889109,0,-1,0.0,0.0,0,0,0,,2,460,1,6271,8889109,0,83,0.0,0.0,66,4,-74,LTE,2147483647,2147483647,2147483647,2147483647,0,13,0.0,0.0,96,4,-44,LTE
1511168905551,121.21141092,31.28879131,-28.0,19.0,2.0902152,-109,true,-1,-1,5,98.0,4000.0,33.91876220703125,-9.51690673828125,42.7215576171875,-2.0711917877197266,1.399031639099121,1.3799505233764648,460,1,6271,8889109,0,-1,0.0,0.0,0,0,0,,7,460,1,6271,8889109,0,83,0.0,0.0,68,4,-72,LTE,2147483647,2147483647,2147483647,2147483647,0,13,0.0,0.0,47,4,-93,LTE,2147483647,2147483647,2147483647,2147483647,0,414,0.0,0.0,38,3,-102,LTE,2147483647,2147483647,2147483647,2147483647,0,81,0.0,0.0,47,4,-93,LTE,2147483647,2147483647,2147483647,2147483647,0,416,0.0,0.0,38,3,-102,LTE,2147483647,2147483647,2147483647,2147483647,0,14,0.0,0.0,54,4,-86,LTE,2147483647,2147483647,2147483647,2147483647,0,60,0.0,0.0,53,4,-87,LTE
1511168908764,121.21144652,31.288843,42.0,13.0,1.7399426,-109,true,-1,-1,5,98.0,4000.0,34.09881591796875,-9.8175048828125,35.821533203125,1.6013669967651367,0.9102529287338257,-2.215529441833496,460,1,6271,8889109,0,-1,0.0,0.0,0,0,0,,7,460,1,6271,8889109,0,83,0.0,0.0,60,4,-80,LTE,2147483647,2147483647,2147483647,2147483647,0,13,0.0,0.0,48,4,-92,LTE,2147483647,2147483647,2147483647,2147483647,0,414,0.0,0.0,41,3,-99,LTE,2147483647,2147483647,2147483647,2147483647,0,81,0.0,0.0,50,4,-90,LTE,2147483647,2147483647,2147483647,2147483647,0,416,0.0,0.0,43,3,-97,LTE,2147483647,2147483647,2147483647,2147483647,0,14,0.0,0.0,45,4,-95,LTE,2147483647,2147483647,2147483647,2147483647,0,60,0.0,0.0,42,3,-98,LTE
1511168911711,121.21144652,31.288843,42.0,13.0,1.7399426,-109,true,-1,-1,5,98.0,4000.0,21.44927978515625,-15.51666259765625,55.322265625,-2.943634271621704,1.4480931758880615,2.5689165592193604,460,1,6271,8889109,0,-1,0.0,0.0,0,0,0,,7,460,1,6271,8889109,0,83,0.0,0.0,68,4,-72,LTE,2147483647,2147483647,2147483647,2147483647,0,13,0.0,0.0,58,4,-82,LTE,2147483647,2147483647,2147483647,2147483647,0,414,0.0,0.0,42,3,-98,LTE,2147483647,2147483647,2147483647,2147483647,0,81,0.0,0.0,48,4,-92,LTE,2147483647,2147483647,2147483647,2147483647,0,60,0.0,0.0,38,3,-102,LTE,2147483647,2147483647,2147483647,2147483647,0,14,0.0,0.0,49,4,-91,LTE,2147483647,2147483647,2147483647,2147483647,0,198,0.0,0.0,36,3,-104,LTE
1511168914942,121.21146578,31.2888602,89.0,7.0,1.1182575,-109,true,-1,-1,5,98.0,4000.0,27.69012451171875,-14.31732177734375,52.92205810546875,0.13771122694015503,1.383741021156311,-0.6112712621688843,460,1,6271,8889109,0,-1,0.0,0.0,0,0,0,,2,460,1,6271,8889109,0,83,0.0,0.0,59,4,-81,LTE,2147483647,2147483647,2147483647,2147483647,0,414,0.0,0.0,31,2,-109,LTE
1511168917881,121.21146578,31.2888602,89.0,7.0,1.1182575,-109,true,-1,-1,5,98.0,4000.0,40.84930419921875,-17.0166015625,42.7215576171875,0.4627821147441864,1.4061651229858398,-1.1992429494857788,460,1,6271,8889109,0,-1,0.0,0.0,0,0,0,,6,460,1,6271,8889109,0,83,0.0,0.0,63,4,-77,LTE,2147483647,2147483647,2147483647,2147483647,0,414,0.0,0.0,39,3,-101,LTE,2147483647,2147483647,2147483647,2147483647,0,369,0.0,0.0,43,3,-97,LTE,2147483647,2147483647,2147483647,2147483647,0,416,0.0,0.0,40,3,-100,LTE,2147483647,2147483647,2147483647,2147483647,0,13,0.0,0.0,52,4,-88,LTE,2147483647,2147483647,2147483647,2147483647,0,81,0.0,0.0,49,4,-91,LTE
1511168920872,121.21163364,31.28912247,48.0,9.0,1.8094198,-109,true,-1,-1,5,98.0,4000.0,42.9290771484375,-16.41693115234375,41.522216796875,1.1505409479141235,1.2926353216171265,-1.866561770439148,460,1,6271,8889109,0,-1,0.0,0.0,0,0,0,,5,460,1,6271,8889109,0,83,0.0,0.0,67,4,-73,LTE,2147483647,2147483647,2147483647,2147483647,0,414,0.0,0.0,50,4,-90,LTE,2147483647,2147483647,2147483647,2147483647,0,81,0.0,0.0,49,4,-91,LTE,2147483647,2147483647,2147483647,2147483647,0,14,0.0,0.0,49,4,-91,LTE,2147483647,2147483647,2147483647,2147483647,0,13,0.0,0.0,58,4,-82,LTE
1511168924071,121.21163364,31.28912247,48.0,9.0,1.8094198,-109,true,-1,-1,5,98.0,4000.0,42.2393798828125,-13.41705322265625,34.32159423828125,1.3396059274673462,1.2739461660385132,-2.1445915699005127,460,1,6271,8889110,0,-1,0.0,0.0,0,0,0,,2,460,1,6271,8889110,0,83,0.0,0.0,57,4,-83,LTE,2147483647,2147483647,2147483647,2147483647,0,81,0.0,0.0,40,3,-100,LTE
1511168927054,121.2116079,31.28907683,13.0,9.0,1.1130588,-112,true,-1,-1,5,98.0,4000.0,33.58001708984375,-11.31744384765625,-7.67822265625,-0.4927026927471161,0.8305259346961975,-1.5290485620498657,460,1,6271,8889110,0,-1,0.0,0.0,0,0,0,,2,460,1,6271,8889110,0,83,0.0,0.0,57,4,-83,LTE,2147483647,2147483647,2147483647,2147483647,0,81,0.0,0.0,36,3,-104,LTE
1511168930121,121.21180229,31.28917739,9.0,8.0,1.2822247,-112,true,-1,-1,5,98.0,4000.0,1.190185546875,-27.5177001953125,-21.77734375,3.098360061645508,-0.1942860335111618,0.09982417523860931,460,1,6271,8889110,0,-1,0.0,0.0,0,0,0,,2,460,1,6271,8889110,0,83,0.0,0.0,59,4,-81,LTE,2147483647,2147483647,2147483647,2147483647,0,81,0.0,0.0,45,4,-95,LTE
1511168933190,121.21180256,31.289285,0.0,10.0,2.544032,-109,true,-1,-1,5,98.0,4000.0,-5.39093017578125,-31.7169189453125,-21.77734375,2.903276205062866,-0.06696799397468567,0.09079087525606155,460,1,6271,8889110,0,-1,0.0,0.0,0,0,0,,2,460,1,6271,8889110,0,83,0.0,0.0,65,4,-75,LTE,2147483647,2147483647,2147483647,2147483647,0,81,0.0,0.0,43,3,-97,LTE
1511168936267,121.21184314,31.28922995,-2.0,7.0,2.1681328,-109,true,-1,-1,5,98.0,4000.0,-1.409912109375,-39.21661376953125,-24.4781494140625,2.959967851638794,-0.22232383489608765,0.19232848286628723,460,1,6271,8889110,0,-1,0.0,0.0,0,0,0,,2,460,1,6271,8889110,0,83,0.0,0.0,73,4,-67,LTE,2147483647,2147483647,2147483647,2147483647,0,81,0.0,0.0,58,4,-82,LTE
1511168939320,121.21181868,31.28925105,1.0,10.0,2.155226,-109,true,-1,-1,5,98.0,4000.0,-23.06060791015625,-25.7171630859375,16.021728515625,2.2658450603485107,-0.32735803723335266,-1.2193247079849243,460,1,6271,8889110,0,-1,0.0,0.0,0,0,0,,1,460,1,6271,8889110,0,83,0.0,0.0,71,4,-69,LTE
1511168942392,121.21185299,31.28926349,27.0,8.0,2.2299104,-109,true,-1,-1,5,98.0,4000.0,9.3292236328125,-28.41644287109375,59.521484375,1.8438210487365723,0.5823049545288086,-1.5049164295196533,460,1,6271,8889110,0,-1,0.0,0.0,0,0,0,,1,460,1,6271,8889110,0,83,0.0,0.0,69,4,-71,LTE
1511168945448,121.21194602,31.2893039,3.0,7.0,1.7000295,-109,true,-1,-1,5,98.0,4000.0,-31.201171875,-41.01715087890625,6.121826171875,2.506402015686035,-0.0067979684099555016,-0.5136659741401672,460,1,6271,8889110,0,-1,0.0,0.0,0,0,0,,2,460,1,6271,8889110,0,83,0.0,0.0,75,4,-65,LTE,2147483647,2147483647,2147483647,2147483647,0,81,0.0,0.0,52,4,-88,LTE
1511168948503,121.21194602,31.2893039,3.0,7.0,1.7000295,-109,true,-1,-1,5,98.0,4000.0,-7.82012939453125,-44.317626953125,-23.577880859375,2.912576675415039,-0.08796948194503784,0.08630863577127457,460,1,6271,8889110,0,-1,0.0,0.0,0,0,0,,2,460,1,6271,8889110,0,83,0.0,0.0,66,4,-74,LTE,2147483647,2147483647,2147483647,2147483647,0,81,0.0,0.0,47,4,-93,LTE
1511168951556,121.21202393,31.28929669,10.0,6.0,2.8321192,-109,true,-1,-1,5,98.0,4000.0,-17.340087890625,-41.3177490234375,-7.67822265625,2.776860237121582,0.13535438477993011,-0.13548141717910767,460,1,6271,8889110,0,-1,0.0,0.0,0,0,0,,2,460,1,6271,8889110,0,83,0.0,0.0,61,4,-79,LTE,2147483647,2147483647,2147483647,2147483647,0,81,0.0,0.0,41,3,-99,LTE
