IMEI:862305032225518
IMSI:460011640368461
OSVersion:3.10.73-perf-g94fc9a6
apiLevel:5.1.1
model:Redmi Note 3
device:kenzo
product:kenzo
186
1511171599812,121.21205614,31.2893671,11.0,10.0,1.3064839,-109,true,-1,-1,5,97.0,4000.0,50.71868896484375,-83.61663818359375,7.0220947265625,-2.525181770324707,-0.45877042412757874,0.29874369502067566,460,1,6271,8889109,0,-1,0.0,0.0,0,0,0,,3,460,1,6271,8889109,0,83,0.0,0.0,75,4,-65,LTE,2147483647,2147483647,2147483647,2147483647,0,81,0.0,0.0,54,4,-86,LTE,2147483647,2147483647,2147483647,2147483647,0,98,0.0,0.0,64,4,-76,LTE
1511171602797,121.21205614,31.2893671,11.0,10.0,1.3064839,-109,true,-1,-1,5,97.0,4000.0,-22.19085693359375,-65.91644287109375,2.52227783203125,2.970935583114624,0.7883432507514954,-1.1984341144561768,460,1,6271,8889109,0,-1,0.0,0.0,0,0,0,,4,460,1,6271,8889109,0,83,0.0,0.0,72,4,-68,LTE,2147483647,2147483647,2147483647,2147483647,0,81,0.0,0.0,51,4,-89,LTE,2147483647,2147483647,2147483647,2147483647,0,13,0.0,0.0,45,4,-95,LTE,2147483647,2147483647,2147483647,2147483647,0,98,0.0,0.0,64,4,-76,LTE
1511171606082,121.21195082,31.28939548,-18.0,14.0,1.4741099,-109,true,-1,-1,5,97.0,4000.0,-11.4501953125,-14.9169921875,34.32159423828125,-1.719264030456543,1.3899247646331787,1.969085931777954,460,1,6271,8889109,0,-1,0.0,0.0,0,0,0,,4,460,1,6271,8889109,0,83,0.0,0.0,65,4,-75,LTE,2147483647,2147483647,2147483647,2147483647,0,81,0.0,0.0,45,4,-95,LTE,2147483647,2147483647,2147483647,2147483647,0,414,0.0,0.0,38,3,-102,LTE,2147483647,2147483647,2147483647,2147483647,0,98,0.0,0.0,61,4,-79,LTE
1511171609200,121.21195082,31.28939548,-18.0,14.0,1.4741099,-110,true,-1,-1,5,97.0,4000.0,-10.07080078125,-13.41705322265625,-2.8778076171875,2.495840549468994,1.2881723642349243,-0.44620147347450256,460,1,6271,8889109,0,-1,0.0,0.0,0,0,0,,7,460,1,6271,8889109,0,83,0.0,0.0,63,4,-77,LTE,2147483647,2147483647,2147483647,2147483647,0,81,0.0,0.0,48,4,-92,LTE,2147483647,2147483647,2147483647,2147483647,0,414,0.0,0.0,40,3,-100,LTE,2147483647,2147483647,2147483647,2147483647,0,369,0.0,0.0,38,3,-102,LTE,2147483647,2147483647,2147483647,2147483647,0,14,0.0,0.0,39,3,-101,LTE,2147483647,2147483647,2147483647,2147483647,0,13,0.0,0.0,44,3,-96,LTE,2147483647,2147483647,2147483647,2147483647,0,98,0.0,0.0,55,4,-85,LTE
1511171612158,121.2118839,31.28925958,1.0,23.0,0.29206166,-110,true,-1,-1,5,97.0,4000.0,-15.7806396484375,-28.717041015625,-8.5784912109375,-0.3803401291370392,1.4817428588867188,2.394853353500366,460,1,6271,8889109,0,-1,0.0,0.0,0,0,0,,7,460,1,6271,8889109,0,83,0.0,0.0,59,4,-81,LTE,2147483647,2147483647,2147483647,2147483647,0,81,0.0,0.0,46,4,-94,LTE,2147483647,2147483647,2147483647,2147483647,0,414,0.0,0.0,34,2,-106,LTE,2147483647,2147483647,2147483647,2147483647,0,369,0.0,0.0,38,3,-102,LTE,2147483647,2147483647,2147483647,2147483647,0,14,0.0,0.0,42,3,-98,LTE,2147483647,2147483647,2147483647,2147483647,0,13,0.0,0.0,44,3,-96,LTE,2147483647,2147483647,2147483647,2147483647,0,98,0.0,0.0,55,4,-85,LTE
1511171615118,121.2118839,31.28925958,1.0,23.0,0.29206166,-110,true,-1,-1,5,97.0,4000.0,-23.06060791015625,-29.9163818359375,5.2215576171875,-2.68888521194458,0.9691995978355408,-2.5040342807769775,460,1,6271,8889109,0,-1,0.0,0.0,0,0,0,,2,460,1,6271,8889109,0,83,0.0,0.0,61,4,-79,LTE,2147483647,2147483647,2147483647,2147483647,0,98,0.0,0.0,53,4,-87,LTE
1511171618347,121.21195076,31.28939509,19.0,20.0,1.002447,-109,true,-1,-1,5,97.0,4000.0,-18.2098388671875,-17.9168701171875,20.22247314453125,-1.0989012718200684,1.4072967767715454,1.7298963069915771,460,1,6271,8889109,0,-1,0.0,0.0,0,0,0,,3,460,1,6271,8889109,0,83,0.0,0.0,59,4,-81,LTE,2147483647,2147483647,2147483647,2147483647,0,14,0.0,0.0,50,4,-90,LTE,2147483647,2147483647,2147483647,2147483647,0,98,0.0,0.0,53,4,-87,LTE
1511171621284,121.21195076,31.28939509,19.0,20.0,1.002447,-109,true,-1,-1,5,97.0,4000.0,-12.4908447265625,-15.8172607421875,2.52227783203125,-2.8010547161102295,1.4158833026885986,-2.170905113220215,460,1,6271,8889109,0,-1,0.0,0.0,0,0,0,,3,460,1,6271,8889109,0,83,0.0,0.0,66,4,-74,LTE,2147483647,2147483647,2147483647,2147483647,0,14,0.0,0.0,48,4,-92,LTE,2147483647,2147483647,2147483647,2147483647,0,98,0.0,0.0,53,4,-87,LTE
1511171624261,121.21192697,31.28939164,-10.0,21.0,1.1401755,-109,true,-1,-1,5,97.0,4000.0,-16.13006591796875,-15.21759033203125,4.022216796875,-0.23404987156391144,1.4429694414138794,1.5315483808517456,460,1,6271,8889109,0,-1,0.0,0.0,0,0,0,,3,460,1,6271,8889109,0,83,0.0,0.0,63,4,-77,LTE,2147483647,2147483647,2147483647,2147483647,0,81,0.0,0.0,46,4,-94,LTE,2147483647,2147483647,2147483647,2147483647,0,414,0.0,0.0,37,3,-103,LTE
1511171627476,121.21192697,31.28939164,-10.0,21.0,1.1401755,-109,true,-1,-1,5,97.0,4000.0,-18.2098388671875,-20.31707763671875,28.021240234375,-2.9414992332458496,0.8572131395339966,-2.797316312789917,460,1,6271,8889109,0,-1,0.0,0.0,0,0,0,,5,460,1,6271,8889109,0,83,0.0,0.0,64,4,-76,LTE,2147483647,2147483647,2147483647,2147483647,0,81,0.0,0.0,48,4,-92,LTE,2147483647,2147483647,2147483647,2147483647,0,369,0.0,0.0,45,4,-95,LTE,2147483647,2147483647,2147483647,2147483647,0,414,0.0,0.0,35,3,-105,LTE,2147483647,2147483647,2147483647,2147483647,0,198,0.0,0.0,43,3,-97,LTE
1511171630424,121.21181541,31.28911021,7.0,20.0,4.3293653,-109,true,-1,-1,5,97.0,4000.0,-22.01995849609375,-23.6175537109375,23.822021484375,-2.6196792125701904,1.2279552221298218,-3.0159642696380615,460,1,6271,8889109,0,-1,0.0,0.0,0,0,0,,4,460,1,6271,8889109,0,83,0.0,0.0,70,4,-70,LTE,2147483647,2147483647,2147483647,2147483647,0,81,0.0,0.0,45,4,-95,LTE,2147483647,2147483647,2147483647,2147483647,0,60,0.0,0.0,45,4,-95,LTE,2147483647,2147483647,2147483647,2147483647,0,198,0.0,0.0,43,3,-97,LTE
1511171633655,121.21181541,31.28911021,7.0,20.0,4.3293653,-109,true,-1,-1,5,97.0,4000.0,-19.41986083984375,-19.41680908203125,10.9222412109375,2.4037551879882813,1.5187408924102783,-1.3154410123825073,460,1,6271,8889110,0,-1,0.0,0.0,0,0,0,,3,460,1,6271,8889110,0,83,0.0,0.0,58,4,-82,LTE,2147483647,2147483647,2147483647,2147483647,0,81,0.0,0.0,39,3,-101,LTE,2147483647,2147483647,2147483647,2147483647,0,0,0.0,0.0,97,4,0,LTE
1511171636593,121.21181541,31.28911021,7.0,20.0,4.3293653,-118,true,-1,-1,5,97.0,4000.0,-11.4501953125,-13.116455078125,7.92236328125,3.116342782974243,1.4360789060592651,-2.147848129272461,460,1,6271,8889110,0,-1,0.0,0.0,0,0,0,,3,460,1,6271,8889110,0,83,0.0,0.0,56,4,-84,LTE,2147483647,2147483647,2147483647,2147483647,0,81,0.0,0.0,38,3,-102,LTE,2147483647,2147483647,2147483647,2147483647,0,98,0.0,0.0,57,4,-83,LTE
1511171639831,121.21170671,31.28907633,-31.0,17.0,0.864523,-114,true,-1,-1,5,97.0,4000.0,-15.0909423828125,-16.717529296875,2.2216796875,3.0381665229797363,1.4382332563400269,-1.5994832515716553,460,1,6271,8889110,0,-1,0.0,0.0,0,0,0,,3,460,1,6271,8889110,0,83,0.0,0.0,53,4,-87,LTE,2147483647,2147483647,2147483647,2147483647,0,81,0.0,0.0,40,3,-100,LTE,2147483647,2147483647,2147483647,2147483647,0,98,0.0,0.0,51,4,-89,LTE
1511171642775,121.21170671,31.28907633,-31.0,17.0,0.864523,-115,true,-1,-1,5,97.0,4000.0,-14.05029296875,-30.517578125,-12.17803955078125,-2.843843936920166,0.8889268636703491,-1.4044770002365112,460,1,6271,8889110,0,-1,0.0,0.0,0,0,0,,4,460,1,6271,8889110,0,83,0.0,0.0,55,4,-85,LTE,2147483647,2147483647,2147483647,2147483647,0,81,0.0,0.0,43,3,-97,LTE,2147483647,2147483647,2147483647,2147483647,0,98,0.0,0.0,51,4,-89,LTE,2147483647,2147483647,2147483647,2147483647,0,96,0.0,0.0,39,3,-101,LTE
1511171645734,121.21170317,31.28908033,-24.0,19.0,2.7204595,-115,true,-1,-1,5,97.0,4000.0,-15.61126708984375,-16.11785888671875,6.72149658203125,-1.3774417638778687,1.3655292987823486,2.3428025245666504,460,1,6271,8889110,0,-1,0.0,0.0,0,0,0,,5,460,1,6271,8889110,0,83,0.0,0.0,54,4,-86,LTE,2147483647,2147483647,2147483647,2147483647,0,81,0.0,0.0,42,3,-98,LTE,2147483647,2147483647,2147483647,2147483647,0,83,0.0,0.0,61,4,-79,LTE,2147483647,2147483647,2147483647,2147483647,0,13,0.0,0.0,39,3,-101,LTE,2147483647,2147483647,2147483647,2147483647,0,60,0.0,0.0,31,2,-109,LTE
1511171648963,121.21170317,31.28908033,-24.0,19.0,2.7204595,-113,true,-1,-1,5,97.0,4000.0,-16.30096435546875,-19.11773681640625,4.3212890625,2.314436674118042,1.3590087890625,-0.8355678915977478,460,1,6271,8889110,0,-1,0.0,0.0,0,0,0,,3,460,1,6271,8889110,0,83,0.0,0.0,57,4,-83,LTE,2147483647,2147483647,2147483647,2147483647,0,81,0.0,0.0,40,3,-100,LTE,2147483647,2147483647,2147483647,2147483647,0,484,0.0,0.0,32,2,-108,LTE
1511171651901,121.21148634,31.28892792,-19.0,16.0,1.4213022,-113,true,-1,-1,5,97.0,4000.0,-12.84027099609375,-14.31732177734375,6.72149658203125,2.5893051624298096,1.3926517963409424,-1.4154845476150513,460,1,6271,8889110,0,-1,0.0,0.0,0,0,0,,3,460,1,6271,8889110,0,83,0.0,0.0,60,4,-80,LTE,2147483647,2147483647,2147483647,2147483647,0,81,0.0,0.0,50,4,-90,LTE,2147483647,2147483647,2147483647,2147483647,0,484,0.0,0.0,50,4,-90,LTE
1511171654873,121.21148634,31.28892792,-19.0,16.0,1.4213022,-110,true,-1,-1,5,97.0,4000.0,-15.960693359375,-19.7174072265625,4.3212890625,0.4934191107749939,1.5402863025665283,0.8303955793380737,460,1,6271,8889110,0,-1,0.0,0.0,0,0,0,,2,460,1,6271,8889110,0,83,0.0,0.0,63,4,-77,LTE,2147483647,2147483647,2147483647,2147483647,0,81,0.0,0.0,47,4,-93,LTE
1511171658091,121.21140668,31.28885728,65.0,18.0,0.8798295,-110,true,-1,-1,5,97.0,4000.0,-20.8099365234375,-26.31683349609375,7.32269287109375,-2.8794240951538086,1.1561893224716187,-2.2755510807037354,460,1,6271,8889110,0,-1,0.0,0.0,0,0,0,,2,460,1,6271,8889110,0,83,0.0,0.0,55,4,-85,LTE,2147483647,2147483647,2147483647,2147483647,0,81,0.0,0.0,40,3,-100,LTE
1511171661043,121.21140668,31.28885728,65.0,18.0,0.8798295,-109,true,-1,-1,5,97.0,4000.0,-18.560791015625,-19.11773681640625,16.62139892578125,-1.6353309154510498,1.3783884048461914,2.3272862434387207,460,1,6271,8889110,0,-1,0.0,0.0,0,0,0,,2,460,1,6271,8889110,0,83,0.0,0.0,57,4,-83,LTE,2147483647,2147483647,2147483647,2147483647,0,81,0.0,0.0,45,4,-95,LTE
1511171664272,121.21143751,31.2888517,-23.0,12.0,1.1926861,-113,true,-1,-1,5,97.0,4000.0,-16.30096435546875,-17.6177978515625,8.52203369140625,2.864975690841675,1.47708261013031,-1.7525603771209717,460,1,6271,8889110,0,-1,0.0,0.0,0,0,0,,3,460,1,6271,8889110,0,83,0.0,0.0,58,4,-82,LTE,2147483647,2147483647,2147483647,2147483647,0,81,0.0,0.0,41,3,-99,LTE,2147483647,2147483647,2147483647,2147483647,0,243,0.0,0.0,31,2,-109,LTE
1511171667209,121.21143751,31.2888517,-23.0,12.0,1.1926861,-113,true,-1,-1,5,97.0,4000.0,-12.4908447265625,-11.61651611328125,10.32257080078125,2.5819995403289795,1.399401068687439,-1.64324152469635,460,1,6271,8889110,0,-1,0.0,0.0,0,0,0,,3,460,1,6271,8889110,0,83,0.0,0.0,52,4,-88,LTE,2147483647,2147483647,2147483647,2147483647,0,81,0.0,0.0,44,3,-96,LTE,2147483647,2147483647,2147483647,2147483647,0,243,0.0,0.0,33,2,-107,LTE
1511171670449,121.21145593,31.2888028,-56.0,21.0,3.8932376,-115,true,-1,-1,5,97.0,4000.0,-8.50982666015625,-10.41717529296875,7.62176513671875,2.534780979156494,1.3872466087341309,-1.6067261695861816,460,1,6271,8889110,0,-1,0.0,0.0,0,0,0,,4,460,1,6271,8889110,0,83,0.0,0.0,53,4,-87,LTE,2147483647,2147483647,2147483647,2147483647,0,81,0.0,0.0,40,3,-100,LTE,2147483647,2147483647,2147483647,2147483647,0,243,0.0,0.0,31,2,-109,LTE,2147483647,2147483647,2147483647,2147483647,0,299,0.0,0.0,38,3,-102,LTE
1511171673390,121.21145593,31.2888028,-56.0,21.0,3.8932376,-113,true,-1,-1,5,97.0,4000.0,-22.19085693359375,-23.9166259765625,14.52178955078125,-0.24244298040866852,1.4638937711715698,1.2093325853347778,460,1,6271,8889110,0,-1,0.0,0.0,0,0,0,,4,460,1,6271,8889110,0,83,0.0,0.0,56,4,-84,LTE,2147483647,2147483647,2147483647,2147483647,0,81,0.0,0.0,44,3,-96,LTE,2147483647,2147483647,2147483647,2147483647,0,243,0.0,0.0,36,3,-104,LTE,2147483647,2147483647,2147483647,2147483647,0,299,0.0,0.0,41,3,-99,LTE
1511171676349,121.21128987,31.28862635,-14.0,27.0,4.076199,-113,true,-1,-1,5,97.0,4000.0,-26.8707275390625,-29.6173095703125,20.22247314453125,-3.0886940956115723,0.8654109835624695,-2.2864511013031006,460,1,6271,8889110,0,-1,0.0,0.0,0,0,0,,3,460,1,6271,8889110,0,83,0.0,0.0,51,4,-89,LTE,2147483647,2147483647,2147483647,2147483647,0,81,0.0,0.0,43,3,-97,LTE,2147483647,2147483647,2147483647,2147483647,0,299,0.0,0.0,32,2,-108,LTE
1511171679580,121.21128987,31.28862635,-14.0,27.0,4.076199,-115,true,-1,-1,5,97.0,4000.0,-26.1810302734375,-34.417724609375,7.62176513671875,-1.4015331268310547,1.3914098739624023,2.4588711261749268,460,1,6271,8889110,0,-1,0.0,0.0,0,0,0,,5,460,1,6271,8889110,0,83,0.0,0.0,51,4,-89,LTE,2147483647,2147483647,2147483647,2147483647,0,81,0.0,0.0,42,3,-98,LTE,2147483647,2147483647,2147483647,2147483647,0,299,0.0,0.0,40,3,-100,LTE,2147483647,2147483647,2147483647,2147483647,0,297,0.0,0.0,35,3,-105,LTE,2147483647,2147483647,2147483647,2147483647,0,243,0.0,0.0,30,2,-110,LTE
1511171682517,121.21128987,31.28862635,-14.0,27.0,4.076199,-112,true,-1,-1,5,97.0,4000.0,-11.6302490234375,-13.7176513671875,4.62188720703125,-1.4286187887191772,1.4777904748916626,2.519169807434082,460,1,6271,8889110,0,-1,0.0,0.0,0,0,0,,4,460,1,6271,8889110,0,83,0.0,0.0,52,4,-88,LTE,2147483647,2147483647,2147483647,2147483647,0,81,0.0,0.0,39,3,-101,LTE,2147483647,2147483647,2147483647,2147483647,0,299,0.0,0.0,39,3,-101,LTE,2147483647,2147483647,2147483647,2147483647,0,243,0.0,0.0,34,2,-106,LTE
1511171685508,121.21130169,31.28861505,18.0,15.0,2.317671,-112,true,-1,-1,5,97.0,4000.0,-7.12127685546875,-9.8175048828125,4.022216796875,2.7344775199890137,1.3600596189498901,-1.5859671831130981,460,1,6271,8889110,0,-1,0.0,0.0,0,0,0,,3,460,1,6271,8889110,0,83,0.0,0.0,57,4,-83,LTE,2147483647,2147483647,2147483647,2147483647,0,81,0.0,0.0,44,3,-96,LTE,2147483647,2147483647,2147483647,2147483647,0,299,0.0,0.0,41,3,-99,LTE
1511171688706,121.21130169,31.28861505,18.0,15.0,2.317671,-114,true,-1,-1,5,97.0,4000.0,-20.9808349609375,-21.51641845703125,12.42218017578125,-3.047994375228882,1.3843811750411987,-2.2126412391662598,460,1,6271,8889110,0,-1,0.0,0.0,0,0,0,,2,460,1,6271,8889110,0,83,0.0,0.0,57,4,-83,LTE,2147483647,2147483647,2147483647,2147483647,0,81,0.0,0.0,47,4,-93,LTE
1511171691657,121.2112671,31.28854923,35.0,20.0,3.7721078,-113,true,-1,-1,5,97.0,4000.0,-8.68072509765625,-17.31719970703125,-7.67822265625,-2.7262020111083984,1.302354335784912,-1.4102528095245361,460,1,6271,8889110,0,-1,0.0,0.0,0,0,0,,2,460,1,6271,8889110,0,83,0.0,0.0,52,4,-88,LTE,2147483647,2147483647,2147483647,2147483647,0,81,0.0,0.0,45,4,-95,LTE
1511171694885,121.2112671,31.28854923,35.0,20.0,3.7721078,-113,true,-1,-1,5,97.0,4000.0,-13.88092041015625,-22.11761474609375,-6.47735595703125,-2.7057337760925293,1.3762704133987427,-1.6813181638717651,460,1,6271,8889110,0,-1,0.0,0.0,0,0,0,,5,460,1,6271,8889110,0,83,0.0,0.0,55,4,-85,LTE,2147483647,2147483647,2147483647,2147483647,0,81,0.0,0.0,44,3,-96,LTE,2147483647,2147483647,2147483647,2147483647,0,170,0.0,0.0,31,2,-109,LTE,2147483647,2147483647,2147483647,2147483647,0,243,0.0,0.0,33,2,-107,LTE,2147483647,2147483647,2147483647,2147483647,0,369,0.0,0.0,36,3,-104,LTE
1511171697824,121.21109569,31.28842778,65.0,15.0,1.492012,-113,true,-1,-1,5,97.0,4000.0,-21.50115966796875,-25.7171630859375,3.1219482421875,2.333294630050659,1.5101044178009033,-0.8556209802627563,460,1,6271,8889110,0,-1,0.0,0.0,0,0,0,,4,460,1,6271,8889110,0,83,0.0,0.0,53,4,-87,LTE,2147483647,2147483647,2147483647,2147483647,0,81,0.0,0.0,43,3,-97,LTE,2147483647,2147483647,2147483647,2147483647,0,243,0.0,0.0,35,3,-105,LTE,2147483647,2147483647,2147483647,2147483647,0,369,0.0,0.0,36,3,-104,LTE
1511171700818,121.21109569,31.28842778,65.0,15.0,1.492012,-114,true,-1,-1,5,97.0,4000.0,-24.62005615234375,-26.31683349609375,1.3214111328125,-2.781212568283081,1.0571168661117554,-2.1304585933685303,460,1,6271,8889110,0,-1,0.0,0.0,0,0,0,,5,460,1,6271,8889110,0,83,0.0,0.0,53,4,-87,LTE,2147483647,2147483647,2147483647,2147483647,0,81,0.0,0.0,47,4,-93,LTE,2147483647,2147483647,2147483647,2147483647,0,243,0.0,0.0,31,2,-109,LTE,2147483647,2147483647,2147483647,2147483647,0,299,0.0,0.0,38,3,-102,LTE,2147483647,2147483647,2147483647,2147483647,0,369,0.0,0.0,36,3,-104,LTE
1511171704013,121.211025,31.28841437,61.0,13.0,0.84905833,-114,true,-1,-1,5,97.0,4000.0,-23.4100341796875,-15.21759033203125,-0.7781982421875,2.781306743621826,1.498246431350708,-1.1615400314331055,460,1,6271,8889110,0,-1,0.0,0.0,0,0,0,,2,460,1,6271,8889110,0,83,0.0,0.0,50,4,-90,LTE,2147483647,2147483647,2147483647,2147483647,0,81,0.0,0.0,45,4,-95,LTE
1511171706964,121.211025,31.28841437,61.0,13.0,0.84905833,-114,true,-1,-1,5,97.0,4000.0,-9.2010498046875,-12.51678466796875,-7.977294921875,-2.6568603515625,1.3989040851593018,-1.4174295663833618,460,1,6271,8889110,0,-1,0.0,0.0,0,0,0,,2,460,1,6271,8889110,0,83,0.0,0.0,50,4,-90,LTE,2147483647,2147483647,2147483647,2147483647,0,81,0.0,0.0,42,3,-98,LTE
1511171710194,121.2109539,31.28843289,66.0,22.0,0.0,-115,true,-1,-1,5,97.0,4000.0,-18.2098388671875,-17.6177978515625,-0.7781982421875,-0.4766126573085785,1.4668080806732178,2.0418143272399902,460,1,6271,8889110,0,-1,0.0,0.0,0,0,0,,2,460,1,6271,8889110,0,83,0.0,0.0,54,4,-86,LTE,2147483647,2147483647,2147483647,2147483647,0,81,0.0,0.0,44,3,-96,LTE
1511171713131,121.2109312,31.28843029,54.0,20.0,0.0,-115,true,-1,-1,5,97.0,4000.0,-25.66070556640625,-27.5177001953125,6.72149658203125,-2.9399235248565674,0.9410089254379272,-2.1142818927764893,460,1,6271,8889110,0,-1,0.0,0.0,0,0,0,,5,460,1,6271,8889110,0,83,0.0,0.0,56,4,-84,LTE,2147483647,2147483647,2147483647,2147483647,0,81,0.0,0.0,45,4,-95,LTE,2147483647,2147483647,2147483647,2147483647,0,477,0.0,0.0,31,2,-109,LTE,2147483647,2147483647,2147483647,2147483647,0,170,0.0,0.0,34,2,-106,LTE,2147483647,2147483647,2147483647,2147483647,0,468,0.0,0.0,30,2,-110,LTE
1511171716123,121.21091521,31.28839096,41.0,19.0,0.0,-109,true,-1,-1,5,97.0,4000.0,-17.6910400390625,-17.0166015625,7.32269287109375,1.9106311798095703,1.4437634944915771,-0.6277076005935669,460,1,6271,8889110,0,-1,0.0,0.0,0,0,0,,4,460,1,6271,8889110,0,83,0.0,0.0,52,4,-88,LTE,2147483647,2147483647,2147483647,2147483647,0,81,0.0,0.0,43,3,-97,LTE,2147483647,2147483647,2147483647,2147483647,0,477,0.0,0.0,37,3,-103,LTE,2147483647,2147483647,2147483647,2147483647,0,170,0.0,0.0,36,3,-104,LTE
1511171719322,121.21091099,31.28838458,36.0,18.0,0.0,-116,true,-1,-1,5,97.0,4000.0,-9.2010498046875,-12.51678466796875,1.0223388671875,3.1334197521209717,1.3718045949935913,-1.671257495880127,460,1,6271,8889110,0,-1,0.0,0.0,0,0,0,,5,460,1,6271,8889110,0,83,0.0,0.0,52,4,-88,LTE,2147483647,2147483647,2147483647,2147483647,0,81,0.0,0.0,42,3,-98,LTE,2147483647,2147483647,2147483647,2147483647,0,299,0.0,0.0,35,3,-105,LTE,2147483647,2147483647,2147483647,2147483647,0,170,0.0,0.0,39,3,-101,LTE,2147483647,2147483647,2147483647,2147483647,0,243,0.0,0.0,37,3,-103,LTE
1511171722271,121.21091099,31.28838458,36.0,18.0,0.0,-114,true,-1,-1,5,97.0,4000.0,-20.8099365234375,-29.31671142578125,3.1219482421875,-3.067842960357666,0.8276631236076355,-1.8436572551727295,460,1,6271,8889110,0,-1,0.0,0.0,0,0,0,,3,460,1,6271,8889110,0,83,0.0,0.0,54,4,-86,LTE,2147483647,2147483647,2147483647,2147483647,0,463,0.0,0.0,37,3,-103,LTE,2147483647,2147483647,2147483647,2147483647,0,81,0.0,0.0,42,3,-98,LTE
1511171725501,121.210894,31.28837182,31.0,19.0,0.0,-114,true,-1,-1,5,97.0,4000.0,-16.48101806640625,-25.7171630859375,-0.17852783203125,-1.9504731893539429,1.5213782787322998,-2.8223891258239746,460,1,6271,8889110,0,-1,0.0,0.0,0,0,0,,3,460,1,6271,8889110,0,83,0.0,0.0,51,4,-89,LTE,2147483647,2147483647,2147483647,2147483647,0,81,0.0,0.0,40,3,-100,LTE,2147483647,2147483647,2147483647,2147483647,0,463,0.0,0.0,31,2,-109,LTE
1511171728440,121.21090092,31.28837662,31.0,13.0,0.0,-116,true,-1,-1,5,97.0,4000.0,-13.71002197265625,-17.0166015625,8.8226318359375,2.149904727935791,1.4228804111480713,-1.025852918624878,460,1,6271,8889110,0,-1,0.0,0.0,0,0,0,,3,460,1,6271,8889110,0,83,0.0,0.0,47,4,-93,LTE,2147483647,2147483647,2147483647,2147483647,0,81,0.0,0.0,43,3,-97,LTE,2147483647,2147483647,2147483647,2147483647,0,463,0.0,0.0,32,2,-108,LTE
1511171731431,121.21090649,31.28838025,31.0,14.0,0.0,-115,true,-1,-1,5,97.0,4000.0,-22.540283203125,-27.5177001953125,17.52166748046875,-3.1309731006622314,0.9230151176452637,-2.2462172508239746,460,1,6271,8889110,0,-1,0.0,0.0,0,0,0,,3,460,1,6271,8889110,0,83,0.0,0.0,49,4,-91,LTE,2147483647,2147483647,2147483647,2147483647,0,81,0.0,0.0,41,3,-99,LTE,2147483647,2147483647,2147483647,2147483647,0,463,0.0,0.0,33,2,-107,LTE
1511171734632,121.2109033,31.28836424,37.0,22.0,0.0,-118,true,-1,-1,5,97.0,4000.0,-16.8212890625,-20.916748046875,4.62188720703125,2.908569097518921,1.5192185640335083,-1.5919424295425415,460,1,6271,8889110,0,-1,0.0,0.0,0,0,0,,7,460,1,6271,8889110,0,83,0.0,0.0,46,4,-94,LTE,2147483647,2147483647,2147483647,2147483647,0,81,0.0,0.0,38,3,-102,LTE,2147483647,2147483647,2147483647,2147483647,0,463,0.0,0.0,25,2,-115,LTE,2147483647,2147483647,2147483647,2147483647,0,170,0.0,0.0,27,2,-113,LTE,2147483647,2147483647,2147483647,2147483647,0,243,0.0,0.0,26,2,-114,LTE,2147483647,2147483647,2147483647,2147483647,0,468,0.0,0.0,28,2,-112,LTE,2147483647,2147483647,2147483647,2147483647,0,477,0.0,0.0,29,2,-111,LTE
1511171737581,121.21090668,31.28836375,46.0,18.0,0.0,-118,true,-1,-1,5,97.0,4000.0,-6.781005859375,-15.8172607421875,-3.778076171875,-2.9893012046813965,1.3926922082901,-1.2672067880630493,460,1,6271,8889110,0,-1,0.0,0.0,0,0,0,,6,460,1,6271,8889110,0,83,0.0,0.0,44,3,-96,LTE,2147483647,2147483647,2147483647,2147483647,0,81,0.0,0.0,37,3,-103,LTE,2147483647,2147483647,2147483647,2147483647,0,463,0.0,0.0,30,2,-110,LTE,2147483647,2147483647,2147483647,2147483647,0,170,0.0,0.0,31,2,-109,LTE,2147483647,2147483647,2147483647,2147483647,0,477,0.0,0.0,30,2,-110,LTE,2147483647,2147483647,2147483647,2147483647,0,169,0.0,0.0,28,2,-112,LTE
1511171740809,121.2109061,31.28835823,20.0,15.0,0.0,-118,true,-1,-1,5,97.0,4000.0,-21.50115966796875,-29.01763916015625,5.52215576171875,2.8982505798339844,1.3307113647460938,-1.510483741760254,460,1,6271,8889109,0,-1,0.0,0.0,0,0,0,,8,460,1,6271,8889109,0,83,0.0,0.0,47,4,-93,LTE,2147483647,2147483647,2147483647,2147483647,0,414,0.0,0.0,38,3,-102,LTE,2147483647,2147483647,2147483647,2147483647,0,60,0.0,0.0,52,4,-88,LTE,2147483647,2147483647,2147483647,2147483647,0,81,0.0,0.0,33,2,-107,LTE,2147483647,2147483647,2147483647,2147483647,0,13,0.0,0.0,38,3,-102,LTE,2147483647,2147483647,2147483647,2147483647,0,417,0.0,0.0,36,3,-104,LTE,2147483647,2147483647,2147483647,2147483647,0,14,0.0,0.0,40,3,-100,LTE,2147483647,2147483647,2147483647,2147483647,0,170,0.0,0.0,33,2,-107,LTE
1511171743748,121.2109058,31.28835803,25.0,13.0,0.0,-110,true,-1,-1,5,97.0,4000.0,-20.8099365234375,-24.81689453125,6.72149658203125,2.221330165863037,1.4528791904449463,-0.859401285648346,460,1,6271,13073675,0,-1,0.0,0.0,0,0,0,,8,460,1,6271,13073675,0,60,0.0,0.0,53,4,-87,LTE,2147483647,2147483647,2147483647,2147483647,0,414,0.0,0.0,41,3,-99,LTE,2147483647,2147483647,2147483647,2147483647,0,83,0.0,0.0,45,4,-95,LTE,2147483647,2147483647,2147483647,2147483647,0,81,0.0,0.0,35,3,-105,LTE,2147483647,2147483647,2147483647,2147483647,0,13,0.0,0.0,41,3,-99,LTE,2147483647,2147483647,2147483647,2147483647,0,417,0.0,0.0,34,2,-106,LTE,2147483647,2147483647,2147483647,2147483647,0,171,0.0,0.0,35,3,-105,LTE,2147483647,2147483647,2147483647,2147483647,0,50,0.0,0.0,31,2,-109,LTE
1511171746739,121.21090448,31.28835117,28.0,13.0,0.0,-114,true,-1,-1,5,97.0,4000.0,-10.07080078125,-8.31756591796875,5.52215576171875,3.073432207107544,1.3662816286087036,-1.9955967664718628,460,1,6271,13073675,0,-1,0.0,0.0,0,0,0,,8,460,1,6271,13073675,0,60,0.0,0.0,49,4,-91,LTE,2147483647,2147483647,2147483647,2147483647,0,414,0.0,0.0,33,2,-107,LTE,2147483647,2147483647,2147483647,2147483647,0,83,0.0,0.0,47,4,-93,LTE,2147483647,2147483647,2147483647,2147483647,0,81,0.0,0.0,40,3,-100,LTE,2147483647,2147483647,2147483647,2147483647,0,13,0.0,0.0,41,3,-99,LTE,2147483647,2147483647,2147483647,2147483647,0,417,0.0,0.0,35,3,-105,LTE,2147483647,2147483647,2147483647,2147483647,0,170,0.0,0.0,30,2,-110,LTE,2147483647,2147483647,2147483647,2147483647,0,369,0.0,0.0,37,3,-103,LTE
1511171749937,121.21090448,31.28835117,28.0,13.0,0.0,-111,true,-1,-1,5,97.0,4000.0,-21.6705322265625,-30.816650390625,-9.77783203125,3.0040550231933594,1.4520586729049683,-0.9893038868904114,460,1,6271,13073675,0,-1,0.0,0.0,0,0,0,,7,460,1,6271,13073675,0,60,0.0,0.0,57,4,-83,LTE,2147483647,2147483647,2147483647,2147483647,0,414,0.0,0.0,41,3,-99,LTE,2147483647,2147483647,2147483647,2147483647,0,83,0.0,0.0,45,4,-95,LTE,2147483647,2147483647,2147483647,2147483647,0,81,0.0,0.0,41,3,-99,LTE,2147483647,2147483647,2147483647,2147483647,0,13,0.0,0.0,41,3,-99,LTE,2147483647,2147483647,2147483647,2147483647,0,417,0.0,0.0,30,2,-110,LTE,2147483647,2147483647,2147483647,2147483647,0,14,0.0,0.0,40,3,-100,LTE
1511171752901,121.2109035,31.28835022,23.0,28.0,0.0,-111,true,-1,-1,5,97.0,4000.0,-24.79095458984375,-32.31658935546875,2.82135009765625,-2.7677528858184814,0.9515626430511475,-2.278066396713257,460,1,6271,13073675,0,-1,0.0,0.0,0,0,0,,8,460,1,6271,13073675,0,60,0.0,0.0,56,4,-84,LTE,2147483647,2147483647,2147483647,2147483647,0,414,0.0,0.0,35,3,-105,LTE,2147483647,2147483647,2147483647,2147483647,0,83,0.0,0.0,41,3,-99,LTE,2147483647,2147483647,2147483647,2147483647,0,81,0.0,0.0,43,3,-97,LTE,2147483647,2147483647,2147483647,2147483647,0,13,0.0,0.0,41,3,-99,LTE,2147483647,2147483647,2147483647,2147483647,0,417,0.0,0.0,30,2,-110,LTE,2147483647,2147483647,2147483647,2147483647,0,193,0.0,0.0,31,2,-109,LTE,2147483647,2147483647,2147483647,2147483647,0,14,0.0,0.0,31,2,-109,LTE
1511171756114,121.2109035,31.28835022,23.0,28.0,0.0,-111,true,-1,-1,5,97.0,4000.0,-13.19122314453125,-23.9166259765625,-6.47735595703125,-2.0275864601135254,1.536260962486267,-2.2785964012145996,460,1,6271,13073675,0,-1,0.0,0.0,0,0,0,,7,460,1,6271,13073675,0,60,0.0,0.0,54,4,-86,LTE,2147483647,2147483647,2147483647,2147483647,0,414,0.0,0.0,29,2,-111,LTE,2147483647,2147483647,2147483647,2147483647,0,83,0.0,0.0,37,3,-103,LTE,2147483647,2147483647,2147483647,2147483647,0,81,0.0,0.0,28,2,-112,LTE,2147483647,2147483647,2147483647,2147483647,0,13,0.0,0.0,39,3,-101,LTE,2147483647,2147483647,2147483647,2147483647,0,14,0.0,0.0,29,2,-111,LTE,2147483647,2147483647,2147483647,2147483647,0,417,0.0,0.0,40,3,-100,LTE
1511171759055,121.21090095,31.28834492,32.0,36.0,0.0,-112,true,-1,-1,5,97.0,4000.0,-18.90106201171875,-15.51666259765625,5.2215576171875,-3.0520777702331543,1.3767143487930298,-1.9418195486068726,460,1,6271,13073675,0,-1,0.0,0.0,0,0,0,,4,460,1,6271,13073675,0,60,0.0,0.0,53,4,-87,LTE,2147483647,2147483647,2147483647,2147483647,0,83,0.0,0.0,37,3,-103,LTE,2147483647,2147483647,2147483647,2147483647,0,369,0.0,0.0,27,2,-113,LTE,2147483647,2147483647,2147483647,2147483647,0,14,0.0,0.0,36,3,-104,LTE
1511171762286,121.21090095,31.28834492,32.0,36.0,0.0,-112,true,-1,-1,5,97.0,4000.0,-21.15020751953125,-27.5177001953125,18.7225341796875,2.883307695388794,1.305375337600708,-1.980299949645996,460,1,6271,13073675,0,-1,0.0,0.0,0,0,0,,7,460,1,6271,13073675,0,60,0.0,0.0,50,4,-90,LTE,2147483647,2147483647,2147483647,2147483647,0,83,0.0,0.0,35,3,-105,LTE,2147483647,2147483647,2147483647,2147483647,0,81,0.0,0.0,34,2,-106,LTE,2147483647,2147483647,2147483647,2147483647,0,369,0.0,0.0,34,2,-106,LTE,2147483647,2147483647,2147483647,2147483647,0,414,0.0,0.0,34,2,-106,LTE,2147483647,2147483647,2147483647,2147483647,0,417,0.0,0.0,25,2,-115,LTE,2147483647,2147483647,2147483647,2147483647,0,13,0.0,0.0,32,2,-108,LTE
1511171765234,121.2109008,31.28831577,33.0,21.0,3.3821297,-116,true,-1,-1,5,97.0,4000.0,-23.75030517578125,-38.01727294921875,17.822265625,0.1146107092499733,1.482743740081787,0.8257443904876709,460,1,6271,13073675,0,-1,0.0,0.0,0,0,0,,8,460,1,6271,13073675,0,60,0.0,0.0,49,4,-91,LTE,2147483647,2147483647,2147483647,2147483647,0,83,0.0,0.0,34,2,-106,LTE,2147483647,2147483647,2147483647,2147483647,0,81,0.0,0.0,34,2,-106,LTE,2147483647,2147483647,2147483647,2147483647,0,477,0.0,0.0,25,2,-115,LTE,2147483647,2147483647,2147483647,2147483647,0,414,0.0,0.0,37,3,-103,LTE,2147483647,2147483647,2147483647,2147483647,0,417,0.0,0.0,36,3,-104,LTE,2147483647,2147483647,2147483647,2147483647,0,13,0.0,0.0,39,3,-101,LTE,2147483647,2147483647,2147483647,2147483647,0,170,0.0,0.0,34,2,-106,LTE
1511171768470,121.21058759,31.28789091,25.0,14.0,1.6724234,-117,true,-1,-1,5,97.0,4000.0,-16.30096435546875,-21.8170166015625,15.1214599609375,2.9347028732299805,1.4233020544052124,-2.0843300819396973,460,1,6271,13073675,0,-1,0.0,0.0,0,0,0,,8,460,1,6271,13073675,0,60,0.0,0.0,50,4,-90,LTE,2147483647,2147483647,2147483647,2147483647,0,83,0.0,0.0,38,3,-102,LTE,2147483647,2147483647,2147483647,2147483647,0,502,0.0,0.0,33,2,-107,LTE,2147483647,2147483647,2147483647,2147483647,0,62,0.0,0.0,32,2,-108,LTE,2147483647,2147483647,2147483647,2147483647,0,414,0.0,0.0,31,2,-109,LTE,2147483647,2147483647,2147483647,2147483647,0,417,0.0,0.0,33,2,-107,LTE,2147483647,2147483647,2147483647,2147483647,0,13,0.0,0.0,40,3,-100,LTE,2147483647,2147483647,2147483647,2147483647,0,170,0.0,0.0,32,2,-108,LTE
1511171771426,121.21056684,31.28771241,20.0,12.0,1.25,-112,true,-1,-1,5,97.0,4000.0,-15.0909423828125,-16.41693115234375,16.62139892578125,2.1482858657836914,1.3627314567565918,-1.2922728061676025,460,1,6271,13073675,0,-1,0.0,0.0,0,0,0,,4,460,1,6271,13073675,0,60,0.0,0.0,42,3,-98,LTE,2147483647,2147483647,2147483647,2147483647,0,83,0.0,0.0,39,3,-101,LTE,2147483647,2147483647,2147483647,2147483647,0,414,0.0,0.0,36,3,-104,LTE,2147483647,2147483647,2147483647,2147483647,0,170,0.0,0.0,37,3,-103,LTE
1511171774371,121.21051967,31.28765659,22.0,12.0,1.9002368,-116,true,-1,-1,5,97.0,4000.0,-21.6705322265625,-33.8165283203125,34.6221923828125,2.8084614276885986,1.0205771923065186,-2.1513373851776123,460,1,6271,13073675,0,-1,0.0,0.0,0,0,0,,4,460,1,6271,13073675,0,60,0.0,0.0,45,4,-95,LTE,2147483647,2147483647,2147483647,2147483647,0,83,0.0,0.0,41,3,-99,LTE,2147483647,2147483647,2147483647,2147483647,0,414,0.0,0.0,31,2,-109,LTE,2147483647,2147483647,2147483647,2147483647,0,170,0.0,0.0,36,3,-104,LTE
1511171777337,121.21051967,31.28765659,22.0,12.0,1.9002368,-115,true,-1,-1,5,97.0,4000.0,-21.15020751953125,-24.517822265625,30.12237548828125,0.756421685218811,1.5518629550933838,-0.1355145126581192,460,1,6271,13073675,0,-1,0.0,0.0,0,0,0,,6,460,1,6271,13073675,0,60,0.0,0.0,48,4,-92,LTE,2147483647,2147483647,2147483647,2147483647,0,417,0.0,0.0,36,3,-104,LTE,2147483647,2147483647,2147483647,2147483647,0,83,0.0,0.0,35,3,-105,LTE,2147483647,2147483647,2147483647,2147483647,0,170,0.0,0.0,43,3,-97,LTE,2147483647,2147483647,2147483647,2147483647,0,414,0.0,0.0,33,2,-107,LTE,2147483647,2147483647,2147483647,2147483647,0,61,0.0,0.0,41,3,-99,LTE
1511171780545,121.21050674,31.28757301,15.0,11.0,0.9767292,-113,true,-1,-1,5,97.0,4000.0,-18.04046630859375,-17.6177978515625,19.32220458984375,2.063025951385498,1.3885166645050049,-1.2108463048934937,460,1,6271,13073675,0,-1,0.0,0.0,0,0,0,,6,460,1,6271,13073675,0,60,0.0,0.0,52,4,-88,LTE,2147483647,2147483647,2147483647,2147483647,0,83,0.0,0.0,47,4,-93,LTE,2147483647,2147483647,2147483647,2147483647,0,414,0.0,0.0,45,4,-95,LTE,2147483647,2147483647,2147483647,2147483647,0,170,0.0,0.0,42,3,-98,LTE,2147483647,2147483647,2147483647,2147483647,0,417,0.0,0.0,45,4,-95,LTE,2147483647,2147483647,2147483647,2147483647,0,61,0.0,0.0,41,3,-99,LTE
1511171783532,121.21053962,31.2875601,14.0,11.0,0.76026314,-115,true,-1,-1,5,97.0,4000.0,-23.06060791015625,-28.11737060546875,26.22222900390625,-3.0170576572418213,1.3141756057739258,-2.5661568641662598,460,1,6271,13073675,0,-1,0.0,0.0,0,0,0,,8,460,1,6271,13073675,0,60,0.0,0.0,49,4,-91,LTE,2147483647,2147483647,2147483647,2147483647,0,170,0.0,0.0,40,3,-100,LTE,2147483647,2147483647,2147483647,2147483647,0,414,0.0,0.0,37,3,-103,LTE,2147483647,2147483647,2147483647,2147483647,0,61,0.0,0.0,38,3,-102,LTE,2147483647,2147483647,2147483647,2147483647,0,417,0.0,0.0,24,1,-116,LTE,2147483647,2147483647,2147483647,2147483647,0,83,0.0,0.0,36,3,-104,LTE,2147483647,2147483647,2147483647,2147483647,0,208,0.0,0.0,32,2,-108,LTE,2147483647,2147483647,2147483647,2147483647,0,13,0.0,0.0,38,3,-102,LTE
1511171786728,121.21053514,31.28754318,10.0,12.0,1.7900279,-112,true,-1,-1,5,97.0,4000.0,-26.0009765625,-33.5174560546875,19.32220458984375,3.0557892322540283,1.3858317136764526,-2.10923171043396,460,1,6271,13073675,0,-1,0.0,0.0,0,0,0,,8,460,1,6271,13073675,0,60,0.0,0.0,53,4,-87,LTE,2147483647,2147483647,2147483647,2147483647,0,170,0.0,0.0,33,2,-107,LTE,2147483647,2147483647,2147483647,2147483647,0,414,0.0,0.0,35,3,-105,LTE,2147483647,2147483647,2147483647,2147483647,0,61,0.0,0.0,31,2,-109,LTE,2147483647,2147483647,2147483647,2147483647,0,417,0.0,0.0,30,2,-110,LTE,2147483647,2147483647,2147483647,2147483647,0,83,0.0,0.0,32,2,-108,LTE,2147483647,2147483647,2147483647,2147483647,0,208,0.0,0.0,35,3,-105,LTE,2147483647,2147483647,2147483647,2147483647,0,13,0.0,0.0,31,2,-109,LTE
1511171789679,121.21055479,31.28751843,8.0,12.0,2.3513613,-113,true,-1,-1,5,97.0,4000.0,-10.760498046875,-11.61651611328125,9.72137451171875,1.592309832572937,1.5409880876541138,-0.7323468327522278,460,1,6271,13073675,0,-1,0.0,0.0,0,0,0,,8,460,1,6271,13073675,0,60,0.0,0.0,48,4,-92,LTE,2147483647,2147483647,2147483647,2147483647,0,170,0.0,0.0,40,3,-100,LTE,2147483647,2147483647,2147483647,2147483647,0,414,0.0,0.0,34,2,-106,LTE,2147483647,2147483647,2147483647,2147483647,0,502,0.0,0.0,34,2,-106,LTE,2147483647,2147483647,2147483647,2147483647,0,417,0.0,0.0,40,3,-100,LTE,2147483647,2147483647,2147483647,2147483647,0,83,0.0,0.0,36,3,-104,LTE,2147483647,2147483647,2147483647,2147483647,0,169,0.0,0.0,34,2,-106,LTE,2147483647,2147483647,2147483647,2147483647,0,13,0.0,0.0,32,2,-108,LTE
1511171792896,121.21054078,31.2874654,8.0,12.0,1.5602883,-114,true,-1,-1,5,97.0,4000.0,-16.99981689453125,-17.0166015625,8.52203369140625,2.5104129314422607,1.3012889623641968,-1.2788701057434082,460,1,6271,13073675,0,-1,0.0,0.0,0,0,0,,2,460,1,6271,13073675,0,60,0.0,0.0,51,4,-89,LTE,2147483647,2147483647,2147483647,2147483647,0,170,0.0,0.0,51,4,-89,LTE
1511171795850,121.2105325,31.28746527,5.0,11.0,0.6964194,-114,true,-1,-1,5,97.0,4000.0,-23.5809326171875,-26.617431640625,13.922119140625,-3.10809326171875,0.8792746067047119,-2.150700092315674,460,1,6271,13073675,0,-1,0.0,0.0,0,0,0,,6,460,1,6271,13073675,0,60,0.0,0.0,48,4,-92,LTE,2147483647,2147483647,2147483647,2147483647,0,170,0.0,0.0,48,4,-92,LTE,2147483647,2147483647,2147483647,2147483647,0,13,0.0,0.0,35,3,-105,LTE,2147483647,2147483647,2147483647,2147483647,0,414,0.0,0.0,38,3,-102,LTE,2147483647,2147483647,2147483647,2147483647,0,83,0.0,0.0,38,3,-102,LTE,2147483647,2147483647,2147483647,2147483647,0,502,0.0,0.0,40,3,-100,LTE
1511171799077,121.21055014,31.28745716,4.0,12.0,1.2066897,-116,true,-1,-1,5,97.0,4000.0,-16.30096435546875,-19.11773681640625,1.3214111328125,-1.0677155256271362,1.5020772218704224,2.4861176013946533,460,1,6271,13073675,0,-1,0.0,0.0,0,0,0,,4,460,1,6271,13073675,0,60,0.0,0.0,53,4,-87,LTE,2147483647,2147483647,2147483647,2147483647,0,417,0.0,0.0,40,3,-100,LTE,2147483647,2147483647,2147483647,2147483647,0,13,0.0,0.0,38,3,-102,LTE,2147483647,2147483647,2147483647,2147483647,0,170,0.0,0.0,45,4,-95,LTE
1511171802045,121.21055014,31.28745716,4.0,12.0,1.2066897,-114,true,-1,-1,5,97.0,4000.0,-16.13006591796875,-14.31732177734375,7.62176513671875,2.867806911468506,1.3856927156448364,-1.7028886079788208,460,1,6271,13073675,0,-1,0.0,0.0,0,0,0,,4,460,1,6271,13073675,0,60,0.0,0.0,43,3,-97,LTE,2147483647,2147483647,2147483647,2147483647,0,170,0.0,0.0,42,3,-98,LTE,2147483647,2147483647,2147483647,2147483647,0,13,0.0,0.0,37,3,-103,LTE,2147483647,2147483647,2147483647,2147483647,0,417,0.0,0.0,40,3,-100,LTE
1511171805259,121.21053969,31.28742854,4.0,12.0,1.4305593,-116,true,-1,-1,5,97.0,4000.0,-15.0909423828125,-31.11724853515625,-12.17803955078125,-2.4131035804748535,1.2548942565917969,-1.9412708282470703,460,1,6271,13073675,0,-1,0.0,0.0,0,0,0,,4,460,1,6271,13073675,0,60,0.0,0.0,48,4,-92,LTE,2147483647,2147483647,2147483647,2147483647,0,170,0.0,0.0,44,3,-96,LTE,2147483647,2147483647,2147483647,2147483647,0,13,0.0,0.0,36,3,-104,LTE,2147483647,2147483647,2147483647,2147483647,0,83,0.0,0.0,37,3,-103,LTE
1511171808199,121.21049553,31.28737365,4.0,12.0,1.1403947,-112,true,-1,-1,5,97.0,4000.0,-2.61993408203125,-13.7176513671875,-13.97857666015625,-2.1409945487976074,1.3764796257019043,-1.3367788791656494,460,1,6271,10216213,0,-1,0.0,0.0,0,0,0,,7,460,1,6271,10216213,0,170,0.0,0.0,51,4,-89,LTE,2147483647,2147483647,2147483647,2147483647,0,60,0.0,0.0,49,4,-91,LTE,2147483647,2147483647,2147483647,2147483647,0,502,0.0,0.0,40,3,-100,LTE,2147483647,2147483647,2147483647,2147483647,0,13,0.0,0.0,42,3,-98,LTE,2147483647,2147483647,2147483647,2147483647,0,169,0.0,0.0,34,2,-106,LTE,2147483647,2147483647,2147483647,2147483647,0,417,0.0,0.0,38,3,-102,LTE,2147483647,2147483647,2147483647,2147483647,0,208,0.0,0.0,37,3,-103,LTE
1511171811159,121.21049553,31.28737365,4.0,12.0,1.1403947,-115,true,-1,-1,5,97.0,4000.0,-22.01995849609375,-25.41656494140625,4.022216796875,2.793409824371338,1.4024208784103394,-1.3427520990371704,460,1,6271,10216213,0,-1,0.0,0.0,0,0,0,,8,460,1,6271,10216213,0,170,0.0,0.0,50,4,-90,LTE,2147483647,2147483647,2147483647,2147483647,0,60,0.0,0.0,47,4,-93,LTE,2147483647,2147483647,2147483647,2147483647,0,502,0.0,0.0,47,4,-93,LTE,2147483647,2147483647,2147483647,2147483647,0,13,0.0,0.0,45,4,-95,LTE,2147483647,2147483647,2147483647,2147483647,0,169,0.0,0.0,35,3,-105,LTE,2147483647,2147483647,2147483647,2147483647,0,417,0.0,0.0,36,3,-104,LTE,2147483647,2147483647,2147483647,2147483647,0,208,0.0,0.0,42,3,-98,LTE,2147483647,2147483647,2147483647,2147483647,0,414,0.0,0.0,30,2,-110,LTE
1511171814391,121.21048493,31.28733552,-13.0,11.0,1.1701709,-110,true,-1,-1,5,97.0,4000.0,-12.15057373046875,-31.7169189453125,-14.8773193359375,-1.732622742652893,1.5205703973770142,-2.1756253242492676,460,1,6271,10589993,0,-1,0.0,0.0,0,0,0,,8,460,1,6271,10589993,0,502,0.0,0.0,52,4,-88,LTE,2147483647,2147483647,2147483647,2147483647,0,60,0.0,0.0,50,4,-90,LTE,2147483647,2147483647,2147483647,2147483647,0,170,0.0,0.0,43,3,-97,LTE,2147483647,2147483647,2147483647,2147483647,0,13,0.0,0.0,36,3,-104,LTE,2147483647,2147483647,2147483647,2147483647,0,169,0.0,0.0,28,2,-112,LTE,2147483647,2147483647,2147483647,2147483647,0,417,0.0,0.0,35,3,-105,LTE,2147483647,2147483647,2147483647,2147483647,0,208,0.0,0.0,35,3,-105,LTE,2147483647,2147483647,2147483647,2147483647,0,414,0.0,0.0,35,3,-105,LTE
1511171817344,121.21047257,31.28726359,6.0,11.0,1.3652838,-112,true,-1,-1,5,97.0,4000.0,-16.13006591796875,-25.41656494140625,-6.7779541015625,2.698108434677124,1.3245372772216797,-0.5878731608390808,460,1,6271,10589993,0,-1,0.0,0.0,0,0,0,,8,460,1,6271,10589993,0,502,0.0,0.0,52,4,-88,LTE,2147483647,2147483647,2147483647,2147483647,0,60,0.0,0.0,46,4,-94,LTE,2147483647,2147483647,2147483647,2147483647,0,170,0.0,0.0,44,3,-96,LTE,2147483647,2147483647,2147483647,2147483647,0,13,0.0,0.0,42,3,-98,LTE,2147483647,2147483647,2147483647,2147483647,0,414,0.0,0.0,32,2,-108,LTE,2147483647,2147483647,2147483647,2147483647,0,417,0.0,0.0,41,3,-99,LTE,2147483647,2147483647,2147483647,2147483647,0,81,0.0,0.0,29,2,-111,LTE,2147483647,2147483647,2147483647,2147483647,0,14,0.0,0.0,34,2,-106,LTE
1511171820565,121.21041236,31.28724289,2.0,11.0,1.0600471,-112,true,-1,-1,5,97.0,4000.0,-17.6910400390625,-28.41644287109375,-5.877685546875,2.2477025985717773,1.3492363691329956,-0.10001394897699356,460,1,6271,10589993,0,-1,0.0,0.0,0,0,0,,8,460,1,6271,10589993,0,502,0.0,0.0,50,4,-90,LTE,2147483647,2147483647,2147483647,2147483647,0,60,0.0,0.0,51,4,-89,LTE,2147483647,2147483647,2147483647,2147483647,0,14,0.0,0.0,43,3,-97,LTE,2147483647,2147483647,2147483647,2147483647,0,13,0.0,0.0,47,4,-93,LTE,2147483647,2147483647,2147483647,2147483647,0,414,0.0,0.0,38,3,-102,LTE,2147483647,2147483647,2147483647,2147483647,0,417,0.0,0.0,41,3,-99,LTE,2147483647,2147483647,2147483647,2147483647,0,83,0.0,0.0,40,3,-100,LTE,2147483647,2147483647,2147483647,2147483647,0,170,0.0,0.0,40,3,-100,LTE
1511171823516,121.21038728,31.28723111,1.0,9.0,0.38832974,-114,true,-1,-1,5,97.0,4000.0,-9.0301513671875,-14.31732177734375,0.72174072265625,2.7097439765930176,1.3879656791687012,-1.1041431427001953,460,1,6271,13073675,0,-1,0.0,0.0,0,0,0,,7,460,1,6271,13073675,0,60,0.0,0.0,53,4,-87,LTE,2147483647,2147483647,2147483647,2147483647,0,169,0.0,0.0,38,3,-102,LTE,2147483647,2147483647,2147483647,2147483647,0,502,0.0,0.0,43,3,-97,LTE,2147483647,2147483647,2147483647,2147483647,0,13,0.0,0.0,39,3,-101,LTE,2147483647,2147483647,2147483647,2147483647,0,414,0.0,0.0,35,3,-105,LTE,2147483647,2147483647,2147483647,2147483647,0,417,0.0,0.0,42,3,-98,LTE,2147483647,2147483647,2147483647,2147483647,0,170,0.0,0.0,45,4,-95,LTE
1511171826468,121.21039951,31.28722077,-4.0,8.0,0.40792155,-112,true,-1,-1,5,97.0,4000.0,-15.27099609375,-25.7171630859375,-7.67822265625,-2.919049024581909,1.1584053039550781,-1.4433590173721313,460,1,6271,13073675,0,-1,0.0,0.0,0,0,0,,8,460,1,6271,13073675,0,60,0.0,0.0,48,4,-92,LTE,2147483647,2147483647,2147483647,2147483647,0,170,0.0,0.0,41,3,-99,LTE,2147483647,2147483647,2147483647,2147483647,0,502,0.0,0.0,42,3,-98,LTE,2147483647,2147483647,2147483647,2147483647,0,13,0.0,0.0,44,3,-96,LTE,2147483647,2147483647,2147483647,2147483647,0,414,0.0,0.0,33,2,-107,LTE,2147483647,2147483647,2147483647,2147483647,0,417,0.0,0.0,45,4,-95,LTE,2147483647,2147483647,2147483647,2147483647,0,81,0.0,0.0,34,2,-106,LTE,2147483647,2147483647,2147483647,2147483647,0,14,0.0,0.0,37,3,-103,LTE
1511171829459,121.21040027,31.28724561,-5.0,9.0,0.02,-112,true,-1,-1,5,97.0,4000.0,-7.82012939453125,-15.21759033203125,-2.5787353515625,2.907932996749878,1.3665279150009155,-0.9362915754318237,460,1,6271,13073675,0,-1,0.0,0.0,0,0,0,,7,460,1,6271,13073675,0,60,0.0,0.0,48,4,-92,LTE,2147483647,2147483647,2147483647,2147483647,0,170,0.0,0.0,45,4,-95,LTE,2147483647,2147483647,2147483647,2147483647,0,208,0.0,0.0,40,3,-100,LTE,2147483647,2147483647,2147483647,2147483647,0,13,0.0,0.0,45,4,-95,LTE,2147483647,2147483647,2147483647,2147483647,0,414,0.0,0.0,37,3,-103,LTE,2147483647,2147483647,2147483647,2147483647,0,417,0.0,0.0,45,4,-95,LTE,2147483647,2147483647,2147483647,2147483647,0,14,0.0,0.0,42,3,-98,LTE
1511171832662,121.21040027,31.28724561,-5.0,9.0,0.02,-113,true,-1,-1,5,97.0,4000.0,-9.55047607421875,-17.9168701171875,-3.778076171875,2.811948537826538,1.3908815383911133,-0.7680106163024902,460,1,6271,13073675,0,-1,0.0,0.0,0,0,0,,8,460,1,6271,13073675,0,60,0.0,0.0,47,4,-93,LTE,2147483647,2147483647,2147483647,2147483647,0,170,0.0,0.0,45,4,-95,LTE,2147483647,2147483647,2147483647,2147483647,0,414,0.0,0.0,37,3,-103,LTE,2147483647,2147483647,2147483647,2147483647,0,169,0.0,0.0,39,3,-101,LTE,2147483647,2147483647,2147483647,2147483647,0,437,0.0,0.0,39,3,-101,LTE,2147483647,2147483647,2147483647,2147483647,0,417,0.0,0.0,48,4,-92,LTE,2147483647,2147483647,2147483647,2147483647,0,162,0.0,0.0,46,4,-94,LTE,2147483647,2147483647,2147483647,2147483647,0,13,0.0,0.0,34,2,-106,LTE
1511171835870,121.21031906,31.28718303,-20.0,12.0,2.3226063,-113,true,-1,-1,5,97.0,4000.0,-30.68084716796875,-16.11785888671875,8.8226318359375,0.8547288775444031,1.4997159242630005,0.4644055664539337,460,1,6154,185624391,0,-1,0.0,0.0,0,0,0,,7,460,1,6154,185624391,0,417,0.0,0.0,58,4,-82,LTE,2147483647,2147483647,2147483647,2147483647,0,60,0.0,0.0,46,4,-94,LTE,2147483647,2147483647,2147483647,2147483647,0,170,0.0,0.0,44,3,-96,LTE,2147483647,2147483647,2147483647,2147483647,0,414,0.0,0.0,37,3,-103,LTE,2147483647,2147483647,2147483647,2147483647,0,162,0.0,0.0,43,3,-97,LTE,2147483647,2147483647,2147483647,2147483647,0,419,0.0,0.0,40,3,-100,LTE,2147483647,2147483647,2147483647,2147483647,0,81,0.0,0.0,40,3,-100,LTE
1511171838817,121.21020737,31.28709729,-16.0,10.0,0.36674243,-111,true,-1,-1,5,97.0,4000.0,-7.470703125,-12.51678466796875,-6.17828369140625,-2.939605951309204,1.4267737865447998,-1.116957426071167,460,1,6154,185624391,0,-1,0.0,0.0,0,0,0,,8,460,1,6154,185624391,0,417,0.0,0.0,56,4,-84,LTE,2147483647,2147483647,2147483647,2147483647,0,60,0.0,0.0,48,4,-92,LTE,2147483647,2147483647,2147483647,2147483647,0,170,0.0,0.0,45,4,-95,LTE,2147483647,2147483647,2147483647,2147483647,0,414,0.0,0.0,41,3,-99,LTE,2147483647,2147483647,2147483647,2147483647,0,162,0.0,0.0,41,3,-99,LTE,2147483647,2147483647,2147483647,2147483647,0,419,0.0,0.0,43,3,-97,LTE,2147483647,2147483647,2147483647,2147483647,0,81,0.0,0.0,40,3,-100,LTE,2147483647,2147483647,2147483647,2147483647,0,437,0.0,0.0,44,3,-96,LTE
1511171841789,121.21022135,31.28709693,-15.0,9.0,0.7410803,-110,true,-1,-1,5,97.0,4000.0,-19.41986083984375,-26.01776123046875,-2.27813720703125,-2.9462339878082275,0.8892320394515991,-1.7712056636810303,460,1,6154,185624391,0,-1,0.0,0.0,0,0,0,,8,460,1,6154,185624391,0,417,0.0,0.0,55,4,-85,LTE,2147483647,2147483647,2147483647,2147483647,0,60,0.0,0.0,46,4,-94,LTE,2147483647,2147483647,2147483647,2147483647,0,170,0.0,0.0,44,3,-96,LTE,2147483647,2147483647,2147483647,2147483647,0,414,0.0,0.0,39,3,-101,LTE,2147483647,2147483647,2147483647,2147483647,0,162,0.0,0.0,45,4,-95,LTE,2147483647,2147483647,2147483647,2147483647,0,81,0.0,0.0,40,3,-100,LTE,2147483647,2147483647,2147483647,2147483647,0,419,0.0,0.0,39,3,-101,LTE,2147483647,2147483647,2147483647,2147483647,0,61,0.0,0.0,39,3,-101,LTE
1511171845007,121.21021112,31.28704859,-14.0,9.0,1.2335721,-112,true,-1,-1,5,97.0,4000.0,-5.7403564453125,-12.8173828125,-1.9775390625,-3.005370855331421,1.3934447765350342,-1.4237571954727173,460,1,6154,185624391,0,-1,0.0,0.0,0,0,0,,7,460,1,6154,185624391,0,417,0.0,0.0,55,4,-85,LTE,2147483647,2147483647,2147483647,2147483647,0,60,0.0,0.0,53,4,-87,LTE,2147483647,2147483647,2147483647,2147483647,0,170,0.0,0.0,48,4,-92,LTE,2147483647,2147483647,2147483647,2147483647,0,414,0.0,0.0,47,4,-93,LTE,2147483647,2147483647,2147483647,2147483647,0,162,0.0,0.0,47,4,-93,LTE,2147483647,2147483647,2147483647,2147483647,0,81,0.0,0.0,43,3,-97,LTE,2147483647,2147483647,2147483647,2147483647,0,502,0.0,0.0,42,3,-98,LTE
1511171847956,121.21017839,31.28698578,-14.0,12.0,1.37,-112,true,-1,-1,5,97.0,4000.0,-18.2098388671875,-27.5177001953125,-3.778076171875,1.9558603763580322,1.4542776346206665,-0.021818600594997406,460,1,6154,185624391,0,-1,0.0,0.0,0,0,0,,2,460,1,6154,185624391,0,417,0.0,0.0,54,4,-86,LTE,2147483647,2147483647,2147483647,2147483647,0,170,0.0,0.0,52,4,-88,LTE
1511171851189,121.21015345,31.28693667,-12.0,11.0,1.34,-112,true,-1,-1,5,97.0,4000.0,-17.340087890625,-27.8167724609375,-3.47747802734375,-0.8450713753700256,1.5526375770568848,2.5923385620117188,460,1,6154,185624391,0,-1,0.0,0.0,0,0,0,,7,460,1,6154,185624391,0,417,0.0,0.0,57,4,-83,LTE,2147483647,2147483647,2147483647,2147483647,0,60,0.0,0.0,48,4,-92,LTE,2147483647,2147483647,2147483647,2147483647,0,170,0.0,0.0,50,4,-90,LTE,2147483647,2147483647,2147483647,2147483647,0,162,0.0,0.0,45,4,-95,LTE,2147483647,2147483647,2147483647,2147483647,0,169,0.0,0.0,40,3,-100,LTE,2147483647,2147483647,2147483647,2147483647,0,414,0.0,0.0,39,3,-101,LTE,2147483647,2147483647,2147483647,2147483647,0,419,0.0,0.0,41,3,-99,LTE
1511171854121,121.21014863,31.28689893,-11.0,8.0,0.85,-110,true,-1,-1,5,97.0,4000.0,-13.88092041015625,-19.11773681640625,-2.8778076171875,2.749755859375,1.4437215328216553,-0.9119918942451477,460,1,6271,10216213,0,-1,0.0,0.0,0,0,0,,6,460,1,6271,10216213,0,170,0.0,0.0,60,4,-80,LTE,2147483647,2147483647,2147483647,2147483647,0,417,0.0,0.0,54,4,-86,LTE,2147483647,2147483647,2147483647,2147483647,0,60,0.0,0.0,50,4,-90,LTE,2147483647,2147483647,2147483647,2147483647,0,162,0.0,0.0,43,3,-97,LTE,2147483647,2147483647,2147483647,2147483647,0,169,0.0,0.0,47,4,-93,LTE,2147483647,2147483647,2147483647,2147483647,0,414,0.0,0.0,42,3,-98,LTE
1511171857114,121.21016953,31.2869053,-12.0,8.0,0.86,-112,true,-1,-1,5,97.0,4000.0,-19.41986083984375,-24.21722412109375,1.3214111328125,-2.708974599838257,1.2906924486160278,-2.2021143436431885,460,1,6271,13073675,0,-1,0.0,0.0,0,0,0,,7,460,1,6271,10216213,0,170,0.0,0.0,50,4,-90,LTE,2147483647,2147483647,2147483647,2147483647,0,417,0.0,0.0,49,4,-91,LTE,2147483647,2147483647,2147483647,2147483647,0,60,0.0,0.0,51,4,-89,LTE,2147483647,2147483647,2147483647,2147483647,0,162,0.0,0.0,42,3,-98,LTE,2147483647,2147483647,2147483647,2147483647,0,169,0.0,0.0,43,3,-97,LTE,2147483647,2147483647,2147483647,2147483647,0,414,0.0,0.0,35,3,-105,LTE,2147483647,2147483647,2147483647,2147483647,0,419,0.0,0.0,34,2,-106,LTE
1511171860315,121.21012404,31.28687083,-17.0,7.0,0.63,-115,true,-1,-1,5,97.0,4000.0,-3.4912109375,-11.9171142578125,-1.678466796875,3.1167500019073486,1.3469734191894531,-1.081465244293213,460,1,6154,185624391,0,-1,0.0,0.0,0,0,0,,8,460,1,6154,185624391,0,417,0.0,0.0,54,4,-86,LTE,2147483647,2147483647,2147483647,2147483647,0,60,0.0,0.0,54,4,-86,LTE,2147483647,2147483647,2147483647,2147483647,0,170,0.0,0.0,52,4,-88,LTE,2147483647,2147483647,2147483647,2147483647,0,162,0.0,0.0,46,4,-94,LTE,2147483647,2147483647,2147483647,2147483647,0,169,0.0,0.0,44,3,-96,LTE,2147483647,2147483647,2147483647,2147483647,0,414,0.0,0.0,40,3,-100,LTE,2147483647,2147483647,2147483647,2147483647,0,136,0.0,0.0,35,3,-105,LTE,2147483647,2147483647,2147483647,2147483647,0,419,0.0,0.0,42,3,-98,LTE
1511171863262,121.21012008,31.2868457,-14.0,7.0,0.66,-109,true,-1,-1,5,97.0,4000.0,-20.6298828125,-30.21697998046875,-4.37774658203125,1.2499396800994873,1.4914076328277588,0.6392530202865601,460,1,6154,185624391,0,-1,0.0,0.0,0,0,0,,6,460,1,6154,185624391,0,417,0.0,0.0,57,4,-83,LTE,2147483647,2147483647,2147483647,2147483647,0,60,0.0,0.0,50,4,-90,LTE,2147483647,2147483647,2147483647,2147483647,0,170,0.0,0.0,50,4,-90,LTE,2147483647,2147483647,2147483647,2147483647,0,162,0.0,0.0,49,4,-91,LTE,2147483647,2147483647,2147483647,2147483647,0,419,0.0,0.0,47,4,-93,LTE,2147483647,2147483647,2147483647,2147483647,0,414,0.0,0.0,45,4,-95,LTE
1511171866240,121.21011776,31.2868417,-14.0,9.0,0.49,-111,true,-1,-1,5,97.0,4000.0,-16.8212890625,-22.41668701171875,-1.37786865234375,-1.4532984495162964,1.487967610359192,2.9957056045532227,460,1,6154,185624391,0,-1,0.0,0.0,0,0,0,,8,460,1,6154,185624391,0,417,0.0,0.0,52,4,-88,LTE,2147483647,2147483647,2147483647,2147483647,0,60,0.0,0.0,49,4,-91,LTE,2147483647,2147483647,2147483647,2147483647,0,170,0.0,0.0,50,4,-90,LTE,2147483647,2147483647,2147483647,2147483647,0,162,0.0,0.0,45,4,-95,LTE,2147483647,2147483647,2147483647,2147483647,0,419,0.0,0.0,40,3,-100,LTE,2147483647,2147483647,2147483647,2147483647,0,414,0.0,0.0,42,3,-98,LTE,2147483647,2147483647,2147483647,2147483647,0,208,0.0,0.0,35,3,-105,LTE,2147483647,2147483647,2147483647,2147483647,0,169,0.0,0.0,41,3,-99,LTE
1511171869430,121.2100653,31.28679742,-20.0,9.0,0.0,-112,true,-1,-1,5,97.0,4000.0,-10.07080078125,-18.817138671875,-6.47735595703125,2.7940614223480225,1.3936160802841187,-0.5620738863945007,460,1,6154,185624391,0,-1,0.0,0.0,0,0,0,,6,460,1,6154,185624391,0,417,0.0,0.0,63,4,-77,LTE,2147483647,2147483647,2147483647,2147483647,0,60,0.0,0.0,49,4,-91,LTE,2147483647,2147483647,2147483647,2147483647,0,170,0.0,0.0,50,4,-90,LTE,2147483647,2147483647,2147483647,2147483647,0,162,0.0,0.0,51,4,-89,LTE,2147483647,2147483647,2147483647,2147483647,0,419,0.0,0.0,48,4,-92,LTE,2147483647,2147483647,2147483647,2147483647,0,414,0.0,0.0,41,3,-99,LTE
1511171872423,121.21003527,31.28676234,-22.0,9.0,1.2180723,-109,true,-1,-1,5,97.0,4000.0,-14.57061767578125,-27.8167724609375,-10.07843017578125,1.7544751167297363,1.452146291732788,0.6052141189575195,460,1,6154,185624391,0,-1,0.0,0.0,0,0,0,,7,460,1,6154,185624391,0,417,0.0,0.0,55,4,-85,LTE,2147483647,2147483647,2147483647,2147483647,0,60,0.0,0.0,46,4,-94,LTE,2147483647,2147483647,2147483647,2147483647,0,170,0.0,0.0,45,4,-95,LTE,2147483647,2147483647,2147483647,2147483647,0,162,0.0,0.0,46,4,-94,LTE,2147483647,2147483647,2147483647,2147483647,0,419,0.0,0.0,41,3,-99,LTE,2147483647,2147483647,2147483647,2147483647,0,414,0.0,0.0,38,3,-102,LTE,2147483647,2147483647,2147483647,2147483647,0,169,0.0,0.0,36,3,-104,LTE
1511171875622,121.21004646,31.28678674,-19.0,8.0,0.0,-113,true,-1,-1,5,97.0,4000.0,3.78875732421875,-11.016845703125,-7.67822265625,-1.3327594995498657,1.4369103908538818,-1.521654486656189,460,1,6154,185624391,0,-1,0.0,0.0,0,0,0,,7,460,1,6154,185624391,0,417,0.0,0.0,61,4,-79,LTE,2147483647,2147483647,2147483647,2147483647,0,60,0.0,0.0,51,4,-89,LTE,2147483647,2147483647,2147483647,2147483647,0,170,0.0,0.0,44,3,-96,LTE,2147483647,2147483647,2147483647,2147483647,0,162,0.0,0.0,51,4,-89,LTE,2147483647,2147483647,2147483647,2147483647,0,419,0.0,0.0,46,4,-94,LTE,2147483647,2147483647,2147483647,2147483647,0,414,0.0,0.0,42,3,-98,LTE,2147483647,2147483647,2147483647,2147483647,0,164,0.0,0.0,39,3,-101,LTE
1511171878581,121.20999957,31.28673565,-23.0,8.0,0.85052925,-113,true,-1,-1,5,97.0,4000.0,-14.75067138671875,-24.517822265625,-4.9774169921875,-2.992820978164673,1.2844948768615723,-1.4541869163513184,460,1,6154,185624391,0,-1,0.0,0.0,0,0,0,,3,460,1,6154,185624391,0,417,0.0,0.0,58,4,-82,LTE,2147483647,2147483647,2147483647,2147483647,0,60,0.0,0.0,52,4,-88,LTE,2147483647,2147483647,2147483647,2147483647,0,162,0.0,0.0,47,4,-93,LTE
1511171881799,121.2100368,31.28679447,-20.0,7.0,0.0,-110,true,-1,-1,5,97.0,4000.0,-6.610107421875,-9.21783447265625,1.922607421875,2.298325300216675,1.4494820833206177,-0.8924278616905212,460,1,6154,185624391,0,-1,0.0,0.0,0,0,0,,5,460,1,6154,185624391,0,417,0.0,0.0,62,4,-78,LTE,2147483647,2147483647,2147483647,2147483647,0,60,0.0,0.0,51,4,-89,LTE,2147483647,2147483647,2147483647,2147483647,0,414,0.0,0.0,46,4,-94,LTE,2147483647,2147483647,2147483647,2147483647,0,419,0.0,0.0,49,4,-91,LTE,2147483647,2147483647,2147483647,2147483647,0,162,0.0,0.0,47,4,-93,LTE
1511171884739,121.20996798,31.28669791,-28.0,6.0,1.4878845,-110,true,-1,-1,5,97.0,4000.0,-20.6298828125,-21.51641845703125,-9.77783203125,2.5773422718048096,1.311125636100769,-0.4482131898403168,460,1,6154,185624391,0,-1,0.0,0.0,0,0,0,,6,460,1,6154,185624391,0,417,0.0,0.0,61,4,-79,LTE,2147483647,2147483647,2147483647,2147483647,0,60,0.0,0.0,48,4,-92,LTE,2147483647,2147483647,2147483647,2147483647,0,162,0.0,0.0,47,4,-93,LTE,2147483647,2147483647,2147483647,2147483647,0,419,0.0,0.0,49,4,-91,LTE,2147483647,2147483647,2147483647,2147483647,0,414,0.0,0.0,49,4,-91,LTE,2147483647,2147483647,2147483647,2147483647,0,170,0.0,0.0,48,4,-92,LTE
1511171887969,121.2099508,31.28666062,-28.0,8.0,1.4721752,-110,true,-1,-1,5,97.0,4000.0,-18.73016357421875,-25.11749267578125,-8.8775634765625,1.2137969732284546,1.4854077100753784,0.8981009125709534,460,1,6154,185624391,0,-1,0.0,0.0,0,0,0,,7,460,1,6154,185624391,0,417,0.0,0.0,58,4,-82,LTE,2147483647,2147483647,2147483647,2147483647,0,60,0.0,0.0,49,4,-91,LTE,2147483647,2147483647,2147483647,2147483647,0,170,0.0,0.0,51,4,-89,LTE,2147483647,2147483647,2147483647,2147483647,0,419,0.0,0.0,47,4,-93,LTE,2147483647,2147483647,2147483647,2147483647,0,414,0.0,0.0,47,4,-93,LTE,2147483647,2147483647,2147483647,2147483647,0,418,0.0,0.0,47,4,-93,LTE,2147483647,2147483647,2147483647,2147483647,0,162,0.0,0.0,45,4,-95,LTE
1511171890921,121.2099508,31.28666062,-28.0,8.0,1.4721752,-110,true,-1,-1,5,97.0,4000.0,-7.470703125,-11.61651611328125,-4.37774658203125,-3.120899200439453,1.44488525390625,-1.0647588968276978,460,1,6154,185624391,0,-1,0.0,0.0,0,0,0,,6,460,1,6154,185624391,0,417,0.0,0.0,62,4,-78,LTE,2147483647,2147483647,2147483647,2147483647,0,60,0.0,0.0,51,4,-89,LTE,2147483647,2147483647,2147483647,2147483647,0,419,0.0,0.0,53,4,-87,LTE,2147483647,2147483647,2147483647,2147483647,0,162,0.0,0.0,44,3,-96,LTE,2147483647,2147483647,2147483647,2147483647,0,170,0.0,0.0,49,4,-91,LTE,2147483647,2147483647,2147483647,2147483647,0,418,0.0,0.0,50,4,-90,LTE
1511171893913,121.21001994,31.28678044,-21.0,15.0,0.0,-109,true,-1,-1,5,97.0,4000.0,-20.2911376953125,-25.7171630859375,-1.37786865234375,-3.012209177017212,0.9593644738197327,-1.703183650970459,460,1,6154,185624391,0,-1,0.0,0.0,0,0,0,,7,460,1,6154,185624391,0,417,0.0,0.0,63,4,-77,LTE,2147483647,2147483647,2147483647,2147483647,0,419,0.0,0.0,50,4,-90,LTE,2147483647,2147483647,2147483647,2147483647,0,418,0.0,0.0,42,3,-98,LTE,2147483647,2147483647,2147483647,2147483647,0,60,0.0,0.0,55,4,-85,LTE,2147483647,2147483647,2147483647,2147483647,0,162,0.0,0.0,41,3,-99,LTE,2147483647,2147483647,2147483647,2147483647,0,170,0.0,0.0,51,4,-89,LTE,2147483647,2147483647,2147483647,2147483647,0,414,0.0,0.0,43,3,-97,LTE
1511171897105,121.21001467,31.28676161,-23.0,12.0,0.0,-109,true,-1,-1,5,97.0,4000.0,-5.22003173828125,-13.116455078125,-4.6783447265625,-2.98348331451416,1.3376473188400269,-1.062136173248291,460,1,6154,185624391,0,-1,0.0,0.0,0,0,0,,6,460,1,6154,185624391,0,417,0.0,0.0,61,4,-79,LTE,2147483647,2147483647,2147483647,2147483647,0,419,0.0,0.0,49,4,-91,LTE,2147483647,2147483647,2147483647,2147483647,0,170,0.0,0.0,48,4,-92,LTE,2147483647,2147483647,2147483647,2147483647,0,60,0.0,0.0,48,4,-92,LTE,2147483647,2147483647,2147483647,2147483647,0,414,0.0,0.0,41,3,-99,LTE,2147483647,2147483647,2147483647,2147483647,0,299,0.0,0.0,41,3,-99,LTE
1511171900046,121.21000993,31.28674745,-25.0,10.0,1.031746,-110,true,-1,-1,5,97.0,4000.0,-19.08111572265625,-14.9169921875,7.32269287109375,2.403864622116089,1.4235382080078125,-1.1324692964553833,460,1,6154,185624391,0,-1,0.0,0.0,0,0,0,,8,460,1,6154,185624391,0,417,0.0,0.0,62,4,-78,LTE,2147483647,2147483647,2147483647,2147483647,0,419,0.0,0.0,49,4,-91,LTE,2147483647,2147483647,2147483647,2147483647,0,170,0.0,0.0,48,4,-92,LTE,2147483647,2147483647,2147483647,2147483647,0,60,0.0,0.0,56,4,-84,LTE,2147483647,2147483647,2147483647,2147483647,0,414,0.0,0.0,43,3,-97,LTE,2147483647,2147483647,2147483647,2147483647,0,299,0.0,0.0,43,3,-97,LTE,2147483647,2147483647,2147483647,2147483647,0,297,0.0,0.0,41,3,-99,LTE,2147483647,2147483647,2147483647,2147483647,0,162,0.0,0.0,37,3,-103,LTE
1511171903270,121.2100039,31.28672888,-26.0,10.0,0.8902247,-110,true,-1,-1,5,97.0,4000.0,-21.6705322265625,-26.01776123046875,2.2216796875,-2.8731749057769775,1.0831217765808105,-2.0614736080169678,460,1,6154,185624391,0,-1,0.0,0.0,0,0,0,,6,460,1,6154,185624391,0,417,0.0,0.0,61,4,-79,LTE,2147483647,2147483647,2147483647,2147483647,0,419,0.0,0.0,54,4,-86,LTE,2147483647,2147483647,2147483647,2147483647,0,170,0.0,0.0,50,4,-90,LTE,2147483647,2147483647,2147483647,2147483647,0,60,0.0,0.0,56,4,-84,LTE,2147483647,2147483647,2147483647,2147483647,0,414,0.0,0.0,53,4,-87,LTE,2147483647,2147483647,2147483647,2147483647,0,299,0.0,0.0,51,4,-89,LTE
1511171906226,121.20999047,31.28670915,-29.0,8.0,1.1100451,-109,true,-1,-1,5,97.0,4000.0,-0.89111328125,-11.9171142578125,-4.37774658203125,-2.607212781906128,1.4295639991760254,-0.9237421751022339,460,1,6154,185624391,0,-1,0.0,0.0,0,0,0,,3,460,1,6154,185624391,0,417,0.0,0.0,57,4,-83,LTE,2147483647,2147483647,2147483647,2147483647,0,60,0.0,0.0,56,4,-84,LTE,2147483647,2147483647,2147483647,2147483647,0,170,0.0,0.0,51,4,-89,LTE
1511171909449,121.20984688,31.28644639,-35.0,8.0,1.0100495,-111,true,-1,-1,5,97.0,4000.0,-14.57061767578125,-23.016357421875,-8.27789306640625,3.0401151180267334,1.3956608772277832,-0.9299609065055847,460,1,6154,185624391,0,-1,0.0,0.0,0,0,0,,4,460,1,6154,185624391,0,417,0.0,0.0,53,4,-87,LTE,2147483647,2147483647,2147483647,2147483647,0,60,0.0,0.0,57,4,-83,LTE,2147483647,2147483647,2147483647,2147483647,0,170,0.0,0.0,59,4,-81,LTE,2147483647,2147483647,2147483647,2147483647,0,169,0.0,0.0,53,4,-87,LTE
1511171912412,121.20994861,31.28670828,-32.0,8.0,0.64,-113,true,-1,-1,5,97.0,4000.0,-3.66058349609375,-22.11761474609375,-14.5782470703125,-1.5535506010055542,1.4282653331756592,-2.046964168548584,460,1,6271,10216213,0,-1,0.0,0.0,0,0,0,,8,460,1,6271,10216213,0,170,0.0,0.0,59,4,-81,LTE,2147483647,2147483647,2147483647,2147483647,0,60,0.0,0.0,49,4,-91,LTE,2147483647,2147483647,2147483647,2147483647,0,417,0.0,0.0,59,4,-81,LTE,2147483647,2147483647,2147483647,2147483647,0,169,0.0,0.0,41,3,-99,LTE,2147483647,2147483647,2147483647,2147483647,0,170,0.0,0.0,49,4,-91,LTE,2147483647,2147483647,2147483647,2147483647,0,0,0.0,0.0,97,4,0,LTE,2147483647,2147483647,2147483647,2147483647,0,0,0.0,0.0,97,4,0,LTE,2147483647,2147483647,2147483647,2147483647,0,0,0.0,0.0,97,4,0,LTE
1511171915360,121.20994861,31.28670828,-32.0,8.0,0.64,-110,true,-1,-1,5,97.0,4000.0,-16.99981689453125,-18.21746826171875,-5.877685546875,2.666537046432495,1.4730322360992432,-0.7195247411727905,460,1,6154,185624391,0,-1,0.0,0.0,0,0,0,,3,460,1,6154,185624391,0,417,0.0,0.0,52,4,-88,LTE,2147483647,2147483647,2147483647,2147483647,0,60,0.0,0.0,50,4,-90,LTE,2147483647,2147483647,2147483647,2147483647,0,170,0.0,0.0,48,4,-92,LTE
1511171918575,121.20972648,31.28653124,-9.0,13.0,3.6602187,-110,true,-1,-1,5,97.0,4000.0,-21.33026123046875,-32.01751708984375,5.82122802734375,-2.9653398990631104,1.2699687480926514,-2.0811166763305664,460,1,6154,185624391,0,-1,0.0,0.0,0,0,0,,3,460,1,6154,185624391,0,417,0.0,0.0,50,4,-90,LTE,2147483647,2147483647,2147483647,2147483647,0,60,0.0,0.0,52,4,-88,LTE,2147483647,2147483647,2147483647,2147483647,0,170,0.0,0.0,50,4,-90,LTE
1511171921545,121.20967883,31.2864052,-25.0,11.0,1.2325989,-111,true,-1,-1,5,97.0,4000.0,-1.06048583984375,-14.61639404296875,0.72174072265625,2.7303366661071777,1.4365723133087158,-1.1038098335266113,460,1,6271,10216213,0,-1,0.0,0.0,0,0,0,,6,460,1,6271,10216213,0,170,0.0,0.0,55,4,-85,LTE,2147483647,2147483647,2147483647,2147483647,0,417,0.0,0.0,54,4,-86,LTE,2147483647,2147483647,2147483647,2147483647,0,60,0.0,0.0,50,4,-90,LTE,2147483647,2147483647,2147483647,2147483647,0,169,0.0,0.0,37,3,-103,LTE,2147483647,2147483647,2147483647,2147483647,0,414,0.0,0.0,46,4,-94,LTE,2147483647,2147483647,2147483647,2147483647,0,419,0.0,0.0,48,4,-92,LTE
1511171924758,121.2096748,31.2863952,-5.0,10.0,1.4627714,-110,true,-1,-1,5,97.0,4000.0,-11.28082275390625,-31.4178466796875,7.0220947265625,2.7937088012695313,1.2367656230926514,-1.5283540487289429,460,1,6271,10216213,0,-1,0.0,0.0,0,0,0,,5,460,1,6271,10216213,0,170,0.0,0.0,59,4,-81,LTE,2147483647,2147483647,2147483647,2147483647,0,417,0.0,0.0,52,4,-88,LTE,2147483647,2147483647,2147483647,2147483647,0,60,0.0,0.0,53,4,-87,LTE,2147483647,2147483647,2147483647,2147483647,0,169,0.0,0.0,47,4,-93,LTE,2147483647,2147483647,2147483647,2147483647,0,414,0.0,0.0,46,4,-94,LTE
1511171927716,121.20966639,31.28634162,-14.0,8.0,1.2126418,-111,true,-1,-1,5,97.0,4000.0,-13.71002197265625,-21.8170166015625,16.021728515625,-2.985050916671753,1.3501545190811157,-2.6219263076782227,460,1,6271,10216213,0,-1,0.0,0.0,0,0,0,,5,460,1,6271,10216213,0,170,0.0,0.0,62,4,-78,LTE,2147483647,2147483647,2147483647,2147483647,0,417,0.0,0.0,44,3,-96,LTE,2147483647,2147483647,2147483647,2147483647,0,60,0.0,0.0,49,4,-91,LTE,2147483647,2147483647,2147483647,2147483647,0,169,0.0,0.0,48,4,-92,LTE,2147483647,2147483647,2147483647,2147483647,0,414,0.0,0.0,42,3,-98,LTE
1511171930935,121.20970085,31.28623267,-40.0,8.0,1.1211154,-109,true,-1,-1,5,97.0,4000.0,0.8392333984375,-13.41705322265625,-2.5787353515625,-2.2399065494537354,1.4664286375045776,-1.0020790100097656,460,1,6271,10216213,0,-1,0.0,0.0,0,0,0,,2,460,1,6271,10216213,0,170,0.0,0.0,56,4,-84,LTE,2147483647,2147483647,2147483647,2147483647,0,60,0.0,0.0,47,4,-93,LTE
1511171933883,121.209682,31.2862305,-37.0,8.0,0.91443974,-111,true,-1,-1,5,97.0,4000.0,-13.71002197265625,-23.9166259765625,1.62200927734375,-2.959531784057617,0.985255777835846,-2.0159125328063965,460,1,6271,10216213,0,-1,0.0,0.0,0,0,0,,4,460,1,6271,10216213,0,170,0.0,0.0,55,4,-85,LTE,2147483647,2147483647,2147483647,2147483647,0,60,0.0,0.0,43,3,-97,LTE,2147483647,2147483647,2147483647,2147483647,0,419,0.0,0.0,28,2,-112,LTE,2147483647,2147483647,2147483647,2147483647,0,417,0.0,0.0,42,3,-98,LTE
1511171936842,121.20967243,31.2862148,-37.0,8.0,0.671193,-114,true,-1,-1,5,97.0,4000.0,7.080078125,-12.21771240234375,-1.9775390625,-1.6900826692581177,1.4556583166122437,-0.344301700592041,460,1,6271,10216213,0,-1,0.0,0.0,0,0,0,,4,460,1,6271,10216213,0,170,0.0,0.0,51,4,-89,LTE,2147483647,2147483647,2147483647,2147483647,0,417,0.0,0.0,42,3,-98,LTE,2147483647,2147483647,2147483647,2147483647,0,60,0.0,0.0,53,4,-87,LTE,2147483647,2147483647,2147483647,2147483647,0,419,0.0,0.0,41,3,-99,LTE
1511171939836,121.20967288,31.28620701,-37.0,9.0,0.67029846,-111,true,-1,-1,5,97.0,4000.0,-0.89111328125,-5.61676025390625,-3.17840576171875,1.2608402967453003,1.402628779411316,1.8898757696151733,460,1,6271,10216213,0,-1,0.0,0.0,0,0,0,,7,460,1,6271,10216213,0,170,0.0,0.0,51,4,-89,LTE,2147483647,2147483647,2147483647,2147483647,0,60,0.0,0.0,49,4,-91,LTE,2147483647,2147483647,2147483647,2147483647,0,417,0.0,0.0,52,4,-88,LTE,2147483647,2147483647,2147483647,2147483647,0,419,0.0,0.0,40,3,-100,LTE,2147483647,2147483647,2147483647,2147483647,0,414,0.0,0.0,44,3,-96,LTE,2147483647,2147483647,2147483647,2147483647,0,169,0.0,0.0,39,3,-101,LTE,2147483647,2147483647,2147483647,2147483647,0,81,0.0,0.0,37,3,-103,LTE
1511171943024,121.20966973,31.28617059,-37.0,9.0,1.5500321,-114,true,-1,-1,5,97.0,4000.0,-16.13006591796875,-9.8175048828125,-6.17828369140625,-2.3867766857147217,1.0554670095443726,-2.0962419509887695,460,1,6271,13073675,0,-1,0.0,0.0,0,0,0,,6,460,1,6271,13073675,0,60,0.0,0.0,55,4,-85,LTE,2147483647,2147483647,2147483647,2147483647,0,170,0.0,0.0,46,4,-94,LTE,2147483647,2147483647,2147483647,2147483647,0,417,0.0,0.0,50,4,-90,LTE,2147483647,2147483647,2147483647,2147483647,0,419,0.0,0.0,40,3,-100,LTE,2147483647,2147483647,2147483647,2147483647,0,414,0.0,0.0,33,2,-107,LTE,2147483647,2147483647,2147483647,2147483647,0,169,0.0,0.0,40,3,-100,LTE
1511171946250,121.20965344,31.28612881,-37.0,11.0,1.55,-114,true,-1,-1,5,97.0,4000.0,-18.2098388671875,15.38238525390625,-2.5787353515625,-0.9142589569091797,1.4632582664489746,2.6943557262420654,460,1,6271,13073675,0,-1,0.0,0.0,0,0,0,,8,460,1,6271,13073675,0,60,0.0,0.0,54,4,-86,LTE,2147483647,2147483647,2147483647,2147483647,0,170,0.0,0.0,47,4,-93,LTE,2147483647,2147483647,2147483647,2147483647,0,417,0.0,0.0,46,4,-94,LTE,2147483647,2147483647,2147483647,2147483647,0,419,0.0,0.0,38,3,-102,LTE,2147483647,2147483647,2147483647,2147483647,0,414,0.0,0.0,41,3,-99,LTE,2147483647,2147483647,2147483647,2147483647,0,297,0.0,0.0,36,3,-104,LTE,2147483647,2147483647,2147483647,2147483647,0,299,0.0,0.0,35,3,-105,LTE,2147483647,2147483647,2147483647,2147483647,0,61,0.0,0.0,34,2,-106,LTE
1511171949192,121.20952196,31.28605454,-28.0,9.0,1.8070971,-109,true,-1,-1,5,96.0,4000.0,-6.4300537109375,-3.8177490234375,-13.97857666015625,-2.4235587120056152,1.3978978395462036,-1.1700011491775513,460,1,6271,13073675,0,-1,0.0,0.0,0,0,0,,5,460,1,6271,13073675,0,60,0.0,0.0,58,4,-82,LTE,2147483647,2147483647,2147483647,2147483647,0,170,0.0,0.0,50,4,-90,LTE,2147483647,2147483647,2147483647,2147483647,0,417,0.0,0.0,54,4,-86,LTE,2147483647,2147483647,2147483647,2147483647,0,414,0.0,0.0,44,3,-96,LTE,2147483647,2147483647,2147483647,2147483647,0,419,0.0,0.0,52,4,-88,LTE
1511171952172,121.20947602,31.28600314,-24.0,8.0,1.5339491,-109,true,-1,-1,5,96.0,4000.0,-19.41986083984375,-11.9171142578125,-4.6783447265625,-3.110929012298584,1.4788709878921509,-1.3666088581085205,460,1,6154,185624391,0,-1,0.0,0.0,0,0,0,,5,460,1,6154,185624391,0,417,0.0,0.0,61,4,-79,LTE,2147483647,2147483647,2147483647,2147483647,0,170,0.0,0.0,51,4,-89,LTE,2147483647,2147483647,2147483647,2147483647,0,60,0.0,0.0,53,4,-87,LTE,2147483647,2147483647,2147483647,2147483647,0,414,0.0,0.0,42,3,-98,LTE,2147483647,2147483647,2147483647,2147483647,0,419,0.0,0.0,52,4,-88,LTE
1511171955144,121.20945948,31.28598556,-26.0,8.0,1.5446682,-111,true,-1,-1,5,96.0,4000.0,-7.99102783203125,-28.11737060546875,-14.27764892578125,-2.5363974571228027,0.9455447196960449,-1.6735551357269287,460,1,6271,13073675,0,-1,0.0,0.0,0,0,0,,7,460,1,6154,185624391,0,417,0.0,0.0,52,4,-88,LTE,2147483647,2147483647,2147483647,2147483647,0,170,0.0,0.0,50,4,-90,LTE,2147483647,2147483647,2147483647,2147483647,0,60,0.0,0.0,56,4,-84,LTE,2147483647,2147483647,2147483647,2147483647,0,414,0.0,0.0,42,3,-98,LTE,2147483647,2147483647,2147483647,2147483647,0,418,0.0,0.0,44,3,-96,LTE,2147483647,2147483647,2147483647,2147483647,0,336,0.0,0.0,36,3,-104,LTE,2147483647,2147483647,2147483647,2147483647,0,419,0.0,0.0,46,4,-94,LTE
1511171958333,121.20942611,31.28595405,-26.0,9.0,1.5405194,-110,true,-1,-1,5,96.0,4000.0,-14.05029296875,-24.81689453125,-6.7779541015625,0.8412776589393616,1.5371404886245728,1.2192051410675049,460,1,6154,13073675,0,-1,0.0,0.0,0,0,0,,5,460,1,6271,13073675,0,60,0.0,0.0,62,4,-78,LTE,2147483647,2147483647,2147483647,2147483647,0,170,0.0,0.0,57,4,-83,LTE,2147483647,2147483647,2147483647,2147483647,0,417,0.0,0.0,56,4,-84,LTE,2147483647,2147483647,2147483647,2147483647,0,414,0.0,0.0,47,4,-93,LTE,2147483647,2147483647,2147483647,2147483647,0,419,0.0,0.0,55,4,-85,LTE
1511171961293,121.20942611,31.28595405,-26.0,9.0,1.5405194,-110,true,-1,-1,5,96.0,4000.0,-6.09130859375,-8.917236328125,2.82135009765625,3.0051372051239014,1.3603384494781494,-1.833299160003662,460,1,6271,13073675,0,-1,0.0,0.0,0,0,0,,7,460,1,6271,13073675,0,60,0.0,0.0,62,4,-78,LTE,2147483647,2147483647,2147483647,2147483647,0,170,0.0,0.0,52,4,-88,LTE,2147483647,2147483647,2147483647,2147483647,0,417,0.0,0.0,51,4,-89,LTE,2147483647,2147483647,2147483647,2147483647,0,414,0.0,0.0,42,3,-98,LTE,2147483647,2147483647,2147483647,2147483647,0,419,0.0,0.0,46,4,-94,LTE,2147483647,2147483647,2147483647,2147483647,0,61,0.0,0.0,45,4,-95,LTE,2147483647,2147483647,2147483647,2147483647,0,364,0.0,0.0,38,3,-102,LTE
1511171964500,121.20935138,31.28593121,-23.0,9.0,1.1842296,-110,true,-1,-1,5,96.0,4000.0,-15.44036865234375,-13.41705322265625,7.0220947265625,-2.991117000579834,1.4107669591903687,-2.1651077270507813,460,1,6271,13073675,0,-1,0.0,0.0,0,0,0,,6,460,1,6271,13073675,0,60,0.0,0.0,61,4,-79,LTE,2147483647,2147483647,2147483647,2147483647,0,170,0.0,0.0,53,4,-87,LTE,2147483647,2147483647,2147483647,2147483647,0,417,0.0,0.0,50,4,-90,LTE,2147483647,2147483647,2147483647,2147483647,0,414,0.0,0.0,52,4,-88,LTE,2147483647,2147483647,2147483647,2147483647,0,419,0.0,0.0,38,3,-102,LTE,2147483647,2147483647,2147483647,2147483647,0,13,0.0,0.0,35,3,-105,LTE
1511171967457,121.20936225,31.28591854,-27.0,9.0,1.1720921,-109,true,-1,-1,5,96.0,4000.0,-23.75030517578125,-17.0166015625,2.2216796875,-3.004204034805298,0.8519083261489868,-1.8323893547058105,460,1,6271,13073675,0,-1,0.0,0.0,0,0,0,,6,460,1,6271,13073675,0,60,0.0,0.0,60,4,-80,LTE,2147483647,2147483647,2147483647,2147483647,0,170,0.0,0.0,38,3,-102,LTE,2147483647,2147483647,2147483647,2147483647,0,417,0.0,0.0,45,4,-95,LTE,2147483647,2147483647,2147483647,2147483647,0,414,0.0,0.0,35,3,-105,LTE,2147483647,2147483647,2147483647,2147483647,0,418,0.0,0.0,33,2,-107,LTE,2147483647,2147483647,2147483647,2147483647,0,13,0.0,0.0,35,3,-105,LTE
1511171970679,121.20928067,31.28588791,-22.0,10.0,1.242578,-111,true,-1,-1,5,96.0,4000.0,-21.15020751953125,-30.816650390625,1.3214111328125,-2.22640323638916,1.399325966835022,-2.741070032119751,460,1,6271,13073675,0,-1,0.0,0.0,0,0,0,,4,460,1,6271,13073675,0,60,0.0,0.0,62,4,-78,LTE,2147483647,2147483647,2147483647,2147483647,0,414,0.0,0.0,46,4,-94,LTE,2147483647,2147483647,2147483647,2147483647,0,13,0.0,0.0,32,2,-108,LTE,2147483647,2147483647,2147483647,2147483647,0,170,0.0,0.0,40,3,-100,LTE
1511171973639,121.20928142,31.28585323,-25.0,11.0,0.894539,-111,true,-1,-1,5,96.0,4000.0,-13.01116943359375,-14.9169921875,-1.37786865234375,-2.7831881046295166,1.4303086996078491,-1.8765521049499512,460,1,6271,13073675,0,-1,0.0,0.0,0,0,0,,4,460,1,6271,13073675,0,60,0.0,0.0,55,4,-85,LTE,2147483647,2147483647,2147483647,2147483647,0,414,0.0,0.0,43,3,-97,LTE,2147483647,2147483647,2147483647,2147483647,0,170,0.0,0.0,46,4,-94,LTE,2147483647,2147483647,2147483647,2147483647,0,13,0.0,0.0,40,3,-100,LTE
1511171976875,121.20937145,31.285792,-25.0,13.0,1.25,-109,true,-1,-1,5,96.0,4000.0,-17.5201416015625,-23.9166259765625,-5.57861328125,-2.931427478790283,1.2136456966400146,-1.5550580024719238,460,1,6271,13073675,0,-1,0.0,0.0,0,0,0,,4,460,1,6271,13073675,0,60,0.0,0.0,59,4,-81,LTE,2147483647,2147483647,2147483647,2147483647,0,414,0.0,0.0,45,4,-95,LTE,2147483647,2147483647,2147483647,2147483647,0,170,0.0,0.0,44,3,-96,LTE,2147483647,2147483647,2147483647,2147483647,0,13,0.0,0.0,31,2,-109,LTE
1511171979806,121.20933768,31.28574331,-24.0,15.0,1.5601281,-112,true,-1,-1,5,96.0,4000.0,-19.41986083984375,-23.31695556640625,-4.07867431640625,-2.6701462268829346,1.4453245401382446,-1.898983120918274,460,1,6271,13073675,0,-1,0.0,0.0,0,0,0,,4,460,1,6271,13073675,0,60,0.0,0.0,58,4,-82,LTE,2147483647,2147483647,2147483647,2147483647,0,170,0.0,0.0,46,4,-94,LTE,2147483647,2147483647,2147483647,2147483647,0,13,0.0,0.0,36,3,-104,LTE,2147483647,2147483647,2147483647,2147483647,0,414,0.0,0.0,36,3,-104,LTE
1511171982774,121.20928067,31.28573381,-24.0,13.0,1.1970798,-112,true,-1,-1,5,96.0,4000.0,0.66986083984375,-12.21771240234375,-10.6781005859375,-2.1644186973571777,1.386913776397705,-1.0826256275177002,460,1,6271,13073675,0,-1,0.0,0.0,0,0,0,,4,460,1,6271,13073675,0,60,0.0,0.0,56,4,-84,LTE,2147483647,2147483647,2147483647,2147483647,0,170,0.0,0.0,43,3,-97,LTE,2147483647,2147483647,2147483647,2147483647,0,414,0.0,0.0,34,2,-106,LTE,2147483647,2147483647,2147483647,2147483647,0,61,0.0,0.0,41,3,-99,LTE
1511171985988,121.20923689,31.28571473,-22.0,8.0,0.81098706,-109,true,-1,-1,5,96.0,4000.0,-18.3807373046875,-27.8167724609375,-7.07855224609375,-2.7132387161254883,1.288325548171997,-1.7818388938903809,460,1,6271,13073675,0,-1,0.0,0.0,0,0,0,,5,460,1,6271,13073675,0,60,0.0,0.0,63,4,-77,LTE,2147483647,2147483647,2147483647,2147483647,0,208,0.0,0.0,35,3,-105,LTE,2147483647,2147483647,2147483647,2147483647,0,61,0.0,0.0,39,3,-101,LTE,2147483647,2147483647,2147483647,2147483647,0,414,0.0,0.0,45,4,-95,LTE,2147483647,2147483647,2147483647,2147483647,0,417,0.0,0.0,38,3,-102,LTE
1511171988947,121.20922626,31.28571458,-26.0,9.0,0.82006097,-111,true,-1,-1,5,96.0,4000.0,-17.17071533203125,-22.41668701171875,-4.9774169921875,-1.994245171546936,1.4359054565429688,-2.5880982875823975,460,1,6271,13073675,0,-1,0.0,0.0,0,0,0,,3,460,1,6271,13073675,0,60,0.0,0.0,65,4,-75,LTE,2147483647,2147483647,2147483647,2147483647,0,414,0.0,0.0,40,3,-100,LTE,2147483647,2147483647,2147483647,2147483647,0,170,0.0,0.0,40,3,-100,LTE
1511171992181,121.20914952,31.28569776,-18.0,13.0,1.31,-109,true,-1,-1,5,96.0,4000.0,-6.610107421875,-14.9169921875,-9.478759765625,-2.7489430904388428,1.3604098558425903,-1.0974485874176025,460,1,6271,13073675,0,-1,0.0,0.0,0,0,0,,3,460,1,6271,13073675,0,60,0.0,0.0,66,4,-74,LTE,2147483647,2147483647,2147483647,2147483647,0,414,0.0,0.0,46,4,-94,LTE,2147483647,2147483647,2147483647,2147483647,0,170,0.0,0.0,45,4,-95,LTE
1511171995114,121.20910238,31.28566424,-16.0,11.0,1.1107205,-109,true,-1,-1,5,96.0,4000.0,-1.580810546875,-29.6173095703125,-22.97821044921875,-2.501384973526001,1.240159273147583,-0.9394626021385193,460,1,6271,13073675,0,-1,0.0,0.0,0,0,0,,1,460,1,6271,13073675,0,60,0.0,0.0,60,4,-80,LTE
1511171998109,121.20910215,31.28564266,-14.0,9.0,0.6493843,-109,true,-1,-1,5,96.0,4000.0,-7.12127685546875,-24.21722412109375,-16.3787841796875,-0.7974337339401245,1.421798825263977,-2.9052250385284424,460,1,6271,13073675,0,-1,0.0,0.0,0,0,0,,1,460,1,6271,13073675,0,60,0.0,0.0,67,4,-73,LTE
1511172001294,121.2091014,31.28564263,-14.0,8.0,0.6627217,-109,true,-1,-1,5,96.0,4000.0,1.708984375,-13.116455078125,-13.07830810546875,-1.5868585109710693,1.4493722915649414,-1.546310305595398,460,1,6271,13073675,0,-1,0.0,0.0,0,0,0,,2,460,1,6271,13073675,0,60,0.0,0.0,63,4,-77,LTE,2147483647,2147483647,2147483647,2147483647,0,414,0.0,0.0,33,2,-107,LTE
1511172004253,121.20907356,31.28560255,-16.0,7.0,1.1783463,-109,true,-1,-1,5,96.0,4000.0,-12.84027099609375,-23.016357421875,-8.27789306640625,-2.774409770965576,1.1679680347442627,-1.5540833473205566,460,1,6271,13073675,0,-1,0.0,0.0,0,0,0,,2,460,1,6271,13073675,0,60,0.0,0.0,71,4,-69,LTE,2147483647,2147483647,2147483647,2147483647,0,414,0.0,0.0,40,3,-100,LTE
1511172007474,121.20907415,31.28558883,-16.0,6.0,1.0568348,-109,true,-1,-1,5,96.0,4000.0,-8.68072509765625,-26.31683349609375,-18.4783935546875,1.195770502090454,1.4010038375854492,1.7183095216751099,460,1,6271,13073675,0,-1,0.0,0.0,0,0,0,,2,460,1,6271,13073675,0,60,0.0,0.0,75,4,-65,LTE,2147483647,2147483647,2147483647,2147483647,0,414,0.0,0.0,40,3,-100,LTE
1511172010423,121.20905948,31.28556198,-16.0,8.0,1.0507616,-109,true,-1,-1,5,96.0,4000.0,4.998779296875,-15.51666259765625,-17.578125,-1.6737067699432373,1.4395793676376343,-1.3016232252120972,460,1,6271,13073675,0,-1,0.0,0.0,0,0,0,,2,460,1,6271,13073675,0,60,0.0,0.0,74,4,-66,LTE,2147483647,2147483647,2147483647,2147483647,0,414,0.0,0.0,40,3,-100,LTE
1511172013396,121.20905948,31.28556198,-16.0,8.0,1.0507616,-109,true,-1,-1,5,96.0,4000.0,-19.940185546875,-30.21697998046875,-6.7779541015625,3.121622085571289,1.3907546997070313,-1.2183560132980347,460,1,6271,13073675,0,-1,0.0,0.0,0,0,0,,2,460,1,6271,13073675,0,60,0.0,0.0,72,4,-68,LTE,2147483647,2147483647,2147483647,2147483647,0,414,0.0,0.0,40,3,-100,LTE
1511172016602,121.20902071,31.2855408,-14.0,10.0,0.9900505,-109,true,-1,-1,5,96.0,4000.0,-13.71002197265625,-36.517333984375,-16.3787841796875,2.3981213569641113,1.498612403869629,0.12889190018177032,460,1,6271,13073675,0,-1,0.0,0.0,0,0,0,,2,460,1,6271,13073675,0,60,0.0,0.0,69,4,-71,LTE,2147483647,2147483647,2147483647,2147483647,0,414,0.0,0.0,41,3,-99,LTE
1511172019561,121.2090063,31.28543064,-15.0,8.0,2.0703864,-109,true,-1,-1,5,96.0,4000.0,-0.01983642578125,-16.717529296875,-12.4786376953125,-2.5732409954071045,1.3689097166061401,-0.706630527973175,460,1,6271,13073675,0,-1,0.0,0.0,0,0,0,,2,460,1,6271,13073675,0,60,0.0,0.0,71,4,-69,LTE,2147483647,2147483647,2147483647,2147483647,0,414,0.0,0.0,51,4,-89,LTE
1511172022794,121.20894741,31.28539765,-16.0,9.0,1.97,-109,true,-1,-1,5,96.0,4000.0,-12.15057373046875,-23.9166259765625,-4.6783447265625,2.8754003047943115,1.368428349494934,-0.8448433876037598,460,1,6271,13073675,0,-1,0.0,0.0,0,0,0,,2,460,1,6271,13073675,0,60,0.0,0.0,72,4,-68,LTE,2147483647,2147483647,2147483647,2147483647,0,414,0.0,0.0,46,4,-94,LTE
1511172025738,121.20891899,31.28531242,-15.0,10.0,2.0600243,-109,true,-1,-1,5,96.0,4000.0,-17.5201416015625,-33.8165283203125,-2.5787353515625,-3.0086379051208496,1.0278277397155762,-1.670149326324463,460,1,6271,13073675,0,-1,0.0,0.0,0,0,0,,2,460,1,6271,13073675,0,60,0.0,0.0,76,4,-64,LTE,2147483647,2147483647,2147483647,2147483647,0,13,0.0,0.0,47,4,-93,LTE
1511172028951,121.20907611,31.28541172,-5.0,13.0,1.11,-109,true,-1,-1,5,96.0,4000.0,-22.19085693359375,-32.31658935546875,-7.67822265625,2.6681132316589355,1.3981062173843384,-0.661878764629364,460,1,6271,13073675,0,-1,0.0,0.0,0,0,0,,1,460,1,6271,13073675,0,60,0.0,0.0,75,4,-65,LTE
1511172031909,121.2090391,31.28538391,-5.0,13.0,1.2014991,-109,true,-1,-1,5,96.0,4000.0,-9.7198486328125,-8.31756591796875,9.72137451171875,2.046637535095215,1.310001254081726,-1.132506251335144,460,1,6271,13073675,0,-1,0.0,0.0,0,0,0,,1,460,1,6271,13073675,0,60,0.0,0.0,77,4,-63,LTE
1511172034870,121.20899342,31.28533299,-7.0,10.0,1.520822,-109,true,-1,-1,5,96.0,4000.0,-21.33026123046875,-30.21697998046875,25.62255859375,1.4828226566314697,1.2144452333450317,-0.4401651620864868,460,1,6271,13073675,0,-1,0.0,0.0,0,0,0,,2,460,1,6271,13073675,0,60,0.0,0.0,74,4,-66,LTE,2147483647,2147483647,2147483647,2147483647,0,414,0.0,0.0,43,3,-97,LTE
1511172038093,121.20898391,31.28530133,-7.0,11.0,1.5200329,-109,true,-1,-1,5,96.0,4000.0,-20.111083984375,-29.01763916015625,30.7220458984375,2.3759169578552246,0.733504056930542,-1.4956954717636108,460,1,6271,13073675,0,-1,0.0,0.0,0,0,0,,6,460,1,6271,13073675,0,60,0.0,0.0,70,4,-70,LTE,2147483647,2147483647,2147483647,2147483647,0,414,0.0,0.0,41,3,-99,LTE,2147483647,2147483647,2147483647,2147483647,0,417,0.0,0.0,40,3,-100,LTE,2147483647,2147483647,2147483647,2147483647,0,170,0.0,0.0,41,3,-99,LTE,2147483647,2147483647,2147483647,2147483647,0,419,0.0,0.0,37,3,-103,LTE,2147483647,2147483647,2147483647,2147483647,0,13,0.0,0.0,45,4,-95,LTE
1511172041038,121.20898391,31.28530133,-7.0,11.0,1.5200329,-109,true,-1,-1,5,96.0,4000.0,-6.26068115234375,-19.7174072265625,36.7218017578125,1.2386894226074219,1.4525306224822998,-1.0082111358642578,460,1,6271,13073675,0,-1,0.0,0.0,0,0,0,,4,460,1,6271,13073675,0,60,0.0,0.0,67,4,-73,LTE,2147483647,2147483647,2147483647,2147483647,0,419,0.0,0.0,40,3,-100,LTE,2147483647,2147483647,2147483647,2147483647,0,414,0.0,0.0,42,3,-98,LTE,2147483647,2147483647,2147483647,2147483647,0,417,0.0,0.0,40,3,-100,LTE
1511172044259,121.20896611,31.2852192,-9.0,20.0,1.8700267,-109,true,-1,-1,5,96.0,4000.0,4.47998046875,-10.1165771484375,34.9212646484375,1.1665349006652832,1.313022494316101,-1.2125027179718018,460,1,6271,13073675,0,-1,0.0,0.0,0,0,0,,5,460,1,6271,13073675,0,60,0.0,0.0,65,4,-75,LTE,2147483647,2147483647,2147483647,2147483647,0,417,0.0,0.0,36,3,-104,LTE,2147483647,2147483647,2147483647,2147483647,0,414,0.0,0.0,43,3,-97,LTE,2147483647,2147483647,2147483647,2147483647,0,495,0.0,0.0,39,3,-101,LTE,2147483647,2147483647,2147483647,2147483647,0,419,0.0,0.0,31,2,-109,LTE
1511172046977,121.20896611,31.2852192,-9.0,20.0,1.8700267,-109,true,-1,-1,5,96.0,4000.0,-18.2098388671875,-22.41668701171875,26.22222900390625,2.296290159225464,0.9799763560295105,-1.454243540763855,460,1,6271,13073675,0,-1,0.0,0.0,0,0,0,,2,460,1,6271,13073675,0,60,0.0,0.0,59,4,-81,LTE,2147483647,2147483647,2147483647,2147483647,0,417,0.0,0.0,49,4,-91,LTE
1511172050185,121.20896121,31.28514238,-8.0,20.0,1.73,-109,true,-1,-1,5,96.0,4000.0,-22.01995849609375,-31.7169189453125,30.42144775390625,1.2924810647964478,1.4979337453842163,-0.6059407591819763,460,1,6271,13073675,0,-1,0.0,0.0,0,0,0,,2,460,1,6271,13073675,0,60,0.0,0.0,57,4,-83,LTE,2147483647,2147483647,2147483647,2147483647,0,417,0.0,0.0,33,2,-107,LTE
1511172053412,121.20896121,31.28514238,-8.0,20.0,1.73,-110,true,-1,-1,5,96.0,4000.0,-5.0506591796875,-11.016845703125,26.8218994140625,1.548906683921814,1.381371259689331,-1.2849372625350952,460,1,6271,13073675,0,-1,0.0,0.0,0,0,0,,3,460,1,6271,13073675,0,60,0.0,0.0,56,4,-84,LTE,2147483647,2147483647,2147483647,2147483647,0,417,0.0,0.0,42,3,-98,LTE,2147483647,2147483647,2147483647,2147483647,0,341,0.0,0.0,34,2,-106,LTE
1511172056344,121.2089952,31.285076,-9.0,16.0,1.5905031,-110,true,-1,-1,5,96.0,4000.0,-19.59991455078125,-23.016357421875,23.822021484375,1.2127455472946167,1.2614887952804565,-0.28424274921417236,460,1,6271,13073675,0,-1,0.0,0.0,0,0,0,,3,460,1,6271,13073675,0,60,0.0,0.0,56,4,-84,LTE,2147483647,2147483647,2147483647,2147483647,0,341,0.0,0.0,38,3,-102,LTE,2147483647,2147483647,2147483647,2147483647,0,417,0.0,0.0,35,3,-105,LTE
1511172059576,121.20903623,31.28503028,-7.0,17.0,1.9409276,-109,true,-1,-1,5,96.0,4000.0,-22.01995849609375,-32.6171875,30.42144775390625,2.618670701980591,1.4599798917770386,-1.9467273950576782,460,1,6271,13073675,0,-1,0.0,0.0,0,0,0,,3,460,1,6271,13073675,0,60,0.0,0.0,58,4,-82,LTE,2147483647,2147483647,2147483647,2147483647,0,341,0.0,0.0,37,3,-103,LTE,2147483647,2147483647,2147483647,2147483647,0,414,0.0,0.0,43,3,-97,LTE
1511172062523,121.2090603,31.2849979,-8.0,14.0,1.950641,-109,true,-1,-1,5,96.0,4000.0,-8.68072509765625,-13.116455078125,30.7220458984375,1.7200480699539185,1.4348037242889404,-1.390427589416504,460,1,6271,13073675,0,-1,0.0,0.0,0,0,0,,3,460,1,6271,13073675,0,60,0.0,0.0,61,4,-79,LTE,2147483647,2147483647,2147483647,2147483647,0,414,0.0,0.0,37,3,-103,LTE,2147483647,2147483647,2147483647,2147483647,0,341,0.0,0.0,31,2,-109,LTE
1511172065512,121.20911284,31.28498684,-6.0,12.0,1.7702543,-109,true,-1,-1,5,96.0,4000.0,-16.30096435546875,-20.61767578125,24.12261962890625,-0.16144484281539917,1.417188286781311,0.7364205121994019,460,1,6271,13073675,0,-1,0.0,0.0,0,0,0,,2,460,1,6271,13073675,0,60,0.0,0.0,69,4,-71,LTE,2147483647,2147483647,2147483647,2147483647,0,417,0.0,0.0,41,3,-99,LTE
1511172068714,121.20911284,31.28498684,-6.0,12.0,1.7702543,-109,true,-1,-1,5,96.0,4000.0,-21.8505859375,-26.31683349609375,26.52130126953125,2.5762038230895996,1.069246530532837,-1.7391595840454102,460,1,6271,13073675,0,-1,0.0,0.0,0,0,0,,6,460,1,6271,13073675,0,60,0.0,0.0,67,4,-73,LTE,2147483647,2147483647,2147483647,2147483647,0,417,0.0,0.0,36,3,-104,LTE,2147483647,2147483647,2147483647,2147483647,0,61,0.0,0.0,50,4,-90,LTE,2147483647,2147483647,2147483647,2147483647,0,414,0.0,0.0,47,4,-93,LTE,2147483647,2147483647,2147483647,2147483647,0,495,0.0,0.0,42,3,-98,LTE,2147483647,2147483647,2147483647,2147483647,0,208,0.0,0.0,38,3,-102,LTE
1511172071662,121.20914809,31.2849673,-7.0,12.0,0.8902247,-109,true,-1,-1,5,96.0,4000.0,-4.87060546875,-12.8173828125,27.72216796875,0.6097452640533447,1.3543963432312012,-0.36834296584129333,460,1,6271,13073675,0,-1,0.0,0.0,0,0,0,,5,460,1,6271,13073675,0,60,0.0,0.0,71,4,-69,LTE,2147483647,2147483647,2147483647,2147483647,0,417,0.0,0.0,43,3,-97,LTE,2147483647,2147483647,2147483647,2147483647,0,208,0.0,0.0,41,3,-99,LTE,2147483647,2147483647,2147483647,2147483647,0,414,0.0,0.0,43,3,-97,LTE,2147483647,2147483647,2147483647,2147483647,0,495,0.0,0.0,45,4,-95,LTE
1511172074874,121.20911292,31.28497109,-5.0,11.0,0.9234717,-109,true,-1,-1,5,96.0,4000.0,-18.04046630859375,-20.0164794921875,24.12261962890625,1.54111647605896,1.3769010305404663,-0.7676204442977905,460,1,6271,13073675,0,-1,0.0,0.0,0,0,0,,1,460,1,6271,13073675,0,60,0.0,0.0,72,4,-68,LTE
1511172077835,121.20905374,31.28496379,-2.0,9.0,0.84148675,-109,true,-1,-1,5,96.0,4000.0,-22.19085693359375,-33.5174560546875,25.32196044921875,2.247828960418701,1.5125576257705688,-1.483839750289917,460,1,6271,13073675,0,-1,0.0,0.0,0,0,0,,1,460,1,6271,13073675,0,60,0.0,0.0,73,4,-67,LTE
1511172080816,121.20904201,31.2849169,6.0,9.0,1.0846198,-109,true,-1,-1,5,96.0,4000.0,-6.26068115234375,-11.016845703125,30.12237548828125,1.6025733947753906,1.345585823059082,-1.316387414932251,460,1,6271,13073675,0,-1,0.0,0.0,0,0,0,,1,460,1,6271,13073675,0,60,0.0,0.0,68,4,-72,LTE
1511172084020,121.2090509,31.28482885,6.0,13.0,1.4900336,-109,true,-1,-1,5,96.0,4000.0,-26.35040283203125,-26.01776123046875,17.52166748046875,1.7513896226882935,1.269360899925232,-0.5219389200210571,460,1,6271,13073675,0,-1,0.0,0.0,0,0,0,,1,460,1,6271,13073675,0,60,0.0,0.0,70,4,-70,LTE
1511172086982,121.20908752,31.28475771,6.0,17.0,1.26,-109,true,-1,-1,5,96.0,4000.0,-26.0009765625,-29.6173095703125,21.1212158203125,2.7678568363189697,1.0246039628982544,-1.7580463886260986,460,1,6271,13073675,0,-1,0.0,0.0,0,0,0,,4,460,1,6271,13073675,0,60,0.0,0.0,67,4,-73,LTE,2147483647,2147483647,2147483647,2147483647,0,414,0.0,0.0,45,4,-95,LTE,2147483647,2147483647,2147483647,2147483647,0,417,0.0,0.0,41,3,-99,LTE,2147483647,2147483647,2147483647,2147483647,0,416,0.0,0.0,43,3,-97,LTE
1511172090184,121.20912107,31.28471901,7.0,13.0,1.070187,-110,true,-1,-1,5,96.0,4000.0,-23.22998046875,-30.517578125,30.12237548828125,-2.6647419929504395,1.4574744701385498,-3.000607967376709,460,1,6271,13073675,0,-1,0.0,0.0,0,0,0,,5,460,1,6271,13073675,0,60,0.0,0.0,65,4,-75,LTE,2147483647,2147483647,2147483647,2147483647,0,414,0.0,0.0,36,3,-104,LTE,2147483647,2147483647,2147483647,2147483647,0,417,0.0,0.0,33,2,-107,LTE,2147483647,2147483647,2147483647,2147483647,0,416,0.0,0.0,36,3,-104,LTE,2147483647,2147483647,2147483647,2147483647,0,170,0.0,0.0,36,3,-104,LTE
1511172093152,121.20912107,31.28471901,7.0,13.0,1.070187,-110,true,-1,-1,5,96.0,4000.0,-15.44036865234375,-20.0164794921875,11.822509765625,1.7556655406951904,1.341867446899414,-0.605399489402771,460,1,6271,13073675,0,-1,0.0,0.0,0,0,0,,7,460,1,6271,13073675,0,60,0.0,0.0,63,4,-77,LTE,2147483647,2147483647,2147483647,2147483647,0,414,0.0,0.0,45,4,-95,LTE,2147483647,2147483647,2147483647,2147483647,0,417,0.0,0.0,48,4,-92,LTE,2147483647,2147483647,2147483647,2147483647,0,416,0.0,0.0,40,3,-100,LTE,2147483647,2147483647,2147483647,2147483647,0,170,0.0,0.0,41,3,-99,LTE,2147483647,2147483647,2147483647,2147483647,0,61,0.0,0.0,40,3,-100,LTE,2147483647,2147483647,2147483647,2147483647,0,81,0.0,0.0,52,4,-88,LTE
1511172096374,121.20916449,31.28467354,6.0,9.0,1.0270345,-110,true,-1,-1,5,96.0,4000.0,-23.75030517578125,-28.11737060546875,18.42193603515625,2.460304021835327,1.169528603553772,-1.3496299982070923,460,1,6271,13073675,0,-1,0.0,0.0,0,0,0,,6,460,1,6271,13073675,0,60,0.0,0.0,64,4,-76,LTE,2147483647,2147483647,2147483647,2147483647,0,414,0.0,0.0,37,3,-103,LTE,2147483647,2147483647,2147483647,2147483647,0,417,0.0,0.0,44,3,-96,LTE,2147483647,2147483647,2147483647,2147483647,0,416,0.0,0.0,50,4,-90,LTE,2147483647,2147483647,2147483647,2147483647,0,170,0.0,0.0,42,3,-98,LTE,2147483647,2147483647,2147483647,2147483647,0,61,0.0,0.0,53,4,-87,LTE
1511172099326,121.20918277,31.28461219,4.0,8.0,1.1386396,-109,true,-1,-1,5,96.0,4000.0,-24.44000244140625,-37.7166748046875,20.22247314453125,-2.8422322273254395,1.4226100444793701,-2.610154867172241,460,1,6271,13073675,0,-1,0.0,0.0,0,0,0,,7,460,1,6271,13073675,0,60,0.0,0.0,63,4,-77,LTE,2147483647,2147483647,2147483647,2147483647,0,414,0.0,0.0,43,3,-97,LTE,2147483647,2147483647,2147483647,2147483647,0,417,0.0,0.0,43,3,-97,LTE,2147483647,2147483647,2147483647,2147483647,0,416,0.0,0.0,37,3,-103,LTE,2147483647,2147483647,2147483647,2147483647,0,170,0.0,0.0,34,2,-106,LTE,2147483647,2147483647,2147483647,2147483647,0,61,0.0,0.0,39,3,-101,LTE,2147483647,2147483647,2147483647,2147483647,0,13,0.0,0.0,36,3,-104,LTE
1511172102291,121.20918184,31.2845789,3.0,7.0,1.3805071,-109,true,-1,-1,5,96.0,4000.0,-15.0909423828125,-23.016357421875,21.42181396484375,1.2675076723098755,1.4167646169662476,-0.5199976563453674,460,1,6271,13073675,0,-1,0.0,0.0,0,0,0,,8,460,1,6271,13073675,0,60,0.0,0.0,64,4,-76,LTE,2147483647,2147483647,2147483647,2147483647,0,414,0.0,0.0,39,3,-101,LTE,2147483647,2147483647,2147483647,2147483647,0,417,0.0,0.0,53,4,-87,LTE,2147483647,2147483647,2147483647,2147483647,0,13,0.0,0.0,39,3,-101,LTE,2147483647,2147483647,2147483647,2147483647,0,170,0.0,0.0,34,2,-106,LTE,2147483647,2147483647,2147483647,2147483647,0,61,0.0,0.0,54,4,-86,LTE,2147483647,2147483647,2147483647,2147483647,0,419,0.0,0.0,37,3,-103,LTE,2147483647,2147483647,2147483647,2147483647,0,81,0.0,0.0,38,3,-102,LTE
1511172105498,121.20920157,31.2845334,4.0,7.0,1.3752455,-109,true,-1,-1,5,96.0,4000.0,-13.52996826171875,-8.917236328125,19.32220458984375,1.4926456212997437,1.419343113899231,-0.8233163952827454,460,1,6271,13073675,0,-1,0.0,0.0,0,0,0,,5,460,1,6271,13073675,0,60,0.0,0.0,68,4,-72,LTE,2147483647,2147483647,2147483647,2147483647,0,414,0.0,0.0,51,4,-89,LTE,2147483647,2147483647,2147483647,2147483647,0,417,0.0,0.0,56,4,-84,LTE,2147483647,2147483647,2147483647,2147483647,0,81,0.0,0.0,57,4,-83,LTE,2147483647,2147483647,2147483647,2147483647,0,170,0.0,0.0,56,4,-84,LTE
1511172108449,121.20921265,31.28449494,4.0,9.0,1.3805796,-109,true,-1,-1,5,96.0,4000.0,-24.79095458984375,-26.31683349609375,23.22235107421875,2.696362018585205,1.1865932941436768,-1.7799580097198486,460,1,6271,13073675,0,-1,0.0,0.0,0,0,0,,5,460,1,6271,13073675,0,60,0.0,0.0,71,4,-69,LTE,2147483647,2147483647,2147483647,2147483647,0,414,0.0,0.0,56,4,-84,LTE,2147483647,2147483647,2147483647,2147483647,0,417,0.0,0.0,42,3,-98,LTE,2147483647,2147483647,2147483647,2147483647,0,170,0.0,0.0,37,3,-103,LTE,2147483647,2147483647,2147483647,2147483647,0,61,0.0,0.0,48,4,-92,LTE
1511172111672,121.20921265,31.28449494,4.0,9.0,1.3805796,-109,true,-1,-1,5,96.0,4000.0,-30.8502197265625,-38.31634521484375,10.9222412109375,-3.0918123722076416,1.3515228033065796,-1.9723303318023682,460,1,6271,13073675,0,-1,0.0,0.0,0,0,0,,5,460,1,6271,13073675,0,60,0.0,0.0,69,4,-71,LTE,2147483647,2147483647,2147483647,2147483647,0,414,0.0,0.0,46,4,-94,LTE,2147483647,2147483647,2147483647,2147483647,0,61,0.0,0.0,48,4,-92,LTE,2147483647,2147483647,2147483647,2147483647,0,416,0.0,0.0,47,4,-93,LTE,2147483647,2147483647,2147483647,2147483647,0,170,0.0,0.0,45,4,-95,LTE
1511172114640,121.20922112,31.28450148,0.0,14.0,0.80224687,-109,true,-1,-1,5,96.0,4000.0,-8.86077880859375,-9.51690673828125,7.0220947265625,2.2591538429260254,1.3891783952713013,-1.2477939128875732,460,1,6271,13073675,0,-1,0.0,0.0,0,0,0,,1,460,1,6271,13073675,0,60,0.0,0.0,70,4,-70,LTE
1511172117591,121.20922655,31.28446776,0.0,11.0,0.9213577,-109,true,-1,-1,5,96.0,4000.0,-18.2098388671875,-32.01751708984375,-3.778076171875,1.5491935014724731,1.3618308305740356,0.6002809405326843,460,1,6271,13073675,0,-1,0.0,0.0,0,0,0,,2,460,1,6271,13073675,0,60,0.0,0.0,70,4,-70,LTE,2147483647,2147483647,2147483647,2147483647,0,414,0.0,0.0,96,4,-44,LTE
1511172120806,121.20921019,31.28445565,1.0,10.0,1.0816654,-109,true,-1,-1,5,96.0,4000.0,-18.90106201171875,-43.7164306640625,-9.17816162109375,1.4276556968688965,1.346671223640442,1.0871764421463013,460,1,6271,13073675,0,-1,0.0,0.0,0,0,0,,2,460,1,6271,13073675,0,60,0.0,0.0,73,4,-67,LTE,2147483647,2147483647,2147483647,2147483647,0,414,0.0,0.0,56,4,-84,LTE
1511172123755,121.20923573,31.28443221,1.0,9.0,1.3500371,-109,true,-1,-1,5,96.0,4000.0,-10.760498046875,-9.8175048828125,16.32232666015625,1.0352646112442017,1.4977457523345947,-0.41965365409851074,460,1,6271,13073675,0,-1,0.0,0.0,0,0,0,,3,460,1,6271,13073675,0,60,0.0,0.0,71,4,-69,LTE,2147483647,2147483647,2147483647,2147483647,0,414,0.0,0.0,60,4,-80,LTE,2147483647,2147483647,2147483647,2147483647,0,61,0.0,0.0,47,4,-93,LTE
1511172126978,121.2092368,31.28441429,1.0,8.0,0.7433034,-109,true,-1,-1,5,96.0,4000.0,-5.9112548828125,-16.41693115234375,3.1219482421875,2.2960798740386963,1.4233989715576172,-0.9416124224662781,460,1,6271,13073675,0,-1,0.0,0.0,0,0,0,,3,460,1,6271,13073675,0,60,0.0,0.0,69,4,-71,LTE,2147483647,2147483647,2147483647,2147483647,0,61,0.0,0.0,51,4,-89,LTE,2147483647,2147483647,2147483647,2147483647,0,414,0.0,0.0,59,4,-81,LTE
1511172129941,121.2092257,31.28442137,1.0,9.0,0.75059974,-109,true,-1,-1,5,96.0,4000.0,-23.75030517578125,-34.716796875,5.2215576171875,3.0196454524993896,1.257775068283081,-1.617588758468628,460,1,6271,13073675,0,-1,0.0,0.0,0,0,0,,4,460,1,6271,13073675,0,60,0.0,0.0,71,4,-69,LTE,2147483647,2147483647,2147483647,2147483647,0,470,0.0,0.0,39,3,-101,LTE,2147483647,2147483647,2147483647,2147483647,0,414,0.0,0.0,44,3,-96,LTE,2147483647,2147483647,2147483647,2147483647,0,61,0.0,0.0,52,4,-88,LTE
1511172132894,121.20915874,31.28433138,5.0,9.0,1.4101418,-109,true,-1,-1,5,96.0,4000.0,-26.0009765625,-38.01727294921875,3.1219482421875,-2.0697691440582275,1.3843860626220703,-2.996527671813965,460,1,6271,13073675,0,-1,0.0,0.0,0,0,0,,3,460,1,6271,13073675,0,60,0.0,0.0,70,4,-70,LTE,2147483647,2147483647,2147483647,2147483647,0,61,0.0,0.0,53,4,-87,LTE,2147483647,2147483647,2147483647,2147483647,0,414,0.0,0.0,44,3,-96,LTE
1511172136105,121.20912449,31.28424949,6.0,13.0,2.22,-109,true,-1,-1,5,96.0,4000.0,-10.42022705078125,-10.7177734375,6.72149658203125,2.1270158290863037,1.3757902383804321,-0.9930100440979004,460,1,6271,13073675,0,-1,0.0,0.0,0,0,0,,3,460,1,6271,13073675,0,60,0.0,0.0,68,4,-72,LTE,2147483647,2147483647,2147483647,2147483647,0,61,0.0,0.0,55,4,-85,LTE,2147483647,2147483647,2147483647,2147483647,0,414,0.0,0.0,44,3,-96,LTE
1511172139064,121.20908921,31.28414795,6.0,14.0,2.0508778,-109,true,-1,-1,5,96.0,4000.0,-19.25048828125,-27.21710205078125,11.822509765625,2.6186821460723877,1.3907110691070557,-1.497249960899353,460,1,6271,13073675,0,-1,0.0,0.0,0,0,0,,2,460,1,6271,13073675,0,60,0.0,0.0,68,4,-72,LTE,2147483647,2147483647,2147483647,2147483647,0,170,0.0,0.0,49,4,-91,LTE
1511172142295,121.20902967,31.28405895,8.0,10.0,1.7900279,-109,true,-1,-1,5,96.0,4000.0,-17.17071533203125,-23.6175537109375,29.82177734375,1.2522426843643188,1.3715554475784302,-0.5921052098274231,460,1,6271,13073675,0,-1,0.0,0.0,0,0,0,,2,460,1,6271,13073675,0,60,0.0,0.0,69,4,-71,LTE,2147483647,2147483647,2147483647,2147483647,0,170,0.0,0.0,51,4,-89,LTE
1511172145256,121.20903693,31.28399621,11.0,12.0,2.360021,-109,true,-1,-1,5,96.0,4000.0,-10.24017333984375,-31.11724853515625,47.22137451171875,2.429943561553955,1.106068730354309,-2.072847604751587,460,1,6271,13073675,0,-1,0.0,0.0,0,0,0,,2,460,1,6271,13073675,0,60,0.0,0.0,71,4,-69,LTE,2147483647,2147483647,2147483647,2147483647,0,170,0.0,0.0,51,4,-89,LTE
1511172148225,121.20912835,31.28391133,13.0,12.0,0.9202174,-109,true,-1,-1,5,96.0,4000.0,-4.53033447265625,-22.71728515625,46.3226318359375,-0.15629146993160248,1.4186761379241943,0.24048887193202972,460,1,6271,13073675,0,-1,0.0,0.0,0,0,0,,2,460,1,6271,13073675,0,60,0.0,0.0,66,4,-74,LTE,2147483647,2147483647,2147483647,2147483647,0,170,0.0,0.0,51,4,-89,LTE
1511172151422,121.20915911,31.28392798,13.0,10.0,1.4022838,-109,true,-1,-1,5,96.0,4000.0,13.48876953125,-14.31732177734375,44.5220947265625,0.5333184599876404,1.3747371435165405,-0.7884315252304077,460,1,6271,13073675,0,-1,0.0,0.0,0,0,0,,5,460,1,6271,13073675,0,60,0.0,0.0,68,4,-72,LTE,2147483647,2147483647,2147483647,2147483647,0,170,0.0,0.0,39,3,-101,LTE,2147483647,2147483647,2147483647,2147483647,0,497,0.0,0.0,53,4,-87,LTE,2147483647,2147483647,2147483647,2147483647,0,61,0.0,0.0,43,3,-97,LTE,2147483647,2147483647,2147483647,2147483647,0,13,0.0,0.0,40,3,-100,LTE
1511172154373,121.20916187,31.28397419,15.0,10.0,0.84148675,-109,true,-1,-1,5,96.0,4000.0,-7.12127685546875,-20.0164794921875,37.6220703125,0.6964986324310303,1.5146673917770386,-0.4898245930671692,460,1,6271,13073675,0,-1,0.0,0.0,0,0,0,,5,460,1,6271,13073675,0,60,0.0,0.0,69,4,-71,LTE,2147483647,2147483647,2147483647,2147483647,0,170,0.0,0.0,49,4,-91,LTE,2147483647,2147483647,2147483647,2147483647,0,497,0.0,0.0,47,4,-93,LTE,2147483647,2147483647,2147483647,2147483647,0,61,0.0,0.0,48,4,-92,LTE,2147483647,2147483647,2147483647,2147483647,0,13,0.0,0.0,45,4,-95,LTE
1511172157594,121.20915172,31.2840654,16.0,10.0,2.3641489,-109,true,-1,-1,5,96.0,4000.0,-4.53033447265625,-19.41680908203125,41.522216796875,0.6860743165016174,1.3187958002090454,-0.4872867166996002,460,1,6271,13073675,0,-1,0.0,0.0,0,0,0,,4,460,1,6271,13073675,0,60,0.0,0.0,65,4,-75,LTE,2147483647,2147483647,2147483647,2147483647,0,170,0.0,0.0,50,4,-90,LTE,2147483647,2147483647,2147483647,2147483647,0,497,0.0,0.0,57,4,-83,LTE,2147483647,2147483647,2147483647,2147483647,0,61,0.0,0.0,47,4,-93,LTE
1511172160553,121.20907505,31.28408597,14.0,12.0,1.1820744,-109,true,-1,-1,5,96.0,4000.0,6.55975341796875,-6.51702880859375,30.12237548828125,-0.25435417890548706,0.9853720664978027,-0.03071358986198902,460,1,6271,13073675,0,-1,0.0,0.0,0,0,0,,2,460,1,6271,13073675,0,60,0.0,0.0,66,4,-74,LTE,2147483647,2147483647,2147483647,2147483647,0,497,0.0,0.0,63,4,-77,LTE
1511172164350,121.20901952,31.28405308,13.0,25.0,2.16,-109,true,-1,-1,5,96.0,4000.0,-7.470703125,-77.61688232421875,1.0223388671875,3.046252727508545,-0.27897390723228455,0.1678408980369568,460,1,6271,13073675,0,-1,0.0,0.0,0,0,0,,2,460,1,6271,13073675,0,60,0.0,0.0,72,4,-68,LTE,2147483647,2147483647,2147483647,2147483647,0,497,0.0,0.0,65,4,-75,LTE
1511172166730,121.20901952,31.28405308,13.0,25.0,2.16,-109,true,-1,-1,5,96.0,4000.0,-0.72021484375,-84.51690673828125,9.72137451171875,3.1368744373321533,-0.4639412760734558,0.03524693474173546,460,1,6271,13073675,0,-1,0.0,0.0,0,0,0,,4,460,1,6271,13073675,0,60,0.0,0.0,68,4,-72,LTE,2147483647,2147483647,2147483647,2147483647,0,497,0.0,0.0,65,4,-75,LTE,2147483647,2147483647,2147483647,2147483647,0,170,0.0,0.0,43,3,-97,LTE,2147483647,2147483647,2147483647,2147483647,0,61,0.0,0.0,49,4,-91,LTE
