IMEI:862305032225518
IMSI:460091042103139
OSVersion:3.10.73-perf-g94fc9a6
apiLevel:5.1.1
model:Redmi Note 3
device:kenzo
product:kenzo
59
1522067160800,121.20969004,31.28446157,-9.0,9.0,1.05,-109,true,-1,-1,5,38.0,4000.0,-5.89752197265625,-29.03594970703125,-1.47857666015625,2.9374217987060547,-0.1731397658586502,-0.021104080602526665,460,1,6271,13073675,0,-1,0.0,0.0,0,0,0,,4,460,1,6271,13073675,0,60,0.0,0.0,59,4,-81,LTE,2147483647,2147483647,2147483647,2147483647,0,416,0.0,0.0,52,4,-88,LTE,2147483647,2147483647,2147483647,2147483647,0,414,0.0,0.0,56,4,-84,LTE,2147483647,2147483647,2147483647,2147483647,0,417,0.0,0.0,54,4,-86,LTE
1522067161876,121.20969004,31.28446157,-9.0,9.0,1.05,-109,true,-1,-1,5,38.0,4000.0,-9.1888427734375,-76.13525390625,100.82244873046875,1.420190453529358,-1.1773868799209595,-1.9558451175689697,460,1,6271,13073675,0,-1,0.0,0.0,0,0,0,,4,460,1,6271,13073675,0,60,0.0,0.0,59,4,-81,LTE,2147483647,2147483647,2147483647,2147483647,0,416,0.0,0.0,52,4,-88,LTE,2147483647,2147483647,2147483647,2147483647,0,414,0.0,0.0,56,4,-84,LTE,2147483647,2147483647,2147483647,2147483647,0,417,0.0,0.0,54,4,-86,LTE
1522067163017,121.20969004,31.28446157,-9.0,9.0,1.05,-109,true,-1,-1,5,38.0,4000.0,-0.87890625,-59.63592529296875,103.22265625,1.465090274810791,-0.8776342272758484,-2.1947579383850098,460,1,6271,13073675,0,-1,0.0,0.0,0,0,0,,3,460,1,6271,13073675,0,60,0.0,0.0,58,4,-82,LTE,2147483647,2147483647,2147483647,2147483647,0,414,0.0,0.0,45,4,-95,LTE,2147483647,2147483647,2147483647,2147483647,0,417,0.0,0.0,53,4,-87,LTE
1522067163967,121.20977138,31.28441711,7.0,13.0,0.39458838,-110,true,-1,-1,5,38.0,4000.0,-27.02789306640625,-54.83551025390625,39.3218994140625,2.389815092086792,-0.3153124153614044,-1.4457004070281982,460,1,6271,13073675,0,-1,0.0,0.0,0,0,0,,3,460,1,6271,13073675,0,60,0.0,0.0,58,4,-82,LTE,2147483647,2147483647,2147483647,2147483647,0,414,0.0,0.0,45,4,-95,LTE,2147483647,2147483647,2147483647,2147483647,0,417,0.0,0.0,53,4,-87,LTE
1522067165071,121.20977138,31.28441711,7.0,13.0,0.39458838,-110,true,-1,-1,5,38.0,4000.0,-6.06842041015625,-18.536376953125,22.82257080078125,2.4697654247283936,-0.12098067998886108,-0.5004669427871704,460,1,6271,13073675,0,-1,0.0,0.0,0,0,0,,3,460,1,6271,13073675,0,60,0.0,0.0,64,4,-76,LTE,2147483647,2147483647,2147483647,2147483647,0,417,0.0,0.0,43,3,-97,LTE,2147483647,2147483647,2147483647,2147483647,0,414,0.0,0.0,47,4,-93,LTE
1522067166301,121.20974178,31.28437945,16.0,9.0,1.0850346,-110,true,-1,-1,5,38.0,4000.0,-8.148193359375,-44.635009765625,10.22186279296875,2.924030303955078,-0.4264346957206726,-0.1719290316104889,460,1,6271,13073675,0,-1,0.0,0.0,0,0,0,,3,460,1,6271,13073675,0,60,0.0,0.0,64,4,-76,LTE,2147483647,2147483647,2147483647,2147483647,0,417,0.0,0.0,43,3,-97,LTE,2147483647,2147483647,2147483647,2147483647,0,414,0.0,0.0,47,4,-93,LTE
1522067167245,121.20974178,31.28437945,16.0,9.0,1.0850346,-109,true,-1,-1,5,38.0,4000.0,-7.62786865234375,-50.63629150390625,18.32275390625,2.898007392883301,-0.5370575785636902,-0.30294257402420044,460,1,6271,13073675,0,-1,0.0,0.0,0,0,0,,3,460,1,6271,13073675,0,60,0.0,0.0,67,4,-73,LTE,2147483647,2147483647,2147483647,2147483647,0,414,0.0,0.0,48,4,-92,LTE,2147483647,2147483647,2147483647,2147483647,0,417,0.0,0.0,52,4,-88,LTE
1522067168314,121.20973783,31.28439615,14.0,9.0,1.1136427,-109,true,-1,-1,5,38.0,4000.0,-14.208984375,-53.63616943359375,23.72283935546875,2.774745464324951,-0.576976478099823,-0.3247256577014923,460,1,6271,13073675,0,-1,0.0,0.0,0,0,0,,3,460,1,6271,13073675,0,60,0.0,0.0,67,4,-73,LTE,2147483647,2147483647,2147483647,2147483647,0,414,0.0,0.0,48,4,-92,LTE,2147483647,2147483647,2147483647,2147483647,0,417,0.0,0.0,52,4,-88,LTE
1522067169387,121.20973783,31.28439615,14.0,9.0,1.1136427,-109,true,-1,-1,5,38.0,4000.0,-24.9481201171875,-54.83551025390625,29.72259521484375,2.5865700244903564,-0.3800010681152344,-0.4434349238872528,460,1,6271,13073675,0,-1,0.0,0.0,0,0,0,,4,460,1,6271,13073675,0,60,0.0,0.0,63,4,-77,LTE,2147483647,2147483647,2147483647,2147483647,0,417,0.0,0.0,65,4,-75,LTE,2147483647,2147483647,2147483647,2147483647,0,414,0.0,0.0,41,3,-99,LTE,2147483647,2147483647,2147483647,2147483647,0,419,0.0,0.0,51,4,-89,LTE
1522067170470,121.20974679,31.28440392,14.0,9.0,1.69,-109,true,-1,-1,5,38.0,4000.0,-23.388671875,-56.036376953125,28.22265625,2.6330437660217285,-0.31375396251678467,-0.4038042426109314,460,1,6271,13073675,0,-1,0.0,0.0,0,0,0,,4,460,1,6271,13073675,0,60,0.0,0.0,63,4,-77,LTE,2147483647,2147483647,2147483647,2147483647,0,417,0.0,0.0,65,4,-75,LTE,2147483647,2147483647,2147483647,2147483647,0,414,0.0,0.0,41,3,-99,LTE,2147483647,2147483647,2147483647,2147483647,0,419,0.0,0.0,51,4,-89,LTE
1522067171539,121.20974679,31.28440392,14.0,9.0,1.69,-109,true,-1,-1,5,38.0,4000.0,-21.13800048828125,-60.235595703125,26.12152099609375,2.69268798828125,-0.4944054186344147,-0.3789052963256836,460,1,6271,13073675,0,-1,0.0,0.0,0,0,0,,4,460,1,6271,13073675,0,60,0.0,0.0,58,4,-82,LTE,2147483647,2147483647,2147483647,2147483647,0,417,0.0,0.0,56,4,-84,LTE,2147483647,2147483647,2147483647,2147483647,0,419,0.0,0.0,52,4,-88,LTE,2147483647,2147483647,2147483647,2147483647,0,414,0.0,0.0,37,3,-103,LTE
1522067172533,121.20978525,31.28439345,16.0,8.0,1.8327302,-109,true,-1,-1,5,38.0,4000.0,48.1414794921875,-14.63623046875,28.521728515625,1.037862777709961,0.6472099423408508,-1.5823423862457275,460,1,6271,13073675,0,-1,0.0,0.0,0,0,0,,4,460,1,6271,13073675,0,60,0.0,0.0,58,4,-82,LTE,2147483647,2147483647,2147483647,2147483647,0,417,0.0,0.0,56,4,-84,LTE,2147483647,2147483647,2147483647,2147483647,0,419,0.0,0.0,52,4,-88,LTE,2147483647,2147483647,2147483647,2147483647,0,414,0.0,0.0,37,3,-103,LTE
1522067173696,121.20978525,31.28439345,16.0,8.0,1.8327302,-109,true,-1,-1,5,38.0,4000.0,15.93170166015625,-7.7362060546875,32.72247314453125,1.39455246925354,0.8217489719390869,-1.592086672782898,460,1,6271,13073675,0,-1,0.0,0.0,0,0,0,,3,460,1,6271,13073675,0,60,0.0,0.0,51,4,-89,LTE,2147483647,2147483647,2147483647,2147483647,0,417,0.0,0.0,54,4,-86,LTE,2147483647,2147483647,2147483647,2147483647,0,419,0.0,0.0,56,4,-84,LTE
1522067174762,121.20984257,31.28440852,12.0,8.0,2.9720364,-109,true,-1,-1,5,38.0,4000.0,15.93170166015625,-9.23614501953125,20.721435546875,1.3174796104431152,0.9698394536972046,-1.6888865232467651,460,1,6271,13073675,0,-1,0.0,0.0,0,0,0,,3,460,1,6271,13073675,0,60,0.0,0.0,51,4,-89,LTE,2147483647,2147483647,2147483647,2147483647,0,417,0.0,0.0,54,4,-86,LTE,2147483647,2147483647,2147483647,2147483647,0,419,0.0,0.0,56,4,-84,LTE
1522067175833,121.20984257,31.28440852,12.0,8.0,2.9720364,-110,true,-1,-1,5,38.0,4000.0,22.68218994140625,-3.53546142578125,24.02191162109375,0.6098101735115051,0.791758120059967,-1.1710269451141357,460,1,6154,185624391,0,-1,0.0,0.0,0,0,0,,4,460,1,6154,185624391,0,417,0.0,0.0,61,4,-79,LTE,2147483647,2147483647,2147483647,2147483647,0,60,0.0,0.0,50,4,-90,LTE,2147483647,2147483647,2147483647,2147483647,0,419,0.0,0.0,60,4,-80,LTE,2147483647,2147483647,2147483647,2147483647,0,416,0.0,0.0,44,3,-96,LTE
1522067176918,121.20989021,31.28442574,20.0,7.0,2.641212,-110,true,-1,-1,5,38.0,4000.0,16.44134521484375,8.16497802734375,21.6217041015625,0.48629021644592285,0.600057065486908,-1.0662195682525635,460,1,6154,185624391,0,-1,0.0,0.0,0,0,0,,4,460,1,6154,185624391,0,417,0.0,0.0,61,4,-79,LTE,2147483647,2147483647,2147483647,2147483647,0,60,0.0,0.0,50,4,-90,LTE,2147483647,2147483647,2147483647,2147483647,0,419,0.0,0.0,60,4,-80,LTE,2147483647,2147483647,2147483647,2147483647,0,416,0.0,0.0,44,3,-96,LTE
1522067177985,121.20989021,31.28442574,20.0,7.0,2.641212,-109,true,-1,-1,5,38.0,4000.0,40.8721923828125,25.5645751953125,5.12237548828125,-0.35153907537460327,0.6609025001525879,-1.048454999923706,460,1,6154,185624391,0,-1,0.0,0.0,0,0,0,,4,460,1,6154,185624391,0,417,0.0,0.0,77,4,-63,LTE,2147483647,2147483647,2147483647,2147483647,0,419,0.0,0.0,54,4,-86,LTE,2147483647,2147483647,2147483647,2147483647,0,60,0.0,0.0,52,4,-88,LTE,2147483647,2147483647,2147483647,2147483647,0,416,0.0,0.0,54,4,-86,LTE
1522067179054,121.2099669,31.284432,16.0,8.0,2.990602,-109,true,-1,-1,5,38.0,4000.0,40.00244140625,2.764892578125,12.6220703125,-0.6245571970939636,0.4772924780845642,-0.9053171277046204,460,1,6154,185624391,0,-1,0.0,0.0,0,0,0,,4,460,1,6154,185624391,0,417,0.0,0.0,77,4,-63,LTE,2147483647,2147483647,2147483647,2147483647,0,419,0.0,0.0,54,4,-86,LTE,2147483647,2147483647,2147483647,2147483647,0,60,0.0,0.0,52,4,-88,LTE,2147483647,2147483647,2147483647,2147483647,0,416,0.0,0.0,54,4,-86,LTE
1522067180142,121.2099669,31.284432,16.0,8.0,2.990602,-109,true,-1,-1,5,38.0,4000.0,32.73162841796875,-5.63507080078125,0.62255859375,-1.0127732753753662,0.5877363085746765,-0.9978860020637512,460,1,6154,185624391,0,-1,0.0,0.0,0,0,0,,4,460,1,6154,185624391,0,417,0.0,0.0,68,4,-72,LTE,2147483647,2147483647,2147483647,2147483647,0,419,0.0,0.0,54,4,-86,LTE,2147483647,2147483647,2147483647,2147483647,0,60,0.0,0.0,52,4,-88,LTE,2147483647,2147483647,2147483647,2147483647,0,416,0.0,0.0,54,4,-86,LTE
1522067181208,121.21001591,31.28446222,11.0,7.0,3.450232,-109,true,-1,-1,5,38.0,4000.0,26.141357421875,-21.8353271484375,2.42156982421875,-1.9597138166427612,0.5988255143165588,-0.6811203956604004,460,1,6154,185624391,0,-1,0.0,0.0,0,0,0,,4,460,1,6154,185624391,0,417,0.0,0.0,68,4,-72,LTE,2147483647,2147483647,2147483647,2147483647,0,419,0.0,0.0,54,4,-86,LTE,2147483647,2147483647,2147483647,2147483647,0,60,0.0,0.0,52,4,-88,LTE,2147483647,2147483647,2147483647,2147483647,0,416,0.0,0.0,54,4,-86,LTE
1522067182098,121.21001591,31.28446222,11.0,7.0,3.450232,-109,true,-1,-1,5,38.0,4000.0,53.3416748046875,-13.13629150390625,-19.47784423828125,-1.644089937210083,0.4921174645423889,-0.6364229917526245,460,1,6154,185624391,0,-1,0.0,0.0,0,0,0,,6,460,1,6154,185624391,0,417,0.0,0.0,67,4,-73,LTE,2147483647,2147483647,2147483647,2147483647,0,419,0.0,0.0,56,4,-84,LTE,2147483647,2147483647,2147483647,2147483647,0,60,0.0,0.0,56,4,-84,LTE,2147483647,2147483647,2147483647,2147483647,0,416,0.0,0.0,56,4,-84,LTE,2147483647,2147483647,2147483647,2147483647,0,414,0.0,0.0,57,4,-83,LTE,2147483647,2147483647,2147483647,2147483647,0,83,0.0,0.0,54,4,-86,LTE
1522067183370,121.21000438,31.28459483,1.0,11.0,3.6843996,-109,true,-1,-1,5,38.0,4000.0,77.93121337890625,-10.736083984375,-14.67742919921875,-1.428627848625183,0.5293179154396057,-0.686910092830658,460,1,6154,185624391,0,-1,0.0,0.0,0,0,0,,6,460,1,6154,185624391,0,417,0.0,0.0,67,4,-73,LTE,2147483647,2147483647,2147483647,2147483647,0,419,0.0,0.0,56,4,-84,LTE,2147483647,2147483647,2147483647,2147483647,0,60,0.0,0.0,56,4,-84,LTE,2147483647,2147483647,2147483647,2147483647,0,416,0.0,0.0,56,4,-84,LTE,2147483647,2147483647,2147483647,2147483647,0,414,0.0,0.0,57,4,-83,LTE,2147483647,2147483647,2147483647,2147483647,0,83,0.0,0.0,54,4,-86,LTE
1522067184257,121.21000438,31.28459483,1.0,11.0,3.6843996,-109,true,-1,-1,5,38.0,4000.0,41.39251708984375,-20.33538818359375,-12.57781982421875,-1.7217745780944824,0.5031561255455017,-0.9411490559577942,460,1,6154,185624391,0,-1,0.0,0.0,0,0,0,,6,460,1,6154,185624391,0,417,0.0,0.0,66,4,-74,LTE,2147483647,2147483647,2147483647,2147483647,0,414,0.0,0.0,54,4,-86,LTE,2147483647,2147483647,2147483647,2147483647,0,419,0.0,0.0,60,4,-80,LTE,2147483647,2147483647,2147483647,2147483647,0,416,0.0,0.0,53,4,-87,LTE,2147483647,2147483647,2147483647,2147483647,0,60,0.0,0.0,51,4,-89,LTE,2147483647,2147483647,2147483647,2147483647,0,83,0.0,0.0,52,4,-88,LTE
1522067185507,121.21000929,31.28466307,4.0,8.0,4.001512,-109,true,-1,-1,5,38.0,4000.0,26.3214111328125,-22.43499755859375,-4.47845458984375,-2.038705825805664,0.5431659817695618,-1.0637004375457764,460,1,6154,185624391,0,-1,0.0,0.0,0,0,0,,6,460,1,6154,185624391,0,417,0.0,0.0,66,4,-74,LTE,2147483647,2147483647,2147483647,2147483647,0,414,0.0,0.0,54,4,-86,LTE,2147483647,2147483647,2147483647,2147483647,0,419,0.0,0.0,60,4,-80,LTE,2147483647,2147483647,2147483647,2147483647,0,416,0.0,0.0,53,4,-87,LTE,2147483647,2147483647,2147483647,2147483647,0,60,0.0,0.0,51,4,-89,LTE,2147483647,2147483647,2147483647,2147483647,0,83,0.0,0.0,52,4,-88,LTE
1522067186590,121.21000929,31.28466307,4.0,8.0,4.001512,-109,true,-1,-1,5,38.0,4000.0,22.51129150390625,-23.93646240234375,-2.67791748046875,-2.272181272506714,0.5238483548164368,-1.0257658958435059,460,1,6154,185624391,0,-1,0.0,0.0,0,0,0,,6,460,1,6154,185624391,0,417,0.0,0.0,59,4,-81,LTE,2147483647,2147483647,2147483647,2147483647,0,419,0.0,0.0,56,4,-84,LTE,2147483647,2147483647,2147483647,2147483647,0,414,0.0,0.0,54,4,-86,LTE,2147483647,2147483647,2147483647,2147483647,0,416,0.0,0.0,51,4,-89,LTE,2147483647,2147483647,2147483647,2147483647,0,83,0.0,0.0,55,4,-85,LTE,2147483647,2147483647,2147483647,2147483647,0,60,0.0,0.0,54,4,-86,LTE
1522067187389,121.2100188,31.28470952,4.0,7.0,4.19,-109,true,-1,-1,5,38.0,4000.0,19.561767578125,-27.8350830078125,-3.57818603515625,-2.5071380138397217,0.5114372372627258,-1.0905823707580566,460,1,6154,185624391,0,-1,0.0,0.0,0,0,0,,6,460,1,6154,185624391,0,417,0.0,0.0,59,4,-81,LTE,2147483647,2147483647,2147483647,2147483647,0,419,0.0,0.0,56,4,-84,LTE,2147483647,2147483647,2147483647,2147483647,0,414,0.0,0.0,54,4,-86,LTE,2147483647,2147483647,2147483647,2147483647,0,416,0.0,0.0,51,4,-89,LTE,2147483647,2147483647,2147483647,2147483647,0,83,0.0,0.0,55,4,-85,LTE,2147483647,2147483647,2147483647,2147483647,0,60,0.0,0.0,54,4,-86,LTE
1522067188498,121.2100188,31.28470952,4.0,7.0,4.19,-109,true,-1,-1,5,38.0,4000.0,19.22149658203125,-24.835205078125,-4.77752685546875,-2.2390389442443848,0.6528958082199097,-0.8869643807411194,460,1,6154,185624391,0,-1,0.0,0.0,0,0,0,,7,460,1,6154,185624391,0,417,0.0,0.0,59,4,-81,LTE,2147483647,2147483647,2147483647,2147483647,0,60,0.0,0.0,46,4,-94,LTE,2147483647,2147483647,2147483647,2147483647,0,416,0.0,0.0,51,4,-89,LTE,2147483647,2147483647,2147483647,2147483647,0,97,0.0,0.0,52,4,-88,LTE,2147483647,2147483647,2147483647,2147483647,0,414,0.0,0.0,54,4,-86,LTE,2147483647,2147483647,2147483647,2147483647,0,419,0.0,0.0,50,4,-90,LTE,2147483647,2147483647,2147483647,2147483647,0,83,0.0,0.0,50,4,-90,LTE
1522067189524,121.21001565,31.28479155,5.0,8.0,4.3400116,-109,true,-1,-1,5,38.0,4000.0,23.0316162109375,-21.8353271484375,-1.177978515625,-2.1142375469207764,0.5749108195304871,-0.9958794116973877,460,1,6154,185624391,0,-1,0.0,0.0,0,0,0,,7,460,1,6154,185624391,0,417,0.0,0.0,59,4,-81,LTE,2147483647,2147483647,2147483647,2147483647,0,60,0.0,0.0,46,4,-94,LTE,2147483647,2147483647,2147483647,2147483647,0,416,0.0,0.0,51,4,-89,LTE,2147483647,2147483647,2147483647,2147483647,0,97,0.0,0.0,52,4,-88,LTE,2147483647,2147483647,2147483647,2147483647,0,414,0.0,0.0,54,4,-86,LTE,2147483647,2147483647,2147483647,2147483647,0,419,0.0,0.0,50,4,-90,LTE,2147483647,2147483647,2147483647,2147483647,0,83,0.0,0.0,50,4,-90,LTE
1522067190877,121.21001565,31.28479155,5.0,8.0,4.3400116,-109,true,-1,-1,5,38.0,4000.0,16.10107421875,-27.5360107421875,1.8218994140625,-2.724832534790039,0.5676088929176331,-1.026739239692688,460,1,6154,185624391,0,-1,0.0,0.0,0,0,0,,7,460,1,6154,185624391,0,417,0.0,0.0,56,4,-84,LTE,2147483647,2147483647,2147483647,2147483647,0,97,0.0,0.0,54,4,-86,LTE,2147483647,2147483647,2147483647,2147483647,0,419,0.0,0.0,52,4,-88,LTE,2147483647,2147483647,2147483647,2147483647,0,414,0.0,0.0,53,4,-87,LTE,2147483647,2147483647,2147483647,2147483647,0,416,0.0,0.0,53,4,-87,LTE,2147483647,2147483647,2147483647,2147483647,0,83,0.0,0.0,44,3,-96,LTE,2147483647,2147483647,2147483647,2147483647,0,60,0.0,0.0,51,4,-89,LTE
1522067191678,121.2100241,31.28489783,6.0,9.0,4.4025564,-111,true,-1,-1,5,38.0,4000.0,57.4920654296875,-7.7362060546875,-2.67791748046875,-1.207042932510376,0.5576900839805603,-0.8459786772727966,460,1,6154,185624391,0,-1,0.0,0.0,0,0,0,,7,460,1,6154,185624391,0,417,0.0,0.0,56,4,-84,LTE,2147483647,2147483647,2147483647,2147483647,0,97,0.0,0.0,54,4,-86,LTE,2147483647,2147483647,2147483647,2147483647,0,419,0.0,0.0,52,4,-88,LTE,2147483647,2147483647,2147483647,2147483647,0,414,0.0,0.0,53,4,-87,LTE,2147483647,2147483647,2147483647,2147483647,0,416,0.0,0.0,53,4,-87,LTE,2147483647,2147483647,2147483647,2147483647,0,83,0.0,0.0,44,3,-96,LTE,2147483647,2147483647,2147483647,2147483647,0,60,0.0,0.0,51,4,-89,LTE
1522067192757,121.2100241,31.28489783,6.0,9.0,4.4025564,-110,true,-1,-1,5,38.0,4000.0,49.35150146484375,-16.43524169921875,1.8218994140625,-1.6008343696594238,0.5636740922927856,-0.4604380130767822,460,1,6154,185624391,0,-1,0.0,0.0,0,0,0,,6,460,1,6154,185624391,0,417,0.0,0.0,59,4,-81,LTE,2147483647,2147483647,2147483647,2147483647,0,97,0.0,0.0,49,4,-91,LTE,2147483647,2147483647,2147483647,2147483647,0,414,0.0,0.0,50,4,-90,LTE,2147483647,2147483647,2147483647,2147483647,0,416,0.0,0.0,51,4,-89,LTE,2147483647,2147483647,2147483647,2147483647,0,419,0.0,0.0,52,4,-88,LTE,2147483647,2147483647,2147483647,2147483647,0,60,0.0,0.0,46,4,-94,LTE
1522067193831,121.21000759,31.2850361,3.0,6.0,4.6946993,-110,true,-1,-1,5,38.0,4000.0,28.0517578125,-25.4364013671875,-0.2777099609375,-2.0869693756103516,0.552362322807312,-0.8071867227554321,460,1,6154,185624391,0,-1,0.0,0.0,0,0,0,,6,460,1,6154,185624391,0,417,0.0,0.0,59,4,-81,LTE,2147483647,2147483647,2147483647,2147483647,0,97,0.0,0.0,49,4,-91,LTE,2147483647,2147483647,2147483647,2147483647,0,414,0.0,0.0,50,4,-90,LTE,2147483647,2147483647,2147483647,2147483647,0,416,0.0,0.0,51,4,-89,LTE,2147483647,2147483647,2147483647,2147483647,0,419,0.0,0.0,52,4,-88,LTE,2147483647,2147483647,2147483647,2147483647,0,60,0.0,0.0,46,4,-94,LTE
1522067194903,121.21000759,31.2850361,3.0,6.0,4.6946993,-110,true,-1,-1,5,38.0,4000.0,19.561767578125,-29.93621826171875,1.8218994140625,-2.660841703414917,0.5405744314193726,-1.0218393802642822,460,1,6154,185624391,0,-1,0.0,0.0,0,0,0,,6,460,1,6154,185624391,0,417,0.0,0.0,62,4,-78,LTE,2147483647,2147483647,2147483647,2147483647,0,97,0.0,0.0,60,4,-80,LTE,2147483647,2147483647,2147483647,2147483647,0,416,0.0,0.0,52,4,-88,LTE,2147483647,2147483647,2147483647,2147483647,0,419,0.0,0.0,49,4,-91,LTE,2147483647,2147483647,2147483647,2147483647,0,414,0.0,0.0,50,4,-90,LTE,2147483647,2147483647,2147483647,2147483647,0,60,0.0,0.0,45,4,-95,LTE
1522067195972,121.210016,31.28505766,3.0,6.0,4.57739,-110,true,-1,-1,5,38.0,4000.0,15.2313232421875,-34.13543701171875,-3.277587890625,-2.6871724128723145,0.5964866876602173,-1.0270811319351196,460,1,6154,185624391,0,-1,0.0,0.0,0,0,0,,6,460,1,6154,185624391,0,417,0.0,0.0,62,4,-78,LTE,2147483647,2147483647,2147483647,2147483647,0,97,0.0,0.0,60,4,-80,LTE,2147483647,2147483647,2147483647,2147483647,0,416,0.0,0.0,52,4,-88,LTE,2147483647,2147483647,2147483647,2147483647,0,419,0.0,0.0,49,4,-91,LTE,2147483647,2147483647,2147483647,2147483647,0,414,0.0,0.0,50,4,-90,LTE,2147483647,2147483647,2147483647,2147483647,0,60,0.0,0.0,45,4,-95,LTE
1522067197072,121.210016,31.28505766,3.0,6.0,4.57739,-110,true,-1,-1,5,38.0,4000.0,13.671875,-33.83636474609375,-1.177978515625,-2.810163736343384,0.5796085000038147,-1.0709154605865479,460,1,6154,185624391,0,-1,0.0,0.0,0,0,0,,6,460,1,6154,185624391,0,417,0.0,0.0,58,4,-82,LTE,2147483647,2147483647,2147483647,2147483647,0,414,0.0,0.0,51,4,-89,LTE,2147483647,2147483647,2147483647,2147483647,0,419,0.0,0.0,52,4,-88,LTE,2147483647,2147483647,2147483647,2147483647,0,97,0.0,0.0,53,4,-87,LTE,2147483647,2147483647,2147483647,2147483647,0,416,0.0,0.0,51,4,-89,LTE,2147483647,2147483647,2147483647,2147483647,0,60,0.0,0.0,52,4,-88,LTE
1522067198131,121.21000284,31.28514932,3.0,6.0,4.7306767,-110,true,-1,-1,5,38.0,4000.0,14.19219970703125,-35.3363037109375,0.32196044921875,-2.8420748710632324,0.5908178091049194,-1.0380181074142456,460,1,6154,185624391,0,-1,0.0,0.0,0,0,0,,6,460,1,6154,185624391,0,417,0.0,0.0,58,4,-82,LTE,2147483647,2147483647,2147483647,2147483647,0,414,0.0,0.0,51,4,-89,LTE,2147483647,2147483647,2147483647,2147483647,0,419,0.0,0.0,52,4,-88,LTE,2147483647,2147483647,2147483647,2147483647,0,97,0.0,0.0,53,4,-87,LTE,2147483647,2147483647,2147483647,2147483647,0,416,0.0,0.0,51,4,-89,LTE,2147483647,2147483647,2147483647,2147483647,0,60,0.0,0.0,52,4,-88,LTE
1522067199196,121.21000284,31.28514932,3.0,6.0,4.7306767,-109,true,-1,-1,5,38.0,4000.0,16.27197265625,-33.83636474609375,-1.47857666015625,-2.695720911026001,0.5893872380256653,-1.0016919374465942,460,1,6154,185624391,0,-1,0.0,0.0,0,0,0,,4,460,1,6154,185624391,0,417,0.0,0.0,58,4,-82,LTE,2147483647,2147483647,2147483647,2147483647,0,97,0.0,0.0,57,4,-83,LTE,2147483647,2147483647,2147483647,2147483647,0,414,0.0,0.0,54,4,-86,LTE,2147483647,2147483647,2147483647,2147483647,0,416,0.0,0.0,53,4,-87,LTE
1522067200277,121.21000022,31.28526445,6.0,6.0,4.6200433,-109,true,-1,-1,5,38.0,4000.0,14.89105224609375,-31.4361572265625,3.32183837890625,-2.9185550212860107,0.5957925915718079,-1.0840961933135986,460,1,6154,185624391,0,-1,0.0,0.0,0,0,0,,4,460,1,6154,185624391,0,417,0.0,0.0,58,4,-82,LTE,2147483647,2147483647,2147483647,2147483647,0,97,0.0,0.0,57,4,-83,LTE,2147483647,2147483647,2147483647,2147483647,0,414,0.0,0.0,54,4,-86,LTE,2147483647,2147483647,2147483647,2147483647,0,416,0.0,0.0,53,4,-87,LTE
1522067201347,121.21000022,31.28526445,6.0,6.0,4.6200433,-109,true,-1,-1,5,38.0,4000.0,22.161865234375,-30.23529052734375,1.5228271484375,-2.480079174041748,0.5993941426277161,-0.9869489073753357,460,1,6154,185624391,0,-1,0.0,0.0,0,0,0,,4,460,1,6154,185624391,0,417,0.0,0.0,60,4,-80,LTE,2147483647,2147483647,2147483647,2147483647,0,97,0.0,0.0,53,4,-87,LTE,2147483647,2147483647,2147483647,2147483647,0,414,0.0,0.0,51,4,-89,LTE,2147483647,2147483647,2147483647,2147483647,0,416,0.0,0.0,49,4,-91,LTE
1522067202419,121.20999147,31.28537311,7.0,8.0,4.6300435,-109,true,-1,-1,5,38.0,4000.0,50.0518798828125,-22.43499755859375,1.8218994140625,-1.585986852645874,0.6110377311706543,-0.6306824088096619,460,1,6154,185624391,0,-1,0.0,0.0,0,0,0,,4,460,1,6154,185624391,0,417,0.0,0.0,60,4,-80,LTE,2147483647,2147483647,2147483647,2147483647,0,97,0.0,0.0,53,4,-87,LTE,2147483647,2147483647,2147483647,2147483647,0,414,0.0,0.0,51,4,-89,LTE,2147483647,2147483647,2147483647,2147483647,0,416,0.0,0.0,49,4,-91,LTE
1522067203513,121.20999147,31.28537311,7.0,8.0,4.6300435,-109,true,-1,-1,5,38.0,4000.0,61.48223876953125,-17.6361083984375,2.42156982421875,-1.5297439098358154,0.5795244574546814,-0.4874415099620819,460,1,6154,185624391,0,-1,0.0,0.0,0,0,0,,4,460,1,6154,185624391,0,417,0.0,0.0,57,4,-83,LTE,2147483647,2147483647,2147483647,2147483647,0,97,0.0,0.0,60,4,-80,LTE,2147483647,2147483647,2147483647,2147483647,0,414,0.0,0.0,57,4,-83,LTE,2147483647,2147483647,2147483647,2147483647,0,416,0.0,0.0,56,4,-84,LTE
1522067204578,121.20999147,31.28537311,7.0,8.0,4.6300435,-109,true,-1,-1,5,38.0,4000.0,43.98193359375,-23.93646240234375,-5.67779541015625,-1.695693850517273,0.5533327460289001,-0.9096617698669434,460,1,6154,185624391,0,-1,0.0,0.0,0,0,0,,4,460,1,6154,185624391,0,417,0.0,0.0,57,4,-83,LTE,2147483647,2147483647,2147483647,2147483647,0,97,0.0,0.0,60,4,-80,LTE,2147483647,2147483647,2147483647,2147483647,0,414,0.0,0.0,57,4,-83,LTE,2147483647,2147483647,2147483647,2147483647,0,416,0.0,0.0,56,4,-84,LTE
1522067205639,121.20993145,31.28551575,6.0,7.0,4.5900435,-109,true,-1,-1,5,38.0,4000.0,18.5211181640625,-36.53564453125,-2.978515625,-2.6156482696533203,0.5530188679695129,-0.8575592041015625,460,1,6154,185624391,0,-1,0.0,0.0,0,0,0,,3,460,1,6154,185624391,0,417,0.0,0.0,59,4,-81,LTE,2147483647,2147483647,2147483647,2147483647,0,97,0.0,0.0,56,4,-84,LTE,2147483647,2147483647,2147483647,2147483647,0,414,0.0,0.0,51,4,-89,LTE
1522067206722,121.20993145,31.28551575,6.0,7.0,4.5900435,-109,true,-1,-1,5,38.0,4000.0,10.5621337890625,-37.7349853515625,1.8218994140625,-3.015566110610962,0.5541718006134033,-1.0784237384796143,460,1,6154,185624391,0,-1,0.0,0.0,0,0,0,,3,460,1,6154,185624391,0,417,0.0,0.0,59,4,-81,LTE,2147483647,2147483647,2147483647,2147483647,0,97,0.0,0.0,56,4,-84,LTE,2147483647,2147483647,2147483647,2147483647,0,414,0.0,0.0,51,4,-89,LTE
1522067207794,121.20983154,31.28557232,5.0,6.0,5.156559,-109,true,-1,-1,5,38.0,4000.0,8.30230712890625,-43.4356689453125,2.12249755859375,-3.0654189586639404,0.542572021484375,-1.02249014377594,460,1,6154,185624391,0,-1,0.0,0.0,0,0,0,,3,460,1,6154,185624391,0,417,0.0,0.0,58,4,-82,LTE,2147483647,2147483647,2147483647,2147483647,0,97,0.0,0.0,57,4,-83,LTE,2147483647,2147483647,2147483647,2147483647,0,414,0.0,0.0,54,4,-86,LTE
1522067208866,121.20983154,31.28557232,5.0,6.0,5.156559,-109,true,-1,-1,5,38.0,4000.0,6.57196044921875,-48.236083984375,0.921630859375,-3.0775668621063232,0.5324538350105286,-1.051082968711853,460,1,6154,185624391,0,-1,0.0,0.0,0,0,0,,3,460,1,6154,185624391,0,417,0.0,0.0,58,4,-82,LTE,2147483647,2147483647,2147483647,2147483647,0,97,0.0,0.0,57,4,-83,LTE,2147483647,2147483647,2147483647,2147483647,0,414,0.0,0.0,54,4,-86,LTE
1522067209951,121.209747,31.28562504,5.0,7.0,4.96001,-109,true,-1,-1,5,38.0,4000.0,6.40106201171875,-47.63641357421875,3.02276611328125,-3.138486623764038,0.5226904153823853,-1.113050103187561,460,1,6271,185624657,0,-1,0.0,0.0,0,0,0,,3,460,1,6271,185624657,0,97,0.0,0.0,62,4,-78,LTE,2147483647,2147483647,2147483647,2147483647,0,417,0.0,0.0,56,4,-84,LTE,2147483647,2147483647,2147483647,2147483647,0,414,0.0,0.0,54,4,-86,LTE
1522067211015,121.209747,31.28562504,5.0,7.0,4.96001,-109,true,-1,-1,5,38.0,4000.0,7.44171142578125,-42.83599853515625,0.02288818359375,-3.0287516117095947,0.5237091183662415,-1.0251458883285522,460,1,6271,185624657,0,-1,0.0,0.0,0,0,0,,3,460,1,6271,185624657,0,97,0.0,0.0,62,4,-78,LTE,2147483647,2147483647,2147483647,2147483647,0,417,0.0,0.0,56,4,-84,LTE,2147483647,2147483647,2147483647,2147483647,0,414,0.0,0.0,54,4,-86,LTE
1522067212088,121.20969184,31.28572468,3.0,9.0,4.7000422,-109,true,-1,-1,5,38.0,4000.0,7.2723388671875,-42.83599853515625,0.921630859375,-3.0679187774658203,0.534979522228241,-1.1025079488754272,460,1,6271,185624657,0,-1,0.0,0.0,0,0,0,,4,460,1,6271,185624657,0,97,0.0,0.0,61,4,-79,LTE,2147483647,2147483647,2147483647,2147483647,0,417,0.0,0.0,53,4,-87,LTE,2147483647,2147483647,2147483647,2147483647,0,414,0.0,0.0,51,4,-89,LTE,2147483647,2147483647,2147483647,2147483647,0,98,0.0,0.0,52,4,-88,LTE
1522067213190,121.20969184,31.28572468,3.0,9.0,4.7000422,-109,true,-1,-1,5,38.0,4000.0,7.09228515625,-46.136474609375,1.8218994140625,-3.03841495513916,0.597728967666626,-0.8090546727180481,460,1,6271,185624657,0,-1,0.0,0.0,0,0,0,,4,460,1,6271,185624657,0,97,0.0,0.0,61,4,-79,LTE,2147483647,2147483647,2147483647,2147483647,0,417,0.0,0.0,53,4,-87,LTE,2147483647,2147483647,2147483647,2147483647,0,414,0.0,0.0,51,4,-89,LTE,2147483647,2147483647,2147483647,2147483647,0,98,0.0,0.0,52,4,-88,LTE
1522067214238,121.20958152,31.28580226,5.0,10.0,4.3311543,-109,true,-1,-1,5,38.0,4000.0,29.6112060546875,-35.03570556640625,-2.978515625,-2.2460877895355225,0.5960379838943481,-0.6234508752822876,460,1,6271,185624657,0,-1,0.0,0.0,0,0,0,,4,460,1,6271,185624657,0,97,0.0,0.0,62,4,-78,LTE,2147483647,2147483647,2147483647,2147483647,0,417,0.0,0.0,61,4,-79,LTE,2147483647,2147483647,2147483647,2147483647,0,414,0.0,0.0,55,4,-85,LTE,2147483647,2147483647,2147483647,2147483647,0,98,0.0,0.0,55,4,-85,LTE
1522067215314,121.20958152,31.28580226,5.0,10.0,4.3311543,-109,true,-1,-1,5,38.0,4000.0,61.651611328125,-20.33538818359375,-6.87713623046875,-1.6914671659469604,0.5607507824897766,-0.4208575189113617,460,1,6271,185624657,0,-1,0.0,0.0,0,0,0,,4,460,1,6271,185624657,0,97,0.0,0.0,62,4,-78,LTE,2147483647,2147483647,2147483647,2147483647,0,417,0.0,0.0,61,4,-79,LTE,2147483647,2147483647,2147483647,2147483647,0,414,0.0,0.0,55,4,-85,LTE,2147483647,2147483647,2147483647,2147483647,0,98,0.0,0.0,55,4,-85,LTE
1522067216395,121.20951459,31.28587118,1.0,6.0,4.420283,-109,true,-1,-1,5,38.0,4000.0,33.7615966796875,-32.93609619140625,-11.9781494140625,-2.092381000518799,0.5585496425628662,-1.0133774280548096,460,1,6271,185624657,0,-1,0.0,0.0,0,0,0,,6,460,1,6271,185624657,0,97,0.0,0.0,61,4,-79,LTE,2147483647,2147483647,2147483647,2147483647,0,417,0.0,0.0,60,4,-80,LTE,2147483647,2147483647,2147483647,2147483647,0,414,0.0,0.0,53,4,-87,LTE,2147483647,2147483647,2147483647,2147483647,0,98,0.0,0.0,55,4,-85,LTE,2147483647,2147483647,2147483647,2147483647,0,170,0.0,0.0,55,4,-85,LTE,2147483647,2147483647,2147483647,2147483647,0,60,0.0,0.0,59,4,-81,LTE
1522067217462,121.20951459,31.28587118,1.0,6.0,4.420283,-109,true,-1,-1,5,38.0,4000.0,12.1124267578125,-44.3359375,1.5228271484375,-2.989835500717163,0.5635618567466736,-1.0402535200119019,460,1,6271,185624657,0,-1,0.0,0.0,0,0,0,,6,460,1,6271,185624657,0,97,0.0,0.0,61,4,-79,LTE,2147483647,2147483647,2147483647,2147483647,0,417,0.0,0.0,60,4,-80,LTE,2147483647,2147483647,2147483647,2147483647,0,414,0.0,0.0,53,4,-87,LTE,2147483647,2147483647,2147483647,2147483647,0,98,0.0,0.0,55,4,-85,LTE,2147483647,2147483647,2147483647,2147483647,0,170,0.0,0.0,55,4,-85,LTE,2147483647,2147483647,2147483647,2147483647,0,60,0.0,0.0,59,4,-81,LTE
1522067218531,121.20947523,31.2859002,3.0,6.0,4.0315013,-109,true,-1,-1,5,38.0,4000.0,9.6923828125,-46.136474609375,0.32196044921875,-3.0278189182281494,0.5221889019012451,-1.1047691106796265,460,1,6271,185624657,0,-1,0.0,0.0,0,0,0,,5,460,1,6271,185624657,0,97,0.0,0.0,60,4,-80,LTE,2147483647,2147483647,2147483647,2147483647,0,60,0.0,0.0,65,4,-75,LTE,2147483647,2147483647,2147483647,2147483647,0,417,0.0,0.0,60,4,-80,LTE,2147483647,2147483647,2147483647,2147483647,0,98,0.0,0.0,59,4,-81,LTE,2147483647,2147483647,2147483647,2147483647,0,414,0.0,0.0,59,4,-81,LTE
1522067219618,121.20947523,31.2859002,3.0,6.0,4.0315013,-109,true,-1,-1,5,38.0,4000.0,29.0924072265625,-42.236328125,6.32171630859375,-2.569359302520752,0.5071680545806885,-0.7930980920791626,460,1,6271,185624657,0,-1,0.0,0.0,0,0,0,,5,460,1,6271,185624657,0,97,0.0,0.0,60,4,-80,LTE,2147483647,2147483647,2147483647,2147483647,0,60,0.0,0.0,65,4,-75,LTE,2147483647,2147483647,2147483647,2147483647,0,417,0.0,0.0,60,4,-80,LTE,2147483647,2147483647,2147483647,2147483647,0,98,0.0,0.0,59,4,-81,LTE,2147483647,2147483647,2147483647,2147483647,0,414,0.0,0.0,59,4,-81,LTE
1522067220686,121.2094106,31.28595247,3.0,7.0,3.980113,-109,true,-1,-1,5,38.0,4000.0,37.921142578125,-29.6356201171875,-2.3773193359375,-1.9629583358764648,0.6571946740150452,-0.45933595299720764,460,1,6271,185624657,0,-1,0.0,0.0,0,0,0,,5,460,1,6271,185624657,0,97,0.0,0.0,64,4,-76,LTE,2147483647,2147483647,2147483647,2147483647,0,60,0.0,0.0,57,4,-83,LTE,2147483647,2147483647,2147483647,2147483647,0,417,0.0,0.0,57,4,-83,LTE,2147483647,2147483647,2147483647,2147483647,0,414,0.0,0.0,54,4,-86,LTE,2147483647,2147483647,2147483647,2147483647,0,98,0.0,0.0,51,4,-89,LTE
1522067221753,121.2094106,31.28595247,3.0,7.0,3.980113,-109,true,-1,-1,5,38.0,4000.0,58.19244384765625,-7.7362060546875,1.5228271484375,-1.013630986213684,0.6055691242218018,-0.9341517686843872,460,1,6271,185624657,0,-1,0.0,0.0,0,0,0,,5,460,1,6271,185624657,0,97,0.0,0.0,64,4,-76,LTE,2147483647,2147483647,2147483647,2147483647,0,60,0.0,0.0,57,4,-83,LTE,2147483647,2147483647,2147483647,2147483647,0,417,0.0,0.0,57,4,-83,LTE,2147483647,2147483647,2147483647,2147483647,0,414,0.0,0.0,54,4,-86,LTE,2147483647,2147483647,2147483647,2147483647,0,98,0.0,0.0,51,4,-89,LTE
1522067222842,121.20936223,31.28602649,4.0,8.0,3.5935636,-109,true,-1,-1,5,38.0,4000.0,17.1417236328125,-10.43548583984375,-22.1771240234375,-1.8115031719207764,0.5148131847381592,-1.0801070928573608,460,1,6271,185624657,0,-1,0.0,0.0,0,0,0,,5,460,1,6271,185624657,0,97,0.0,0.0,64,4,-76,LTE,2147483647,2147483647,2147483647,2147483647,0,417,0.0,0.0,62,4,-78,LTE,2147483647,2147483647,2147483647,2147483647,0,60,0.0,0.0,60,4,-80,LTE,2147483647,2147483647,2147483647,2147483647,0,414,0.0,0.0,60,4,-80,LTE,2147483647,2147483647,2147483647,2147483647,0,98,0.0,0.0,54,4,-86,LTE
