IMEI:861374033830412
IMSI:460012796993062
OSVersion:3.10.73-perf-g94fc9a6
apiLevel:5.1.1
model:Redmi Note 3
device:kenzo
product:kenzo
78
1508200939657,121.21342932,31.29187375,42.0,23.0,2.0478768,-53,true,-1,-1,5,71.0,4000.0,-11.65924072265625,-24.75128173828125,109.9639892578125,-2.885934829711914,-0.13395239412784576,0.19850382208824158,-2,-2,5198,16058,0,2147483647,0.0,0.0,0,0,0,,6,460,1,5198,16058,0,2147483647,0.0,0.0,24,4,-65,GSM,460,1,5198,16057,0,2147483647,0.0,0.0,16,4,-81,GSM,460,1,5198,17029,0,2147483647,0.0,0.0,11,3,-91,GSM,460,1,5198,16059,0,2147483647,0.0,0.0,20,4,-73,GSM,460,1,5198,25312,0,2147483647,0.0,0.0,11,3,-91,GSM,460,1,5198,38198,0,2147483647,0.0,0.0,9,3,-95,GSM
1508200942927,121.21342932,31.29187375,42.0,23.0,2.0478768,-53,true,-1,-1,5,71.0,4000.0,26.4404296875,45.4498291015625,110.56365966796875,1.5531747341156006,1.5241363048553467,-1.8065555095672607,-2,-2,5198,16058,0,2147483647,0.0,0.0,0,0,0,,6,460,1,5198,16058,0,2147483647,0.0,0.0,24,4,-65,GSM,460,1,5198,16057,0,2147483647,0.0,0.0,16,4,-81,GSM,460,1,5198,17029,0,2147483647,0.0,0.0,10,3,-93,GSM,460,1,5198,16059,0,2147483647,0.0,0.0,20,4,-73,GSM,460,1,5198,25312,0,2147483647,0.0,0.0,10,3,-93,GSM,460,1,5198,38198,0,2147483647,0.0,0.0,9,3,-95,GSM
1508200945791,121.2121584,31.28909951,36.0,6.0,0.7641989,-53,true,-1,-1,5,71.0,4000.0,-0.74920654296875,29.24957275390625,135.46295166015625,2.2888007164001465,1.4894688129425049,-2.2981464862823486,-2,-2,5198,16058,0,2147483647,0.0,0.0,0,0,0,,6,460,1,5198,16058,0,2147483647,0.0,0.0,26,4,-61,GSM,460,1,5198,16057,0,2147483647,0.0,0.0,17,4,-79,GSM,460,1,5198,17029,0,2147483647,0.0,0.0,10,3,-93,GSM,460,1,5198,16059,0,2147483647,0.0,0.0,19,4,-75,GSM,460,1,5198,25312,0,2147483647,0.0,0.0,10,3,-93,GSM,460,1,5198,38198,0,2147483647,0.0,0.0,10,3,-93,GSM
1508200949057,121.2121584,31.28909951,36.0,6.0,0.7641989,-53,true,-1,-1,5,71.0,4000.0,4.78973388671875,25.64849853515625,156.463623046875,-2.9691476821899414,1.481897234916687,2.94170880317688,-2,-2,5198,16058,0,2147483647,0.0,0.0,0,0,0,,7,460,1,5198,16058,0,2147483647,0.0,0.0,23,4,-67,GSM,460,1,5198,16057,0,2147483647,0.0,0.0,17,4,-79,GSM,460,1,5198,17029,0,2147483647,0.0,0.0,9,3,-95,GSM,460,1,5198,16059,0,2147483647,0.0,0.0,19,4,-75,GSM,460,1,5198,25312,0,2147483647,0.0,0.0,10,3,-93,GSM,460,1,5198,38198,0,2147483647,0.0,0.0,9,3,-95,GSM,460,1,5198,46478,0,2147483647,0.0,0.0,10,3,-93,GSM
1508200952158,121.21204056,31.28916473,2.0,19.0,1.7418668,-53,true,-1,-1,5,71.0,4000.0,-1.959228515625,19.9493408203125,154.96368408203125,1.685467004776001,1.3513368368148804,-1.7041354179382324,-2,-2,5198,16058,0,2147483647,0.0,0.0,0,0,0,,6,460,1,5198,16058,0,2147483647,0.0,0.0,24,4,-65,GSM,460,1,5198,16057,0,2147483647,0.0,0.0,14,4,-85,GSM,460,1,5198,17029,0,2147483647,0.0,0.0,8,3,-97,GSM,460,1,5198,16059,0,2147483647,0.0,0.0,18,4,-77,GSM,460,1,5198,25312,0,2147483647,0.0,0.0,9,3,-95,GSM,460,1,5198,38198,0,2147483647,0.0,0.0,9,3,-95,GSM
1508200955046,121.21204056,31.28916473,2.0,19.0,1.7418668,-53,true,-1,-1,5,71.0,4000.0,-1.4404296875,21.44927978515625,144.464111328125,0.8660470247268677,1.4633616209030151,-0.8653898239135742,-2,-2,5198,16058,0,2147483647,0.0,0.0,0,0,0,,6,460,1,5198,16058,0,2147483647,0.0,0.0,22,4,-69,GSM,460,1,5198,16057,0,2147483647,0.0,0.0,13,4,-87,GSM,460,1,5198,17029,0,2147483647,0.0,0.0,8,3,-97,GSM,460,1,5198,16059,0,2147483647,0.0,0.0,16,4,-81,GSM,460,1,5198,25312,0,2147483647,0.0,0.0,9,3,-95,GSM,460,1,5198,38198,0,2147483647,0.0,0.0,8,3,-97,GSM
1508200958293,121.21204056,31.28916473,2.0,19.0,1.7418668,-53,true,-1,-1,5,71.0,4000.0,13.63067626953125,21.7498779296875,127.9632568359375,1.0247234106063843,1.3226778507232666,-1.1532284021377563,-2,-2,5198,16058,0,2147483647,0.0,0.0,0,0,0,,7,460,1,5198,16058,0,2147483647,0.0,0.0,22,4,-69,GSM,460,1,5198,16057,0,2147483647,0.0,0.0,13,4,-87,GSM,460,1,5198,17029,0,2147483647,0.0,0.0,8,3,-97,GSM,460,1,5198,16059,0,2147483647,0.0,0.0,16,4,-81,GSM,460,1,5198,25312,0,2147483647,0.0,0.0,9,3,-95,GSM,0,0,0,-1,0,2147483647,0.0,0.0,8,3,-97,GSM,460,1,5198,46478,0,2147483647,0.0,0.0,8,3,-97,GSM
1508200961181,121.21204056,31.28916473,2.0,19.0,1.7418668,-53,true,-1,-1,5,71.0,4000.0,34.23004150390625,23.8494873046875,143.26324462890625,0.5661130547523499,1.4814645051956177,-0.806596577167511,-2,-2,5198,16058,0,2147483647,0.0,0.0,0,0,0,,6,460,1,5198,16058,0,2147483647,0.0,0.0,27,4,-59,GSM,460,1,5198,16057,0,2147483647,0.0,0.0,14,4,-85,GSM,460,1,5198,17029,0,2147483647,0.0,0.0,8,3,-97,GSM,460,1,5198,16059,0,2147483647,0.0,0.0,17,4,-79,GSM,460,1,5198,25312,0,2147483647,0.0,0.0,8,3,-97,GSM,460,1,5198,38198,0,2147483647,0.0,0.0,8,3,-97,GSM
1508200964425,121.21204056,31.28916473,2.0,19.0,1.7418668,-53,true,-1,-1,5,71.0,4000.0,54.13970947265625,30.14984130859375,216.7633056640625,-0.007770590949803591,1.5234839916229248,-0.23694521188735962,-2,-2,5198,16058,0,2147483647,0.0,0.0,0,0,0,,6,460,1,5198,16058,0,2147483647,0.0,0.0,24,4,-65,GSM,460,1,5198,16057,0,2147483647,0.0,0.0,13,4,-87,GSM,460,1,5198,17029,0,2147483647,0.0,0.0,8,3,-97,GSM,460,1,5198,16059,0,2147483647,0.0,0.0,16,4,-81,GSM,460,1,5198,25312,0,2147483647,0.0,0.0,8,3,-97,GSM,460,1,5198,38198,0,2147483647,0.0,0.0,7,2,-99,GSM
1508200967287,121.21204056,31.28916473,2.0,19.0,1.7418668,-53,true,-1,-1,5,71.0,4000.0,113.20953369140625,28.34930419921875,253.66363525390625,-2.352084159851074,1.4486241340637207,1.9449180364608765,-2,-2,5198,16058,0,2147483647,0.0,0.0,0,0,0,,7,460,1,5198,16058,0,2147483647,0.0,0.0,26,4,-61,GSM,460,1,5198,16057,0,2147483647,0.0,0.0,13,4,-87,GSM,460,1,5198,17029,0,2147483647,0.0,0.0,8,3,-97,GSM,460,1,5198,16059,0,2147483647,0.0,0.0,16,4,-81,GSM,460,1,5198,25312,0,2147483647,0.0,0.0,8,3,-97,GSM,460,1,5198,38198,0,2147483647,0.0,0.0,6,2,-101,GSM,460,1,5198,16519,0,2147483647,0.0,0.0,4,1,-105,GSM
1508200970539,121.21204056,31.28916473,2.0,19.0,1.7418668,-53,true,-1,-1,5,71.0,4000.0,38.20953369140625,20.54901123046875,193.36395263671875,1.5065393447875977,1.5230038166046143,-1.7065331935882568,-2,-2,5198,16058,0,2147483647,0.0,0.0,0,0,0,,7,460,1,5198,16058,0,2147483647,0.0,0.0,24,4,-65,GSM,460,1,5198,16057,0,2147483647,0.0,0.0,13,4,-87,GSM,460,1,5198,17029,0,2147483647,0.0,0.0,8,3,-97,GSM,460,1,5198,16059,0,2147483647,0.0,0.0,17,4,-79,GSM,460,1,5198,25312,0,2147483647,0.0,0.0,6,2,-101,GSM,460,1,5198,38198,0,2147483647,0.0,0.0,6,2,-101,GSM,460,1,5198,16519,0,2147483647,0.0,0.0,4,1,-105,GSM
1508200973597,121.21204056,31.28916473,2.0,19.0,1.7418668,-53,true,-1,-1,5,71.0,4000.0,30.2398681640625,21.7498779296875,216.16363525390625,0.7551954984664917,1.549439549446106,-0.8955315351486206,-2,-2,5198,16058,0,2147483647,0.0,0.0,0,0,0,,7,460,1,5198,16058,0,2147483647,0.0,0.0,20,4,-73,GSM,460,1,5198,16057,0,2147483647,0.0,0.0,13,4,-87,GSM,460,1,5198,17029,0,2147483647,0.0,0.0,7,2,-99,GSM,460,1,5198,16059,0,2147483647,0.0,0.0,16,4,-81,GSM,460,1,5198,25312,0,2147483647,0.0,0.0,6,2,-101,GSM,460,1,5198,38198,0,2147483647,0.0,0.0,4,1,-105,GSM,460,1,5198,16519,0,2147483647,0.0,0.0,4,1,-105,GSM
1508200976664,121.21204056,31.28916473,2.0,19.0,1.7418668,-53,true,-1,-1,5,71.0,4000.0,21.4202880859375,18.44940185546875,197.86376953125,1.1548248529434204,1.4549145698547363,-1.2700295448303223,-2,-2,5198,16058,0,2147483647,0.0,0.0,0,0,0,,7,460,1,5198,16058,0,2147483647,0.0,0.0,22,4,-69,GSM,460,1,5198,16057,0,2147483647,0.0,0.0,13,4,-87,GSM,460,1,5198,17029,0,2147483647,0.0,0.0,6,2,-101,GSM,460,1,5198,16059,0,2147483647,0.0,0.0,16,4,-81,GSM,460,1,5198,25312,0,2147483647,0.0,0.0,6,2,-101,GSM,460,1,5198,38198,0,2147483647,0.0,0.0,3,1,-107,GSM,460,1,5198,16519,0,2147483647,0.0,0.0,3,1,-107,GSM
1508200979824,121.21204056,31.28916473,2.0,19.0,1.7418668,-53,true,-1,-1,5,71.0,4000.0,22.45941162109375,18.1488037109375,197.86376953125,1.1530789136886597,1.461952805519104,-1.272993564605713,-2,-2,5198,16058,0,2147483647,0.0,0.0,0,0,0,,7,460,1,5198,16058,0,2147483647,0.0,0.0,19,4,-75,GSM,460,1,5198,16057,0,2147483647,0.0,0.0,12,4,-89,GSM,460,1,5198,17029,0,2147483647,0.0,0.0,6,2,-101,GSM,460,1,5198,16059,0,2147483647,0.0,0.0,16,4,-81,GSM,460,1,5198,25312,0,2147483647,0.0,0.0,6,2,-101,GSM,460,1,5198,38198,0,2147483647,0.0,0.0,3,1,-107,GSM,460,1,5198,16519,0,2147483647,0.0,0.0,3,1,-107,GSM
1508200982893,121.21204056,31.28916473,2.0,19.0,1.7418668,-53,true,-1,-1,5,71.0,4000.0,27.130126953125,16.949462890625,203.56292724609375,0.9866142272949219,1.51882004737854,-1.1220680475234985,-2,-2,5198,16058,0,2147483647,0.0,0.0,0,0,0,,6,460,1,5198,16058,0,2147483647,0.0,0.0,18,4,-77,GSM,460,1,5198,16057,0,2147483647,0.0,0.0,12,4,-89,GSM,460,1,5198,17029,0,2147483647,0.0,0.0,6,2,-101,GSM,460,1,5198,16059,0,2147483647,0.0,0.0,15,4,-83,GSM,460,1,5198,25312,0,2147483647,0.0,0.0,6,2,-101,GSM,460,1,5198,38198,0,2147483647,0.0,0.0,2,0,-109,GSM
1508200985950,121.21204056,31.28916473,2.0,19.0,1.7418668,-53,true,-1,-1,5,71.0,4000.0,25.23040771484375,16.34979248046875,200.8636474609375,1.1128625869750977,1.5045865774154663,-1.2417488098144531,-2,-2,5198,16058,0,2147483647,0.0,0.0,0,0,0,,5,460,1,5198,16058,0,2147483647,0.0,0.0,17,4,-79,GSM,460,1,5198,16057,0,2147483647,0.0,0.0,10,3,-93,GSM,460,1,5198,17029,0,2147483647,0.0,0.0,5,2,-103,GSM,460,1,5198,16059,0,2147483647,0.0,0.0,15,4,-83,GSM,460,1,5198,25312,0,2147483647,0.0,0.0,6,2,-101,GSM
1508200989007,121.21204056,31.28916473,2.0,19.0,1.7418668,-53,true,-1,-1,5,71.0,4000.0,26.6204833984375,16.34979248046875,205.6640625,1.0525585412979126,1.5030274391174316,-1.1849359273910522,-2,-2,5198,16058,0,2147483647,0.0,0.0,0,0,0,,4,460,1,5198,16058,0,2147483647,0.0,0.0,19,4,-75,GSM,460,1,5198,16057,0,2147483647,0.0,0.0,9,3,-95,GSM,460,1,5198,16059,0,2147483647,0.0,0.0,15,4,-83,GSM,460,1,5198,25312,0,2147483647,0.0,0.0,5,2,-103,GSM
1508200992074,121.21204056,31.28916473,2.0,19.0,1.7418668,-53,true,-1,-1,5,71.0,4000.0,26.6204833984375,18.74847412109375,200.8636474609375,1.0686297416687012,1.5057425498962402,-1.2047793865203857,-2,-2,5198,16058,0,2147483647,0.0,0.0,0,0,0,,4,460,1,5198,16058,0,2147483647,0.0,0.0,20,4,-73,GSM,460,1,5198,16057,0,2147483647,0.0,0.0,9,3,-95,GSM,460,1,5198,16059,0,2147483647,0.0,0.0,14,4,-85,GSM,460,1,5198,25312,0,2147483647,0.0,0.0,5,2,-103,GSM
1508200995146,121.21204056,31.28916473,2.0,19.0,1.7418668,-53,true,-1,-1,5,71.0,4000.0,26.26953125,17.54913330078125,203.26385498046875,0.8376312255859375,1.5042003393173218,-0.9692929983139038,-2,-2,5198,16058,0,2147483647,0.0,0.0,0,0,0,,4,460,1,5198,16058,0,2147483647,0.0,0.0,19,4,-75,GSM,460,1,5198,16057,0,2147483647,0.0,0.0,9,3,-95,GSM,460,1,5198,16059,0,2147483647,0.0,0.0,14,4,-85,GSM,460,1,5198,25312,0,2147483647,0.0,0.0,6,2,-101,GSM
1508200998200,121.21204056,31.28916473,2.0,19.0,1.7418668,-53,true,-1,-1,5,71.0,4000.0,24.36065673828125,18.74847412109375,196.36383056640625,0.8787988424301147,1.4994620084762573,-1.0061832666397095,-2,-2,5198,16058,0,2147483647,0.0,0.0,0,0,0,,4,460,1,5198,16058,0,2147483647,0.0,0.0,20,4,-73,GSM,460,1,5198,16057,0,2147483647,0.0,0.0,9,3,-95,GSM,460,1,5198,16059,0,2147483647,0.0,0.0,13,4,-87,GSM,460,1,5198,25312,0,2147483647,0.0,0.0,6,2,-101,GSM
1508201001266,121.21204056,31.28916473,2.0,19.0,1.7418668,-53,true,-1,-1,5,71.0,4000.0,24.54071044921875,14.54925537109375,200.8636474609375,-0.5055726170539856,1.551094651222229,0.38460302352905273,-2,-2,5198,16058,0,2147483647,0.0,0.0,0,0,0,,4,460,1,5198,16058,0,2147483647,0.0,0.0,21,4,-71,GSM,460,1,5198,16057,0,2147483647,0.0,0.0,9,3,-95,GSM,460,1,5198,16059,0,2147483647,0.0,0.0,13,4,-87,GSM,460,1,5198,25312,0,2147483647,0.0,0.0,6,2,-101,GSM
1508201004189,121.21204056,31.28916473,2.0,19.0,1.7418668,-53,true,-1,-1,5,71.0,4000.0,34.3994140625,13.04931640625,207.16400146484375,-1.6517460346221924,1.5491595268249512,1.4885575771331787,-2,-2,5198,16058,0,2147483647,0.0,0.0,0,0,0,,4,460,1,5198,16058,0,2147483647,0.0,0.0,21,4,-71,GSM,460,1,5198,16057,0,2147483647,0.0,0.0,9,3,-95,GSM,460,1,5198,16059,0,2147483647,0.0,0.0,13,4,-87,GSM,460,1,5198,25312,0,2147483647,0.0,0.0,7,2,-99,GSM
1508201007054,121.21204056,31.28916473,2.0,19.0,1.7418668,-53,true,-1,-1,5,70.0,4000.0,66.96014404296875,21.148681640625,186.76300048828125,2.321141481399536,1.326078176498413,-2.699690818786621,-2,-2,5198,16058,0,2147483647,0.0,0.0,0,0,0,,4,460,1,5198,16058,0,2147483647,0.0,0.0,22,4,-69,GSM,460,1,5198,16057,0,2147483647,0.0,0.0,10,3,-93,GSM,460,1,5198,16059,0,2147483647,0.0,0.0,13,4,-87,GSM,460,1,5198,25312,0,2147483647,0.0,0.0,7,2,-99,GSM
1508201010119,121.21204056,31.28916473,2.0,19.0,1.7418668,-53,true,-1,-1,5,70.0,4000.0,53.45001220703125,-3.15093994140625,200.56304931640625,-1.9970195293426514,1.3913410902023315,1.7401992082595825,-2,-2,5198,16058,0,2147483647,0.0,0.0,0,0,0,,4,460,1,5198,16058,0,2147483647,0.0,0.0,24,4,-65,GSM,460,1,5198,16057,0,2147483647,0.0,0.0,10,3,-93,GSM,460,1,5198,16059,0,2147483647,0.0,0.0,13,4,-87,GSM,460,1,5198,25312,0,2147483647,0.0,0.0,7,2,-99,GSM
1508201013385,121.21219906,31.28905765,8.0,7.0,1.2093385,-53,true,-1,-1,5,70.0,4000.0,48.260498046875,1.94854736328125,231.16302490234375,1.9376312494277954,1.411634922027588,-2.148960590362549,-2,-2,5198,16058,0,2147483647,0.0,0.0,0,0,0,,4,460,1,5198,16058,0,2147483647,0.0,0.0,29,4,-55,GSM,460,1,5198,16057,0,2147483647,0.0,0.0,10,3,-93,GSM,460,1,5198,16059,0,2147483647,0.0,0.0,15,4,-83,GSM,460,1,5198,25312,0,2147483647,0.0,0.0,9,3,-95,GSM
1508201016248,121.21219906,31.28905765,8.0,7.0,1.2093385,-53,true,-1,-1,5,70.0,4000.0,119.610595703125,67.94891357421875,217.96417236328125,-2.5253794193267822,1.4382842779159546,2.048565626144409,-2,-2,5198,16058,0,2147483647,0.0,0.0,0,0,0,,5,460,1,5198,16058,0,2147483647,0.0,0.0,28,4,-57,GSM,460,1,5198,16057,0,2147483647,0.0,0.0,10,3,-93,GSM,460,1,5198,16059,0,2147483647,0.0,0.0,16,4,-81,GSM,460,1,5198,25312,0,2147483647,0.0,0.0,9,3,-95,GSM,460,1,5198,38198,0,2147483647,0.0,0.0,5,2,-103,GSM
1508201019493,121.21216698,31.28890735,17.0,8.0,2.5389957,-53,true,-1,-1,5,70.0,4000.0,156.5093994140625,48.748779296875,286.663818359375,-1.0011405944824219,1.308502197265625,0.518882155418396,-2,-2,5198,16058,0,2147483647,0.0,0.0,0,0,0,,6,460,1,5198,16058,0,2147483647,0.0,0.0,29,4,-55,GSM,460,1,5198,16057,0,2147483647,0.0,0.0,12,4,-89,GSM,460,1,5198,16059,0,2147483647,0.0,0.0,16,4,-81,GSM,460,1,5198,25312,0,2147483647,0.0,0.0,9,3,-95,GSM,460,1,5198,38198,0,2147483647,0.0,0.0,5,2,-103,GSM,0,0,0,-1,0,2147483647,0.0,0.0,5,2,-103,GSM
1508201022375,121.21216698,31.28890735,17.0,8.0,2.5389957,-53,true,-1,-1,5,70.0,4000.0,60.02960205078125,25.34942626953125,177.1636962890625,-2.2358927726745605,1.5086756944656372,1.9167625904083252,-2,-2,5198,16058,0,2147483647,0.0,0.0,0,0,0,,6,460,1,5198,16058,0,2147483647,0.0,0.0,30,4,-53,GSM,460,1,5198,16057,0,2147483647,0.0,0.0,14,4,-85,GSM,460,1,5198,16059,0,2147483647,0.0,0.0,18,4,-77,GSM,460,1,5198,25312,0,2147483647,0.0,0.0,9,3,-95,GSM,460,1,5198,38198,0,2147483647,0.0,0.0,7,2,-99,GSM,0,0,0,-1,0,2147483647,0.0,0.0,7,2,-99,GSM
1508201025623,121.21189101,31.28910901,48.0,9.0,4.971207,-53,true,-1,-1,5,70.0,4000.0,52.58941650390625,24.44915771484375,188.262939453125,-2.7038276195526123,1.4080564975738525,2.445127010345459,-2,-2,5198,16058,0,2147483647,0.0,0.0,0,0,0,,6,460,1,5198,16058,0,2147483647,0.0,0.0,30,4,-53,GSM,460,1,5198,16057,0,2147483647,0.0,0.0,14,4,-85,GSM,460,1,5198,16059,0,2147483647,0.0,0.0,18,4,-77,GSM,460,1,5198,25312,0,2147483647,0.0,0.0,11,3,-91,GSM,460,1,5198,38198,0,2147483647,0.0,0.0,9,3,-95,GSM,0,0,0,-1,0,2147483647,0.0,0.0,9,3,-95,GSM
1508201028486,121.21189101,31.28910901,48.0,9.0,4.971207,-53,true,-1,-1,5,70.0,4000.0,122.56011962890625,46.649169921875,188.8641357421875,2.893615961074829,1.4908974170684814,2.8091259002685547,-2,-2,5198,16058,0,2147483647,0.0,0.0,0,0,0,,6,460,1,5198,16058,0,2147483647,0.0,0.0,31,4,-51,GSM,460,1,5198,16057,0,2147483647,0.0,0.0,16,4,-81,GSM,460,1,5198,16059,0,2147483647,0.0,0.0,18,4,-77,GSM,460,1,5198,25312,0,2147483647,0.0,0.0,13,4,-87,GSM,460,1,5198,38198,0,2147483647,0.0,0.0,9,3,-95,GSM,0,0,0,-1,0,2147483647,0.0,0.0,9,3,-95,GSM
1508201031751,121.21185205,31.28916226,40.0,8.0,1.1211154,-53,true,-1,-1,5,70.0,4000.0,81.34002685546875,39.14947509765625,167.86346435546875,-1.4945054054260254,1.3550424575805664,1.0873562097549438,-2,-2,5198,16058,0,2147483647,0.0,0.0,0,0,0,,6,460,1,5198,16058,0,2147483647,0.0,0.0,31,4,-51,GSM,460,1,5198,16057,0,2147483647,0.0,0.0,19,4,-75,GSM,460,1,5198,16059,0,2147483647,0.0,0.0,21,4,-71,GSM,460,1,5198,25312,0,2147483647,0.0,0.0,13,4,-87,GSM,460,1,5198,38198,0,2147483647,0.0,0.0,11,3,-91,GSM,0,0,0,-1,0,2147483647,0.0,0.0,12,4,-89,GSM
1508201034614,121.21185205,31.28916226,40.0,8.0,1.1211154,-53,true,-1,-1,5,70.0,4000.0,62.4603271484375,22.94921875,174.76348876953125,-2.0122947692871094,1.3510679006576538,1.7033761739730835,-2,-2,5198,16058,0,2147483647,0.0,0.0,0,0,0,,6,460,1,5198,16058,0,2147483647,0.0,0.0,31,4,-51,GSM,460,1,5198,16057,0,2147483647,0.0,0.0,19,4,-75,GSM,460,1,5198,16059,0,2147483647,0.0,0.0,21,4,-71,GSM,460,1,5198,25312,0,2147483647,0.0,0.0,15,4,-83,GSM,460,1,5198,38198,0,2147483647,0.0,0.0,11,3,-91,GSM,0,0,0,-1,0,2147483647,0.0,0.0,12,4,-89,GSM
1508201037678,121.21195934,31.28906217,30.0,11.0,2.006614,-53,true,-1,-1,5,70.0,4000.0,70.599365234375,23.24981689453125,157.6629638671875,2.6174628734588623,1.3437591791152954,-3.0649240016937256,-2,-2,5198,16058,0,2147483647,0.0,0.0,0,0,0,,5,460,1,5198,16058,0,2147483647,0.0,0.0,31,4,-51,GSM,460,1,5198,16057,0,2147483647,0.0,0.0,21,4,-71,GSM,460,1,5198,16059,0,2147483647,0.0,0.0,21,4,-71,GSM,460,1,5198,25312,0,2147483647,0.0,0.0,16,4,-81,GSM,0,0,0,-1,0,2147483647,0.0,0.0,11,3,-91,GSM
1508201040721,121.21198909,31.28890535,44.0,14.0,3.1644588,-53,true,-1,-1,5,70.0,4000.0,50.5096435546875,37.04986572265625,166.06292724609375,0.606144905090332,1.4563645124435425,-0.9122597575187683,-2,-2,5198,16058,0,2147483647,0.0,0.0,0,0,0,,5,460,1,5198,16058,0,2147483647,0.0,0.0,31,4,-51,GSM,460,1,5198,16057,0,2147483647,0.0,0.0,21,4,-71,GSM,460,1,5198,16059,0,2147483647,0.0,0.0,24,4,-65,GSM,460,1,5198,25312,0,2147483647,0.0,0.0,16,4,-81,GSM,0,0,0,-1,0,2147483647,0.0,0.0,11,3,-91,GSM
1508201043967,121.21193013,31.2890706,33.0,5.0,2.203361,-53,true,-1,-1,5,70.0,4000.0,5.31005859375,28.948974609375,169.3634033203125,1.4673686027526855,0.7549901008605957,-1.6323083639144897,-2,-2,5198,16058,0,2147483647,0.0,0.0,0,0,0,,6,460,1,5198,16058,0,2147483647,0.0,0.0,31,4,-51,GSM,460,1,5198,16057,0,2147483647,0.0,0.0,22,4,-69,GSM,460,1,5198,16059,0,2147483647,0.0,0.0,24,4,-65,GSM,460,1,5198,25312,0,2147483647,0.0,0.0,16,4,-81,GSM,0,0,0,-1,0,2147483647,0.0,0.0,11,3,-91,GSM,460,1,5198,38198,0,2147483647,0.0,0.0,12,4,-89,GSM
1508201046829,121.21168996,31.28914229,38.0,19.0,1.2984991,-53,true,-1,-1,5,70.0,4000.0,8.07952880859375,36.749267578125,161.5631103515625,1.3454071283340454,0.6656920909881592,-1.539936900138855,-2,-2,5198,16058,0,2147483647,0.0,0.0,0,0,0,,6,460,1,5198,16058,0,2147483647,0.0,0.0,31,4,-51,GSM,460,1,5198,16057,0,2147483647,0.0,0.0,23,4,-67,GSM,460,1,5198,16059,0,2147483647,0.0,0.0,25,4,-63,GSM,460,1,5198,25312,0,2147483647,0.0,0.0,16,4,-81,GSM,0,0,0,-1,0,2147483647,0.0,0.0,12,4,-89,GSM,460,1,5198,38198,0,2147483647,0.0,0.0,13,4,-87,GSM
1508201049975,121.21168996,31.28914229,38.0,19.0,1.2984991,-53,true,-1,-1,5,70.0,4000.0,31.109619140625,42.14935302734375,158.26416015625,1.301185131072998,1.0503342151641846,-1.5997425317764282,-2,-2,5198,16058,0,2147483647,0.0,0.0,0,0,0,,6,460,1,5198,16058,0,2147483647,0.0,0.0,31,4,-51,GSM,460,1,5198,16057,0,2147483647,0.0,0.0,24,4,-65,GSM,460,1,5198,16059,0,2147483647,0.0,0.0,27,4,-59,GSM,460,1,5198,25312,0,2147483647,0.0,0.0,16,4,-81,GSM,0,0,0,-1,0,2147483647,0.0,0.0,11,3,-91,GSM,460,1,5198,38198,0,2147483647,0.0,0.0,13,4,-87,GSM
1508201053038,121.21192474,31.28906231,18.0,10.0,0.2823119,-53,true,-1,-1,5,70.0,4000.0,57.440185546875,39.44854736328125,133.06427001953125,1.5770353078842163,1.338674545288086,-2.0490989685058594,-2,-2,5198,16058,0,2147483647,0.0,0.0,0,0,0,,5,460,1,5198,16058,0,2147483647,0.0,0.0,31,4,-51,GSM,460,1,5198,16057,0,2147483647,0.0,0.0,24,4,-65,GSM,460,1,5198,16059,0,2147483647,0.0,0.0,27,4,-59,GSM,460,1,5198,25312,0,2147483647,0.0,0.0,17,4,-79,GSM,460,1,5198,38198,0,2147483647,0.0,0.0,14,4,-85,GSM
1508201056282,121.21172284,31.28902464,23.0,8.0,2.1552029,-53,true,-1,-1,5,70.0,4000.0,9.98992919921875,27.14996337890625,95.86334228515625,1.7066123485565186,1.1367424726486206,-1.9536114931106567,-2,-2,5198,16058,0,2147483647,0.0,0.0,0,0,0,,5,460,1,5198,16058,0,2147483647,0.0,0.0,31,4,-51,GSM,460,1,5198,16057,0,2147483647,0.0,0.0,22,4,-69,GSM,460,1,5198,16059,0,2147483647,0.0,0.0,27,4,-59,GSM,460,1,5198,25312,0,2147483647,0.0,0.0,17,4,-79,GSM,460,1,5198,38198,0,2147483647,0.0,0.0,14,4,-85,GSM
1508201059346,121.211953,31.2890951,3.0,7.0,1.7624131,-53,true,-1,-1,5,70.0,4000.0,-2.83050537109375,13.04931640625,169.66400146484375,1.2416751384735107,1.1459596157073975,-1.2280428409576416,-2,-2,5198,16058,0,2147483647,0.0,0.0,0,0,0,,5,460,1,5198,16058,0,2147483647,0.0,0.0,31,4,-51,GSM,460,1,5198,16057,0,2147483647,0.0,0.0,22,4,-69,GSM,460,1,5198,16059,0,2147483647,0.0,0.0,27,4,-59,GSM,460,1,5198,25312,0,2147483647,0.0,0.0,17,4,-79,GSM,460,1,5198,38198,0,2147483647,0.0,0.0,14,4,-85,GSM
1508201062209,121.21188448,31.28916669,11.0,10.0,2.7253072,-53,true,-1,-1,5,70.0,4000.0,-2.83050537109375,23.54888916015625,160.66436767578125,1.0149964094161987,0.9819634556770325,-0.990164041519165,-2,-2,5198,16058,0,2147483647,0.0,0.0,0,0,0,,5,460,1,5198,16058,0,2147483647,0.0,0.0,31,4,-51,GSM,460,1,5198,16057,0,2147483647,0.0,0.0,22,4,-69,GSM,460,1,5198,16059,0,2147483647,0.0,0.0,27,4,-59,GSM,460,1,5198,25312,0,2147483647,0.0,0.0,17,4,-79,GSM,460,1,5198,38198,0,2147483647,0.0,0.0,15,4,-83,GSM
1508201065251,121.21188448,31.28916669,11.0,10.0,2.7253072,-53,true,-1,-1,5,70.0,4000.0,20.21026611328125,36.749267578125,153.76434326171875,0.8419981002807617,1.0160056352615356,-0.9929969906806946,-2,-2,5198,16058,0,2147483647,0.0,0.0,0,0,0,,5,460,1,5198,16058,0,2147483647,0.0,0.0,31,4,-51,GSM,460,1,5198,16057,0,2147483647,0.0,0.0,22,4,-69,GSM,460,1,5198,16059,0,2147483647,0.0,0.0,28,4,-57,GSM,460,1,5198,25312,0,2147483647,0.0,0.0,18,4,-77,GSM,460,1,5198,38198,0,2147483647,0.0,0.0,15,4,-83,GSM
1508201068499,121.21180338,31.28912929,29.0,6.0,2.005243,-53,true,-1,-1,5,70.0,4000.0,20.89996337890625,35.5499267578125,157.3638916015625,0.802553653717041,1.0067219734191895,-0.9440416693687439,-2,-2,5198,16058,0,2147483647,0.0,0.0,0,0,0,,5,460,1,5198,16058,0,2147483647,0.0,0.0,31,4,-51,GSM,460,1,5198,16057,0,2147483647,0.0,0.0,22,4,-69,GSM,460,1,5198,16059,0,2147483647,0.0,0.0,28,4,-57,GSM,460,1,5198,25312,0,2147483647,0.0,0.0,18,4,-77,GSM,460,1,5198,38198,0,2147483647,0.0,0.0,14,4,-85,GSM
1508201071599,121.21177567,31.28905032,21.0,5.0,1.9807321,-53,true,-1,-1,5,70.0,4000.0,18.29986572265625,36.749267578125,158.26416015625,0.7682765126228333,0.9781714081764221,-0.8880984783172607,-2,-2,5198,16058,0,2147483647,0.0,0.0,0,0,0,,5,460,1,5198,16058,0,2147483647,0.0,0.0,31,4,-51,GSM,460,1,5198,16057,0,2147483647,0.0,0.0,21,4,-71,GSM,460,1,5198,16059,0,2147483647,0.0,0.0,28,4,-57,GSM,460,1,5198,25312,0,2147483647,0.0,0.0,18,4,-77,GSM,460,1,5198,38198,0,2147483647,0.0,0.0,14,4,-85,GSM
1508201074482,121.21158561,31.28906576,36.0,5.0,1.4831386,-53,true,-1,-1,5,70.0,4000.0,5.999755859375,33.44879150390625,156.76422119140625,0.7608861923217773,1.0008025169372559,-0.7995569109916687,-2,-2,5198,16058,0,2147483647,0.0,0.0,0,0,0,,5,460,1,5198,16058,0,2147483647,0.0,0.0,31,4,-51,GSM,460,1,5198,16057,0,2147483647,0.0,0.0,22,4,-69,GSM,460,1,5198,16059,0,2147483647,0.0,0.0,29,4,-55,GSM,460,1,5198,25312,0,2147483647,0.0,0.0,18,4,-77,GSM,460,1,5198,38198,0,2147483647,0.0,0.0,14,4,-85,GSM
1508201077730,121.21141702,31.28897529,18.0,9.0,2.6875453,-53,true,-1,-1,5,70.0,4000.0,8.25958251953125,34.04998779296875,155.2642822265625,0.8082672357559204,0.9515843391418457,-0.8604969382286072,-2,-2,5198,16058,0,2147483647,0.0,0.0,0,0,0,,5,460,1,5198,16058,0,2147483647,0.0,0.0,31,4,-51,GSM,460,1,5198,16057,0,2147483647,0.0,0.0,22,4,-69,GSM,460,1,5198,16059,0,2147483647,0.0,0.0,29,4,-55,GSM,460,1,5198,25312,0,2147483647,0.0,0.0,19,4,-75,GSM,460,1,5198,38198,0,2147483647,0.0,0.0,13,4,-87,GSM
1508201080608,121.21144389,31.28893562,30.0,13.0,2.2517772,-53,true,-1,-1,5,70.0,4000.0,16.92047119140625,37.9486083984375,155.86395263671875,0.7226189374923706,1.005918264389038,-0.840019166469574,-2,-2,5198,16058,0,2147483647,0.0,0.0,0,0,0,,5,460,1,5198,16058,0,2147483647,0.0,0.0,31,4,-51,GSM,460,1,5198,16057,0,2147483647,0.0,0.0,23,4,-67,GSM,460,1,5198,16059,0,2147483647,0.0,0.0,31,4,-51,GSM,460,1,5198,25312,0,2147483647,0.0,0.0,19,4,-75,GSM,460,1,5198,38198,0,2147483647,0.0,0.0,13,4,-87,GSM
1508201083876,121.21139645,31.2889301,32.0,9.0,2.120212,-53,true,-1,-1,5,70.0,4000.0,26.78985595703125,41.24908447265625,141.16363525390625,0.6600626707077026,0.9838801622390747,-0.8651540875434875,-2,-2,5198,16058,0,2147483647,0.0,0.0,0,0,0,,6,460,1,5198,16058,0,2147483647,0.0,0.0,31,4,-51,GSM,460,1,5198,16057,0,2147483647,0.0,0.0,23,4,-67,GSM,460,1,5198,16059,0,2147483647,0.0,0.0,30,4,-53,GSM,460,1,5198,25312,0,2147483647,0.0,0.0,19,4,-75,GSM,460,1,5198,17029,0,2147483647,0.0,0.0,17,4,-79,GSM,460,1,5198,38198,0,2147483647,0.0,0.0,13,4,-87,GSM
1508201086755,121.21123546,31.28880942,9.0,9.0,2.1645324,-53,true,-1,-1,5,70.0,4000.0,24.36065673828125,41.24908447265625,144.16351318359375,0.5740943551063538,0.9699122905731201,-0.7486096024513245,-2,-2,5198,16058,0,2147483647,0.0,0.0,0,0,0,,6,460,1,5198,16058,0,2147483647,0.0,0.0,31,4,-51,GSM,460,1,5198,16057,0,2147483647,0.0,0.0,24,4,-65,GSM,460,1,5198,16059,0,2147483647,0.0,0.0,30,4,-53,GSM,460,1,5198,25312,0,2147483647,0.0,0.0,19,4,-75,GSM,460,1,5198,17029,0,2147483647,0.0,0.0,17,4,-79,GSM,460,1,5198,38198,0,2147483647,0.0,0.0,13,4,-87,GSM
1508201089817,121.21126482,31.28878298,35.0,11.0,2.9767432,-53,true,-1,-1,5,70.0,4000.0,29.38079833984375,40.04974365234375,142.06390380859375,0.6788804531097412,0.9608439207077026,-0.8948583602905273,-2,-2,5198,16058,0,2147483647,0.0,0.0,0,0,0,,6,460,1,5198,16058,0,2147483647,0.0,0.0,31,4,-51,GSM,460,1,5198,16057,0,2147483647,0.0,0.0,24,4,-65,GSM,460,1,5198,16059,0,2147483647,0.0,0.0,30,4,-53,GSM,460,1,5198,25312,0,2147483647,0.0,0.0,19,4,-75,GSM,460,1,5198,17029,0,2147483647,0.0,0.0,17,4,-79,GSM,460,1,5198,38198,0,2147483647,0.0,0.0,14,4,-85,GSM
1508201093063,121.21126482,31.28878298,35.0,11.0,2.9767432,-53,true,-1,-1,5,70.0,4000.0,31.80084228515625,42.14935302734375,136.663818359375,0.5632238388061523,0.9324299693107605,-0.7989150285720825,-2,-2,5198,16058,0,2147483647,0.0,0.0,0,0,0,,6,460,1,5198,16058,0,2147483647,0.0,0.0,31,4,-51,GSM,460,1,5198,16057,0,2147483647,0.0,0.0,24,4,-65,GSM,460,1,5198,16059,0,2147483647,0.0,0.0,30,4,-53,GSM,460,1,5198,25312,0,2147483647,0.0,0.0,19,4,-75,GSM,460,1,5198,17029,0,2147483647,0.0,0.0,17,4,-79,GSM,460,1,5198,38198,0,2147483647,0.0,0.0,13,4,-87,GSM
1508201095945,121.21103635,31.28852905,143.0,16.0,6.380823,-53,true,-1,-1,5,70.0,4000.0,29.38079833984375,41.24908447265625,140.26336669921875,0.5675584673881531,0.9213111400604248,-0.7754091620445251,-2,-2,5198,16058,0,2147483647,0.0,0.0,0,0,0,,6,460,1,5198,16058,0,2147483647,0.0,0.0,31,4,-51,GSM,460,1,5198,16057,0,2147483647,0.0,0.0,22,4,-69,GSM,460,1,5198,16059,0,2147483647,0.0,0.0,30,4,-53,GSM,460,1,5198,25312,0,2147483647,0.0,0.0,19,4,-75,GSM,460,1,5198,17029,0,2147483647,0.0,0.0,16,4,-81,GSM,460,1,5198,38198,0,2147483647,0.0,0.0,13,4,-87,GSM
1508201099212,121.21094209,31.28853402,98.0,7.0,3.3428283,-53,true,-1,-1,5,70.0,4000.0,25.3997802734375,41.5496826171875,146.563720703125,0.5548298954963684,0.9447022080421448,-0.7277945280075073,-2,-2,5198,16058,0,2147483647,0.0,0.0,0,0,0,,6,460,1,5198,16058,0,2147483647,0.0,0.0,29,4,-55,GSM,460,1,5198,16057,0,2147483647,0.0,0.0,22,4,-69,GSM,460,1,5198,16059,0,2147483647,0.0,0.0,29,4,-55,GSM,460,1,5198,25312,0,2147483647,0.0,0.0,19,4,-75,GSM,460,1,5198,17029,0,2147483647,0.0,0.0,16,4,-81,GSM,460,1,5198,38198,0,2147483647,0.0,0.0,13,4,-87,GSM
1508201102297,121.21083484,31.28834363,82.0,14.0,1.0744766,-53,true,-1,-1,5,70.0,4000.0,-12.1795654296875,14.2486572265625,146.86431884765625,0.7894141674041748,0.8180418014526367,-0.6052396893501282,-2,-2,5198,16058,0,2147483647,0.0,0.0,0,0,0,,6,460,1,5198,16058,0,2147483647,0.0,0.0,31,4,-51,GSM,460,1,5198,16057,0,2147483647,0.0,0.0,22,4,-69,GSM,460,1,5198,16059,0,2147483647,0.0,0.0,29,4,-55,GSM,460,1,5198,25312,0,2147483647,0.0,0.0,19,4,-75,GSM,460,1,5198,17029,0,2147483647,0.0,0.0,16,4,-81,GSM,460,1,5198,38198,0,2147483647,0.0,0.0,12,4,-89,GSM
1508201105359,121.21078753,31.28868139,16.0,4.0,4.329723,-53,true,-1,-1,5,70.0,4000.0,-9.23919677734375,13.04931640625,147.16339111328125,0.8736065030097961,0.8476827144622803,-0.7195935249328613,-2,-2,5198,16058,0,2147483647,0.0,0.0,0,0,0,,6,460,1,5198,16058,0,2147483647,0.0,0.0,31,4,-51,GSM,460,1,5198,16057,0,2147483647,0.0,0.0,19,4,-75,GSM,460,1,5198,16059,0,2147483647,0.0,0.0,28,4,-57,GSM,460,1,5198,25312,0,2147483647,0.0,0.0,19,4,-75,GSM,460,1,5198,17029,0,2147483647,0.0,0.0,16,4,-81,GSM,460,1,5198,38198,0,2147483647,0.0,0.0,12,4,-89,GSM
1508201108239,121.21080479,31.28868657,41.0,7.0,2.3807561,-53,true,-1,-1,5,70.0,4000.0,-14.7796630859375,16.0491943359375,142.96417236328125,0.9041176438331604,0.8478690981864929,-0.7263365387916565,-2,-2,5198,16058,0,2147483647,0.0,0.0,0,0,0,,6,460,1,5198,16058,0,2147483647,0.0,0.0,31,4,-51,GSM,460,1,5198,16057,0,2147483647,0.0,0.0,17,4,-79,GSM,460,1,5198,16059,0,2147483647,0.0,0.0,27,4,-59,GSM,460,1,5198,25312,0,2147483647,0.0,0.0,19,4,-75,GSM,460,1,5198,17029,0,2147483647,0.0,0.0,17,4,-79,GSM,460,1,5198,38198,0,2147483647,0.0,0.0,12,4,-89,GSM
1508201111485,121.21080479,31.28868657,41.0,7.0,2.3807561,-53,true,-1,-1,5,70.0,4000.0,-11.32049560546875,19.049072265625,151.3641357421875,0.8631517887115479,0.7590370178222656,-0.6858667731285095,-2,-2,5198,16058,0,2147483647,0.0,0.0,0,0,0,,6,460,1,5198,16058,0,2147483647,0.0,0.0,31,4,-51,GSM,460,1,5198,16057,0,2147483647,0.0,0.0,17,4,-79,GSM,460,1,5198,16059,0,2147483647,0.0,0.0,27,4,-59,GSM,460,1,5198,25312,0,2147483647,0.0,0.0,19,4,-75,GSM,460,1,5198,17029,0,2147483647,0.0,0.0,17,4,-79,GSM,460,1,5198,38198,0,2147483647,0.0,0.0,13,4,-87,GSM
1508201114366,121.21060701,31.28873226,55.0,7.0,3.608795,-53,true,-1,-1,5,70.0,4000.0,17.779541015625,38.24920654296875,153.76434326171875,0.8924863338470459,1.022835612297058,-1.039143443107605,-2,-2,5198,16058,0,2147483647,0.0,0.0,0,0,0,,6,460,1,5198,16058,0,2147483647,0.0,0.0,31,4,-51,GSM,460,1,5198,16057,0,2147483647,0.0,0.0,18,4,-77,GSM,460,1,5198,16059,0,2147483647,0.0,0.0,28,4,-57,GSM,460,1,5198,25312,0,2147483647,0.0,0.0,20,4,-73,GSM,460,1,5198,17029,0,2147483647,0.0,0.0,17,4,-79,GSM,460,1,5198,38198,0,2147483647,0.0,0.0,13,4,-87,GSM
1508201117430,121.21041202,31.28870088,58.0,8.0,3.6392994,-53,true,-1,-1,5,70.0,4000.0,29.02984619140625,41.8487548828125,136.663818359375,0.7716241478919983,0.9890612959861755,-1.0163768529891968,-2,-2,5198,16058,0,2147483647,0.0,0.0,0,0,0,,6,460,1,5198,16058,0,2147483647,0.0,0.0,31,4,-51,GSM,460,1,5198,16057,0,2147483647,0.0,0.0,18,4,-77,GSM,460,1,5198,16059,0,2147483647,0.0,0.0,28,4,-57,GSM,460,1,5198,25312,0,2147483647,0.0,0.0,20,4,-73,GSM,460,1,5198,17029,0,2147483647,0.0,0.0,17,4,-79,GSM,460,1,5198,38198,0,2147483647,0.0,0.0,13,4,-87,GSM
1508201120716,121.2105387,31.28865831,48.0,7.0,3.0494752,-53,true,-1,-1,5,70.0,4000.0,37.69073486328125,25.64849853515625,101.263427734375,0.6821150779724121,0.9078493714332581,-1.0258227586746216,-2,-2,5198,16058,0,2147483647,0.0,0.0,0,0,0,,6,460,1,5198,16058,0,2147483647,0.0,0.0,31,4,-51,GSM,460,1,5198,16057,0,2147483647,0.0,0.0,19,4,-75,GSM,460,1,5198,16059,0,2147483647,0.0,0.0,28,4,-57,GSM,460,1,5198,25312,0,2147483647,0.0,0.0,20,4,-73,GSM,460,1,5198,17029,0,2147483647,0.0,0.0,18,4,-77,GSM,460,1,5198,38198,0,2147483647,0.0,0.0,14,4,-85,GSM
1508201123600,121.21051343,31.28862341,35.0,6.0,1.460137,-53,true,-1,-1,5,70.0,4000.0,26.78985595703125,13.64898681640625,93.76373291015625,0.7347938418388367,0.9075010418891907,-0.9605123400688171,-2,-2,5198,16058,0,2147483647,0.0,0.0,0,0,0,,6,460,1,5198,16058,0,2147483647,0.0,0.0,31,4,-51,GSM,460,1,5198,16057,0,2147483647,0.0,0.0,19,4,-75,GSM,460,1,5198,16059,0,2147483647,0.0,0.0,28,4,-57,GSM,460,1,5198,25312,0,2147483647,0.0,0.0,20,4,-73,GSM,460,1,5198,17029,0,2147483647,0.0,0.0,18,4,-77,GSM,460,1,5198,38198,0,2147483647,0.0,0.0,14,4,-85,GSM
1508201126865,121.21049114,31.28850064,16.0,4.0,1.901289,-53,true,-1,-1,5,70.0,4000.0,26.78985595703125,19.34967041015625,97.36328125,0.5872964859008789,0.8771255016326904,-0.8142247796058655,-2,-2,5198,16058,0,2147483647,0.0,0.0,0,0,0,,6,460,1,5198,16058,0,2147483647,0.0,0.0,31,4,-51,GSM,460,1,5198,16057,0,2147483647,0.0,0.0,19,4,-75,GSM,460,1,5198,16059,0,2147483647,0.0,0.0,29,4,-55,GSM,460,1,5198,25312,0,2147483647,0.0,0.0,20,4,-73,GSM,460,1,5198,17029,0,2147483647,0.0,0.0,18,4,-77,GSM,460,1,5198,38198,0,2147483647,0.0,0.0,14,4,-85,GSM
1508201129943,121.21050861,31.28849572,17.0,4.0,1.6604818,-53,true,-1,-1,5,70.0,4000.0,8.9508056640625,2.54974365234375,93.463134765625,1.0637695789337158,0.977125346660614,-1.0911060571670532,-2,-2,5198,16058,0,2147483647,0.0,0.0,0,0,0,,6,460,1,5198,16058,0,2147483647,0.0,0.0,31,4,-51,GSM,460,1,5198,16057,0,2147483647,0.0,0.0,20,4,-73,GSM,460,1,5198,16059,0,2147483647,0.0,0.0,29,4,-55,GSM,460,1,5198,25312,0,2147483647,0.0,0.0,20,4,-73,GSM,460,1,5198,17029,0,2147483647,0.0,0.0,18,4,-77,GSM,460,1,5198,38198,0,2147483647,0.0,0.0,14,4,-85,GSM
1508201133012,121.21056976,31.28851467,14.0,5.0,1.3283448,-53,true,-1,-1,5,70.0,4000.0,-9.5794677734375,18.44940185546875,123.7640380859375,1.1030776500701904,1.1182764768600464,-1.044864535331726,-2,-2,5198,16058,0,2147483647,0.0,0.0,0,0,0,,6,460,1,5198,16058,0,2147483647,0.0,0.0,31,4,-51,GSM,460,1,5198,16057,0,2147483647,0.0,0.0,21,4,-71,GSM,460,1,5198,16059,0,2147483647,0.0,0.0,29,4,-55,GSM,460,1,5198,25312,0,2147483647,0.0,0.0,20,4,-73,GSM,460,1,5198,17029,0,2147483647,0.0,0.0,18,4,-77,GSM,460,1,5198,38198,0,2147483647,0.0,0.0,15,4,-83,GSM
1508201136078,121.21061236,31.28853046,11.0,5.0,0.0,-53,true,-1,-1,5,70.0,4000.0,2.54058837890625,22.64862060546875,112.9638671875,0.5333640575408936,1.3689724206924438,-0.5674548149108887,-2,-2,5198,16058,0,2147483647,0.0,0.0,0,0,0,,7,460,1,5198,16058,0,2147483647,0.0,0.0,29,4,-55,GSM,460,1,5198,16057,0,2147483647,0.0,0.0,21,4,-71,GSM,460,1,5198,16059,0,2147483647,0.0,0.0,29,4,-55,GSM,460,1,5198,25312,0,2147483647,0.0,0.0,19,4,-75,GSM,460,1,5198,17029,0,2147483647,0.0,0.0,17,4,-79,GSM,460,1,5198,38198,0,2147483647,0.0,0.0,12,4,-89,GSM,0,0,0,-1,0,2147483647,0.0,0.0,12,4,-89,GSM
1508201138956,121.21061827,31.28854239,13.0,7.0,0.0,-53,true,-1,-1,5,70.0,4000.0,-18.0694580078125,0.74920654296875,122.86376953125,1.9215633869171143,0.8141321539878845,-1.8960731029510498,-2,-2,5198,16058,0,2147483647,0.0,0.0,0,0,0,,6,460,1,5198,16058,0,2147483647,0.0,0.0,30,4,-53,GSM,460,1,5198,16057,0,2147483647,0.0,0.0,19,4,-75,GSM,460,1,5198,16059,0,2147483647,0.0,0.0,28,4,-57,GSM,460,1,5198,25312,0,2147483647,0.0,0.0,18,4,-77,GSM,460,1,5198,17029,0,2147483647,0.0,0.0,17,4,-79,GSM,460,1,5198,38198,0,2147483647,0.0,0.0,12,4,-89,GSM
1508201142224,121.21059707,31.28853323,16.0,12.0,0.0,-53,true,-1,-1,5,70.0,4000.0,-13.04931640625,11.54937744140625,120.1629638671875,2.0451560020446777,0.9435095191001892,-2.086344003677368,-2,-2,5198,16058,0,2147483647,0.0,0.0,0,0,0,,6,460,1,5198,16058,0,2147483647,0.0,0.0,31,4,-51,GSM,460,1,5198,16057,0,2147483647,0.0,0.0,19,4,-75,GSM,460,1,5198,16059,0,2147483647,0.0,0.0,27,4,-59,GSM,460,1,5198,25312,0,2147483647,0.0,0.0,18,4,-77,GSM,460,1,5198,17029,0,2147483647,0.0,0.0,17,4,-79,GSM,460,1,5198,38198,0,2147483647,0.0,0.0,12,4,-89,GSM
1508201145104,121.21061923,31.28854577,18.0,17.0,0.0,-53,true,-1,-1,5,70.0,4000.0,0.9796142578125,17.54913330078125,107.26318359375,-0.0010273638181388378,1.435268759727478,-0.008091903291642666,-2,-2,5198,16058,0,2147483647,0.0,0.0,0,0,0,,6,460,1,5198,16058,0,2147483647,0.0,0.0,31,4,-51,GSM,460,1,5198,16057,0,2147483647,0.0,0.0,17,4,-79,GSM,460,1,5198,16059,0,2147483647,0.0,0.0,27,4,-59,GSM,460,1,5198,25312,0,2147483647,0.0,0.0,18,4,-77,GSM,460,1,5198,17029,0,2147483647,0.0,0.0,15,4,-83,GSM,460,1,5198,38198,0,2147483647,0.0,0.0,10,3,-93,GSM
1508201148370,121.21058527,31.28854335,12.0,9.0,0.0,-53,true,-1,-1,5,70.0,4000.0,54.31976318359375,26.849365234375,170.263671875,-1.0008872747421265,1.4036517143249512,0.706922173500061,-2,-2,5198,16058,0,2147483647,0.0,0.0,0,0,0,,6,460,1,5198,16058,0,2147483647,0.0,0.0,31,4,-51,GSM,460,1,5198,16057,0,2147483647,0.0,0.0,17,4,-79,GSM,460,1,5198,16059,0,2147483647,0.0,0.0,26,4,-61,GSM,460,1,5198,25312,0,2147483647,0.0,0.0,18,4,-77,GSM,460,1,5198,17029,0,2147483647,0.0,0.0,15,4,-83,GSM,460,1,5198,38198,0,2147483647,0.0,0.0,10,3,-93,GSM
1508201151251,121.2105918,31.28854493,13.0,8.0,0.0,-53,true,-1,-1,5,70.0,4000.0,39.4195556640625,39.14947509765625,160.06317138671875,-0.9176867604255676,1.2619068622589111,0.7117995619773865,-2,-2,5198,16058,0,2147483647,0.0,0.0,0,0,0,,5,460,1,5198,16058,0,2147483647,0.0,0.0,31,4,-51,GSM,460,1,5198,16057,0,2147483647,0.0,0.0,17,4,-79,GSM,460,1,5198,16059,0,2147483647,0.0,0.0,27,4,-59,GSM,460,1,5198,25312,0,2147483647,0.0,0.0,18,4,-77,GSM,460,1,5198,17029,0,2147483647,0.0,0.0,14,4,-85,GSM
1508201154517,121.21061091,31.288547,16.0,7.0,0.0,-53,true,-1,-1,5,70.0,4000.0,34.3994140625,33.14971923828125,184.36431884765625,-0.7800062298774719,1.2408145666122437,0.6092161536216736,-2,-2,5198,16058,0,2147483647,0.0,0.0,0,0,0,,5,460,1,5198,16058,0,2147483647,0.0,0.0,31,4,-51,GSM,460,1,5198,16057,0,2147483647,0.0,0.0,17,4,-79,GSM,460,1,5198,16059,0,2147483647,0.0,0.0,27,4,-59,GSM,460,1,5198,25312,0,2147483647,0.0,0.0,18,4,-77,GSM,460,1,5198,17029,0,2147483647,0.0,0.0,14,4,-85,GSM
1508201157600,121.21060871,31.2885485,14.0,10.0,0.0,-53,true,-1,-1,5,70.0,4000.0,40.11993408203125,40.948486328125,191.864013671875,-0.11944830417633057,1.4079869985580444,-0.08421660214662552,-2,-2,5198,16058,0,2147483647,0.0,0.0,0,0,0,,5,460,1,5198,16058,0,2147483647,0.0,0.0,31,4,-51,GSM,460,1,5198,16057,0,2147483647,0.0,0.0,16,4,-81,GSM,460,1,5198,16059,0,2147483647,0.0,0.0,26,4,-61,GSM,460,1,5198,25312,0,2147483647,0.0,0.0,18,4,-77,GSM,460,1,5198,17029,0,2147483647,0.0,0.0,14,4,-85,GSM
1508201160485,121.21054317,31.28863704,16.0,5.0,1.0816654,-53,true,-1,-1,5,70.0,4000.0,83.07037353515625,39.14947509765625,164.263916015625,-0.9833179116249084,1.208927869796753,0.5494692921638489,-2,-2,5198,16058,0,2147483647,0.0,0.0,0,0,0,,6,460,1,5198,16058,0,2147483647,0.0,0.0,31,4,-51,GSM,460,1,5198,16057,0,2147483647,0.0,0.0,16,4,-81,GSM,460,1,5198,16059,0,2147483647,0.0,0.0,28,4,-57,GSM,460,1,5198,25312,0,2147483647,0.0,0.0,18,4,-77,GSM,460,1,5198,17029,0,2147483647,0.0,0.0,15,4,-83,GSM,460,1,5198,38198,0,2147483647,0.0,0.0,12,4,-89,GSM
1508201163558,121.2105197,31.28863767,16.0,6.0,1.2103719,-53,true,-1,-1,5,70.0,4000.0,280.5206298828125,98.54888916015625,148.663330078125,-1.6458512544631958,1.1065808534622192,0.7267271280288696,-2,-2,5198,16058,0,2147483647,0.0,0.0,0,0,0,,6,460,1,5198,16058,0,2147483647,0.0,0.0,31,4,-51,GSM,460,1,5198,16057,0,2147483647,0.0,0.0,18,4,-77,GSM,460,1,5198,16059,0,2147483647,0.0,0.0,28,4,-57,GSM,460,1,5198,25312,0,2147483647,0.0,0.0,19,4,-75,GSM,460,1,5198,17029,0,2147483647,0.0,0.0,14,4,-85,GSM,460,1,5198,38198,0,2147483647,0.0,0.0,12,4,-89,GSM
1508201166833,121.21047667,31.28862536,16.0,9.0,0.9044888,-53,true,-1,-1,5,70.0,4000.0,74.40948486328125,16.34979248046875,157.06329345703125,-0.8475369811058044,1.233034372329712,0.4002893269062042,-2,-2,5198,16058,0,2147483647,0.0,0.0,0,0,0,,6,460,1,5198,16058,0,2147483647,0.0,0.0,31,4,-51,GSM,460,1,5198,16057,0,2147483647,0.0,0.0,20,4,-73,GSM,460,1,5198,16059,0,2147483647,0.0,0.0,29,4,-55,GSM,460,1,5198,25312,0,2147483647,0.0,0.0,19,4,-75,GSM,460,1,5198,17029,0,2147483647,0.0,0.0,14,4,-85,GSM,460,1,5198,38198,0,2147483647,0.0,0.0,12,4,-89,GSM
1508201169713,121.21021932,31.28888469,24.0,8.0,5.015745,-53,true,-1,-1,5,70.0,4000.0,58.30078125,34.649658203125,153.16314697265625,-0.794776201248169,1.0327115058898926,0.43827900290489197,-2,-2,5198,16058,0,2147483647,0.0,0.0,0,0,0,,6,460,1,5198,16058,0,2147483647,0.0,0.0,31,4,-51,GSM,460,1,5198,16057,0,2147483647,0.0,0.0,20,4,-73,GSM,460,1,5198,16059,0,2147483647,0.0,0.0,29,4,-55,GSM,460,1,5198,25312,0,2147483647,0.0,0.0,19,4,-75,GSM,460,1,5198,17029,0,2147483647,0.0,0.0,15,4,-83,GSM,460,1,5198,38198,0,2147483647,0.0,0.0,12,4,-89,GSM
1508201172965,121.21025741,31.28880212,19.0,8.0,0.3757659,-53,true,-1,-1,5,70.0,4000.0,3.41033935546875,35.5499267578125,143.8629150390625,0.694959282875061,0.7656340003013611,-0.6765292286872864,-2,-2,5198,16058,0,2147483647,0.0,0.0,0,0,0,,6,460,1,5198,16058,0,2147483647,0.0,0.0,29,4,-55,GSM,460,1,5198,16057,0,2147483647,0.0,0.0,20,4,-73,GSM,460,1,5198,16059,0,2147483647,0.0,0.0,29,4,-55,GSM,460,1,5198,25312,0,2147483647,0.0,0.0,17,4,-79,GSM,460,1,5198,17029,0,2147483647,0.0,0.0,14,4,-85,GSM,460,1,5198,38198,0,2147483647,0.0,0.0,12,4,-89,GSM
1508201176050,121.21029224,31.28880496,22.0,7.0,0.45099887,-53,true,-1,-1,5,70.0,4000.0,63.67034912109375,-8.85009765625,113.8641357421875,-2.0095996856689453,-0.40827205777168274,0.293739914894104,-2,-2,5198,16058,0,2147483647,0.0,0.0,0,0,0,,7,460,1,5198,16058,0,2147483647,0.0,0.0,27,4,-59,GSM,460,1,5198,16057,0,2147483647,0.0,0.0,20,4,-73,GSM,460,1,5198,16059,0,2147483647,0.0,0.0,29,4,-55,GSM,460,1,5198,25312,0,2147483647,0.0,0.0,17,4,-79,GSM,460,1,5198,17029,0,2147483647,0.0,0.0,14,4,-85,GSM,460,1,5198,38198,0,2147483647,0.0,0.0,10,3,-93,GSM,460,1,5198,16518,0,2147483647,0.0,0.0,8,3,-97,GSM
