IMEI:862305032242349
IMSI:460011670515939
OSVersion:3.10.73-perf-g94fc9a6
apiLevel:5.1.1
model:Redmi Note 3
device:kenzo
product:kenzo
191
1510999772697,121.21332013,31.29223901,23.0,7.0,0.0,-57,true,-1,-1,5,99.0,4000.0,-45.38421630859375,80.99517822265625,-77.91595458984375,-0.8299996256828308,0.01533217541873455,-2.2719035148620605,-2,-2,6182,41503,0,2147483647,0.0,0.0,0,0,0,,5,460,0,6182,41503,0,2147483647,0.0,0.0,29,4,-55,GSM,460,0,6188,41148,0,2147483647,0.0,0.0,29,4,-55,GSM,460,0,6188,41092,0,2147483647,0.0,0.0,25,4,-63,GSM,460,0,6188,41122,0,2147483647,0.0,0.0,28,4,-57,GSM,460,0,6188,41093,0,2147483647,0.0,0.0,21,4,-71,GSM
1510999773758,121.21332013,31.29223901,23.0,7.0,0.0,-57,true,-1,-1,5,99.0,4000.0,-44.34356689453125,82.19451904296875,-80.91583251953125,-0.8371858596801758,0.033225927501916885,-2.196784257888794,-2,-2,6182,41503,0,2147483647,0.0,0.0,0,0,0,,7,460,0,6182,41503,0,2147483647,0.0,0.0,30,4,-53,GSM,460,0,6188,41148,0,2147483647,0.0,0.0,29,4,-55,GSM,460,0,6188,41092,0,2147483647,0.0,0.0,27,4,-59,GSM,460,0,6188,41122,0,2147483647,0.0,0.0,28,4,-57,GSM,460,0,6188,41093,0,2147483647,0.0,0.0,21,4,-71,GSM,460,0,6188,41091,0,2147483647,0.0,0.0,22,4,-69,GSM,0,0,0,-1,0,2147483647,0.0,0.0,22,4,-69,GSM
1510999774821,121.21332038,31.29208652,21.0,8.0,1.7104678,-57,true,-1,-1,5,99.0,4000.0,-45.03326416015625,76.79443359375,-70.11566162109375,-0.7916723489761353,0.11058218032121658,-2.428659677505493,-2,-2,6182,41503,0,2147483647,0.0,0.0,0,0,0,,7,460,0,6182,41503,0,2147483647,0.0,0.0,30,4,-53,GSM,460,0,6188,41148,0,2147483647,0.0,0.0,29,4,-55,GSM,460,0,6188,41092,0,2147483647,0.0,0.0,27,4,-59,GSM,460,0,6188,41122,0,2147483647,0.0,0.0,28,4,-57,GSM,460,0,6188,41093,0,2147483647,0.0,0.0,21,4,-71,GSM,460,0,6188,41091,0,2147483647,0.0,0.0,22,4,-69,GSM,0,0,0,-1,0,2147483647,0.0,0.0,22,4,-69,GSM
1510999775932,121.21332038,31.29208652,21.0,8.0,1.7104678,-57,true,-1,-1,5,99.0,4000.0,-40.533447265625,48.2940673828125,-65.91644287109375,-0.9837300777435303,-0.037222351878881454,-2.537864923477173,-2,-2,6182,41503,0,2147483647,0.0,0.0,0,0,0,,7,460,0,6182,41503,0,2147483647,0.0,0.0,28,4,-57,GSM,460,0,6188,41148,0,2147483647,0.0,0.0,30,4,-53,GSM,460,0,6188,41092,0,2147483647,0.0,0.0,27,4,-59,GSM,460,0,6188,41122,0,2147483647,0.0,0.0,28,4,-57,GSM,460,0,6188,41093,0,2147483647,0.0,0.0,21,4,-71,GSM,460,0,6188,41091,0,2147483647,0.0,0.0,22,4,-69,GSM,460,0,6182,41607,0,2147483647,0.0,0.0,22,4,-69,GSM
1510999776972,121.21335101,31.29201759,19.0,9.0,2.8800175,-57,true,-1,-1,5,99.0,4000.0,-34.6435546875,40.1947021484375,-65.91644287109375,-1.0583393573760986,-0.0682259127497673,-2.4919939041137695,-2,-2,6182,41503,0,2147483647,0.0,0.0,0,0,0,,7,460,0,6182,41503,0,2147483647,0.0,0.0,28,4,-57,GSM,460,0,6188,41148,0,2147483647,0.0,0.0,30,4,-53,GSM,460,0,6188,41092,0,2147483647,0.0,0.0,27,4,-59,GSM,460,0,6188,41122,0,2147483647,0.0,0.0,28,4,-57,GSM,460,0,6188,41093,0,2147483647,0.0,0.0,21,4,-71,GSM,460,0,6188,41091,0,2147483647,0.0,0.0,22,4,-69,GSM,460,0,6182,41607,0,2147483647,0.0,0.0,22,4,-69,GSM
1510999778075,121.21335101,31.29201759,19.0,9.0,2.8800175,-57,true,-1,-1,5,99.0,4000.0,-20.61309814453125,32.69500732421875,-57.21588134765625,-1.037760853767395,-0.0847395583987236,-2.513012170791626,-2,-2,6182,41503,0,2147483647,0.0,0.0,0,0,0,,7,460,0,6182,41503,0,2147483647,0.0,0.0,26,4,-61,GSM,460,0,6188,41148,0,2147483647,0.0,0.0,30,4,-53,GSM,460,0,6188,41092,0,2147483647,0.0,0.0,27,4,-59,GSM,460,0,6188,41122,0,2147483647,0.0,0.0,28,4,-57,GSM,460,0,6188,41093,0,2147483647,0.0,0.0,21,4,-71,GSM,460,0,6188,41091,0,2147483647,0.0,0.0,21,4,-71,GSM,460,0,6182,41607,0,2147483647,0.0,0.0,22,4,-69,GSM
1510999779127,121.21340142,31.29196954,20.0,8.0,3.223042,-57,true,-1,-1,5,99.0,4000.0,-25.1129150390625,36.89422607421875,-51.21612548828125,-0.9531579613685608,0.1196734607219696,-2.3302876949310303,-2,-2,6182,41503,0,2147483647,0.0,0.0,0,0,0,,7,460,0,6182,41503,0,2147483647,0.0,0.0,26,4,-61,GSM,460,0,6188,41148,0,2147483647,0.0,0.0,30,4,-53,GSM,460,0,6188,41092,0,2147483647,0.0,0.0,27,4,-59,GSM,460,0,6188,41122,0,2147483647,0.0,0.0,28,4,-57,GSM,460,0,6188,41093,0,2147483647,0.0,0.0,21,4,-71,GSM,460,0,6188,41091,0,2147483647,0.0,0.0,21,4,-71,GSM,460,0,6182,41607,0,2147483647,0.0,0.0,22,4,-69,GSM
1510999780197,121.21340142,31.29196954,20.0,8.0,3.223042,-57,true,-1,-1,5,99.0,4000.0,-27.8839111328125,37.19482421875,-51.8157958984375,-1.0059633255004883,-0.030919242650270462,-2.204585313796997,-2,-2,6182,41503,0,2147483647,0.0,0.0,0,0,0,,7,460,0,6182,41503,0,2147483647,0.0,0.0,25,4,-63,GSM,460,0,6188,41148,0,2147483647,0.0,0.0,30,4,-53,GSM,460,0,6188,41092,0,2147483647,0.0,0.0,27,4,-59,GSM,460,0,6188,41122,0,2147483647,0.0,0.0,26,4,-61,GSM,460,0,6188,41093,0,2147483647,0.0,0.0,21,4,-71,GSM,460,0,6188,41091,0,2147483647,0.0,0.0,21,4,-71,GSM,460,0,6182,41607,0,2147483647,0.0,0.0,22,4,-69,GSM
1510999781265,121.21345297,31.2919213,16.0,8.0,4.120303,-57,true,-1,-1,5,99.0,4000.0,-28.92303466796875,40.1947021484375,-48.81591796875,-0.9398851990699768,0.020993895828723907,-2.326172351837158,-2,-2,6182,41503,0,2147483647,0.0,0.0,0,0,0,,7,460,0,6182,41503,0,2147483647,0.0,0.0,25,4,-63,GSM,460,0,6188,41148,0,2147483647,0.0,0.0,30,4,-53,GSM,460,0,6188,41092,0,2147483647,0.0,0.0,27,4,-59,GSM,460,0,6188,41122,0,2147483647,0.0,0.0,26,4,-61,GSM,460,0,6188,41093,0,2147483647,0.0,0.0,21,4,-71,GSM,460,0,6188,41091,0,2147483647,0.0,0.0,21,4,-71,GSM,460,0,6182,41607,0,2147483647,0.0,0.0,22,4,-69,GSM
1510999782350,121.21345297,31.2919213,16.0,8.0,4.120303,-57,true,-1,-1,5,99.0,4000.0,-24.5941162109375,31.79473876953125,-61.11602783203125,-1.1347765922546387,-0.11557632684707642,-2.2452826499938965,-2,-2,6182,41503,0,2147483647,0.0,0.0,0,0,0,,6,460,0,6182,41503,0,2147483647,0.0,0.0,25,4,-63,GSM,460,0,6188,41148,0,2147483647,0.0,0.0,30,4,-53,GSM,460,0,6188,41092,0,2147483647,0.0,0.0,27,4,-59,GSM,460,0,6188,41122,0,2147483647,0.0,0.0,26,4,-61,GSM,460,0,6188,41091,0,2147483647,0.0,0.0,21,4,-71,GSM,460,0,6182,41607,0,2147483647,0.0,0.0,22,4,-69,GSM
1510999783417,121.21356414,31.29187665,16.0,8.0,4.820166,-57,true,-1,-1,5,99.0,4000.0,-25.63323974609375,32.3944091796875,-64.715576171875,-1.149832844734192,-0.15227484703063965,-2.0420525074005127,-2,-2,6182,41503,0,2147483647,0.0,0.0,0,0,0,,6,460,0,6182,41503,0,2147483647,0.0,0.0,25,4,-63,GSM,460,0,6188,41148,0,2147483647,0.0,0.0,30,4,-53,GSM,460,0,6188,41092,0,2147483647,0.0,0.0,27,4,-59,GSM,460,0,6188,41122,0,2147483647,0.0,0.0,26,4,-61,GSM,460,0,6188,41091,0,2147483647,0.0,0.0,21,4,-71,GSM,460,0,6182,41607,0,2147483647,0.0,0.0,22,4,-69,GSM
1510999784495,121.21356414,31.29187665,16.0,8.0,4.820166,-57,true,-1,-1,5,99.0,4000.0,-27.0233154296875,34.1949462890625,-65.91644287109375,-1.1360743045806885,-0.11096827685832977,-2.1566965579986572,-2,-2,6188,41148,0,2147483647,0.0,0.0,0,0,0,,5,460,0,6188,41148,0,2147483647,0.0,0.0,27,4,-59,GSM,460,0,6188,41092,0,2147483647,0.0,0.0,27,4,-59,GSM,460,0,6188,41122,0,2147483647,0.0,0.0,26,4,-61,GSM,460,0,6182,41607,0,2147483647,0.0,0.0,19,4,-75,GSM,460,0,6182,41503,0,2147483647,0.0,0.0,24,4,-65,GSM
1510999785568,121.21367258,31.29185939,16.0,9.0,4.202011,-57,true,-1,-1,5,99.0,4000.0,-29.27398681640625,33.294677734375,-75.21514892578125,-1.1948162317276,-0.21377749741077423,-1.982977032661438,-2,-2,6188,41148,0,2147483647,0.0,0.0,0,0,0,,5,460,0,6188,41148,0,2147483647,0.0,0.0,27,4,-59,GSM,460,0,6188,41092,0,2147483647,0.0,0.0,27,4,-59,GSM,460,0,6188,41122,0,2147483647,0.0,0.0,26,4,-61,GSM,460,0,6182,41607,0,2147483647,0.0,0.0,19,4,-75,GSM,460,0,6182,41503,0,2147483647,0.0,0.0,24,4,-65,GSM
1510999786643,121.21367258,31.29185939,16.0,9.0,4.202011,-57,true,-1,-1,5,99.0,4000.0,-23.7335205078125,31.195068359375,-70.416259765625,-1.1861451864242554,-0.125274196267128,-2.0113565921783447,-2,-2,6188,41148,0,2147483647,0.0,0.0,0,0,0,,7,460,0,6188,41148,0,2147483647,0.0,0.0,26,4,-61,GSM,460,0,6188,41092,0,2147483647,0.0,0.0,26,4,-61,GSM,460,0,6188,41122,0,2147483647,0.0,0.0,25,4,-63,GSM,460,0,6182,41607,0,2147483647,0.0,0.0,19,4,-75,GSM,460,0,6182,41503,0,2147483647,0.0,0.0,24,4,-65,GSM,460,0,6188,41149,0,2147483647,0.0,0.0,25,4,-63,GSM,460,0,6188,26051,0,2147483647,0.0,0.0,27,4,-59,GSM
1510999787725,121.21367258,31.29185939,16.0,9.0,4.202011,-57,true,-1,-1,5,99.0,4000.0,-21.65374755859375,29.69512939453125,-65.6158447265625,-1.1765285730361938,-0.1188347116112709,-2.00205659866333,-2,-2,6188,41148,0,2147483647,0.0,0.0,0,0,0,,7,460,0,6188,41148,0,2147483647,0.0,0.0,26,4,-61,GSM,460,0,6188,41092,0,2147483647,0.0,0.0,26,4,-61,GSM,460,0,6188,41122,0,2147483647,0.0,0.0,25,4,-63,GSM,460,0,6182,41607,0,2147483647,0.0,0.0,19,4,-75,GSM,460,0,6182,41503,0,2147483647,0.0,0.0,24,4,-65,GSM,460,0,6188,41149,0,2147483647,0.0,0.0,25,4,-63,GSM,460,0,6188,26051,0,2147483647,0.0,0.0,27,4,-59,GSM
1510999788805,121.21383402,31.29183242,16.0,11.0,4.4804015,-57,true,-1,-1,5,99.0,4000.0,-22.51434326171875,30.89447021484375,-67.11578369140625,-1.1712737083435059,-0.16994409263134003,-1.9442720413208008,-2,-2,6188,41148,0,2147483647,0.0,0.0,0,0,0,,6,460,0,6188,41148,0,2147483647,0.0,0.0,26,4,-61,GSM,460,0,6188,41092,0,2147483647,0.0,0.0,26,4,-61,GSM,460,0,6188,41122,0,2147483647,0.0,0.0,25,4,-63,GSM,460,0,6182,41503,0,2147483647,0.0,0.0,24,4,-65,GSM,460,0,6188,41149,0,2147483647,0.0,0.0,24,4,-65,GSM,460,0,6188,26051,0,2147483647,0.0,0.0,28,4,-57,GSM
1510999789866,121.21383402,31.29183242,16.0,11.0,4.4804015,-57,true,-1,-1,5,99.0,4000.0,-25.98419189453125,30.2947998046875,-71.31500244140625,-1.1994396448135376,-0.16723506152629852,-1.9458537101745605,-2,-2,6188,41148,0,2147483647,0.0,0.0,0,0,0,,6,460,0,6188,41148,0,2147483647,0.0,0.0,26,4,-61,GSM,460,0,6188,41092,0,2147483647,0.0,0.0,26,4,-61,GSM,460,0,6188,41122,0,2147483647,0.0,0.0,25,4,-63,GSM,460,0,6182,41503,0,2147483647,0.0,0.0,24,4,-65,GSM,460,0,6188,41149,0,2147483647,0.0,0.0,24,4,-65,GSM,460,0,6188,26051,0,2147483647,0.0,0.0,28,4,-57,GSM
1510999790933,121.21390958,31.2918176,16.0,8.0,4.9700904,-57,true,-1,-1,5,99.0,4000.0,-21.65374755859375,29.99420166015625,-64.41497802734375,-1.1786324977874756,-0.1763094663619995,-2.039536714553833,-2,-2,6188,41148,0,2147483647,0.0,0.0,0,0,0,,6,460,0,6188,41148,0,2147483647,0.0,0.0,24,4,-65,GSM,460,0,6188,41092,0,2147483647,0.0,0.0,26,4,-61,GSM,460,0,6188,41122,0,2147483647,0.0,0.0,23,4,-67,GSM,460,0,6182,41503,0,2147483647,0.0,0.0,24,4,-65,GSM,460,0,6188,41149,0,2147483647,0.0,0.0,24,4,-65,GSM,460,0,6188,26051,0,2147483647,0.0,0.0,28,4,-57,GSM
1510999792023,121.21390958,31.2918176,16.0,8.0,4.9700904,-57,true,-1,-1,5,99.0,4000.0,-20.61309814453125,30.59539794921875,-59.6160888671875,-1.143297791481018,-0.1575745791196823,-2.1267435550689697,-2,-2,6188,41148,0,2147483647,0.0,0.0,0,0,0,,6,460,0,6188,41148,0,2147483647,0.0,0.0,24,4,-65,GSM,460,0,6188,41092,0,2147483647,0.0,0.0,26,4,-61,GSM,460,0,6188,41122,0,2147483647,0.0,0.0,23,4,-67,GSM,460,0,6182,41503,0,2147483647,0.0,0.0,24,4,-65,GSM,460,0,6188,41149,0,2147483647,0.0,0.0,24,4,-65,GSM,460,0,6188,26051,0,2147483647,0.0,0.0,28,4,-57,GSM
1510999793088,121.21409937,31.29179576,16.0,8.0,4.77,-57,true,-1,-1,5,99.0,4000.0,-18.18389892578125,38.0950927734375,-44.61517333984375,-0.8131735324859619,-0.03097222000360489,-2.573110818862915,-2,-2,6188,41148,0,2147483647,0.0,0.0,0,0,0,,6,460,0,6188,41148,0,2147483647,0.0,0.0,23,4,-67,GSM,460,0,6188,41092,0,2147483647,0.0,0.0,24,4,-65,GSM,460,0,6188,41122,0,2147483647,0.0,0.0,23,4,-67,GSM,460,0,6182,41503,0,2147483647,0.0,0.0,23,4,-67,GSM,460,0,6188,41149,0,2147483647,0.0,0.0,23,4,-67,GSM,460,0,6188,26051,0,2147483647,0.0,0.0,30,4,-53,GSM
1510999794156,121.21409937,31.29179576,16.0,8.0,4.77,-57,true,-1,-1,5,99.0,4000.0,-25.29296875,40.1947021484375,-46.71630859375,-0.853641927242279,-0.04064369946718216,-2.63726806640625,-2,-2,6188,41148,0,2147483647,0.0,0.0,0,0,0,,6,460,0,6188,41148,0,2147483647,0.0,0.0,23,4,-67,GSM,460,0,6188,41092,0,2147483647,0.0,0.0,24,4,-65,GSM,460,0,6188,41122,0,2147483647,0.0,0.0,23,4,-67,GSM,460,0,6182,41503,0,2147483647,0.0,0.0,23,4,-67,GSM,460,0,6188,41149,0,2147483647,0.0,0.0,23,4,-67,GSM,460,0,6188,26051,0,2147483647,0.0,0.0,30,4,-53,GSM
1510999795245,121.21415556,31.2917884,16.0,7.0,5.01009,-57,true,-1,-1,5,99.0,4000.0,-28.58428955078125,38.995361328125,-48.81591796875,-0.9144461154937744,-0.05158460512757301,-2.6369752883911133,-2,-2,6188,26051,0,2147483647,0.0,0.0,0,0,0,,6,460,0,6188,26051,0,2147483647,0.0,0.0,31,4,-51,GSM,460,0,6188,41092,0,2147483647,0.0,0.0,24,4,-65,GSM,460,0,6188,41122,0,2147483647,0.0,0.0,21,4,-71,GSM,460,0,6182,41503,0,2147483647,0.0,0.0,23,4,-67,GSM,460,0,6188,41149,0,2147483647,0.0,0.0,23,4,-67,GSM,460,0,6188,26051,0,2147483647,0.0,0.0,30,4,-53,GSM
1510999796310,121.21415556,31.2917884,16.0,7.0,5.01009,-57,true,-1,-1,5,99.0,4000.0,-27.8839111328125,38.3941650390625,-50.616455078125,-0.9198666214942932,-0.06412780284881592,-2.6790642738342285,-2,-2,6188,26051,0,2147483647,0.0,0.0,0,0,0,,6,460,0,6188,26051,0,2147483647,0.0,0.0,31,4,-51,GSM,460,0,6188,41092,0,2147483647,0.0,0.0,24,4,-65,GSM,460,0,6188,41122,0,2147483647,0.0,0.0,21,4,-71,GSM,460,0,6182,41503,0,2147483647,0.0,0.0,23,4,-67,GSM,460,0,6188,41149,0,2147483647,0.0,0.0,23,4,-67,GSM,460,0,6188,26051,0,2147483647,0.0,0.0,30,4,-53,GSM
1510999797382,121.21424958,31.29177127,17.0,5.0,4.290105,-57,true,-1,-1,5,99.0,4000.0,-28.23333740234375,41.094970703125,-50.0152587890625,-0.8903485536575317,-0.06473119556903839,-2.6607425212860107,-2,-2,6188,26051,0,2147483647,0.0,0.0,0,0,0,,3,460,0,6188,26051,0,2147483647,0.0,0.0,31,4,-51,GSM,0,0,0,-1,0,2147483647,0.0,0.0,20,4,-73,GSM,0,0,0,-1,0,2147483647,0.0,0.0,16,4,-81,GSM
1510999798469,121.21424958,31.29177127,17.0,5.0,4.290105,-57,true,-1,-1,5,99.0,4000.0,-30.133056640625,49.49493408203125,-50.31585693359375,-0.7467555999755859,-0.07663831859827042,-2.862278938293457,-2,-2,6188,26051,0,2147483647,0.0,0.0,0,0,0,,3,460,0,6188,26051,0,2147483647,0.0,0.0,31,4,-51,GSM,0,0,0,-1,0,2147483647,0.0,0.0,20,4,-73,GSM,0,0,0,-1,0,2147483647,0.0,0.0,16,4,-81,GSM
1510999799536,121.21433926,31.29174988,19.0,4.0,4.1904297,-57,true,-1,-1,5,99.0,4000.0,-36.72332763671875,55.7952880859375,-48.51531982421875,-0.8055455088615417,-0.04576130211353302,-2.575395345687866,-2,-2,6188,26051,0,2147483647,0.0,0.0,0,0,0,,4,460,0,6188,26051,0,2147483647,0.0,0.0,31,4,-51,GSM,460,0,6188,41146,0,2147483647,0.0,0.0,21,4,-71,GSM,460,0,6182,41607,0,2147483647,0.0,0.0,16,4,-81,GSM,0,0,0,-1,0,2147483647,0.0,0.0,17,4,-79,GSM
1510999800606,121.21433926,31.29174988,19.0,4.0,4.1904297,-57,true,-1,-1,5,99.0,4000.0,-42.9534912109375,65.09552001953125,-52.11639404296875,-0.7991636395454407,-0.1473744660615921,-2.659346342086792,-2,-2,6188,26051,0,2147483647,0.0,0.0,0,0,0,,4,460,0,6188,26051,0,2147483647,0.0,0.0,31,4,-51,GSM,460,0,6188,41146,0,2147483647,0.0,0.0,21,4,-71,GSM,460,0,6182,41607,0,2147483647,0.0,0.0,16,4,-81,GSM,0,0,0,-1,0,2147483647,0.0,0.0,17,4,-79,GSM
1510999801691,121.214393,31.2917304,20.0,3.0,2.5923347,-57,true,-1,-1,5,99.0,4000.0,-44.8638916015625,76.19476318359375,-59.01641845703125,-0.7018673419952393,0.06200496107339859,-2.691812753677368,-2,-2,6188,26051,0,2147483647,0.0,0.0,0,0,0,,5,460,0,6188,26051,0,2147483647,0.0,0.0,30,4,-53,GSM,460,0,6188,41146,0,2147483647,0.0,0.0,20,4,-73,GSM,460,0,6182,41607,0,2147483647,0.0,0.0,16,4,-81,GSM,460,0,6182,44754,0,2147483647,0.0,0.0,18,4,-77,GSM,0,0,0,-1,0,2147483647,0.0,0.0,13,4,-87,GSM
1510999802756,121.214393,31.2917304,20.0,3.0,2.5923347,-57,true,-1,-1,5,99.0,4000.0,-44.34356689453125,70.794677734375,-55.7159423828125,-0.820859968662262,-0.25900939106941223,-2.6133341789245605,-2,-2,6188,26051,0,2147483647,0.0,0.0,0,0,0,,5,460,0,6188,26051,0,2147483647,0.0,0.0,30,4,-53,GSM,460,0,6188,41146,0,2147483647,0.0,0.0,20,4,-73,GSM,460,0,6182,41607,0,2147483647,0.0,0.0,16,4,-81,GSM,460,0,6182,44754,0,2147483647,0.0,0.0,18,4,-77,GSM,0,0,0,-1,0,2147483647,0.0,0.0,13,4,-87,GSM
1510999803823,121.21441378,31.29168542,21.0,3.0,2.3078344,-57,true,-1,-1,5,99.0,4000.0,-41.22314453125,80.694580078125,-53.31573486328125,-0.635367214679718,-0.01878330670297146,-2.7321391105651855,-2,-2,6188,26051,0,2147483647,0.0,0.0,0,0,0,,5,460,0,6188,26051,0,2147483647,0.0,0.0,27,4,-59,GSM,460,0,6188,41146,0,2147483647,0.0,0.0,21,4,-71,GSM,460,0,6182,41607,0,2147483647,0.0,0.0,16,4,-81,GSM,460,0,6182,44754,0,2147483647,0.0,0.0,16,4,-81,GSM,0,0,0,-1,0,2147483647,0.0,0.0,12,4,-89,GSM
1510999804911,121.21441378,31.29168542,21.0,3.0,2.3078344,-57,true,-1,-1,5,99.0,4000.0,-41.91436767578125,71.99554443359375,-54.51507568359375,-0.7227535247802734,-0.03566601872444153,-2.6544153690338135,-2,-2,6188,26051,0,2147483647,0.0,0.0,0,0,0,,5,460,0,6188,26051,0,2147483647,0.0,0.0,27,4,-59,GSM,460,0,6188,41146,0,2147483647,0.0,0.0,21,4,-71,GSM,460,0,6182,41607,0,2147483647,0.0,0.0,16,4,-81,GSM,460,0,6182,44754,0,2147483647,0.0,0.0,16,4,-81,GSM,0,0,0,-1,0,2147483647,0.0,0.0,12,4,-89,GSM
1510999805976,121.21442341,31.29161113,21.0,4.0,2.774617,-57,true,-1,-1,5,99.0,4000.0,-37.0635986328125,84.29412841796875,-56.915283203125,-0.6014826893806458,0.034212104976177216,-2.67737078666687,-2,-2,6188,26051,0,2147483647,0.0,0.0,0,0,0,,5,460,0,6188,26051,0,2147483647,0.0,0.0,24,4,-65,GSM,460,0,6188,41146,0,2147483647,0.0,0.0,21,4,-71,GSM,460,0,6182,41607,0,2147483647,0.0,0.0,17,4,-79,GSM,460,0,6182,44754,0,2147483647,0.0,0.0,16,4,-81,GSM,0,0,0,-1,0,2147483647,0.0,0.0,12,4,-89,GSM
1510999807046,121.21442341,31.29161113,21.0,4.0,2.774617,-57,true,-1,-1,5,99.0,4000.0,-37.58392333984375,84.89532470703125,-56.6162109375,-0.6355148553848267,-0.15848909318447113,-2.714933395385742,-2,-2,6188,26051,0,2147483647,0.0,0.0,0,0,0,,5,460,0,6188,26051,0,2147483647,0.0,0.0,24,4,-65,GSM,460,0,6188,41146,0,2147483647,0.0,0.0,21,4,-71,GSM,460,0,6182,41607,0,2147483647,0.0,0.0,17,4,-79,GSM,460,0,6182,44754,0,2147483647,0.0,0.0,16,4,-81,GSM,0,0,0,-1,0,2147483647,0.0,0.0,12,4,-89,GSM
1510999808133,121.21438776,31.29155715,22.0,5.0,3.3914747,-57,true,-1,-1,5,99.0,4000.0,-40.87371826171875,77.09503173828125,-53.9154052734375,-0.6776614785194397,-0.03673812001943588,-2.6617112159729004,-2,-2,6188,26051,0,2147483647,0.0,0.0,0,0,0,,5,460,0,6188,26051,0,2147483647,0.0,0.0,21,4,-71,GSM,460,0,6188,41146,0,2147483647,0.0,0.0,21,4,-71,GSM,460,0,6182,41607,0,2147483647,0.0,0.0,17,4,-79,GSM,460,0,6182,44754,0,2147483647,0.0,0.0,15,4,-83,GSM,0,0,0,-1,0,2147483647,0.0,0.0,11,3,-91,GSM
1510999809200,121.21438776,31.29155715,22.0,5.0,3.3914747,-57,true,-1,-1,5,99.0,4000.0,-42.61322021484375,80.3955078125,-56.915283203125,-0.6697505712509155,-0.06653349101543427,-2.734774351119995,-2,-2,6188,26051,0,2147483647,0.0,0.0,0,0,0,,5,460,0,6188,26051,0,2147483647,0.0,0.0,21,4,-71,GSM,460,0,6188,41146,0,2147483647,0.0,0.0,21,4,-71,GSM,460,0,6182,41607,0,2147483647,0.0,0.0,17,4,-79,GSM,460,0,6182,44754,0,2147483647,0.0,0.0,15,4,-83,GSM,0,0,0,-1,0,2147483647,0.0,0.0,11,3,-91,GSM
1510999810268,121.21438663,31.29143822,21.0,7.0,3.9700127,-57,true,-1,-1,5,99.0,4000.0,-41.5740966796875,84.5947265625,-55.7159423828125,-0.632989227771759,-0.013558401726186275,-2.6892759799957275,-2,-2,6188,26051,0,2147483647,0.0,0.0,0,0,0,,4,460,0,6188,26051,0,2147483647,0.0,0.0,23,4,-67,GSM,460,0,6188,41146,0,2147483647,0.0,0.0,19,4,-75,GSM,460,0,6182,41607,0,2147483647,0.0,0.0,17,4,-79,GSM,460,0,6182,44754,0,2147483647,0.0,0.0,14,4,-85,GSM
1510999811356,121.21438663,31.29143822,21.0,7.0,3.9700127,-57,true,-1,-1,5,99.0,4000.0,-41.05377197265625,84.29412841796875,-57.21588134765625,-0.6655604839324951,-0.06698448210954666,-2.604492425918579,-2,-2,6188,26051,0,2147483647,0.0,0.0,0,0,0,,4,460,0,6188,26051,0,2147483647,0.0,0.0,23,4,-67,GSM,460,0,6188,41146,0,2147483647,0.0,0.0,19,4,-75,GSM,460,0,6182,41607,0,2147483647,0.0,0.0,17,4,-79,GSM,460,0,6182,44754,0,2147483647,0.0,0.0,14,4,-85,GSM
1510999812171,121.21432046,31.29136794,23.0,8.0,4.570536,-57,true,-1,-1,5,99.0,4000.0,-41.05377197265625,79.4952392578125,-60.21575927734375,-0.6731943488121033,-0.02714523673057556,-2.707760810852051,-2,-2,6188,26051,0,2147483647,0.0,0.0,0,0,0,,4,460,0,6188,26051,0,2147483647,0.0,0.0,27,4,-59,GSM,460,0,6188,41146,0,2147483647,0.0,0.0,18,4,-77,GSM,460,0,6182,41607,0,2147483647,0.0,0.0,17,4,-79,GSM,460,0,6182,44754,0,2147483647,0.0,0.0,13,4,-87,GSM
1510999813319,121.21432046,31.29136794,23.0,8.0,4.570536,-57,true,-1,-1,5,99.0,4000.0,-40.18402099609375,79.4952392578125,-56.915283203125,-0.6470978856086731,-0.04841984808444977,-2.756474733352661,-2,-2,6188,26051,0,2147483647,0.0,0.0,0,0,0,,4,460,0,6188,26051,0,2147483647,0.0,0.0,27,4,-59,GSM,460,0,6188,41146,0,2147483647,0.0,0.0,18,4,-77,GSM,460,0,6182,41607,0,2147483647,0.0,0.0,17,4,-79,GSM,460,0,6182,44754,0,2147483647,0.0,0.0,13,4,-87,GSM
1510999814317,121.21428373,31.29122465,23.0,10.0,4.830093,-57,true,-1,-1,5,99.0,4000.0,-42.2637939453125,75.29449462890625,-56.31561279296875,-0.6965996623039246,-0.08467793464660645,-2.760690689086914,-2,-2,6188,26051,0,2147483647,0.0,0.0,0,0,0,,4,460,0,6188,26051,0,2147483647,0.0,0.0,29,4,-55,GSM,460,0,6188,41146,0,2147483647,0.0,0.0,17,4,-79,GSM,460,0,6182,41607,0,2147483647,0.0,0.0,17,4,-79,GSM,460,0,6182,44754,0,2147483647,0.0,0.0,12,4,-89,GSM
1510999815443,121.21428373,31.29122465,23.0,10.0,4.830093,-57,true,-1,-1,5,99.0,4000.0,-41.5740966796875,76.495361328125,-58.11614990234375,-0.695452868938446,-1.2598643661476672E-4,-2.6577889919281006,-2,-2,6188,26051,0,2147483647,0.0,0.0,0,0,0,,4,460,0,6188,26051,0,2147483647,0.0,0.0,29,4,-55,GSM,460,0,6188,41146,0,2147483647,0.0,0.0,17,4,-79,GSM,460,0,6182,41607,0,2147483647,0.0,0.0,17,4,-79,GSM,460,0,6182,44754,0,2147483647,0.0,0.0,12,4,-89,GSM
1510999816462,121.21426986,31.29117479,21.0,9.0,4.95,-57,true,-1,-1,5,99.0,4000.0,-40.87371826171875,78.29437255859375,-60.516357421875,-0.6880274415016174,-0.01917659491300583,-2.673312187194824,-2,-2,6188,26051,0,2147483647,0.0,0.0,0,0,0,,5,460,0,6188,26051,0,2147483647,0.0,0.0,30,4,-53,GSM,460,0,6188,41146,0,2147483647,0.0,0.0,16,4,-81,GSM,460,0,6182,41607,0,2147483647,0.0,0.0,17,4,-79,GSM,460,0,6182,44754,0,2147483647,0.0,0.0,13,4,-87,GSM,0,0,0,-1,0,2147483647,0.0,0.0,13,4,-87,GSM
1510999817583,121.21426986,31.29117479,21.0,9.0,4.95,-57,true,-1,-1,5,99.0,4000.0,-40.18402099609375,81.89544677734375,-56.915283203125,-0.6316455602645874,-0.05832875147461891,-2.768078088760376,-2,-2,6188,26051,0,2147483647,0.0,0.0,0,0,0,,5,460,0,6188,26051,0,2147483647,0.0,0.0,30,4,-53,GSM,460,0,6188,41146,0,2147483647,0.0,0.0,16,4,-81,GSM,460,0,6182,41607,0,2147483647,0.0,0.0,17,4,-79,GSM,460,0,6182,44754,0,2147483647,0.0,0.0,13,4,-87,GSM,0,0,0,-1,0,2147483647,0.0,0.0,13,4,-87,GSM
1510999818603,121.21423863,31.29106633,19.0,9.0,5.142188,-57,true,-1,-1,5,99.0,4000.0,-42.9534912109375,81.5948486328125,-56.31561279296875,-0.6643515825271606,-0.027376092970371246,-2.6911394596099854,-2,-2,6188,26051,0,2147483647,0.0,0.0,0,0,0,,5,460,0,6188,26051,0,2147483647,0.0,0.0,27,4,-59,GSM,460,0,6188,41146,0,2147483647,0.0,0.0,13,4,-87,GSM,460,0,6182,41607,0,2147483647,0.0,0.0,16,4,-81,GSM,460,0,6182,44754,0,2147483647,0.0,0.0,13,4,-87,GSM,460,0,6182,44772,0,2147483647,0.0,0.0,14,4,-85,GSM
1510999819703,121.21423863,31.29106633,19.0,9.0,5.142188,-57,true,-1,-1,5,99.0,4000.0,-44.34356689453125,81.5948486328125,-59.9151611328125,-0.6815254092216492,-0.05660976842045784,-2.7367897033691406,-2,-2,6188,26051,0,2147483647,0.0,0.0,0,0,0,,5,460,0,6188,26051,0,2147483647,0.0,0.0,27,4,-59,GSM,460,0,6188,41146,0,2147483647,0.0,0.0,13,4,-87,GSM,460,0,6182,41607,0,2147483647,0.0,0.0,16,4,-81,GSM,460,0,6182,44754,0,2147483647,0.0,0.0,13,4,-87,GSM,460,0,6182,44772,0,2147483647,0.0,0.0,14,4,-85,GSM
1510999820746,121.21420036,31.29095879,18.0,7.0,4.7722216,-57,true,-1,-1,5,99.0,4000.0,-39.83306884765625,88.494873046875,-53.31573486328125,-0.5769521594047546,-0.024822121486067772,-2.754213571548462,-2,-2,6188,26051,0,2147483647,0.0,0.0,0,0,0,,5,460,0,6188,26051,0,2147483647,0.0,0.0,27,4,-59,GSM,460,0,6188,41146,0,2147483647,0.0,0.0,13,4,-87,GSM,460,0,6182,41607,0,2147483647,0.0,0.0,15,4,-83,GSM,460,0,6182,44754,0,2147483647,0.0,0.0,12,4,-89,GSM,460,0,6182,44772,0,2147483647,0.0,0.0,14,4,-85,GSM
1510999822097,121.21420036,31.29095879,18.0,7.0,4.7722216,-57,true,-1,-1,5,99.0,4000.0,-42.9534912109375,81.29425048828125,-56.915283203125,-0.7186384201049805,-0.15864139795303345,-2.57682204246521,-2,-2,6188,26051,0,2147483647,0.0,0.0,0,0,0,,5,460,0,6188,26051,0,2147483647,0.0,0.0,27,4,-59,GSM,460,0,6188,41146,0,2147483647,0.0,0.0,13,4,-87,GSM,460,0,6182,41607,0,2147483647,0.0,0.0,15,4,-83,GSM,460,0,6182,44754,0,2147483647,0.0,0.0,12,4,-89,GSM,460,0,6182,44772,0,2147483647,0.0,0.0,14,4,-85,GSM
1510999822897,121.21418148,31.29085963,19.0,7.0,4.852978,-57,true,-1,-1,5,99.0,4000.0,-40.704345703125,77.09503173828125,-57.21588134765625,-0.6806151866912842,-0.058767836540937424,-2.7178475856781006,-2,-2,6188,26051,0,2147483647,0.0,0.0,0,0,0,,5,460,0,6188,26051,0,2147483647,0.0,0.0,29,4,-55,GSM,460,0,6188,41146,0,2147483647,0.0,0.0,13,4,-87,GSM,460,0,6182,41607,0,2147483647,0.0,0.0,15,4,-83,GSM,460,0,6182,44754,0,2147483647,0.0,0.0,12,4,-89,GSM,460,0,6182,44772,0,2147483647,0.0,0.0,13,4,-87,GSM
1510999823969,121.21418148,31.29085963,19.0,7.0,4.852978,-57,true,-1,-1,5,99.0,4000.0,-38.9739990234375,79.7943115234375,-56.6162109375,-0.676432192325592,-0.1263035535812378,-2.67759108543396,-2,-2,6188,26051,0,2147483647,0.0,0.0,0,0,0,,5,460,0,6188,26051,0,2147483647,0.0,0.0,29,4,-55,GSM,460,0,6188,41146,0,2147483647,0.0,0.0,13,4,-87,GSM,460,0,6182,41607,0,2147483647,0.0,0.0,15,4,-83,GSM,460,0,6182,44754,0,2147483647,0.0,0.0,12,4,-89,GSM,460,0,6182,44772,0,2147483647,0.0,0.0,13,4,-87,GSM
1510999825047,121.21416979,31.29073877,19.0,7.0,5.33015,-57,true,-1,-1,5,99.0,4000.0,-39.83306884765625,81.5948486328125,-53.31573486328125,-0.638373851776123,-0.07917677611112595,-2.7097272872924805,-2,-2,6188,26051,0,2147483647,0.0,0.0,0,0,0,,6,460,0,6188,26051,0,2147483647,0.0,0.0,28,4,-57,GSM,460,0,6188,41146,0,2147483647,0.0,0.0,13,4,-87,GSM,460,0,6182,41607,0,2147483647,0.0,0.0,14,4,-85,GSM,460,0,6182,44754,0,2147483647,0.0,0.0,13,4,-87,GSM,460,0,6182,44772,0,2147483647,0.0,0.0,13,4,-87,GSM,0,0,0,-1,0,2147483647,0.0,0.0,10,3,-93,GSM
1510999826118,121.21416979,31.29073877,19.0,7.0,5.33015,-57,true,-1,-1,5,99.0,4000.0,-44.34356689453125,72.894287109375,-59.31549072265625,-0.7553924322128296,-0.1136869490146637,-2.732679605484009,-2,-2,6188,26051,0,2147483647,0.0,0.0,0,0,0,,6,460,0,6188,26051,0,2147483647,0.0,0.0,28,4,-57,GSM,460,0,6188,41146,0,2147483647,0.0,0.0,13,4,-87,GSM,460,0,6182,41607,0,2147483647,0.0,0.0,14,4,-85,GSM,460,0,6182,44754,0,2147483647,0.0,0.0,13,4,-87,GSM,460,0,6182,44772,0,2147483647,0.0,0.0,13,4,-87,GSM,0,0,0,-1,0,2147483647,0.0,0.0,10,3,-93,GSM
1510999827186,121.21410763,31.2906434,19.0,8.0,5.2802367,-57,true,-1,-1,5,99.0,4000.0,-38.45367431640625,51.29547119140625,-58.7158203125,-0.8670601844787598,-0.06193546578288078,-2.7643985748291016,-2,-2,6188,26051,0,2147483647,0.0,0.0,0,0,0,,6,460,0,6188,26051,0,2147483647,0.0,0.0,26,4,-61,GSM,460,0,6188,41146,0,2147483647,0.0,0.0,12,4,-89,GSM,460,0,6182,41607,0,2147483647,0.0,0.0,14,4,-85,GSM,460,0,6182,44754,0,2147483647,0.0,0.0,13,4,-87,GSM,460,0,6182,44772,0,2147483647,0.0,0.0,14,4,-85,GSM,0,0,0,-1,0,2147483647,0.0,0.0,11,3,-91,GSM
1510999828286,121.21410763,31.2906434,19.0,8.0,5.2802367,-57,true,-1,-1,5,99.0,4000.0,-30.4840087890625,37.79449462890625,-56.31561279296875,-0.9784995317459106,-0.084909588098526,-2.7137718200683594,-2,-2,6188,26051,0,2147483647,0.0,0.0,0,0,0,,6,460,0,6188,26051,0,2147483647,0.0,0.0,26,4,-61,GSM,460,0,6188,41146,0,2147483647,0.0,0.0,12,4,-89,GSM,460,0,6182,41607,0,2147483647,0.0,0.0,14,4,-85,GSM,460,0,6182,44754,0,2147483647,0.0,0.0,13,4,-87,GSM,460,0,6182,44772,0,2147483647,0.0,0.0,14,4,-85,GSM,0,0,0,-1,0,2147483647,0.0,0.0,11,3,-91,GSM
1510999829343,121.21418063,31.29057077,18.0,7.0,4.2362485,-57,true,-1,-1,5,99.0,4000.0,-15.94390869140625,31.195068359375,-46.71630859375,-0.8664276599884033,0.00860575307160616,-2.6219093799591064,-2,-2,6188,26051,0,2147483647,0.0,0.0,0,0,0,,6,460,0,6188,26051,0,2147483647,0.0,0.0,26,4,-61,GSM,460,0,6188,41146,0,2147483647,0.0,0.0,12,4,-89,GSM,460,0,6182,41607,0,2147483647,0.0,0.0,13,4,-87,GSM,460,0,6182,44754,0,2147483647,0.0,0.0,13,4,-87,GSM,460,0,6182,44772,0,2147483647,0.0,0.0,14,4,-85,GSM,0,0,0,-1,0,2147483647,0.0,0.0,11,3,-91,GSM
1510999830412,121.21418063,31.29057077,18.0,7.0,4.2362485,-57,true,-1,-1,5,99.0,4000.0,-15.94390869140625,35.9954833984375,-47.31597900390625,-0.7853643298149109,-0.01710391789674759,-2.6789581775665283,-2,-2,6188,26051,0,2147483647,0.0,0.0,0,0,0,,6,460,0,6188,26051,0,2147483647,0.0,0.0,26,4,-61,GSM,460,0,6188,41146,0,2147483647,0.0,0.0,12,4,-89,GSM,460,0,6182,41607,0,2147483647,0.0,0.0,13,4,-87,GSM,460,0,6182,44754,0,2147483647,0.0,0.0,13,4,-87,GSM,460,0,6182,44772,0,2147483647,0.0,0.0,14,4,-85,GSM,0,0,0,-1,0,2147483647,0.0,0.0,11,3,-91,GSM
1510999831495,121.21423414,31.29054249,19.0,7.0,4.1512046,-57,true,-1,-1,5,99.0,4000.0,-13.8641357421875,34.49554443359375,-45.51544189453125,-0.8732919096946716,-0.07070630043745041,-2.486276865005493,-2,-2,6188,26051,0,2147483647,0.0,0.0,0,0,0,,6,460,0,6188,26051,0,2147483647,0.0,0.0,25,4,-63,GSM,460,0,6188,41146,0,2147483647,0.0,0.0,13,4,-87,GSM,460,0,6182,41607,0,2147483647,0.0,0.0,13,4,-87,GSM,460,0,6182,44754,0,2147483647,0.0,0.0,13,4,-87,GSM,460,0,6182,44772,0,2147483647,0.0,0.0,13,4,-87,GSM,0,0,0,-1,0,2147483647,0.0,0.0,11,3,-91,GSM
1510999832563,121.21423414,31.29054249,19.0,7.0,4.1512046,-57,true,-1,-1,5,99.0,4000.0,-20.263671875,33.89434814453125,-49.41558837890625,-1.0236155986785889,-0.1569354236125946,-2.293602466583252,-2,-2,6188,26051,0,2147483647,0.0,0.0,0,0,0,,6,460,0,6188,26051,0,2147483647,0.0,0.0,25,4,-63,GSM,460,0,6188,41146,0,2147483647,0.0,0.0,13,4,-87,GSM,460,0,6182,41607,0,2147483647,0.0,0.0,13,4,-87,GSM,460,0,6182,44754,0,2147483647,0.0,0.0,13,4,-87,GSM,460,0,6182,44772,0,2147483647,0.0,0.0,13,4,-87,GSM,0,0,0,-1,0,2147483647,0.0,0.0,11,3,-91,GSM
1510999833633,121.21431823,31.29056184,15.0,6.0,4.8401656,-57,true,-1,-1,5,99.0,4000.0,-16.2933349609375,34.79461669921875,-43.115234375,-0.9734716415405273,-0.2644313871860504,-2.2896807193756104,-2,-2,6188,26051,0,2147483647,0.0,0.0,0,0,0,,6,460,0,6188,26051,0,2147483647,0.0,0.0,26,4,-61,GSM,460,0,6188,41146,0,2147483647,0.0,0.0,12,4,-89,GSM,460,0,6182,41607,0,2147483647,0.0,0.0,13,4,-87,GSM,460,0,6182,44754,0,2147483647,0.0,0.0,13,4,-87,GSM,460,0,6182,44772,0,2147483647,0.0,0.0,13,4,-87,GSM,0,0,0,-1,0,2147483647,0.0,0.0,11,3,-91,GSM
1510999834721,121.21431823,31.29056184,15.0,6.0,4.8401656,-57,true,-1,-1,5,99.0,4000.0,-8.4930419921875,46.79412841796875,-30.2154541015625,-0.4042517840862274,0.06973714381456375,-2.696503162384033,-2,-2,6188,26051,0,2147483647,0.0,0.0,0,0,0,,6,460,0,6188,26051,0,2147483647,0.0,0.0,26,4,-61,GSM,460,0,6188,41146,0,2147483647,0.0,0.0,12,4,-89,GSM,460,0,6182,41607,0,2147483647,0.0,0.0,13,4,-87,GSM,460,0,6182,44754,0,2147483647,0.0,0.0,13,4,-87,GSM,460,0,6182,44772,0,2147483647,0.0,0.0,13,4,-87,GSM,0,0,0,-1,0,2147483647,0.0,0.0,11,3,-91,GSM
1510999835786,121.21440396,31.29058765,11.0,6.0,4.7817674,-57,true,-1,-1,5,99.0,4000.0,-19.573974609375,40.1947021484375,-39.215087890625,-0.7367545962333679,-0.03596602380275726,-2.6563351154327393,-2,-2,6188,26051,0,2147483647,0.0,0.0,0,0,0,,5,460,0,6188,26051,0,2147483647,0.0,0.0,25,4,-63,GSM,460,0,6188,41146,0,2147483647,0.0,0.0,12,4,-89,GSM,460,0,6182,41607,0,2147483647,0.0,0.0,13,4,-87,GSM,460,0,6182,44754,0,2147483647,0.0,0.0,13,4,-87,GSM,460,0,6182,44772,0,2147483647,0.0,0.0,12,4,-89,GSM
1510999836856,121.21440396,31.29058765,11.0,6.0,4.7817674,-57,true,-1,-1,5,99.0,4000.0,-16.973876953125,38.995361328125,-38.31634521484375,-0.7204638123512268,-0.016826462000608444,-2.6177468299865723,-2,-2,6188,26051,0,2147483647,0.0,0.0,0,0,0,,5,460,0,6188,26051,0,2147483647,0.0,0.0,25,4,-63,GSM,460,0,6188,41146,0,2147483647,0.0,0.0,12,4,-89,GSM,460,0,6182,41607,0,2147483647,0.0,0.0,13,4,-87,GSM,460,0,6182,44754,0,2147483647,0.0,0.0,13,4,-87,GSM,460,0,6182,44772,0,2147483647,0.0,0.0,12,4,-89,GSM
1510999837942,121.21449166,31.2906203,10.0,6.0,4.9300404,-57,true,-1,-1,5,99.0,4000.0,-15.94390869140625,36.89422607421875,-40.1153564453125,-0.7626698017120361,-0.03245687112212181,-2.5966904163360596,-2,-2,6188,26051,0,2147483647,0.0,0.0,0,0,0,,4,460,0,6188,26051,0,2147483647,0.0,0.0,25,4,-63,GSM,460,0,6188,41146,0,2147483647,0.0,0.0,13,4,-87,GSM,460,0,6182,41607,0,2147483647,0.0,0.0,13,4,-87,GSM,460,0,6182,44772,0,2147483647,0.0,0.0,12,4,-89,GSM
1510999839008,121.21449166,31.2906203,10.0,6.0,4.9300404,-57,true,-1,-1,5,99.0,4000.0,-13.6932373046875,39.59503173828125,-37.41607666015625,-0.6488616466522217,-0.02444036677479744,-2.657839059829712,-2,-2,6188,26051,0,2147483647,0.0,0.0,0,0,0,,4,460,0,6188,26051,0,2147483647,0.0,0.0,25,4,-63,GSM,460,0,6188,41146,0,2147483647,0.0,0.0,13,4,-87,GSM,460,0,6182,41607,0,2147483647,0.0,0.0,13,4,-87,GSM,460,0,6182,44772,0,2147483647,0.0,0.0,12,4,-89,GSM
1510999840077,121.21458609,31.29064337,14.0,7.0,4.89,-57,true,-1,-1,5,99.0,4000.0,-9.53369140625,38.0950927734375,-36.2152099609375,-0.5875450372695923,-0.024684812873601913,-2.6714940071105957,-2,-2,6188,26051,0,2147483647,0.0,0.0,0,0,0,,5,460,0,6188,26051,0,2147483647,0.0,0.0,24,4,-65,GSM,460,0,6188,41146,0,2147483647,0.0,0.0,13,4,-87,GSM,460,0,6182,41607,0,2147483647,0.0,0.0,14,4,-85,GSM,460,0,6182,44772,0,2147483647,0.0,0.0,11,3,-91,GSM,0,0,0,-1,0,2147483647,0.0,0.0,11,3,-91,GSM
1510999841165,121.21458609,31.29064337,14.0,7.0,4.89,-57,true,-1,-1,5,99.0,4000.0,-17.49420166015625,32.0953369140625,-18.2159423828125,-0.6146137118339539,0.013208737596869469,-2.7849247455596924,-2,-2,6188,26051,0,2147483647,0.0,0.0,0,0,0,,5,460,0,6188,26051,0,2147483647,0.0,0.0,24,4,-65,GSM,460,0,6188,41146,0,2147483647,0.0,0.0,13,4,-87,GSM,460,0,6182,41607,0,2147483647,0.0,0.0,14,4,-85,GSM,460,0,6182,44772,0,2147483647,0.0,0.0,11,3,-91,GSM,0,0,0,-1,0,2147483647,0.0,0.0,11,3,-91,GSM
1510999842231,121.21470197,31.29066366,14.0,5.0,4.94,-57,true,-1,-1,5,99.0,4000.0,-16.973876953125,45.294189453125,-39.51568603515625,-0.6539087295532227,-0.013598441146314144,-2.6186249256134033,-2,-2,6188,26051,0,2147483647,0.0,0.0,0,0,0,,5,460,0,6188,26051,0,2147483647,0.0,0.0,21,4,-71,GSM,460,0,6188,41146,0,2147483647,0.0,0.0,12,4,-89,GSM,460,0,6182,41607,0,2147483647,0.0,0.0,14,4,-85,GSM,460,0,6182,44772,0,2147483647,0.0,0.0,11,3,-91,GSM,0,0,0,-1,0,2147483647,0.0,0.0,11,3,-91,GSM
1510999843305,121.21470197,31.29066366,14.0,5.0,4.94,-57,true,-1,-1,5,99.0,4000.0,-9.53369140625,45.294189453125,-37.41607666015625,-0.4833848476409912,0.05412132292985916,-2.7007925510406494,-2,-2,6188,26051,0,2147483647,0.0,0.0,0,0,0,,5,460,0,6188,26051,0,2147483647,0.0,0.0,21,4,-71,GSM,460,0,6188,41146,0,2147483647,0.0,0.0,12,4,-89,GSM,460,0,6182,41607,0,2147483647,0.0,0.0,14,4,-85,GSM,460,0,6182,44772,0,2147483647,0.0,0.0,11,3,-91,GSM,0,0,0,-1,0,2147483647,0.0,0.0,11,3,-91,GSM
1510999844390,121.21480939,31.29068788,18.0,4.0,4.7920456,-57,true,-1,-1,5,99.0,4000.0,-25.80413818359375,45.294189453125,-26.0162353515625,-0.6670427322387695,-0.04788140207529068,-2.62882399559021,-2,-2,6188,26051,0,2147483647,0.0,0.0,0,0,0,,5,460,0,6188,26051,0,2147483647,0.0,0.0,21,4,-71,GSM,460,0,6188,41146,0,2147483647,0.0,0.0,12,4,-89,GSM,460,0,6182,41607,0,2147483647,0.0,0.0,15,4,-83,GSM,460,0,6182,44772,0,2147483647,0.0,0.0,11,3,-91,GSM,0,0,0,-1,0,2147483647,0.0,0.0,11,3,-91,GSM
1510999845211,121.21480939,31.29068788,18.0,4.0,4.7920456,-57,true,-1,-1,5,99.0,4000.0,-16.63360595703125,49.49493408203125,-47.9156494140625,-0.678679347038269,-0.046175602823495865,-2.6092536449432373,-2,-2,6188,26051,0,2147483647,0.0,0.0,0,0,0,,5,460,0,6188,26051,0,2147483647,0.0,0.0,21,4,-71,GSM,460,0,6188,41146,0,2147483647,0.0,0.0,12,4,-89,GSM,460,0,6182,41607,0,2147483647,0.0,0.0,15,4,-83,GSM,460,0,6182,44772,0,2147483647,0.0,0.0,11,3,-91,GSM,0,0,0,-1,0,2147483647,0.0,0.0,11,3,-91,GSM
1510999846546,121.21492598,31.29070788,17.0,3.0,5.1618986,-57,true,-1,-1,5,99.0,4000.0,-18.7042236328125,43.79425048828125,-35.9161376953125,-0.6657283306121826,-0.021892612800002098,-2.6248481273651123,-2,-2,6188,26051,0,2147483647,0.0,0.0,0,0,0,,5,460,0,6188,26051,0,2147483647,0.0,0.0,22,4,-69,GSM,460,0,6188,41146,0,2147483647,0.0,0.0,12,4,-89,GSM,460,0,6182,41607,0,2147483647,0.0,0.0,15,4,-83,GSM,460,0,6182,44772,0,2147483647,0.0,0.0,11,3,-91,GSM,0,0,0,-1,0,2147483647,0.0,0.0,12,4,-89,GSM
1510999847610,121.21492598,31.29070788,17.0,3.0,5.1618986,-57,true,-1,-1,5,99.0,4000.0,-22.51434326171875,41.69464111328125,-39.51568603515625,-0.7212132215499878,0.021210843697190285,-2.703932762145996,-2,-2,6188,26051,0,2147483647,0.0,0.0,0,0,0,,5,460,0,6188,26051,0,2147483647,0.0,0.0,22,4,-69,GSM,460,0,6188,41146,0,2147483647,0.0,0.0,12,4,-89,GSM,460,0,6182,41607,0,2147483647,0.0,0.0,15,4,-83,GSM,460,0,6182,44772,0,2147483647,0.0,0.0,11,3,-91,GSM,0,0,0,-1,0,2147483647,0.0,0.0,12,4,-89,GSM
1510999848413,121.21505002,31.2907161,17.0,3.0,5.4503303,-57,true,-1,-1,5,99.0,4000.0,-22.174072265625,41.9952392578125,-37.71514892578125,-0.7202901244163513,0.008762110024690628,-2.6638457775115967,-2,-2,6188,26051,0,2147483647,0.0,0.0,0,0,0,,6,460,0,6188,26051,0,2147483647,0.0,0.0,23,4,-67,GSM,460,0,6188,41146,0,2147483647,0.0,0.0,12,4,-89,GSM,460,0,6182,41607,0,2147483647,0.0,0.0,15,4,-83,GSM,460,0,6182,44772,0,2147483647,0.0,0.0,11,3,-91,GSM,0,0,0,-1,0,2147483647,0.0,0.0,12,4,-89,GSM,460,0,6182,44754,0,2147483647,0.0,0.0,14,4,-85,GSM
1510999849524,121.21505002,31.2907161,17.0,3.0,5.4503303,-57,true,-1,-1,5,99.0,4000.0,-24.4232177734375,41.69464111328125,-39.215087890625,-0.8080687522888184,-0.03669227287173271,-2.505279779434204,-2,-2,6188,26051,0,2147483647,0.0,0.0,0,0,0,,6,460,0,6188,26051,0,2147483647,0.0,0.0,23,4,-67,GSM,460,0,6188,41146,0,2147483647,0.0,0.0,12,4,-89,GSM,460,0,6182,41607,0,2147483647,0.0,0.0,15,4,-83,GSM,460,0,6182,44772,0,2147483647,0.0,0.0,11,3,-91,GSM,0,0,0,-1,0,2147483647,0.0,0.0,12,4,-89,GSM,460,0,6182,44754,0,2147483647,0.0,0.0,14,4,-85,GSM
1510999850553,121.21518299,31.29072402,19.0,3.0,5.700035,-57,true,-1,-1,5,99.0,4000.0,-19.05364990234375,40.49530029296875,-38.31634521484375,-0.6910451054573059,0.023601360619068146,-2.68514084815979,-2,-2,6188,26051,0,2147483647,0.0,0.0,0,0,0,,6,460,0,6188,26051,0,2147483647,0.0,0.0,23,4,-67,GSM,460,0,6188,41146,0,2147483647,0.0,0.0,12,4,-89,GSM,460,0,6182,41607,0,2147483647,0.0,0.0,14,4,-85,GSM,460,0,6182,44772,0,2147483647,0.0,0.0,12,4,-89,GSM,0,0,0,-1,0,2147483647,0.0,0.0,12,4,-89,GSM,460,0,6182,44754,0,2147483647,0.0,0.0,14,4,-85,GSM
1510999851654,121.21518299,31.29072402,19.0,3.0,5.700035,-57,true,-1,-1,5,99.0,4000.0,-24.07379150390625,42.59490966796875,-41.015625,-0.7416645288467407,0.03147503361105919,-2.6825060844421387,-2,-2,6188,26051,0,2147483647,0.0,0.0,0,0,0,,6,460,0,6188,26051,0,2147483647,0.0,0.0,23,4,-67,GSM,460,0,6188,41146,0,2147483647,0.0,0.0,12,4,-89,GSM,460,0,6182,41607,0,2147483647,0.0,0.0,14,4,-85,GSM,460,0,6182,44772,0,2147483647,0.0,0.0,12,4,-89,GSM,0,0,0,-1,0,2147483647,0.0,0.0,12,4,-89,GSM,460,0,6182,44754,0,2147483647,0.0,0.0,14,4,-85,GSM
1510999852705,121.21532537,31.29069404,19.0,3.0,5.640142,-57,true,-1,-1,5,99.0,4000.0,-20.4437255859375,39.89410400390625,-40.1153564453125,-0.7563779354095459,-0.034640904515981674,-2.657228469848633,-2,-2,6188,26051,0,2147483647,0.0,0.0,0,0,0,,6,460,0,6188,26051,0,2147483647,0.0,0.0,23,4,-67,GSM,460,0,6188,41146,0,2147483647,0.0,0.0,13,4,-87,GSM,460,0,6182,41607,0,2147483647,0.0,0.0,14,4,-85,GSM,460,0,6182,44772,0,2147483647,0.0,0.0,13,4,-87,GSM,0,0,0,-1,0,2147483647,0.0,0.0,12,4,-89,GSM,460,0,6182,44754,0,2147483647,0.0,0.0,14,4,-85,GSM
1510999853785,121.21532537,31.29069404,19.0,3.0,5.640142,-57,true,-1,-1,5,99.0,4000.0,-25.98419189453125,40.1947021484375,-41.9158935546875,-0.7856066823005676,0.039654556661844254,-2.7057180404663086,-2,-2,6188,26051,0,2147483647,0.0,0.0,0,0,0,,6,460,0,6188,26051,0,2147483647,0.0,0.0,23,4,-67,GSM,460,0,6188,41146,0,2147483647,0.0,0.0,13,4,-87,GSM,460,0,6182,41607,0,2147483647,0.0,0.0,14,4,-85,GSM,460,0,6182,44772,0,2147483647,0.0,0.0,13,4,-87,GSM,0,0,0,-1,0,2147483647,0.0,0.0,12,4,-89,GSM,460,0,6182,44754,0,2147483647,0.0,0.0,14,4,-85,GSM
1510999854859,121.21544519,31.29068481,21.0,3.0,5.790311,-57,true,-1,-1,5,99.0,4000.0,-25.4638671875,41.39404296875,-39.8162841796875,-0.7928396463394165,-0.03545694798231125,-2.65392804145813,-2,-2,6188,26051,0,2147483647,0.0,0.0,0,0,0,,6,460,0,6188,26051,0,2147483647,0.0,0.0,22,4,-69,GSM,460,0,6188,41146,0,2147483647,0.0,0.0,12,4,-89,GSM,460,0,6182,41607,0,2147483647,0.0,0.0,14,4,-85,GSM,460,0,6182,44772,0,2147483647,0.0,0.0,14,4,-85,GSM,0,0,0,-1,0,2147483647,0.0,0.0,12,4,-89,GSM,460,0,6182,44754,0,2147483647,0.0,0.0,15,4,-83,GSM
1510999855928,121.21544519,31.29068481,21.0,3.0,5.790311,-57,true,-1,-1,5,99.0,4000.0,-27.36358642578125,44.0948486328125,-40.71502685546875,-0.7659333944320679,-0.0014492698246613145,-2.6904916763305664,-2,-2,6188,26051,0,2147483647,0.0,0.0,0,0,0,,6,460,0,6188,26051,0,2147483647,0.0,0.0,22,4,-69,GSM,460,0,6188,41146,0,2147483647,0.0,0.0,12,4,-89,GSM,460,0,6182,41607,0,2147483647,0.0,0.0,14,4,-85,GSM,460,0,6182,44772,0,2147483647,0.0,0.0,14,4,-85,GSM,0,0,0,-1,0,2147483647,0.0,0.0,12,4,-89,GSM,460,0,6182,44754,0,2147483647,0.0,0.0,15,4,-83,GSM
1510999856998,121.21556268,31.29066806,21.0,4.0,5.720874,-57,true,-1,-1,5,99.0,4000.0,-28.06396484375,42.59490966796875,-40.1153564453125,-0.7827361822128296,0.025497809052467346,-2.681810140609741,-2,-2,6188,26051,0,2147483647,0.0,0.0,0,0,0,,6,460,0,6188,26051,0,2147483647,0.0,0.0,22,4,-69,GSM,460,0,6188,41146,0,2147483647,0.0,0.0,13,4,-87,GSM,460,0,6182,41607,0,2147483647,0.0,0.0,14,4,-85,GSM,460,0,6182,44772,0,2147483647,0.0,0.0,14,4,-85,GSM,0,0,0,-1,0,2147483647,0.0,0.0,12,4,-89,GSM,460,0,6182,44754,0,2147483647,0.0,0.0,15,4,-83,GSM
1510999858088,121.21556268,31.29066806,21.0,4.0,5.720874,-57,true,-1,-1,5,99.0,4000.0,-30.65338134765625,44.0948486328125,-42.2149658203125,-0.8220317363739014,-0.041857048869132996,-2.6766157150268555,-2,-2,6188,26051,0,2147483647,0.0,0.0,0,0,0,,6,460,0,6188,26051,0,2147483647,0.0,0.0,22,4,-69,GSM,460,0,6188,41146,0,2147483647,0.0,0.0,13,4,-87,GSM,460,0,6182,41607,0,2147483647,0.0,0.0,14,4,-85,GSM,460,0,6182,44772,0,2147483647,0.0,0.0,14,4,-85,GSM,0,0,0,-1,0,2147483647,0.0,0.0,12,4,-89,GSM,460,0,6182,44754,0,2147483647,0.0,0.0,15,4,-83,GSM
1510999859150,121.21569154,31.29066672,21.0,6.0,5.7007103,-57,true,-1,-1,5,99.0,4000.0,-33.7738037109375,44.69451904296875,-45.8160400390625,-0.8814003467559814,-0.06263824552297592,-2.605790853500366,-2,-2,6188,26051,0,2147483647,0.0,0.0,0,0,0,,6,460,0,6188,26051,0,2147483647,0.0,0.0,22,4,-69,GSM,460,0,6188,41146,0,2147483647,0.0,0.0,14,4,-85,GSM,460,0,6182,41607,0,2147483647,0.0,0.0,14,4,-85,GSM,460,0,6182,44772,0,2147483647,0.0,0.0,15,4,-83,GSM,0,0,0,-1,0,2147483647,0.0,0.0,12,4,-89,GSM,460,0,6182,44754,0,2147483647,0.0,0.0,15,4,-83,GSM
1510999860222,121.21569154,31.29066672,21.0,6.0,5.7007103,-57,true,-1,-1,5,99.0,4000.0,-34.98382568359375,45.59478759765625,-47.31597900390625,-0.890628457069397,-0.07052549719810486,-2.6059086322784424,-2,-2,6188,26051,0,2147483647,0.0,0.0,0,0,0,,6,460,0,6188,26051,0,2147483647,0.0,0.0,22,4,-69,GSM,460,0,6188,41146,0,2147483647,0.0,0.0,14,4,-85,GSM,460,0,6182,41607,0,2147483647,0.0,0.0,14,4,-85,GSM,460,0,6182,44772,0,2147483647,0.0,0.0,15,4,-83,GSM,0,0,0,-1,0,2147483647,0.0,0.0,12,4,-89,GSM,460,0,6182,44754,0,2147483647,0.0,0.0,15,4,-83,GSM
1510999861307,121.21581252,31.29061886,20.0,7.0,5.700079,-57,true,-1,-1,5,99.0,4000.0,-35.6842041015625,48.2940673828125,-46.71630859375,-0.8395823240280151,0.015423865057528019,-2.619943141937256,-2,-2,6188,26051,0,2147483647,0.0,0.0,0,0,0,,6,460,0,6188,26051,0,2147483647,0.0,0.0,21,4,-71,GSM,460,0,6188,41146,0,2147483647,0.0,0.0,14,4,-85,GSM,460,0,6182,41607,0,2147483647,0.0,0.0,14,4,-85,GSM,460,0,6182,44772,0,2147483647,0.0,0.0,15,4,-83,GSM,0,0,0,-1,0,2147483647,0.0,0.0,12,4,-89,GSM,460,0,6182,44754,0,2147483647,0.0,0.0,15,4,-83,GSM
1510999862374,121.21581252,31.29061886,20.0,7.0,5.700079,-57,true,-1,-1,5,99.0,4000.0,-36.02294921875,47.39532470703125,-48.51531982421875,-0.8445353507995605,-0.009267650544643402,-2.7085437774658203,-2,-2,6188,26051,0,2147483647,0.0,0.0,0,0,0,,6,460,0,6188,26051,0,2147483647,0.0,0.0,21,4,-71,GSM,460,0,6188,41146,0,2147483647,0.0,0.0,14,4,-85,GSM,460,0,6182,41607,0,2147483647,0.0,0.0,14,4,-85,GSM,460,0,6182,44772,0,2147483647,0.0,0.0,15,4,-83,GSM,0,0,0,-1,0,2147483647,0.0,0.0,12,4,-89,GSM,460,0,6182,44754,0,2147483647,0.0,0.0,15,4,-83,GSM
1510999863443,121.21590541,31.29054441,18.0,5.0,5.531302,-57,true,-1,-1,5,99.0,4000.0,-36.3739013671875,42.2943115234375,-44.31610107421875,-0.9152820110321045,-0.08053487539291382,-2.6764144897460938,-2,-2,6188,26051,0,2147483647,0.0,0.0,0,0,0,,6,460,0,6188,26051,0,2147483647,0.0,0.0,19,4,-75,GSM,460,0,6188,41146,0,2147483647,0.0,0.0,14,4,-85,GSM,460,0,6182,41607,0,2147483647,0.0,0.0,15,4,-83,GSM,460,0,6182,44772,0,2147483647,0.0,0.0,15,4,-83,GSM,0,0,0,-1,0,2147483647,0.0,0.0,12,4,-89,GSM,460,0,6182,44754,0,2147483647,0.0,0.0,16,4,-81,GSM
1510999864532,121.21590541,31.29054441,18.0,5.0,5.531302,-57,true,-1,-1,5,99.0,4000.0,-33.6029052734375,45.8953857421875,-49.7161865234375,-0.8853590488433838,-0.09917989373207092,-2.678035259246826,-2,-2,6188,26051,0,2147483647,0.0,0.0,0,0,0,,6,460,0,6188,26051,0,2147483647,0.0,0.0,19,4,-75,GSM,460,0,6188,41146,0,2147483647,0.0,0.0,14,4,-85,GSM,460,0,6182,41607,0,2147483647,0.0,0.0,15,4,-83,GSM,460,0,6182,44772,0,2147483647,0.0,0.0,15,4,-83,GSM,0,0,0,-1,0,2147483647,0.0,0.0,12,4,-89,GSM,460,0,6182,44754,0,2147483647,0.0,0.0,16,4,-81,GSM
1510999865595,121.21599715,31.2905185,16.0,6.0,5.33,-57,true,-1,-1,5,99.0,4000.0,-36.3739013671875,48.895263671875,-46.1151123046875,-0.8327056169509888,-0.03824687749147415,-2.699026346206665,-2,-2,6188,26051,0,2147483647,0.0,0.0,0,0,0,,5,460,0,6188,26051,0,2147483647,0.0,0.0,19,4,-75,GSM,460,0,6182,41607,0,2147483647,0.0,0.0,15,4,-83,GSM,460,0,6182,44772,0,2147483647,0.0,0.0,16,4,-81,GSM,0,0,0,-1,0,2147483647,0.0,0.0,12,4,-89,GSM,460,0,6182,44754,0,2147483647,0.0,0.0,15,4,-83,GSM
1510999866664,121.21599715,31.2905185,16.0,6.0,5.33,-57,true,-1,-1,5,99.0,4000.0,-41.74346923828125,44.39544677734375,-47.61505126953125,-0.9421510696411133,-0.052402060478925705,-2.6444664001464844,-2,-2,6188,26051,0,2147483647,0.0,0.0,0,0,0,,5,460,0,6188,26051,0,2147483647,0.0,0.0,19,4,-75,GSM,460,0,6182,41607,0,2147483647,0.0,0.0,15,4,-83,GSM,460,0,6182,44772,0,2147483647,0.0,0.0,16,4,-81,GSM,0,0,0,-1,0,2147483647,0.0,0.0,12,4,-89,GSM,460,0,6182,44754,0,2147483647,0.0,0.0,15,4,-83,GSM
1510999867751,121.21608615,31.29045487,18.0,6.0,5.57044,-57,true,-1,-1,5,99.0,4000.0,-39.14337158203125,44.0948486328125,-55.11627197265625,-0.9443520307540894,-0.02270350232720375,-2.669227361679077,-2,-2,6188,26051,0,2147483647,0.0,0.0,0,0,0,,4,460,0,6188,26051,0,2147483647,0.0,0.0,19,4,-75,GSM,460,0,6182,41607,0,2147483647,0.0,0.0,15,4,-83,GSM,460,0,6182,44772,0,2147483647,0.0,0.0,15,4,-83,GSM,460,0,6182,44754,0,2147483647,0.0,0.0,16,4,-81,GSM
1510999868818,121.21608615,31.29045487,18.0,6.0,5.57044,-57,true,-1,-1,5,99.0,4000.0,-30.4840087890625,46.49505615234375,-57.5164794921875,-0.8722591996192932,-0.03706934675574303,-2.658759117126465,-2,-2,6188,26051,0,2147483647,0.0,0.0,0,0,0,,4,460,0,6188,26051,0,2147483647,0.0,0.0,19,4,-75,GSM,460,0,6182,41607,0,2147483647,0.0,0.0,15,4,-83,GSM,460,0,6182,44772,0,2147483647,0.0,0.0,15,4,-83,GSM,460,0,6182,44754,0,2147483647,0.0,0.0,16,4,-81,GSM
1510999869889,121.21620405,31.29039156,19.0,7.0,5.48,-57,true,-1,-1,5,99.0,4000.0,-37.41302490234375,51.8951416015625,-47.31597900390625,-0.8090729117393494,-0.020633796229958534,-2.708688259124756,-2,-2,6188,26051,0,2147483647,0.0,0.0,0,0,0,,4,460,0,6188,26051,0,2147483647,0.0,0.0,20,4,-73,GSM,460,0,6182,41607,0,2147483647,0.0,0.0,15,4,-83,GSM,460,0,6182,44772,0,2147483647,0.0,0.0,15,4,-83,GSM,460,0,6182,44754,0,2147483647,0.0,0.0,17,4,-79,GSM
1510999870976,121.21620405,31.29039156,19.0,7.0,5.48,-57,true,-1,-1,5,99.0,4000.0,-42.9534912109375,58.795166015625,-52.716064453125,-0.7896360158920288,-0.002927206689491868,-2.769001007080078,-2,-2,6188,26051,0,2147483647,0.0,0.0,0,0,0,,4,460,0,6188,26051,0,2147483647,0.0,0.0,20,4,-73,GSM,460,0,6182,41607,0,2147483647,0.0,0.0,15,4,-83,GSM,460,0,6182,44772,0,2147483647,0.0,0.0,15,4,-83,GSM,460,0,6182,44754,0,2147483647,0.0,0.0,17,4,-79,GSM
1510999872041,121.21631358,31.29030935,19.0,6.0,5.450009,-57,true,-1,-1,5,99.0,4000.0,-39.6636962890625,49.49493408203125,-54.815673828125,-0.9021211862564087,-0.07108823210000992,-2.6900429725646973,-2,-2,6188,26051,0,2147483647,0.0,0.0,0,0,0,,4,460,0,6188,26051,0,2147483647,0.0,0.0,20,4,-73,GSM,460,0,6182,41607,0,2147483647,0.0,0.0,17,4,-79,GSM,460,0,6182,44772,0,2147483647,0.0,0.0,15,4,-83,GSM,460,0,6182,44754,0,2147483647,0.0,0.0,17,4,-79,GSM
1510999873111,121.21631358,31.29030935,19.0,6.0,5.450009,-57,true,-1,-1,5,99.0,4000.0,-42.43316650390625,57.29522705078125,-57.8155517578125,-0.8270699381828308,-0.024764012545347214,-2.75077223777771,-2,-2,6188,26051,0,2147483647,0.0,0.0,0,0,0,,4,460,0,6188,26051,0,2147483647,0.0,0.0,20,4,-73,GSM,460,0,6182,41607,0,2147483647,0.0,0.0,17,4,-79,GSM,460,0,6182,44772,0,2147483647,0.0,0.0,15,4,-83,GSM,460,0,6182,44754,0,2147483647,0.0,0.0,17,4,-79,GSM
1510999873951,121.21639592,31.29025696,20.0,6.0,4.270749,-57,true,-1,-1,5,99.0,4000.0,-40.533447265625,57.29522705078125,-58.7158203125,-0.8449559807777405,-0.016133219003677368,-2.633502721786499,-2,-2,6188,26051,0,2147483647,0.0,0.0,0,0,0,,4,460,0,6188,26051,0,2147483647,0.0,0.0,19,4,-75,GSM,460,0,6182,41607,0,2147483647,0.0,0.0,18,4,-77,GSM,460,0,6182,44772,0,2147483647,0.0,0.0,15,4,-83,GSM,460,0,6182,44754,0,2147483647,0.0,0.0,17,4,-79,GSM
1510999875069,121.21639592,31.29025696,20.0,6.0,4.270749,-57,true,-1,-1,5,99.0,4000.0,-37.0635986328125,47.9949951171875,-51.51519775390625,-0.8677617311477661,0.05074329301714897,-2.6089653968811035,-2,-2,6188,26051,0,2147483647,0.0,0.0,0,0,0,,4,460,0,6188,26051,0,2147483647,0.0,0.0,19,4,-75,GSM,460,0,6182,41607,0,2147483647,0.0,0.0,18,4,-77,GSM,460,0,6182,44772,0,2147483647,0.0,0.0,15,4,-83,GSM,460,0,6182,44754,0,2147483647,0.0,0.0,17,4,-79,GSM
1510999876088,121.21644783,31.29019248,20.0,6.0,3.6706676,-57,true,-1,-1,5,99.0,4000.0,-40.87371826171875,54.59442138671875,-56.31561279296875,-0.8893733024597168,-0.045835766941308975,-2.5210511684417725,-2,-2,6188,26051,0,2147483647,0.0,0.0,0,0,0,,4,460,0,6188,26051,0,2147483647,0.0,0.0,17,4,-79,GSM,460,0,6182,41607,0,2147483647,0.0,0.0,18,4,-77,GSM,460,0,6182,44772,0,2147483647,0.0,0.0,15,4,-83,GSM,460,0,6182,44754,0,2147483647,0.0,0.0,17,4,-79,GSM
1510999877139,121.21644783,31.29019248,20.0,6.0,3.6706676,-57,true,-1,-1,5,99.0,4000.0,-22.69287109375,37.79449462890625,-47.015380859375,-0.829352855682373,0.05180276930332184,-2.626835584640503,-2,-2,6188,26051,0,2147483647,0.0,0.0,0,0,0,,4,460,0,6188,26051,0,2147483647,0.0,0.0,17,4,-79,GSM,460,0,6182,41607,0,2147483647,0.0,0.0,18,4,-77,GSM,460,0,6182,44772,0,2147483647,0.0,0.0,15,4,-83,GSM,460,0,6182,44754,0,2147483647,0.0,0.0,17,4,-79,GSM
1510999878220,121.21655539,31.2901487,20.0,6.0,3.4402325,-57,true,-1,-1,5,99.0,4000.0,-17.32330322265625,39.29443359375,-43.7164306640625,-0.7074629068374634,0.09665513783693314,-2.64870548248291,-2,-2,6188,26051,0,2147483647,0.0,0.0,0,0,0,,5,460,0,6188,26051,0,2147483647,0.0,0.0,17,4,-79,GSM,460,0,6182,41607,0,2147483647,0.0,0.0,19,4,-75,GSM,460,0,6182,44772,0,2147483647,0.0,0.0,15,4,-83,GSM,460,0,6182,44754,0,2147483647,0.0,0.0,17,4,-79,GSM,460,0,6182,41525,0,2147483647,0.0,0.0,12,4,-89,GSM
1510999879301,121.21655539,31.2901487,20.0,6.0,3.4402325,-57,true,-1,-1,5,99.0,4000.0,-13.52386474609375,42.2943115234375,-40.71502685546875,-0.6550297737121582,-0.057252027094364166,-2.650078296661377,-2,-2,6188,26051,0,2147483647,0.0,0.0,0,0,0,,5,460,0,6188,26051,0,2147483647,0.0,0.0,17,4,-79,GSM,460,0,6182,41607,0,2147483647,0.0,0.0,19,4,-75,GSM,460,0,6182,44772,0,2147483647,0.0,0.0,15,4,-83,GSM,460,0,6182,44754,0,2147483647,0.0,0.0,17,4,-79,GSM,460,0,6182,41525,0,2147483647,0.0,0.0,12,4,-89,GSM
1510999880364,121.21658452,31.29016026,19.0,6.0,3.272201,-57,true,-1,-1,5,99.0,4000.0,-16.973876953125,39.29443359375,-41.9158935546875,-0.7258188128471375,-0.003108573378995061,-2.648575782775879,-2,-2,6182,41525,0,2147483647,0.0,0.0,0,0,0,,5,460,0,6182,41525,0,2147483647,0.0,0.0,16,4,-81,GSM,460,0,6182,41607,0,2147483647,0.0,0.0,19,4,-75,GSM,460,0,6182,44772,0,2147483647,0.0,0.0,15,4,-83,GSM,460,0,6182,44754,0,2147483647,0.0,0.0,17,4,-79,GSM,460,0,6182,41525,0,2147483647,0.0,0.0,12,4,-89,GSM
1510999881447,121.21658452,31.29016026,19.0,6.0,3.272201,-57,true,-1,-1,5,99.0,4000.0,-13.6932373046875,42.2943115234375,-39.8162841796875,-0.6407762169837952,-0.056958381086587906,-2.671400547027588,-2,-2,6182,41525,0,2147483647,0.0,0.0,0,0,0,,5,460,0,6182,41525,0,2147483647,0.0,0.0,16,4,-81,GSM,460,0,6182,41607,0,2147483647,0.0,0.0,19,4,-75,GSM,460,0,6182,44772,0,2147483647,0.0,0.0,15,4,-83,GSM,460,0,6182,44754,0,2147483647,0.0,0.0,17,4,-79,GSM,460,0,6182,41525,0,2147483647,0.0,0.0,12,4,-89,GSM
1510999882513,121.21664993,31.29019339,22.0,6.0,3.35,-57,true,-1,-1,5,99.0,4000.0,-13.52386474609375,38.0950927734375,-41.9158935546875,-0.7582484483718872,-0.08967097103595734,-2.589026689529419,-2,-2,6182,41525,0,2147483647,0.0,0.0,0,0,0,,5,460,0,6182,41525,0,2147483647,0.0,0.0,15,4,-83,GSM,460,0,6182,41607,0,2147483647,0.0,0.0,19,4,-75,GSM,460,0,6182,44772,0,2147483647,0.0,0.0,15,4,-83,GSM,460,0,6182,44754,0,2147483647,0.0,0.0,17,4,-79,GSM,460,0,6182,41525,0,2147483647,0.0,0.0,12,4,-89,GSM
1510999883585,121.21664993,31.29019339,22.0,6.0,3.35,-57,true,-1,-1,5,99.0,4000.0,-19.05364990234375,27.89459228515625,-46.1151123046875,-1.0652194023132324,-0.17633773386478424,-2.5940489768981934,-2,-2,6182,41525,0,2147483647,0.0,0.0,0,0,0,,5,460,0,6182,41525,0,2147483647,0.0,0.0,15,4,-83,GSM,460,0,6182,41607,0,2147483647,0.0,0.0,19,4,-75,GSM,460,0,6182,44772,0,2147483647,0.0,0.0,15,4,-83,GSM,460,0,6182,44754,0,2147483647,0.0,0.0,17,4,-79,GSM,460,0,6182,41525,0,2147483647,0.0,0.0,12,4,-89,GSM
1510999884666,121.21671843,31.29020713,25.0,6.0,2.6704683,-57,true,-1,-1,5,99.0,4000.0,-14.56298828125,40.49530029296875,-46.71630859375,-0.7109501361846924,0.02794790267944336,-2.627101182937622,-2,-2,6182,41525,0,2147483647,0.0,0.0,0,0,0,,3,460,0,6182,41525,0,2147483647,0.0,0.0,14,4,-85,GSM,460,0,6182,44771,0,2147483647,0.0,0.0,21,4,-71,GSM,0,0,0,-1,0,2147483647,0.0,0.0,18,4,-77,GSM
1510999885739,121.21671843,31.29020713,25.0,6.0,2.6704683,-57,true,-1,-1,5,99.0,4000.0,-8.843994140625,38.995361328125,-42.816162109375,-0.6252601742744446,0.02334195002913475,-2.629242420196533,-2,-2,6182,41525,0,2147483647,0.0,0.0,0,0,0,,3,460,0,6182,41525,0,2147483647,0.0,0.0,14,4,-85,GSM,460,0,6182,44771,0,2147483647,0.0,0.0,21,4,-71,GSM,0,0,0,-1,0,2147483647,0.0,0.0,18,4,-77,GSM
1510999886810,121.21677217,31.29021518,24.0,6.0,1.7613915,-57,true,-1,-1,5,99.0,4000.0,-12.48321533203125,30.59539794921875,-43.115234375,-0.8416587114334106,0.002928354311734438,-2.5522332191467285,-2,-2,6182,41525,0,2147483647,0.0,0.0,0,0,0,,6,460,0,6182,41525,0,2147483647,0.0,0.0,13,4,-87,GSM,460,0,6182,44771,0,2147483647,0.0,0.0,20,4,-73,GSM,0,0,0,-1,0,2147483647,0.0,0.0,17,4,-79,GSM,460,0,6182,41503,0,2147483647,0.0,0.0,19,4,-75,GSM,0,0,0,-1,0,2147483647,0.0,0.0,17,4,-79,GSM,0,0,0,-1,0,2147483647,0.0,0.0,16,4,-81,GSM
1510999887902,121.21677217,31.29021518,24.0,6.0,1.7613915,-57,true,-1,-1,5,99.0,4000.0,-13.17291259765625,30.59539794921875,-43.115234375,-0.8301709890365601,0.0014799514319747686,-2.599980354309082,-2,-2,6182,41525,0,2147483647,0.0,0.0,0,0,0,,6,460,0,6182,41525,0,2147483647,0.0,0.0,13,4,-87,GSM,460,0,6182,44771,0,2147483647,0.0,0.0,20,4,-73,GSM,0,0,0,-1,0,2147483647,0.0,0.0,17,4,-79,GSM,460,0,6182,41503,0,2147483647,0.0,0.0,19,4,-75,GSM,0,0,0,-1,0,2147483647,0.0,0.0,17,4,-79,GSM,0,0,0,-1,0,2147483647,0.0,0.0,16,4,-81,GSM
1510999888958,121.21679348,31.29023362,24.0,7.0,1.2101653,-57,true,-1,-1,5,99.0,4000.0,-15.08331298828125,31.195068359375,-42.2149658203125,-0.8076515197753906,0.04434157907962799,-2.6258671283721924,-2,-2,6182,41525,0,2147483647,0.0,0.0,0,0,0,,7,460,0,6182,41525,0,2147483647,0.0,0.0,11,3,-91,GSM,460,0,6182,44771,0,2147483647,0.0,0.0,19,4,-75,GSM,460,0,6188,41075,0,2147483647,0.0,0.0,17,4,-79,GSM,460,0,6182,41503,0,2147483647,0.0,0.0,19,4,-75,GSM,460,0,6182,44772,0,2147483647,0.0,0.0,16,4,-81,GSM,0,0,0,-1,0,2147483647,0.0,0.0,16,4,-81,GSM,0,0,0,-1,0,2147483647,0.0,0.0,17,4,-79,GSM
1510999890030,121.21679348,31.29023362,24.0,7.0,1.2101653,-57,true,-1,-1,5,99.0,4000.0,-14.21356201171875,33.59527587890625,-40.1153564453125,-0.7927910685539246,0.022663109004497528,-2.5306127071380615,-2,-2,6182,41525,0,2147483647,0.0,0.0,0,0,0,,7,460,0,6182,41525,0,2147483647,0.0,0.0,11,3,-91,GSM,460,0,6182,44771,0,2147483647,0.0,0.0,19,4,-75,GSM,460,0,6188,41075,0,2147483647,0.0,0.0,17,4,-79,GSM,460,0,6182,41503,0,2147483647,0.0,0.0,19,4,-75,GSM,460,0,6182,44772,0,2147483647,0.0,0.0,16,4,-81,GSM,0,0,0,-1,0,2147483647,0.0,0.0,16,4,-81,GSM,0,0,0,-1,0,2147483647,0.0,0.0,17,4,-79,GSM
1510999891119,121.21681659,31.29022823,26.0,9.0,0.7017834,-57,true,-1,-1,5,99.0,4000.0,-10.5743408203125,30.2947998046875,-40.41595458984375,-0.8072482943534851,0.03325286880135536,-2.5045344829559326,-2,-2,6182,41525,0,2147483647,0.0,0.0,0,0,0,,6,460,0,6182,41525,0,2147483647,0.0,0.0,11,3,-91,GSM,460,0,6182,44771,0,2147483647,0.0,0.0,20,4,-73,GSM,460,0,6188,41075,0,2147483647,0.0,0.0,17,4,-79,GSM,460,0,6182,41503,0,2147483647,0.0,0.0,19,4,-75,GSM,460,0,6188,41100,0,2147483647,0.0,0.0,16,4,-81,GSM,460,0,6188,41065,0,2147483647,0.0,0.0,16,4,-81,GSM
1510999892184,121.21681659,31.29022823,26.0,9.0,0.7017834,-57,true,-1,-1,5,99.0,4000.0,-27.0233154296875,32.3944091796875,-52.11639404296875,-1.0010584592819214,0.029334930703043938,-2.5386788845062256,-2,-2,6182,41525,0,2147483647,0.0,0.0,0,0,0,,6,460,0,6182,41525,0,2147483647,0.0,0.0,11,3,-91,GSM,460,0,6182,44771,0,2147483647,0.0,0.0,20,4,-73,GSM,460,0,6188,41075,0,2147483647,0.0,0.0,17,4,-79,GSM,460,0,6182,41503,0,2147483647,0.0,0.0,19,4,-75,GSM,460,0,6188,41100,0,2147483647,0.0,0.0,16,4,-81,GSM,460,0,6188,41065,0,2147483647,0.0,0.0,16,4,-81,GSM
1510999893253,121.21682033,31.29022433,25.0,6.0,0.30149627,-57,true,-1,-1,5,99.0,4000.0,-15.94390869140625,35.09521484375,-57.5164794921875,-0.931495726108551,-0.03883799910545349,-2.5546317100524902,-2,-2,6182,41503,0,2147483647,0.0,0.0,0,0,0,,6,460,0,6182,41503,0,2147483647,0.0,0.0,18,4,-77,GSM,460,0,6182,44771,0,2147483647,0.0,0.0,19,4,-75,GSM,460,0,6188,41075,0,2147483647,0.0,0.0,17,4,-79,GSM,460,0,6182,44772,0,2147483647,0.0,0.0,17,4,-79,GSM,0,0,0,-1,0,2147483647,0.0,0.0,16,4,-81,GSM,0,0,0,-1,0,2147483647,0.0,0.0,16,4,-81,GSM
1510999894343,121.21682033,31.29022433,25.0,6.0,0.30149627,-57,true,-1,-1,5,99.0,4000.0,-11.962890625,47.69439697265625,-51.8157958984375,-0.6651982665061951,0.12124627083539963,-2.5050876140594482,-2,-2,6182,41503,0,2147483647,0.0,0.0,0,0,0,,6,460,0,6182,41503,0,2147483647,0.0,0.0,18,4,-77,GSM,460,0,6182,44771,0,2147483647,0.0,0.0,19,4,-75,GSM,460,0,6188,41075,0,2147483647,0.0,0.0,17,4,-79,GSM,460,0,6182,44772,0,2147483647,0.0,0.0,17,4,-79,GSM,0,0,0,-1,0,2147483647,0.0,0.0,16,4,-81,GSM,0,0,0,-1,0,2147483647,0.0,0.0,16,4,-81,GSM
1510999895409,121.21684698,31.29019955,23.0,6.0,0.8528775,-57,true,-1,-1,5,99.0,4000.0,-11.61346435546875,36.89422607421875,-44.61517333984375,-0.7706122398376465,-0.03973466902971268,-2.5468685626983643,-2,-2,6182,41503,0,2147483647,0.0,0.0,0,0,0,,5,460,0,6182,41503,0,2147483647,0.0,0.0,18,4,-77,GSM,460,0,6182,44771,0,2147483647,0.0,0.0,19,4,-75,GSM,460,0,6188,41075,0,2147483647,0.0,0.0,17,4,-79,GSM,460,0,6182,44772,0,2147483647,0.0,0.0,17,4,-79,GSM,0,0,0,-1,0,2147483647,0.0,0.0,16,4,-81,GSM
1510999896481,121.21684698,31.29019955,23.0,6.0,0.8528775,-57,true,-1,-1,5,99.0,4000.0,-8.4930419921875,37.79449462890625,-39.215087890625,-0.6009664535522461,-0.018068308010697365,-2.665456771850586,-2,-2,6182,41503,0,2147483647,0.0,0.0,0,0,0,,5,460,0,6182,41503,0,2147483647,0.0,0.0,18,4,-77,GSM,460,0,6182,44771,0,2147483647,0.0,0.0,19,4,-75,GSM,460,0,6188,41075,0,2147483647,0.0,0.0,17,4,-79,GSM,460,0,6182,44772,0,2147483647,0.0,0.0,17,4,-79,GSM,0,0,0,-1,0,2147483647,0.0,0.0,16,4,-81,GSM
1510999897568,121.21686599,31.29020361,20.0,5.0,1.401285,-57,true,-1,-1,5,99.0,4000.0,-22.86376953125,42.59490966796875,-43.7164306640625,-0.7073529958724976,0.10217570513486862,-2.7159414291381836,-2,-2,6182,41503,0,2147483647,0.0,0.0,0,0,0,,5,460,0,6182,41503,0,2147483647,0.0,0.0,19,4,-75,GSM,460,0,6182,44771,0,2147483647,0.0,0.0,19,4,-75,GSM,460,0,6188,41075,0,2147483647,0.0,0.0,17,4,-79,GSM,460,0,6182,44772,0,2147483647,0.0,0.0,17,4,-79,GSM,0,0,0,-1,0,2147483647,0.0,0.0,16,4,-81,GSM
1510999898628,121.21686599,31.29020361,20.0,5.0,1.401285,-57,true,-1,-1,5,99.0,4000.0,-11.0931396484375,41.69464111328125,-37.115478515625,-0.5944439768791199,0.05943024158477783,-2.5797810554504395,-2,-2,6182,41503,0,2147483647,0.0,0.0,0,0,0,,5,460,0,6182,41503,0,2147483647,0.0,0.0,19,4,-75,GSM,460,0,6182,44771,0,2147483647,0.0,0.0,19,4,-75,GSM,460,0,6188,41075,0,2147483647,0.0,0.0,17,4,-79,GSM,460,0,6182,44772,0,2147483647,0.0,0.0,17,4,-79,GSM,0,0,0,-1,0,2147483647,0.0,0.0,16,4,-81,GSM
1510999899698,121.21690248,31.2902106,19.0,5.0,2.032978,-57,true,-1,-1,5,99.0,4000.0,-25.4638671875,43.49517822265625,-42.2149658203125,-0.777500331401825,0.013869560323655605,-2.619023561477661,-2,-2,6182,41503,0,2147483647,0.0,0.0,0,0,0,,7,460,0,6182,41503,0,2147483647,0.0,0.0,20,4,-73,GSM,460,0,6182,44771,0,2147483647,0.0,0.0,19,4,-75,GSM,460,0,6188,41075,0,2147483647,0.0,0.0,17,4,-79,GSM,460,0,6182,44772,0,2147483647,0.0,0.0,18,4,-77,GSM,0,0,0,-1,0,2147483647,0.0,0.0,16,4,-81,GSM,0,0,0,-1,0,2147483647,0.0,0.0,18,4,-77,GSM,0,0,0,-1,0,2147483647,0.0,0.0,15,4,-83,GSM
1510999900786,121.21690248,31.2902106,19.0,5.0,2.032978,-57,true,-1,-1,5,99.0,4000.0,-27.8839111328125,38.995361328125,-52.41546630859375,-0.964311957359314,-0.053217411041259766,-2.476344585418701,-2,-2,6182,41503,0,2147483647,0.0,0.0,0,0,0,,7,460,0,6182,41503,0,2147483647,0.0,0.0,20,4,-73,GSM,460,0,6182,44771,0,2147483647,0.0,0.0,19,4,-75,GSM,460,0,6188,41075,0,2147483647,0.0,0.0,17,4,-79,GSM,460,0,6182,44772,0,2147483647,0.0,0.0,18,4,-77,GSM,0,0,0,-1,0,2147483647,0.0,0.0,16,4,-81,GSM,0,0,0,-1,0,2147483647,0.0,0.0,18,4,-77,GSM,0,0,0,-1,0,2147483647,0.0,0.0,15,4,-83,GSM
1510999901852,121.21696053,31.29020962,19.0,4.0,2.714148,-57,true,-1,-1,5,99.0,4000.0,-23.553466796875,33.59527587890625,-56.915283203125,-1.0341111421585083,0.06421609222888947,-2.284214496612549,-2,-2,6182,41503,0,2147483647,0.0,0.0,0,0,0,,7,460,0,6182,41503,0,2147483647,0.0,0.0,19,4,-75,GSM,460,0,6182,44771,0,2147483647,0.0,0.0,19,4,-75,GSM,460,0,6188,41075,0,2147483647,0.0,0.0,17,4,-79,GSM,460,0,6182,44772,0,2147483647,0.0,0.0,18,4,-77,GSM,0,0,0,-1,0,2147483647,0.0,0.0,16,4,-81,GSM,460,0,6188,41148,0,2147483647,0.0,0.0,21,4,-71,GSM,460,0,6188,41123,0,2147483647,0.0,0.0,15,4,-83,GSM
1510999902920,121.21696053,31.29020962,19.0,4.0,2.714148,-57,true,-1,-1,5,99.0,4000.0,-9.7137451171875,34.49554443359375,-46.1151123046875,-0.8733109831809998,-0.12599535286426544,-2.4686899185180664,-2,-2,6182,41503,0,2147483647,0.0,0.0,0,0,0,,7,460,0,6182,41503,0,2147483647,0.0,0.0,19,4,-75,GSM,460,0,6182,44771,0,2147483647,0.0,0.0,19,4,-75,GSM,460,0,6188,41075,0,2147483647,0.0,0.0,17,4,-79,GSM,460,0,6182,44772,0,2147483647,0.0,0.0,18,4,-77,GSM,0,0,0,-1,0,2147483647,0.0,0.0,16,4,-81,GSM,460,0,6188,41148,0,2147483647,0.0,0.0,21,4,-71,GSM,460,0,6188,41123,0,2147483647,0.0,0.0,15,4,-83,GSM
1510999904012,121.21702748,31.29020872,18.0,5.0,2.9802685,-57,true,-1,-1,5,99.0,4000.0,-14.90325927734375,38.0950927734375,-43.115234375,-0.7655734419822693,-0.014932861551642418,-2.5573744773864746,-2,-2,6182,41503,0,2147483647,0.0,0.0,0,0,0,,6,460,0,6182,41503,0,2147483647,0.0,0.0,19,4,-75,GSM,460,0,6182,44771,0,2147483647,0.0,0.0,19,4,-75,GSM,460,0,6188,41075,0,2147483647,0.0,0.0,17,4,-79,GSM,460,0,6182,44772,0,2147483647,0.0,0.0,19,4,-75,GSM,0,0,0,-1,0,2147483647,0.0,0.0,16,4,-81,GSM,460,0,6188,41148,0,2147483647,0.0,0.0,21,4,-71,GSM
1510999905076,121.21702748,31.29020872,18.0,5.0,2.9802685,-57,true,-1,-1,5,99.0,4000.0,-22.86376953125,38.0950927734375,-52.11639404296875,-0.9503877758979797,-0.0959879457950592,-2.5093462467193604,-2,-2,6182,41503,0,2147483647,0.0,0.0,0,0,0,,6,460,0,6182,41503,0,2147483647,0.0,0.0,19,4,-75,GSM,460,0,6182,44771,0,2147483647,0.0,0.0,19,4,-75,GSM,460,0,6188,41075,0,2147483647,0.0,0.0,17,4,-79,GSM,460,0,6182,44772,0,2147483647,0.0,0.0,19,4,-75,GSM,0,0,0,-1,0,2147483647,0.0,0.0,16,4,-81,GSM,460,0,6188,41148,0,2147483647,0.0,0.0,21,4,-71,GSM
1510999906152,121.21713988,31.29020443,19.0,5.0,3.600222,-57,true,-1,-1,5,99.0,4000.0,-16.973876953125,32.0953369140625,-52.11639404296875,-1.030973196029663,-0.13556241989135742,-2.442012310028076,-2,-2,6182,41503,0,2147483647,0.0,0.0,0,0,0,,6,460,0,6182,41503,0,2147483647,0.0,0.0,19,4,-75,GSM,460,0,6182,44771,0,2147483647,0.0,0.0,19,4,-75,GSM,460,0,6188,41075,0,2147483647,0.0,0.0,17,4,-79,GSM,460,0,6182,44772,0,2147483647,0.0,0.0,19,4,-75,GSM,0,0,0,-1,0,2147483647,0.0,0.0,16,4,-81,GSM,460,0,6188,41148,0,2147483647,0.0,0.0,21,4,-71,GSM
1510999907237,121.21713988,31.29020443,19.0,5.0,3.600222,-57,true,-1,-1,5,99.0,4000.0,-14.21356201171875,35.9954833984375,-41.31622314453125,-0.7210028171539307,0.043119654059410095,-2.6271772384643555,-2,-2,6182,41503,0,2147483647,0.0,0.0,0,0,0,,6,460,0,6182,41503,0,2147483647,0.0,0.0,19,4,-75,GSM,460,0,6182,44771,0,2147483647,0.0,0.0,19,4,-75,GSM,460,0,6188,41075,0,2147483647,0.0,0.0,17,4,-79,GSM,460,0,6182,44772,0,2147483647,0.0,0.0,19,4,-75,GSM,0,0,0,-1,0,2147483647,0.0,0.0,16,4,-81,GSM,460,0,6188,41148,0,2147483647,0.0,0.0,21,4,-71,GSM
1510999908296,121.21723021,31.29022967,19.0,6.0,4.021007,-57,true,-1,-1,5,99.0,4000.0,-13.34381103515625,36.89422607421875,-39.215087890625,-0.7269766330718994,0.056961577385663986,-2.5082693099975586,-2,-2,6182,41503,0,2147483647,0.0,0.0,0,0,0,,6,460,0,6182,41503,0,2147483647,0.0,0.0,19,4,-75,GSM,460,0,6182,44771,0,2147483647,0.0,0.0,20,4,-73,GSM,460,0,6188,41075,0,2147483647,0.0,0.0,17,4,-79,GSM,460,0,6182,44772,0,2147483647,0.0,0.0,19,4,-75,GSM,0,0,0,-1,0,2147483647,0.0,0.0,16,4,-81,GSM,460,0,6188,41148,0,2147483647,0.0,0.0,21,4,-71,GSM
1510999909366,121.21723021,31.29022967,19.0,6.0,4.021007,-57,true,-1,-1,5,99.0,4000.0,-20.78399658203125,38.0950927734375,-54.51507568359375,-0.9056220650672913,0.009755316190421581,-2.5101723670959473,-2,-2,6182,41503,0,2147483647,0.0,0.0,0,0,0,,6,460,0,6182,41503,0,2147483647,0.0,0.0,19,4,-75,GSM,460,0,6182,44771,0,2147483647,0.0,0.0,20,4,-73,GSM,460,0,6188,41075,0,2147483647,0.0,0.0,17,4,-79,GSM,460,0,6182,44772,0,2147483647,0.0,0.0,19,4,-75,GSM,0,0,0,-1,0,2147483647,0.0,0.0,16,4,-81,GSM,460,0,6188,41148,0,2147483647,0.0,0.0,21,4,-71,GSM
1510999910204,121.21732602,31.2902487,20.0,5.0,4.26,-57,true,-1,-1,5,99.0,4000.0,-13.0035400390625,41.69464111328125,-45.21636962890625,-0.7083221673965454,0.03759418800473213,-2.528888702392578,-2,-2,6182,41503,0,2147483647,0.0,0.0,0,0,0,,6,460,0,6182,41503,0,2147483647,0.0,0.0,19,4,-75,GSM,460,0,6182,44771,0,2147483647,0.0,0.0,20,4,-73,GSM,460,0,6188,41075,0,2147483647,0.0,0.0,18,4,-77,GSM,460,0,6182,44772,0,2147483647,0.0,0.0,19,4,-75,GSM,460,0,6188,41122,0,2147483647,0.0,0.0,15,4,-83,GSM,460,0,6188,41148,0,2147483647,0.0,0.0,21,4,-71,GSM
1510999911280,121.21732602,31.2902487,20.0,5.0,4.26,-57,true,-1,-1,5,99.0,4000.0,-13.6932373046875,38.69476318359375,-43.41583251953125,-0.729576051235199,-0.0070991721004247665,-2.590174913406372,-2,-2,6182,41503,0,2147483647,0.0,0.0,0,0,0,,6,460,0,6182,41503,0,2147483647,0.0,0.0,19,4,-75,GSM,460,0,6182,44771,0,2147483647,0.0,0.0,20,4,-73,GSM,460,0,6188,41075,0,2147483647,0.0,0.0,18,4,-77,GSM,460,0,6182,44772,0,2147483647,0.0,0.0,19,4,-75,GSM,460,0,6188,41122,0,2147483647,0.0,0.0,15,4,-83,GSM,460,0,6188,41148,0,2147483647,0.0,0.0,21,4,-71,GSM
1510999912339,121.21741663,31.29027239,14.0,6.0,4.331397,-57,true,-1,-1,5,99.0,4000.0,-15.6036376953125,38.3941650390625,-40.1153564453125,-0.7577394843101501,-0.013340355828404427,-2.5208067893981934,-2,-2,6182,41503,0,2147483647,0.0,0.0,0,0,0,,6,460,0,6182,41503,0,2147483647,0.0,0.0,18,4,-77,GSM,460,0,6182,44771,0,2147483647,0.0,0.0,19,4,-75,GSM,460,0,6188,41075,0,2147483647,0.0,0.0,18,4,-77,GSM,460,0,6182,44772,0,2147483647,0.0,0.0,19,4,-75,GSM,460,0,6188,41122,0,2147483647,0.0,0.0,15,4,-83,GSM,460,0,6188,41148,0,2147483647,0.0,0.0,21,4,-71,GSM
1510999913431,121.21741663,31.29027239,14.0,6.0,4.331397,-57,true,-1,-1,5,99.0,4000.0,-21.65374755859375,39.89410400390625,-44.61517333984375,-0.7962812185287476,0.04553211107850075,-2.5848443508148193,-2,-2,6182,41503,0,2147483647,0.0,0.0,0,0,0,,6,460,0,6182,41503,0,2147483647,0.0,0.0,18,4,-77,GSM,460,0,6182,44771,0,2147483647,0.0,0.0,19,4,-75,GSM,460,0,6188,41075,0,2147483647,0.0,0.0,18,4,-77,GSM,460,0,6182,44772,0,2147483647,0.0,0.0,19,4,-75,GSM,460,0,6188,41122,0,2147483647,0.0,0.0,15,4,-83,GSM,460,0,6188,41148,0,2147483647,0.0,0.0,21,4,-71,GSM
1510999914497,121.21750709,31.29028899,15.0,6.0,4.5303974,-57,true,-1,-1,5,99.0,4000.0,-20.61309814453125,40.79437255859375,-41.61529541015625,-0.7672526240348816,-0.036645568907260895,-2.628354549407959,-2,-2,6182,41503,0,2147483647,0.0,0.0,0,0,0,,6,460,0,6182,41503,0,2147483647,0.0,0.0,18,4,-77,GSM,460,0,6182,44771,0,2147483647,0.0,0.0,19,4,-75,GSM,460,0,6188,41075,0,2147483647,0.0,0.0,18,4,-77,GSM,460,0,6182,44772,0,2147483647,0.0,0.0,19,4,-75,GSM,460,0,6188,41122,0,2147483647,0.0,0.0,15,4,-83,GSM,460,0,6188,41148,0,2147483647,0.0,0.0,21,4,-71,GSM
1510999915819,121.21750709,31.29028899,15.0,6.0,4.5303974,-57,true,-1,-1,5,99.0,4000.0,-25.1129150390625,39.59503173828125,-41.61529541015625,-0.8782684206962585,-0.10308486968278885,-2.4855520725250244,-2,-2,6182,41503,0,2147483647,0.0,0.0,0,0,0,,6,460,0,6182,41503,0,2147483647,0.0,0.0,18,4,-77,GSM,460,0,6182,44771,0,2147483647,0.0,0.0,19,4,-75,GSM,460,0,6188,41075,0,2147483647,0.0,0.0,18,4,-77,GSM,460,0,6182,44772,0,2147483647,0.0,0.0,19,4,-75,GSM,460,0,6188,41122,0,2147483647,0.0,0.0,15,4,-83,GSM,460,0,6188,41148,0,2147483647,0.0,0.0,21,4,-71,GSM
1510999916617,121.21760876,31.29029039,15.0,7.0,4.4605494,-57,true,-1,-1,5,99.0,4000.0,-22.69287109375,37.79449462890625,-44.0155029296875,-0.8532260656356812,-0.005854069720953703,-2.560091972351074,-2,-2,6182,41503,0,2147483647,0.0,0.0,0,0,0,,6,460,0,6182,41503,0,2147483647,0.0,0.0,18,4,-77,GSM,460,0,6182,44771,0,2147483647,0.0,0.0,19,4,-75,GSM,460,0,6188,41075,0,2147483647,0.0,0.0,18,4,-77,GSM,460,0,6182,44772,0,2147483647,0.0,0.0,19,4,-75,GSM,460,0,6188,41122,0,2147483647,0.0,0.0,15,4,-83,GSM,460,0,6188,41148,0,2147483647,0.0,0.0,21,4,-71,GSM
1510999917726,121.21760876,31.29029039,15.0,7.0,4.4605494,-57,true,-1,-1,5,99.0,4000.0,-21.8231201171875,36.59515380859375,-41.31622314453125,-0.826313853263855,0.041221000254154205,-2.569727659225464,-2,-2,6182,41503,0,2147483647,0.0,0.0,0,0,0,,6,460,0,6182,41503,0,2147483647,0.0,0.0,18,4,-77,GSM,460,0,6182,44771,0,2147483647,0.0,0.0,19,4,-75,GSM,460,0,6188,41075,0,2147483647,0.0,0.0,18,4,-77,GSM,460,0,6182,44772,0,2147483647,0.0,0.0,19,4,-75,GSM,460,0,6188,41122,0,2147483647,0.0,0.0,15,4,-83,GSM,460,0,6188,41148,0,2147483647,0.0,0.0,21,4,-71,GSM
1510999918768,121.21770907,31.29029798,15.0,7.0,4.48,-57,true,-1,-1,5,99.0,4000.0,-17.14324951171875,41.69464111328125,-44.0155029296875,-0.7385930418968201,0.04194154590368271,-2.5435268878936768,-2,-2,6182,41503,0,2147483647,0.0,0.0,0,0,0,,6,460,0,6182,41503,0,2147483647,0.0,0.0,19,4,-75,GSM,460,0,6182,44771,0,2147483647,0.0,0.0,19,4,-75,GSM,460,0,6188,41075,0,2147483647,0.0,0.0,18,4,-77,GSM,460,0,6182,44772,0,2147483647,0.0,0.0,20,4,-73,GSM,460,0,6188,41122,0,2147483647,0.0,0.0,15,4,-83,GSM,460,0,6188,41148,0,2147483647,0.0,0.0,21,4,-71,GSM
1510999919865,121.21770907,31.29029798,15.0,7.0,4.48,-57,true,-1,-1,5,99.0,4000.0,-24.774169921875,35.69488525390625,-48.81591796875,-0.9392846822738647,-0.023334069177508354,-2.5440685749053955,-2,-2,6182,41503,0,2147483647,0.0,0.0,0,0,0,,6,460,0,6182,41503,0,2147483647,0.0,0.0,19,4,-75,GSM,460,0,6182,44771,0,2147483647,0.0,0.0,19,4,-75,GSM,460,0,6188,41075,0,2147483647,0.0,0.0,18,4,-77,GSM,460,0,6182,44772,0,2147483647,0.0,0.0,20,4,-73,GSM,460,0,6188,41122,0,2147483647,0.0,0.0,15,4,-83,GSM,460,0,6188,41148,0,2147483647,0.0,0.0,21,4,-71,GSM
1510999920922,121.21782242,31.29031414,15.0,5.0,4.231371,-57,true,-1,-1,5,99.0,4000.0,-24.5941162109375,41.39404296875,-44.915771484375,-0.8460162878036499,-0.00392936123535037,-2.496934175491333,-2,-2,6182,41503,0,2147483647,0.0,0.0,0,0,0,,6,460,0,6182,41503,0,2147483647,0.0,0.0,18,4,-77,GSM,460,0,6182,44771,0,2147483647,0.0,0.0,19,4,-75,GSM,460,0,6188,41075,0,2147483647,0.0,0.0,18,4,-77,GSM,460,0,6182,44772,0,2147483647,0.0,0.0,20,4,-73,GSM,460,0,6188,41122,0,2147483647,0.0,0.0,15,4,-83,GSM,460,0,6188,41148,0,2147483647,0.0,0.0,21,4,-71,GSM
1510999921991,121.21782242,31.29031414,15.0,5.0,4.231371,-57,true,-1,-1,5,99.0,4000.0,-24.774169921875,38.0950927734375,-50.0152587890625,-0.8814802169799805,0.014897833578288555,-2.6080820560455322,-2,-2,6182,41503,0,2147483647,0.0,0.0,0,0,0,,6,460,0,6182,41503,0,2147483647,0.0,0.0,18,4,-77,GSM,460,0,6182,44771,0,2147483647,0.0,0.0,19,4,-75,GSM,460,0,6188,41075,0,2147483647,0.0,0.0,18,4,-77,GSM,460,0,6182,44772,0,2147483647,0.0,0.0,20,4,-73,GSM,460,0,6188,41122,0,2147483647,0.0,0.0,15,4,-83,GSM,460,0,6188,41148,0,2147483647,0.0,0.0,21,4,-71,GSM
1510999923063,121.21792182,31.29030075,15.0,4.0,4.360562,-57,true,-1,-1,5,99.0,4000.0,-26.50299072265625,45.294189453125,-48.81591796875,-0.8174188137054443,0.005531937815248966,-2.5791594982147217,-2,-2,6182,41503,0,2147483647,0.0,0.0,0,0,0,,6,460,0,6182,41503,0,2147483647,0.0,0.0,16,4,-81,GSM,460,0,6182,44771,0,2147483647,0.0,0.0,20,4,-73,GSM,460,0,6188,41075,0,2147483647,0.0,0.0,18,4,-77,GSM,460,0,6182,44772,0,2147483647,0.0,0.0,19,4,-75,GSM,460,0,6188,41122,0,2147483647,0.0,0.0,14,4,-85,GSM,460,0,6188,41148,0,2147483647,0.0,0.0,20,4,-73,GSM
1510999924158,121.21792182,31.29030075,15.0,4.0,4.360562,-57,true,-1,-1,5,99.0,4000.0,-28.06396484375,47.9949951171875,-46.1151123046875,-0.7438209652900696,0.09223882108926773,-2.6567370891571045,-2,-2,6182,41503,0,2147483647,0.0,0.0,0,0,0,,6,460,0,6182,41503,0,2147483647,0.0,0.0,16,4,-81,GSM,460,0,6182,44771,0,2147483647,0.0,0.0,20,4,-73,GSM,460,0,6188,41075,0,2147483647,0.0,0.0,18,4,-77,GSM,460,0,6182,44772,0,2147483647,0.0,0.0,19,4,-75,GSM,460,0,6188,41122,0,2147483647,0.0,0.0,14,4,-85,GSM,460,0,6188,41148,0,2147483647,0.0,0.0,20,4,-73,GSM
1510999925215,121.21803473,31.29028358,13.0,5.0,3.6349692,-57,true,-1,-1,5,99.0,4000.0,-37.58392333984375,58.49456787109375,-51.8157958984375,-0.7801239490509033,0.03740411624312401,-2.605483055114746,-2,-2,6182,41503,0,2147483647,0.0,0.0,0,0,0,,6,460,0,6182,41503,0,2147483647,0.0,0.0,15,4,-83,GSM,460,0,6182,44771,0,2147483647,0.0,0.0,20,4,-73,GSM,460,0,6188,41075,0,2147483647,0.0,0.0,19,4,-75,GSM,460,0,6182,44772,0,2147483647,0.0,0.0,19,4,-75,GSM,460,0,6188,41122,0,2147483647,0.0,0.0,14,4,-85,GSM,460,0,6188,41148,0,2147483647,0.0,0.0,20,4,-73,GSM
1510999926286,121.21803473,31.29028358,13.0,5.0,3.6349692,-57,true,-1,-1,5,99.0,4000.0,-41.22314453125,72.894287109375,-55.7159423828125,-0.7007067799568176,0.03167746961116791,-2.6624088287353516,-2,-2,6182,41503,0,2147483647,0.0,0.0,0,0,0,,6,460,0,6182,41503,0,2147483647,0.0,0.0,15,4,-83,GSM,460,0,6182,44771,0,2147483647,0.0,0.0,20,4,-73,GSM,460,0,6188,41075,0,2147483647,0.0,0.0,19,4,-75,GSM,460,0,6182,44772,0,2147483647,0.0,0.0,19,4,-75,GSM,460,0,6188,41122,0,2147483647,0.0,0.0,14,4,-85,GSM,460,0,6188,41148,0,2147483647,0.0,0.0,20,4,-73,GSM
1510999927375,121.21808611,31.29024798,18.0,4.0,3.388687,-57,true,-1,-1,5,99.0,4000.0,-39.14337158203125,89.09454345703125,-58.11614990234375,-0.5261201858520508,0.05559522658586502,-2.873649835586548,-2,-2,6182,44771,0,2147483647,0.0,0.0,0,0,0,,5,460,0,6182,44771,0,2147483647,0.0,0.0,31,4,-51,GSM,460,0,6188,41075,0,2147483647,0.0,0.0,19,4,-75,GSM,460,0,6182,44772,0,2147483647,0.0,0.0,19,4,-75,GSM,0,0,0,-1,0,2147483647,0.0,0.0,19,4,-75,GSM,0,0,0,-1,0,2147483647,0.0,0.0,15,4,-83,GSM
1510999928437,121.21808611,31.29024798,18.0,4.0,3.388687,-57,true,-1,-1,5,99.0,4000.0,-25.1129150390625,103.4942626953125,-51.8157958984375,-0.4221249520778656,-0.07626797258853912,-2.692387104034424,-2,-2,6182,44771,0,2147483647,0.0,0.0,0,0,0,,5,460,0,6182,44771,0,2147483647,0.0,0.0,31,4,-51,GSM,460,0,6188,41075,0,2147483647,0.0,0.0,19,4,-75,GSM,460,0,6182,44772,0,2147483647,0.0,0.0,19,4,-75,GSM,0,0,0,-1,0,2147483647,0.0,0.0,19,4,-75,GSM,0,0,0,-1,0,2147483647,0.0,0.0,15,4,-83,GSM
1510999929509,121.21812689,31.29020039,19.0,5.0,1.976082,-57,true,-1,-1,5,99.0,4000.0,-2.9541015625,97.1954345703125,-38.61541748046875,-0.21249893307685852,-0.052487652748823166,-2.65799617767334,-2,-2,6182,44771,0,2147483647,0.0,0.0,0,0,0,,5,460,0,6182,44771,0,2147483647,0.0,0.0,31,4,-51,GSM,460,0,6188,41075,0,2147483647,0.0,0.0,19,4,-75,GSM,460,0,6182,44772,0,2147483647,0.0,0.0,22,4,-69,GSM,460,0,6188,41065,0,2147483647,0.0,0.0,19,4,-75,GSM,0,0,0,-1,0,2147483647,0.0,0.0,15,4,-83,GSM
1510999930595,121.21812689,31.29020039,19.0,5.0,1.976082,-57,true,-1,-1,5,99.0,4000.0,-8.843994140625,78.594970703125,-31.41632080078125,-0.37188810110092163,-0.16912859678268433,-2.303494453430176,-2,-2,6182,44771,0,2147483647,0.0,0.0,0,0,0,,5,460,0,6182,44771,0,2147483647,0.0,0.0,31,4,-51,GSM,460,0,6188,41075,0,2147483647,0.0,0.0,19,4,-75,GSM,460,0,6182,44772,0,2147483647,0.0,0.0,22,4,-69,GSM,460,0,6188,41065,0,2147483647,0.0,0.0,19,4,-75,GSM,0,0,0,-1,0,2147483647,0.0,0.0,15,4,-83,GSM
1510999931662,121.21811018,31.29016387,19.0,5.0,1.4748899,-57,true,-1,-1,5,99.0,4000.0,-7.8033447265625,66.29486083984375,-31.41632080078125,-0.43474212288856506,0.04528278484940529,-2.1113102436065674,-2,-2,6182,44771,0,2147483647,0.0,0.0,0,0,0,,4,460,0,6182,44771,0,2147483647,0.0,0.0,31,4,-51,GSM,460,0,6188,41075,0,2147483647,0.0,0.0,20,4,-73,GSM,460,0,6182,44772,0,2147483647,0.0,0.0,22,4,-69,GSM,460,0,6188,41065,0,2147483647,0.0,0.0,20,4,-73,GSM
1510999932732,121.21811018,31.29016387,19.0,5.0,1.4748899,-57,true,-1,-1,5,99.0,4000.0,2.58636474609375,82.4951171875,-30.2154541015625,-0.26189151406288147,-0.22148628532886505,-2.3253462314605713,-2,-2,6182,44771,0,2147483647,0.0,0.0,0,0,0,,4,460,0,6182,44771,0,2147483647,0.0,0.0,31,4,-51,GSM,460,0,6188,41075,0,2147483647,0.0,0.0,20,4,-73,GSM,460,0,6182,44772,0,2147483647,0.0,0.0,22,4,-69,GSM,460,0,6188,41065,0,2147483647,0.0,0.0,20,4,-73,GSM
1510999933816,121.21807468,31.29014904,18.0,6.0,0.76236475,-57,true,-1,-1,5,99.0,4000.0,18.865966796875,93.2952880859375,-41.015625,0.13779105246067047,0.07820764929056168,-3.0110158920288086,-2,-2,6182,44771,0,2147483647,0.0,0.0,0,0,0,,5,460,0,6182,44771,0,2147483647,0.0,0.0,31,4,-51,GSM,460,0,6188,41075,0,2147483647,0.0,0.0,20,4,-73,GSM,460,0,6182,44772,0,2147483647,0.0,0.0,24,4,-65,GSM,460,0,6188,41065,0,2147483647,0.0,0.0,20,4,-73,GSM,0,0,0,-1,0,2147483647,0.0,0.0,22,4,-69,GSM
1510999934883,121.21807468,31.29014904,18.0,6.0,0.76236475,-57,true,-1,-1,5,99.0,4000.0,16.265869140625,95.09429931640625,-40.71502685546875,0.12354227155447006,-0.04203386604785919,-3.0287368297576904,-2,-2,6182,44771,0,2147483647,0.0,0.0,0,0,0,,5,460,0,6182,44771,0,2147483647,0.0,0.0,31,4,-51,GSM,460,0,6188,41075,0,2147483647,0.0,0.0,20,4,-73,GSM,460,0,6182,44772,0,2147483647,0.0,0.0,24,4,-65,GSM,460,0,6188,41065,0,2147483647,0.0,0.0,20,4,-73,GSM,0,0,0,-1,0,2147483647,0.0,0.0,22,4,-69,GSM
1510999935953,121.21805908,31.29015155,18.0,6.0,0.17720045,-57,true,-1,-1,5,99.0,4000.0,15.7470703125,92.99468994140625,-39.215087890625,0.016676325350999832,0.14224177598953247,-2.798448324203491,-2,-2,6182,44771,0,2147483647,0.0,0.0,0,0,0,,5,460,0,6182,44771,0,2147483647,0.0,0.0,31,4,-51,GSM,460,0,6188,41075,0,2147483647,0.0,0.0,20,4,-73,GSM,460,0,6182,44772,0,2147483647,0.0,0.0,24,4,-65,GSM,460,0,6188,41065,0,2147483647,0.0,0.0,21,4,-71,GSM,460,0,6188,41100,0,2147483647,0.0,0.0,22,4,-69,GSM
1510999937075,121.21805908,31.29015155,18.0,6.0,0.17720045,-57,true,-1,-1,5,99.0,4000.0,-37.933349609375,88.494873046875,-81.2164306640625,-0.7348647117614746,0.1939975470304489,-2.3659462928771973,-2,-2,6182,44771,0,2147483647,0.0,0.0,0,0,0,,5,460,0,6182,44771,0,2147483647,0.0,0.0,31,4,-51,GSM,460,0,6188,41075,0,2147483647,0.0,0.0,20,4,-73,GSM,460,0,6182,44772,0,2147483647,0.0,0.0,24,4,-65,GSM,460,0,6188,41065,0,2147483647,0.0,0.0,21,4,-71,GSM,460,0,6188,41100,0,2147483647,0.0,0.0,22,4,-69,GSM
1510999938109,121.21807103,31.29017724,18.0,9.0,0.0,-57,true,-1,-1,5,99.0,4000.0,-20.263671875,71.99554443359375,-110.015869140625,-0.9762799143791199,0.12820930778980255,-1.1832655668258667,-2,-2,6182,44771,0,2147483647,0.0,0.0,0,0,0,,5,460,0,6182,44771,0,2147483647,0.0,0.0,31,4,-51,GSM,460,0,6188,41075,0,2147483647,0.0,0.0,20,4,-73,GSM,460,0,6182,44772,0,2147483647,0.0,0.0,27,4,-59,GSM,460,0,6188,41065,0,2147483647,0.0,0.0,21,4,-71,GSM,460,0,6188,41100,0,2147483647,0.0,0.0,22,4,-69,GSM
1510999939175,121.21807103,31.29017724,18.0,9.0,0.0,-57,true,-1,-1,5,99.0,4000.0,-40.533447265625,74.39422607421875,-85.11505126953125,-0.9077164530754089,0.11717012524604797,-1.9903475046157837,-2,-2,6182,44771,0,2147483647,0.0,0.0,0,0,0,,5,460,0,6182,44771,0,2147483647,0.0,0.0,31,4,-51,GSM,460,0,6188,41075,0,2147483647,0.0,0.0,20,4,-73,GSM,460,0,6182,44772,0,2147483647,0.0,0.0,27,4,-59,GSM,460,0,6188,41065,0,2147483647,0.0,0.0,21,4,-71,GSM,460,0,6188,41100,0,2147483647,0.0,0.0,22,4,-69,GSM
1510999940261,121.21807263,31.29017603,16.0,8.0,0.0,-57,true,-1,-1,5,99.0,4000.0,-41.39404296875,71.09527587890625,-80.615234375,-0.8973637819290161,0.0977078229188919,-2.163361072540283,-2,-2,6182,44771,0,2147483647,0.0,0.0,0,0,0,,5,460,0,6182,44771,0,2147483647,0.0,0.0,31,4,-51,GSM,460,0,6188,41075,0,2147483647,0.0,0.0,21,4,-71,GSM,460,0,6182,44772,0,2147483647,0.0,0.0,27,4,-59,GSM,460,0,6188,41065,0,2147483647,0.0,0.0,21,4,-71,GSM,460,0,6188,41100,0,2147483647,0.0,0.0,22,4,-69,GSM
1510999941328,121.21807263,31.29017603,16.0,8.0,0.0,-57,true,-1,-1,5,99.0,4000.0,-41.05377197265625,68.39447021484375,-77.6153564453125,-0.8991575837135315,0.030741272494196892,-2.2254350185394287,-2,-2,6182,44771,0,2147483647,0.0,0.0,0,0,0,,5,460,0,6182,44771,0,2147483647,0.0,0.0,31,4,-51,GSM,460,0,6188,41075,0,2147483647,0.0,0.0,21,4,-71,GSM,460,0,6182,44772,0,2147483647,0.0,0.0,27,4,-59,GSM,460,0,6188,41065,0,2147483647,0.0,0.0,21,4,-71,GSM,460,0,6188,41100,0,2147483647,0.0,0.0,22,4,-69,GSM
1510999942398,121.218081,31.29014641,15.0,7.0,0.0,-57,true,-1,-1,5,99.0,4000.0,-33.953857421875,91.4947509765625,-88.71612548828125,-0.8436463475227356,0.4311269223690033,-1.9703822135925293,-2,-2,6182,44771,0,2147483647,0.0,0.0,0,0,0,,5,460,0,6182,44771,0,2147483647,0.0,0.0,31,4,-51,GSM,460,0,6188,41075,0,2147483647,0.0,0.0,21,4,-71,GSM,460,0,6182,44772,0,2147483647,0.0,0.0,29,4,-55,GSM,460,0,6188,41065,0,2147483647,0.0,0.0,21,4,-71,GSM,460,0,6188,41100,0,2147483647,0.0,0.0,22,4,-69,GSM
1510999943290,121.218081,31.29014641,15.0,7.0,0.0,-57,true,-1,-1,5,99.0,4000.0,-18.5333251953125,87.2955322265625,-104.01611328125,0.0851837694644928,-0.16322043538093567,-0.09278758615255356,-2,-2,6182,44771,0,2147483647,0.0,0.0,0,0,0,,5,460,0,6182,44771,0,2147483647,0.0,0.0,31,4,-51,GSM,460,0,6188,41075,0,2147483647,0.0,0.0,21,4,-71,GSM,460,0,6182,44772,0,2147483647,0.0,0.0,29,4,-55,GSM,460,0,6188,41065,0,2147483647,0.0,0.0,21,4,-71,GSM,460,0,6188,41100,0,2147483647,0.0,0.0,22,4,-69,GSM
1510999944555,121.21808556,31.29014692,14.0,8.0,0.0,-57,true,-1,-1,5,99.0,4000.0,-6.4239501953125,88.494873046875,-106.41632080078125,0.12177211791276932,-0.30013754963874817,0.07300353050231934,-2,-2,6182,44771,0,2147483647,0.0,0.0,0,0,0,,5,460,0,6182,44771,0,2147483647,0.0,0.0,31,4,-51,GSM,460,0,6188,41075,0,2147483647,0.0,0.0,20,4,-73,GSM,460,0,6182,44772,0,2147483647,0.0,0.0,29,4,-55,GSM,460,0,6188,41065,0,2147483647,0.0,0.0,21,4,-71,GSM,460,0,6188,41100,0,2147483647,0.0,0.0,22,4,-69,GSM
1510999742003,121.20741028,31.28399247,26.0,9.0,0.0,-57,true,-1,-1,5,99.0,4000.0,19.036865234375,101.3946533203125,-114.51568603515625,-0.18382814526557922,0.015779519453644753,0.004568819422274828,-2,-2,6182,41503,0,2147483647,0.0,0.0,0,0,0,,6,460,0,6182,41503,0,2147483647,0.0,0.0,27,4,-59,GSM,460,0,6188,41148,0,2147483647,0.0,0.0,27,4,-59,GSM,460,0,6188,41092,0,2147483647,0.0,0.0,23,4,-67,GSM,460,0,6188,41122,0,2147483647,0.0,0.0,23,4,-67,GSM,460,0,6188,41091,0,2147483647,0.0,0.0,20,4,-73,GSM,0,0,0,-1,0,2147483647,0.0,0.0,18,4,-77,GSM
1510999743142,121.20741028,31.28399247,26.0,9.0,0.0,-57,true,-1,-1,5,99.0,4000.0,-40.18402099609375,90.29541015625,-69.5159912109375,-0.6873096227645874,0.4794328510761261,-2.431292772293091,-2,-2,6182,41503,0,2147483647,0.0,0.0,0,0,0,,6,460,0,6182,41503,0,2147483647,0.0,0.0,27,4,-59,GSM,460,0,6188,41148,0,2147483647,0.0,0.0,27,4,-59,GSM,460,0,6188,41092,0,2147483647,0.0,0.0,23,4,-67,GSM,460,0,6188,41122,0,2147483647,0.0,0.0,23,4,-67,GSM,460,0,6188,41091,0,2147483647,0.0,0.0,20,4,-73,GSM,0,0,0,-1,0,2147483647,0.0,0.0,18,4,-77,GSM
1510999744213,121.20741028,31.28399247,26.0,9.0,0.0,-57,true,-1,-1,5,99.0,4000.0,-41.5740966796875,66.89453125,-86.31591796875,-0.9612763524055481,0.0379020981490612,-1.8997811079025269,-2,-2,6182,41503,0,2147483647,0.0,0.0,0,0,0,,5,460,0,6182,41503,0,2147483647,0.0,0.0,27,4,-59,GSM,460,0,6188,41148,0,2147483647,0.0,0.0,27,4,-59,GSM,460,0,6188,41092,0,2147483647,0.0,0.0,23,4,-67,GSM,460,0,6188,41122,0,2147483647,0.0,0.0,23,4,-67,GSM,460,0,6188,41091,0,2147483647,0.0,0.0,20,4,-73,GSM
1510999745297,121.20741028,31.28399247,26.0,9.0,0.0,-57,true,-1,-1,5,99.0,4000.0,-43.30291748046875,68.695068359375,-79.7149658203125,-0.9133786559104919,0.21216094493865967,-2.1915624141693115,-2,-2,6182,41503,0,2147483647,0.0,0.0,0,0,0,,5,460,0,6182,41503,0,2147483647,0.0,0.0,27,4,-59,GSM,460,0,6188,41148,0,2147483647,0.0,0.0,27,4,-59,GSM,460,0,6188,41092,0,2147483647,0.0,0.0,23,4,-67,GSM,460,0,6188,41122,0,2147483647,0.0,0.0,23,4,-67,GSM,460,0,6188,41091,0,2147483647,0.0,0.0,20,4,-73,GSM
1510999746130,121.21336332,31.29223179,10.0,9.0,0.0,-57,true,-1,-1,5,99.0,4000.0,-42.43316650390625,69.5953369140625,-84.81597900390625,-0.9218468070030212,0.21244581043720245,-2.188358783721924,-2,-2,6182,41503,0,2147483647,0.0,0.0,0,0,0,,5,460,0,6182,41503,0,2147483647,0.0,0.0,28,4,-57,GSM,460,0,6188,41148,0,2147483647,0.0,0.0,27,4,-59,GSM,460,0,6188,41092,0,2147483647,0.0,0.0,23,4,-67,GSM,460,0,6188,41122,0,2147483647,0.0,0.0,23,4,-67,GSM,460,0,6188,41091,0,2147483647,0.0,0.0,20,4,-73,GSM
1510999747442,121.21336332,31.29223179,10.0,9.0,0.0,-57,true,-1,-1,5,99.0,4000.0,-42.43316650390625,68.39447021484375,-80.615234375,-0.9156633019447327,0.21911554038524628,-2.1880669593811035,-2,-2,6182,41503,0,2147483647,0.0,0.0,0,0,0,,5,460,0,6182,41503,0,2147483647,0.0,0.0,28,4,-57,GSM,460,0,6188,41148,0,2147483647,0.0,0.0,27,4,-59,GSM,460,0,6188,41092,0,2147483647,0.0,0.0,23,4,-67,GSM,460,0,6188,41122,0,2147483647,0.0,0.0,23,4,-67,GSM,460,0,6188,41091,0,2147483647,0.0,0.0,20,4,-73,GSM
1510999748510,121.21336117,31.29223875,10.0,9.0,0.37483332,-57,true,-1,-1,5,99.0,4000.0,-43.994140625,68.695068359375,-82.11517333984375,-0.92355877161026,0.21849657595157623,-2.1974222660064697,-2,-2,6182,41503,0,2147483647,0.0,0.0,0,0,0,,5,460,0,6182,41503,0,2147483647,0.0,0.0,29,4,-55,GSM,460,0,6188,41148,0,2147483647,0.0,0.0,28,4,-57,GSM,460,0,6188,41092,0,2147483647,0.0,0.0,23,4,-67,GSM,460,0,6188,41122,0,2147483647,0.0,0.0,25,4,-63,GSM,460,0,6188,41091,0,2147483647,0.0,0.0,21,4,-71,GSM
1510999749582,121.21336117,31.29223875,10.0,9.0,0.37483332,-57,true,-1,-1,5,99.0,4000.0,-45.03326416015625,68.994140625,-82.11517333984375,-0.9262831807136536,0.2203524261713028,-2.196073055267334,-2,-2,6182,41503,0,2147483647,0.0,0.0,0,0,0,,5,460,0,6182,41503,0,2147483647,0.0,0.0,29,4,-55,GSM,460,0,6188,41148,0,2147483647,0.0,0.0,28,4,-57,GSM,460,0,6188,41092,0,2147483647,0.0,0.0,23,4,-67,GSM,460,0,6188,41122,0,2147483647,0.0,0.0,25,4,-63,GSM,460,0,6188,41091,0,2147483647,0.0,0.0,21,4,-71,GSM
1510999750653,121.2133947,31.29224265,5.0,11.0,0.0,-57,true,-1,-1,5,99.0,4000.0,-43.994140625,69.29473876953125,-83.3160400390625,-0.9239884614944458,0.21903368830680847,-2.1952805519104004,-2,-2,6182,41503,0,2147483647,0.0,0.0,0,0,0,,5,460,0,6182,41503,0,2147483647,0.0,0.0,29,4,-55,GSM,460,0,6188,41148,0,2147483647,0.0,0.0,28,4,-57,GSM,460,0,6188,41092,0,2147483647,0.0,0.0,23,4,-67,GSM,460,0,6188,41122,0,2147483647,0.0,0.0,25,4,-63,GSM,460,0,6188,41091,0,2147483647,0.0,0.0,21,4,-71,GSM
1510999751736,121.2133947,31.29224265,5.0,11.0,0.0,-57,true,-1,-1,5,99.0,4000.0,-43.12286376953125,67.7947998046875,-83.6151123046875,-0.9316173195838928,0.23894424736499786,-2.1952667236328125,-2,-2,6182,41503,0,2147483647,0.0,0.0,0,0,0,,5,460,0,6182,41503,0,2147483647,0.0,0.0,29,4,-55,GSM,460,0,6188,41148,0,2147483647,0.0,0.0,28,4,-57,GSM,460,0,6188,41092,0,2147483647,0.0,0.0,23,4,-67,GSM,460,0,6188,41122,0,2147483647,0.0,0.0,25,4,-63,GSM,460,0,6188,41091,0,2147483647,0.0,0.0,21,4,-71,GSM
1510999752539,121.21338573,31.2922563,2.0,11.0,0.0,-57,true,-1,-1,5,99.0,4000.0,-38.2843017578125,62.6953125,-92.61627197265625,-1.0140889883041382,0.12895847856998444,-1.9775720834732056,-2,-2,6182,41503,0,2147483647,0.0,0.0,0,0,0,,5,460,0,6182,41503,0,2147483647,0.0,0.0,30,4,-53,GSM,460,0,6188,41148,0,2147483647,0.0,0.0,28,4,-57,GSM,460,0,6188,41092,0,2147483647,0.0,0.0,24,4,-65,GSM,460,0,6188,41122,0,2147483647,0.0,0.0,26,4,-61,GSM,460,0,6188,41091,0,2147483647,0.0,0.0,21,4,-71,GSM
1510999753612,121.21338573,31.2922563,2.0,11.0,0.0,-57,true,-1,-1,5,99.0,4000.0,-37.0635986328125,56.39495849609375,-91.71600341796875,-1.052290916442871,-0.0229493398219347,-1.9331194162368774,-2,-2,6182,41503,0,2147483647,0.0,0.0,0,0,0,,5,460,0,6182,41503,0,2147483647,0.0,0.0,30,4,-53,GSM,460,0,6188,41148,0,2147483647,0.0,0.0,28,4,-57,GSM,460,0,6188,41092,0,2147483647,0.0,0.0,24,4,-65,GSM,460,0,6188,41122,0,2147483647,0.0,0.0,26,4,-61,GSM,460,0,6188,41091,0,2147483647,0.0,0.0,21,4,-71,GSM
1510999754681,121.21338118,31.2922545,6.0,11.0,0.0,-57,true,-1,-1,5,99.0,4000.0,-40.3533935546875,65.39459228515625,-88.41552734375,-0.9775926470756531,0.11806702613830566,-2.0442910194396973,-2,-2,6182,41503,0,2147483647,0.0,0.0,0,0,0,,5,460,0,6182,41503,0,2147483647,0.0,0.0,29,4,-55,GSM,460,0,6188,41148,0,2147483647,0.0,0.0,28,4,-57,GSM,460,0,6188,41092,0,2147483647,0.0,0.0,24,4,-65,GSM,460,0,6188,41122,0,2147483647,0.0,0.0,26,4,-61,GSM,460,0,6188,41091,0,2147483647,0.0,0.0,21,4,-71,GSM
1510999755761,121.21338118,31.2922545,6.0,11.0,0.0,-57,true,-1,-1,5,99.0,4000.0,-41.74346923828125,59.39483642578125,-86.01531982421875,-1.0108126401901245,0.08315099030733109,-2.0965638160705566,-2,-2,6182,41503,0,2147483647,0.0,0.0,0,0,0,,5,460,0,6182,41503,0,2147483647,0.0,0.0,29,4,-55,GSM,460,0,6188,41148,0,2147483647,0.0,0.0,28,4,-57,GSM,460,0,6188,41092,0,2147483647,0.0,0.0,24,4,-65,GSM,460,0,6188,41122,0,2147483647,0.0,0.0,26,4,-61,GSM,460,0,6188,41091,0,2147483647,0.0,0.0,21,4,-71,GSM
1510999756829,121.21338118,31.2922545,6.0,11.0,0.0,-57,true,-1,-1,5,99.0,4000.0,-42.43316650390625,61.49444580078125,-84.81597900390625,-0.9858301877975464,0.09524161368608475,-2.158501148223877,-2,-2,6182,41503,0,2147483647,0.0,0.0,0,0,0,,5,460,0,6182,41503,0,2147483647,0.0,0.0,28,4,-57,GSM,460,0,6188,41148,0,2147483647,0.0,0.0,29,4,-55,GSM,460,0,6188,41092,0,2147483647,0.0,0.0,24,4,-65,GSM,460,0,6188,41122,0,2147483647,0.0,0.0,27,4,-59,GSM,460,0,6188,41091,0,2147483647,0.0,0.0,21,4,-71,GSM
1510999757899,121.21334327,31.29226121,12.0,7.0,0.0,-57,true,-1,-1,5,99.0,4000.0,-42.0928955078125,63.59405517578125,-84.21630859375,-0.9796983599662781,0.06746329367160797,-1.9765502214431763,-2,-2,6182,41503,0,2147483647,0.0,0.0,0,0,0,,5,460,0,6182,41503,0,2147483647,0.0,0.0,28,4,-57,GSM,460,0,6188,41148,0,2147483647,0.0,0.0,29,4,-55,GSM,460,0,6188,41092,0,2147483647,0.0,0.0,24,4,-65,GSM,460,0,6188,41122,0,2147483647,0.0,0.0,27,4,-59,GSM,460,0,6188,41091,0,2147483647,0.0,0.0,21,4,-71,GSM
1510999758989,121.21334327,31.29226121,12.0,7.0,0.0,-57,true,-1,-1,5,99.0,4000.0,-16.4642333984375,115.1947021484375,-62.615966796875,-0.5290743112564087,0.33124464750289917,-1.899971604347229,-2,-2,6182,41503,0,2147483647,0.0,0.0,0,0,0,,5,460,0,6182,41503,0,2147483647,0.0,0.0,29,4,-55,GSM,460,0,6188,41148,0,2147483647,0.0,0.0,29,4,-55,GSM,460,0,6188,41092,0,2147483647,0.0,0.0,24,4,-65,GSM,460,0,6188,41122,0,2147483647,0.0,0.0,27,4,-59,GSM,0,0,0,-1,0,2147483647,0.0,0.0,21,4,-71,GSM
1510999760053,121.21333191,31.2922539,20.0,6.0,0.0,-57,true,-1,-1,5,99.0,4000.0,-13.0035400390625,66.595458984375,-32.0159912109375,-0.47875159978866577,-0.02014065533876419,-1.970116138458252,-2,-2,6182,41503,0,2147483647,0.0,0.0,0,0,0,,5,460,0,6182,41503,0,2147483647,0.0,0.0,29,4,-55,GSM,460,0,6188,41148,0,2147483647,0.0,0.0,29,4,-55,GSM,460,0,6188,41092,0,2147483647,0.0,0.0,24,4,-65,GSM,460,0,6188,41122,0,2147483647,0.0,0.0,27,4,-59,GSM,0,0,0,-1,0,2147483647,0.0,0.0,21,4,-71,GSM
1510999761123,121.21333191,31.2922539,20.0,6.0,0.0,-57,true,-1,-1,5,99.0,4000.0,11.07635498046875,62.39471435546875,-29.315185546875,-0.026390746235847473,0.05611353740096092,-2.726358652114868,-2,-2,6182,41503,0,2147483647,0.0,0.0,0,0,0,,5,460,0,6182,41503,0,2147483647,0.0,0.0,29,4,-55,GSM,460,0,6188,41148,0,2147483647,0.0,0.0,28,4,-57,GSM,460,0,6188,41092,0,2147483647,0.0,0.0,24,4,-65,GSM,460,0,6188,41122,0,2147483647,0.0,0.0,28,4,-57,GSM,0,0,0,-1,0,2147483647,0.0,0.0,21,4,-71,GSM
1510999762213,121.21332506,31.29224967,20.0,6.0,0.0,-57,true,-1,-1,5,99.0,4000.0,20.94573974609375,56.0943603515625,-34.41619873046875,0.298877090215683,0.1859094202518463,-3.086202383041382,-2,-2,6182,41503,0,2147483647,0.0,0.0,0,0,0,,5,460,0,6182,41503,0,2147483647,0.0,0.0,29,4,-55,GSM,460,0,6188,41148,0,2147483647,0.0,0.0,28,4,-57,GSM,460,0,6188,41092,0,2147483647,0.0,0.0,24,4,-65,GSM,460,0,6188,41122,0,2147483647,0.0,0.0,28,4,-57,GSM,0,0,0,-1,0,2147483647,0.0,0.0,21,4,-71,GSM
1510999763276,121.21332506,31.29224967,20.0,6.0,0.0,-57,true,-1,-1,5,99.0,4000.0,20.07598876953125,64.19525146484375,-33.51593017578125,0.1610456258058548,0.33583560585975647,-2.9097907543182373,-2,-2,6182,41503,0,2147483647,0.0,0.0,0,0,0,,5,460,0,6182,41503,0,2147483647,0.0,0.0,28,4,-57,GSM,460,0,6188,41148,0,2147483647,0.0,0.0,28,4,-57,GSM,460,0,6188,41092,0,2147483647,0.0,0.0,25,4,-63,GSM,460,0,6188,41122,0,2147483647,0.0,0.0,28,4,-57,GSM,460,0,6188,41093,0,2147483647,0.0,0.0,22,4,-69,GSM
1510999764347,121.21331654,31.29224864,24.0,7.0,0.0,-57,true,-1,-1,5,99.0,4000.0,7.4371337890625,78.89404296875,-30.81512451171875,-0.15439851582050323,0.37342873215675354,-2.479712724685669,-2,-2,6182,41503,0,2147483647,0.0,0.0,0,0,0,,5,460,0,6182,41503,0,2147483647,0.0,0.0,28,4,-57,GSM,460,0,6188,41148,0,2147483647,0.0,0.0,28,4,-57,GSM,460,0,6188,41092,0,2147483647,0.0,0.0,25,4,-63,GSM,460,0,6188,41122,0,2147483647,0.0,0.0,28,4,-57,GSM,460,0,6188,41093,0,2147483647,0.0,0.0,22,4,-69,GSM
1510999765433,121.21331654,31.29224864,24.0,7.0,0.0,-57,true,-1,-1,5,99.0,4000.0,0.16632080078125,68.994140625,-28.41644287109375,-0.3217525780200958,-0.45083656907081604,-2.4748928546905518,-2,-2,6182,41503,0,2147483647,0.0,0.0,0,0,0,,5,460,0,6182,41503,0,2147483647,0.0,0.0,27,4,-59,GSM,460,0,6188,41148,0,2147483647,0.0,0.0,28,4,-57,GSM,460,0,6188,41092,0,2147483647,0.0,0.0,25,4,-63,GSM,460,0,6188,41122,0,2147483647,0.0,0.0,29,4,-55,GSM,460,0,6188,41093,0,2147483647,0.0,0.0,22,4,-69,GSM
1510999766499,121.21331648,31.29224833,23.0,9.0,0.0,-57,true,-1,-1,5,99.0,4000.0,-10.75286865234375,108.89434814453125,-46.71630859375,-0.3516806364059448,0.049072813242673874,-2.366440773010254,-2,-2,6182,41503,0,2147483647,0.0,0.0,0,0,0,,5,460,0,6182,41503,0,2147483647,0.0,0.0,27,4,-59,GSM,460,0,6188,41148,0,2147483647,0.0,0.0,28,4,-57,GSM,460,0,6188,41092,0,2147483647,0.0,0.0,25,4,-63,GSM,460,0,6188,41122,0,2147483647,0.0,0.0,29,4,-55,GSM,460,0,6188,41093,0,2147483647,0.0,0.0,22,4,-69,GSM
1510999767568,121.21331648,31.29224833,23.0,9.0,0.0,-57,true,-1,-1,5,99.0,4000.0,-22.86376953125,104.69512939453125,-55.7159423828125,-0.42779794335365295,0.06475736945867538,-2.589655876159668,-2,-2,6182,41503,0,2147483647,0.0,0.0,0,0,0,,5,460,0,6182,41503,0,2147483647,0.0,0.0,27,4,-59,GSM,460,0,6188,41148,0,2147483647,0.0,0.0,30,4,-53,GSM,460,0,6188,41092,0,2147483647,0.0,0.0,25,4,-63,GSM,460,0,6188,41122,0,2147483647,0.0,0.0,29,4,-55,GSM,460,0,6188,41093,0,2147483647,0.0,0.0,22,4,-69,GSM
1510999768655,121.21332208,31.29224822,23.0,8.0,0.0,-57,true,-1,-1,5,99.0,4000.0,-31.69403076171875,98.69537353515625,-57.21588134765625,-0.5618273019790649,0.06258761882781982,-2.3634884357452393,-2,-2,6182,41503,0,2147483647,0.0,0.0,0,0,0,,5,460,0,6182,41503,0,2147483647,0.0,0.0,27,4,-59,GSM,460,0,6188,41148,0,2147483647,0.0,0.0,30,4,-53,GSM,460,0,6188,41092,0,2147483647,0.0,0.0,25,4,-63,GSM,460,0,6188,41122,0,2147483647,0.0,0.0,29,4,-55,GSM,460,0,6188,41093,0,2147483647,0.0,0.0,22,4,-69,GSM
1510999769722,121.21332208,31.29224822,23.0,8.0,0.0,-57,true,-1,-1,5,99.0,4000.0,-43.30291748046875,80.99517822265625,-61.7156982421875,-0.7692239880561829,-0.20459286868572235,-2.414911985397339,-2,-2,6182,41503,0,2147483647,0.0,0.0,0,0,0,,5,460,0,6182,41503,0,2147483647,0.0,0.0,28,4,-57,GSM,460,0,6188,41148,0,2147483647,0.0,0.0,30,4,-53,GSM,460,0,6188,41092,0,2147483647,0.0,0.0,25,4,-63,GSM,460,0,6188,41122,0,2147483647,0.0,0.0,29,4,-55,GSM,460,0,6188,41093,0,2147483647,0.0,0.0,22,4,-69,GSM
1510999770791,121.2133219,31.2922463,23.0,8.0,0.0,-57,true,-1,-1,5,99.0,4000.0,-43.30291748046875,82.19451904296875,-65.91644287109375,-0.7213156223297119,0.13611570000648499,-2.4805614948272705,-2,-2,6182,41503,0,2147483647,0.0,0.0,0,0,0,,5,460,0,6182,41503,0,2147483647,0.0,0.0,28,4,-57,GSM,460,0,6188,41148,0,2147483647,0.0,0.0,30,4,-53,GSM,460,0,6188,41092,0,2147483647,0.0,0.0,25,4,-63,GSM,460,0,6188,41122,0,2147483647,0.0,0.0,29,4,-55,GSM,460,0,6188,41093,0,2147483647,0.0,0.0,22,4,-69,GSM
1510999771881,121.2133219,31.2922463,23.0,8.0,0.0,-57,true,-1,-1,5,99.0,4000.0,-45.03326416015625,77.39410400390625,-68.31512451171875,-0.7876681089401245,0.04676710441708565,-2.430285692214966,-2,-2,6182,41503,0,2147483647,0.0,0.0,0,0,0,,5,460,0,6182,41503,0,2147483647,0.0,0.0,29,4,-55,GSM,460,0,6188,41148,0,2147483647,0.0,0.0,29,4,-55,GSM,460,0,6188,41092,0,2147483647,0.0,0.0,25,4,-63,GSM,460,0,6188,41122,0,2147483647,0.0,0.0,28,4,-57,GSM,460,0,6188,41093,0,2147483647,0.0,0.0,21,4,-71,GSM
