IMEI:862305032225518
IMSI:460091042103139
OSVersion:3.10.73-perf-g94fc9a6
apiLevel:5.1.1
model:Redmi Note 3
device:kenzo
product:kenzo
61
1523278660316,121.21020346,31.28447408,20.0,6.0,1.4886235,-57,true,-1,-1,5,58.0,4000.0,-62.0086669921875,164.16473388671875,-24.27825927734375,0.38720062375068665,-0.3788740634918213,0.12931716442108154,460,1,5198,42507,0,-1,0.0,0.0,0,0,0,,7,460,1,5198,42507,0,2147483647,0.0,0.0,28,4,-57,GSM,460,1,5198,42508,0,2147483647,0.0,0.0,17,4,-79,GSM,0,0,0,-1,0,2147483647,0.0,0.0,12,4,-89,GSM,460,1,5198,42509,0,2147483647,0.0,0.0,21,4,-71,GSM,460,1,5198,42518,0,2147483647,0.0,0.0,18,4,-77,GSM,460,1,5198,50807,0,2147483647,0.0,0.0,9,3,-95,GSM,0,0,0,-1,0,2147483647,0.0,0.0,11,3,-91,GSM
1523278661384,121.21020346,31.28447408,20.0,6.0,1.4886235,-57,true,-1,-1,5,58.0,4000.0,-77.41851806640625,159.063720703125,-24.57733154296875,0.4307742118835449,-0.48301368951797485,-0.1593489944934845,460,1,5198,42507,0,-1,0.0,0.0,0,0,0,,7,460,1,5198,42507,0,2147483647,0.0,0.0,28,4,-57,GSM,460,1,5198,42508,0,2147483647,0.0,0.0,17,4,-79,GSM,0,0,0,-1,0,2147483647,0.0,0.0,12,4,-89,GSM,460,1,5198,42509,0,2147483647,0.0,0.0,21,4,-71,GSM,460,1,5198,42518,0,2147483647,0.0,0.0,18,4,-77,GSM,460,1,5198,50807,0,2147483647,0.0,0.0,9,3,-95,GSM,0,0,0,-1,0,2147483647,0.0,0.0,11,3,-91,GSM
1523278662464,121.21029177,31.28452962,15.0,11.0,2.080024,-57,true,-1,-1,5,58.0,4000.0,-76.0284423828125,162.9638671875,-25.17852783203125,0.4041411876678467,-0.34154391288757324,-0.1616727113723755,460,1,5198,42507,0,-1,0.0,0.0,0,0,0,,6,460,1,5198,42507,0,2147483647,0.0,0.0,29,4,-55,GSM,460,1,5198,42508,0,2147483647,0.0,0.0,17,4,-79,GSM,0,0,0,-1,0,2147483647,0.0,0.0,12,4,-89,GSM,460,1,5198,42509,0,2147483647,0.0,0.0,22,4,-69,GSM,460,1,5198,42518,0,2147483647,0.0,0.0,18,4,-77,GSM,0,0,0,-1,0,2147483647,0.0,0.0,11,3,-91,GSM
1523278663530,121.21029177,31.28452962,15.0,11.0,2.080024,-57,true,-1,-1,5,58.0,4000.0,-74.81842041015625,155.16357421875,-27.27813720703125,0.4254770278930664,-0.5731890797615051,-0.17584258317947388,460,1,5198,42507,0,-1,0.0,0.0,0,0,0,,6,460,1,5198,42507,0,2147483647,0.0,0.0,29,4,-55,GSM,460,1,5198,42508,0,2147483647,0.0,0.0,17,4,-79,GSM,0,0,0,-1,0,2147483647,0.0,0.0,12,4,-89,GSM,460,1,5198,42509,0,2147483647,0.0,0.0,22,4,-69,GSM,460,1,5198,42518,0,2147483647,0.0,0.0,18,4,-77,GSM,0,0,0,-1,0,2147483647,0.0,0.0,11,3,-91,GSM
1523278664586,121.21027848,31.28460657,15.0,9.0,2.080024,-57,true,-1,-1,5,58.0,4000.0,-71.8780517578125,154.26483154296875,-24.57733154296875,0.4310537576675415,-0.5345157384872437,-0.11254821717739105,460,1,5198,42507,0,-1,0.0,0.0,0,0,0,,6,460,1,5198,42507,0,2147483647,0.0,0.0,27,4,-59,GSM,460,1,5198,42508,0,2147483647,0.0,0.0,17,4,-79,GSM,0,0,0,-1,0,2147483647,0.0,0.0,13,4,-87,GSM,460,1,5198,42509,0,2147483647,0.0,0.0,22,4,-69,GSM,460,1,5198,42518,0,2147483647,0.0,0.0,19,4,-75,GSM,0,0,0,-1,0,2147483647,0.0,0.0,11,3,-91,GSM
1523278665670,121.21027848,31.28460657,15.0,9.0,2.080024,-57,true,-1,-1,5,58.0,4000.0,-72.5677490234375,152.1636962890625,-26.37786865234375,0.44134965538978577,-0.5859466791152954,-0.11776018887758255,460,1,5198,42507,0,-1,0.0,0.0,0,0,0,,6,460,1,5198,42507,0,2147483647,0.0,0.0,27,4,-59,GSM,460,1,5198,42508,0,2147483647,0.0,0.0,17,4,-79,GSM,0,0,0,-1,0,2147483647,0.0,0.0,13,4,-87,GSM,460,1,5198,42509,0,2147483647,0.0,0.0,22,4,-69,GSM,460,1,5198,42518,0,2147483647,0.0,0.0,19,4,-75,GSM,0,0,0,-1,0,2147483647,0.0,0.0,11,3,-91,GSM
1523278666732,121.21029117,31.28465577,18.0,8.0,2.3701897,-57,true,-1,-1,5,58.0,4000.0,-73.6083984375,152.46429443359375,-24.57733154296875,0.45710983872413635,-0.6151336431503296,-0.10988529026508331,460,1,5198,42507,0,-1,0.0,0.0,0,0,0,,7,460,1,5198,42507,0,2147483647,0.0,0.0,26,4,-61,GSM,460,1,5198,42508,0,2147483647,0.0,0.0,17,4,-79,GSM,0,0,0,-1,0,2147483647,0.0,0.0,13,4,-87,GSM,460,1,5198,42509,0,2147483647,0.0,0.0,22,4,-69,GSM,460,1,5198,42518,0,2147483647,0.0,0.0,19,4,-75,GSM,0,0,0,-1,0,2147483647,0.0,0.0,11,3,-91,GSM,460,1,5198,50807,0,2147483647,0.0,0.0,10,3,-93,GSM
1523278667802,121.21029117,31.28465577,18.0,8.0,2.3701897,-57,true,-1,-1,5,58.0,4000.0,-76.0284423828125,150.0640869140625,-22.7783203125,0.485650897026062,-0.5663968920707703,-0.05912422016263008,460,1,5198,42507,0,-1,0.0,0.0,0,0,0,,7,460,1,5198,42507,0,2147483647,0.0,0.0,26,4,-61,GSM,460,1,5198,42508,0,2147483647,0.0,0.0,17,4,-79,GSM,0,0,0,-1,0,2147483647,0.0,0.0,13,4,-87,GSM,460,1,5198,42509,0,2147483647,0.0,0.0,22,4,-69,GSM,460,1,5198,42518,0,2147483647,0.0,0.0,19,4,-75,GSM,0,0,0,-1,0,2147483647,0.0,0.0,11,3,-91,GSM,460,1,5198,50807,0,2147483647,0.0,0.0,10,3,-93,GSM
1523278668888,121.21027972,31.28470888,23.0,7.0,2.9900167,-63,true,-1,-1,5,58.0,4000.0,-78.28826904296875,148.86474609375,-23.077392578125,0.5112015604972839,-0.6196039915084839,-0.05523454770445824,460,1,5198,42507,0,-1,0.0,0.0,0,0,0,,7,460,1,5198,42507,0,2147483647,0.0,0.0,23,4,-67,GSM,460,1,5198,42508,0,2147483647,0.0,0.0,17,4,-79,GSM,460,1,5198,56688,0,2147483647,0.0,0.0,14,4,-85,GSM,460,1,5198,42509,0,2147483647,0.0,0.0,22,4,-69,GSM,460,1,5198,42518,0,2147483647,0.0,0.0,19,4,-75,GSM,0,0,0,-1,0,2147483647,0.0,0.0,11,3,-91,GSM,460,1,5198,50807,0,2147483647,0.0,0.0,10,3,-93,GSM
1523278669956,121.21027972,31.28470888,23.0,7.0,2.9900167,-63,true,-1,-1,5,58.0,4000.0,-81.0577392578125,148.86474609375,-22.47772216796875,0.5230987668037415,-0.6748701930046082,-0.10688077658414841,460,1,5198,42507,0,-1,0.0,0.0,0,0,0,,7,460,1,5198,42507,0,2147483647,0.0,0.0,23,4,-67,GSM,460,1,5198,42508,0,2147483647,0.0,0.0,17,4,-79,GSM,460,1,5198,56688,0,2147483647,0.0,0.0,14,4,-85,GSM,460,1,5198,42509,0,2147483647,0.0,0.0,22,4,-69,GSM,460,1,5198,42518,0,2147483647,0.0,0.0,19,4,-75,GSM,0,0,0,-1,0,2147483647,0.0,0.0,11,3,-91,GSM,460,1,5198,50807,0,2147483647,0.0,0.0,10,3,-93,GSM
1523278671026,121.21026863,31.2847782,25.0,8.0,3.9350858,-63,true,-1,-1,5,58.0,4000.0,-81.74896240234375,150.96435546875,-22.47772216796875,0.47078442573547363,-0.5792562365531921,-0.2115805298089981,460,1,5198,42507,0,-1,0.0,0.0,0,0,0,,7,460,1,5198,42507,0,2147483647,0.0,0.0,22,4,-69,GSM,460,1,5198,42508,0,2147483647,0.0,0.0,17,4,-79,GSM,460,1,5198,56688,0,2147483647,0.0,0.0,14,4,-85,GSM,460,1,5198,42509,0,2147483647,0.0,0.0,22,4,-69,GSM,460,1,5198,42518,0,2147483647,0.0,0.0,19,4,-75,GSM,0,0,0,-1,0,2147483647,0.0,0.0,12,4,-89,GSM,0,0,0,-1,0,2147483647,0.0,0.0,10,3,-93,GSM
1523278672111,121.21026863,31.2847782,25.0,8.0,3.9350858,-63,true,-1,-1,5,58.0,4000.0,-81.74896240234375,147.36480712890625,-24.27825927734375,0.5308745503425598,-0.7035512924194336,-0.11067501455545425,460,1,5198,42507,0,-1,0.0,0.0,0,0,0,,7,460,1,5198,42507,0,2147483647,0.0,0.0,22,4,-69,GSM,460,1,5198,42508,0,2147483647,0.0,0.0,17,4,-79,GSM,460,1,5198,56688,0,2147483647,0.0,0.0,14,4,-85,GSM,460,1,5198,42509,0,2147483647,0.0,0.0,22,4,-69,GSM,460,1,5198,42518,0,2147483647,0.0,0.0,19,4,-75,GSM,0,0,0,-1,0,2147483647,0.0,0.0,12,4,-89,GSM,0,0,0,-1,0,2147483647,0.0,0.0,10,3,-93,GSM
1523278673177,121.21026512,31.28486491,28.0,9.0,3.9708061,-63,true,-1,-1,5,58.0,4000.0,-78.4576416015625,147.66387939453125,-21.57745361328125,0.5191032886505127,-0.6271314024925232,-0.058211568742990494,460,1,5198,42507,0,-1,0.0,0.0,0,0,0,,7,460,1,5198,42507,0,2147483647,0.0,0.0,23,4,-67,GSM,460,1,5198,42508,0,2147483647,0.0,0.0,17,4,-79,GSM,460,1,5198,56688,0,2147483647,0.0,0.0,14,4,-85,GSM,460,1,5198,42509,0,2147483647,0.0,0.0,22,4,-69,GSM,460,1,5198,42518,0,2147483647,0.0,0.0,19,4,-75,GSM,0,0,0,-1,0,2147483647,0.0,0.0,12,4,-89,GSM,460,1,5198,42517,0,2147483647,0.0,0.0,12,4,-89,GSM
1523278674246,121.21026512,31.28486491,28.0,9.0,3.9708061,-67,true,-1,-1,5,58.0,4000.0,-74.64752197265625,148.56414794921875,-23.9776611328125,0.4866952896118164,-0.7228529453277588,-0.1342124044895172,460,1,5198,42507,0,-1,0.0,0.0,0,0,0,,7,460,1,5198,42507,0,2147483647,0.0,0.0,23,4,-67,GSM,460,1,5198,42508,0,2147483647,0.0,0.0,17,4,-79,GSM,460,1,5198,56688,0,2147483647,0.0,0.0,14,4,-85,GSM,460,1,5198,42509,0,2147483647,0.0,0.0,22,4,-69,GSM,460,1,5198,42518,0,2147483647,0.0,0.0,19,4,-75,GSM,0,0,0,-1,0,2147483647,0.0,0.0,12,4,-89,GSM,460,1,5198,42517,0,2147483647,0.0,0.0,12,4,-89,GSM
1523278675332,121.21025612,31.28493891,28.0,8.0,3.5002286,-67,true,-1,-1,5,58.0,4000.0,-74.81842041015625,147.9644775390625,-26.0772705078125,0.46726194024086,-0.6728993654251099,-0.15133003890514374,460,1,5198,42507,0,-1,0.0,0.0,0,0,0,,7,460,1,5198,42507,0,2147483647,0.0,0.0,23,4,-67,GSM,460,1,5198,42508,0,2147483647,0.0,0.0,17,4,-79,GSM,460,1,5198,56688,0,2147483647,0.0,0.0,14,4,-85,GSM,460,1,5198,42509,0,2147483647,0.0,0.0,21,4,-71,GSM,460,1,5198,42518,0,2147483647,0.0,0.0,19,4,-75,GSM,0,0,0,-1,0,2147483647,0.0,0.0,14,4,-85,GSM,460,1,5198,42517,0,2147483647,0.0,0.0,12,4,-89,GSM
1523278676177,121.21025612,31.28493891,28.0,8.0,3.5002286,-67,true,-1,-1,5,58.0,4000.0,-73.77777099609375,147.9644775390625,-24.8779296875,0.48907798528671265,-0.6830114722251892,-0.08294349163770676,460,1,5198,42507,0,-1,0.0,0.0,0,0,0,,7,460,1,5198,42507,0,2147483647,0.0,0.0,23,4,-67,GSM,460,1,5198,42508,0,2147483647,0.0,0.0,17,4,-79,GSM,460,1,5198,56688,0,2147483647,0.0,0.0,14,4,-85,GSM,460,1,5198,42509,0,2147483647,0.0,0.0,21,4,-71,GSM,460,1,5198,42518,0,2147483647,0.0,0.0,19,4,-75,GSM,0,0,0,-1,0,2147483647,0.0,0.0,14,4,-85,GSM,460,1,5198,42517,0,2147483647,0.0,0.0,12,4,-89,GSM
1523278677219,121.21018509,31.28503378,27.0,9.0,4.130775,-67,true,-1,-1,5,58.0,4000.0,-74.4781494140625,150.0640869140625,-26.678466796875,0.4513928294181824,-0.528485894203186,-0.10608506947755814,460,1,5198,42507,0,-1,0.0,0.0,0,0,0,,7,460,1,5198,42507,0,2147483647,0.0,0.0,24,4,-65,GSM,460,1,5198,42508,0,2147483647,0.0,0.0,17,4,-79,GSM,460,1,5198,56688,0,2147483647,0.0,0.0,14,4,-85,GSM,460,1,5198,42509,0,2147483647,0.0,0.0,21,4,-71,GSM,460,1,5198,42518,0,2147483647,0.0,0.0,19,4,-75,GSM,0,0,0,-1,0,2147483647,0.0,0.0,14,4,-85,GSM,460,1,5198,42517,0,2147483647,0.0,0.0,12,4,-89,GSM
1523278678315,121.21018509,31.28503378,27.0,9.0,4.130775,-67,true,-1,-1,5,58.0,4000.0,-74.99847412109375,148.2635498046875,-26.37786865234375,0.447662889957428,-0.603401243686676,-0.17507314682006836,460,1,5198,42507,0,-1,0.0,0.0,0,0,0,,7,460,1,5198,42507,0,2147483647,0.0,0.0,24,4,-65,GSM,460,1,5198,42508,0,2147483647,0.0,0.0,17,4,-79,GSM,460,1,5198,56688,0,2147483647,0.0,0.0,14,4,-85,GSM,460,1,5198,42509,0,2147483647,0.0,0.0,21,4,-71,GSM,460,1,5198,42518,0,2147483647,0.0,0.0,19,4,-75,GSM,0,0,0,-1,0,2147483647,0.0,0.0,14,4,-85,GSM,460,1,5198,42517,0,2147483647,0.0,0.0,12,4,-89,GSM
1523278679357,121.2101417,31.28512445,31.0,8.0,3.9002051,-67,true,-1,-1,5,58.0,4000.0,-73.6083984375,147.9644775390625,-26.37786865234375,0.4682080149650574,-0.6077664494514465,-0.09027469158172607,460,1,5198,42507,0,-1,0.0,0.0,0,0,0,,7,460,1,5198,42507,0,2147483647,0.0,0.0,25,4,-63,GSM,460,1,5198,42508,0,2147483647,0.0,0.0,17,4,-79,GSM,460,1,5198,56688,0,2147483647,0.0,0.0,13,4,-87,GSM,460,1,5198,42509,0,2147483647,0.0,0.0,22,4,-69,GSM,460,1,5198,42518,0,2147483647,0.0,0.0,19,4,-75,GSM,460,1,5198,42519,0,2147483647,0.0,0.0,14,4,-85,GSM,460,1,5198,42517,0,2147483647,0.0,0.0,12,4,-89,GSM
1523278680452,121.2101417,31.28512445,31.0,8.0,3.9002051,-67,true,-1,-1,5,58.0,4000.0,-70.147705078125,145.56427001953125,-23.9776611328125,0.46169033646583557,-0.6754065752029419,-0.1243293434381485,460,1,5198,42507,0,-1,0.0,0.0,0,0,0,,7,460,1,5198,42507,0,2147483647,0.0,0.0,25,4,-63,GSM,460,1,5198,42508,0,2147483647,0.0,0.0,17,4,-79,GSM,460,1,5198,56688,0,2147483647,0.0,0.0,13,4,-87,GSM,460,1,5198,42509,0,2147483647,0.0,0.0,22,4,-69,GSM,460,1,5198,42518,0,2147483647,0.0,0.0,19,4,-75,GSM,460,1,5198,42519,0,2147483647,0.0,0.0,14,4,-85,GSM,460,1,5198,42517,0,2147483647,0.0,0.0,12,4,-89,GSM
1523278681516,121.21009991,31.28522925,30.0,7.0,3.8468816,-67,true,-1,-1,5,58.0,4000.0,-69.10858154296875,150.0640869140625,-25.7781982421875,0.4468524158000946,-0.5583527684211731,-0.035511333495378494,460,1,5198,42507,0,-1,0.0,0.0,0,0,0,,7,460,1,5198,42507,0,2147483647,0.0,0.0,26,4,-61,GSM,460,1,5198,42508,0,2147483647,0.0,0.0,17,4,-79,GSM,460,1,5198,56688,0,2147483647,0.0,0.0,13,4,-87,GSM,460,1,5198,42509,0,2147483647,0.0,0.0,22,4,-69,GSM,460,1,5198,42518,0,2147483647,0.0,0.0,19,4,-75,GSM,460,1,5198,42519,0,2147483647,0.0,0.0,14,4,-85,GSM,460,1,5198,42517,0,2147483647,0.0,0.0,12,4,-89,GSM
1523278682582,121.21009991,31.28522925,30.0,7.0,3.8468816,-61,true,-1,-1,5,58.0,4000.0,-67.02880859375,145.8648681640625,-25.7781982421875,0.4492369294166565,-0.6707322001457214,-0.08710742741823196,460,1,5198,42507,0,-1,0.0,0.0,0,0,0,,7,460,1,5198,42507,0,2147483647,0.0,0.0,26,4,-61,GSM,460,1,5198,42508,0,2147483647,0.0,0.0,17,4,-79,GSM,460,1,5198,56688,0,2147483647,0.0,0.0,13,4,-87,GSM,460,1,5198,42509,0,2147483647,0.0,0.0,22,4,-69,GSM,460,1,5198,42518,0,2147483647,0.0,0.0,19,4,-75,GSM,460,1,5198,42519,0,2147483647,0.0,0.0,14,4,-85,GSM,460,1,5198,42517,0,2147483647,0.0,0.0,12,4,-89,GSM
1523278683650,121.21005604,31.28524741,25.0,7.0,3.8851514,-61,true,-1,-1,5,58.0,4000.0,-64.0777587890625,147.66387939453125,-26.678466796875,0.4619276821613312,-0.785934567451477,-0.053775232285261154,460,1,5198,42507,0,-1,0.0,0.0,0,0,0,,7,460,1,5198,42507,0,2147483647,0.0,0.0,25,4,-63,GSM,460,1,5198,42508,0,2147483647,0.0,0.0,17,4,-79,GSM,460,1,5198,56688,0,2147483647,0.0,0.0,14,4,-85,GSM,460,1,5198,42509,0,2147483647,0.0,0.0,22,4,-69,GSM,460,1,5198,42518,0,2147483647,0.0,0.0,18,4,-77,GSM,460,1,5198,42519,0,2147483647,0.0,0.0,16,4,-81,GSM,460,1,5198,42517,0,2147483647,0.0,0.0,11,3,-91,GSM
1523278684722,121.21005604,31.28524741,25.0,7.0,3.8851514,-61,true,-1,-1,5,58.0,4000.0,-62.0086669921875,181.26373291015625,-21.8780517578125,0.30113422870635986,0.11573203653097153,-0.2516891658306122,460,1,5198,42507,0,-1,0.0,0.0,0,0,0,,7,460,1,5198,42507,0,2147483647,0.0,0.0,25,4,-63,GSM,460,1,5198,42508,0,2147483647,0.0,0.0,17,4,-79,GSM,460,1,5198,56688,0,2147483647,0.0,0.0,14,4,-85,GSM,460,1,5198,42509,0,2147483647,0.0,0.0,22,4,-69,GSM,460,1,5198,42518,0,2147483647,0.0,0.0,18,4,-77,GSM,460,1,5198,42519,0,2147483647,0.0,0.0,16,4,-81,GSM,460,1,5198,42517,0,2147483647,0.0,0.0,11,3,-91,GSM
1523278685737,121.21001243,31.28531556,25.0,7.0,4.061773,-61,true,-1,-1,5,58.0,4000.0,-103.0487060546875,129.66461181640625,39.62249755859375,-0.26566797494888306,-0.5991465449333191,-2.3540377616882324,460,1,5198,42507,0,-1,0.0,0.0,0,0,0,,7,460,1,5198,42507,0,2147483647,0.0,0.0,23,4,-67,GSM,460,1,5198,42508,0,2147483647,0.0,0.0,17,4,-79,GSM,460,1,5198,56688,0,2147483647,0.0,0.0,14,4,-85,GSM,460,1,5198,42509,0,2147483647,0.0,0.0,20,4,-73,GSM,460,1,5198,42518,0,2147483647,0.0,0.0,18,4,-77,GSM,460,1,5198,42519,0,2147483647,0.0,0.0,16,4,-81,GSM,460,1,5198,50807,0,2147483647,0.0,0.0,12,4,-89,GSM
1523278686842,121.21001243,31.28531556,25.0,7.0,4.061773,-65,true,-1,-1,5,58.0,4000.0,-99.41864013671875,127.86407470703125,46.52252197265625,-0.42897945642471313,-0.3972416818141937,-2.6886022090911865,460,1,5198,42507,0,-1,0.0,0.0,0,0,0,,7,460,1,5198,42507,0,2147483647,0.0,0.0,23,4,-67,GSM,460,1,5198,42508,0,2147483647,0.0,0.0,17,4,-79,GSM,460,1,5198,56688,0,2147483647,0.0,0.0,14,4,-85,GSM,460,1,5198,42509,0,2147483647,0.0,0.0,20,4,-73,GSM,460,1,5198,42518,0,2147483647,0.0,0.0,18,4,-77,GSM,460,1,5198,42519,0,2147483647,0.0,0.0,16,4,-81,GSM,460,1,5198,50807,0,2147483647,0.0,0.0,12,4,-89,GSM
1523278687880,121.20996852,31.28539551,24.0,7.0,4.5621486,-65,true,-1,-1,5,58.0,4000.0,-96.64764404296875,132.96356201171875,49.52239990234375,-0.44624850153923035,-0.3967873454093933,-2.7872474193573,460,1,5198,42507,0,-1,0.0,0.0,0,0,0,,7,460,1,5198,42507,0,2147483647,0.0,0.0,22,4,-69,GSM,460,1,5198,42508,0,2147483647,0.0,0.0,17,4,-79,GSM,460,1,5198,56688,0,2147483647,0.0,0.0,14,4,-85,GSM,460,1,5198,42509,0,2147483647,0.0,0.0,20,4,-73,GSM,460,1,5198,42518,0,2147483647,0.0,0.0,20,4,-73,GSM,460,1,5198,42519,0,2147483647,0.0,0.0,16,4,-81,GSM,460,1,5198,50807,0,2147483647,0.0,0.0,12,4,-89,GSM
1523278688981,121.20996852,31.28539551,24.0,7.0,4.5621486,-65,true,-1,-1,5,58.0,4000.0,-94.73876953125,127.56500244140625,54.022216796875,-0.5574038028717041,-0.3622606098651886,-3.03493332862854,460,1,5198,42507,0,-1,0.0,0.0,0,0,0,,7,460,1,5198,42507,0,2147483647,0.0,0.0,22,4,-69,GSM,460,1,5198,42508,0,2147483647,0.0,0.0,17,4,-79,GSM,460,1,5198,56688,0,2147483647,0.0,0.0,14,4,-85,GSM,460,1,5198,42509,0,2147483647,0.0,0.0,20,4,-73,GSM,460,1,5198,42518,0,2147483647,0.0,0.0,20,4,-73,GSM,460,1,5198,42519,0,2147483647,0.0,0.0,16,4,-81,GSM,460,1,5198,50807,0,2147483647,0.0,0.0,12,4,-89,GSM
1523278690034,121.20990783,31.28548284,22.0,9.0,3.9902005,-65,true,-1,-1,5,58.0,4000.0,-98.37799072265625,123.96392822265625,47.1221923828125,-0.6199135184288025,-0.7403401732444763,-3.0361156463623047,460,1,5198,42507,0,-1,0.0,0.0,0,0,0,,7,460,1,5198,42507,0,2147483647,0.0,0.0,22,4,-69,GSM,460,1,5198,42508,0,2147483647,0.0,0.0,17,4,-79,GSM,460,1,5198,56688,0,2147483647,0.0,0.0,14,4,-85,GSM,460,1,5198,42509,0,2147483647,0.0,0.0,19,4,-75,GSM,460,1,5198,42518,0,2147483647,0.0,0.0,20,4,-73,GSM,460,1,5198,42519,0,2147483647,0.0,0.0,17,4,-79,GSM,460,1,5198,42517,0,2147483647,0.0,0.0,12,4,-89,GSM
1523278691111,121.20990783,31.28548284,22.0,9.0,3.9902005,-65,true,-1,-1,5,58.0,4000.0,-96.46759033203125,124.86419677734375,49.2218017578125,-0.5308136343955994,-0.39074307680130005,-2.9195151329040527,460,1,5198,42507,0,-1,0.0,0.0,0,0,0,,7,460,1,5198,42507,0,2147483647,0.0,0.0,22,4,-69,GSM,460,1,5198,42508,0,2147483647,0.0,0.0,17,4,-79,GSM,460,1,5198,56688,0,2147483647,0.0,0.0,14,4,-85,GSM,460,1,5198,42509,0,2147483647,0.0,0.0,19,4,-75,GSM,460,1,5198,42518,0,2147483647,0.0,0.0,20,4,-73,GSM,460,1,5198,42519,0,2147483647,0.0,0.0,17,4,-79,GSM,460,1,5198,42517,0,2147483647,0.0,0.0,12,4,-89,GSM
1523278692184,121.20975956,31.28560262,19.0,10.0,4.220047,-65,true,-1,-1,5,58.0,4000.0,-94.3878173828125,119.16351318359375,48.0224609375,-0.6785446405410767,-0.6364243030548096,3.076770067214966,460,1,5198,42507,0,-1,0.0,0.0,0,0,0,,6,460,1,5198,42507,0,2147483647,0.0,0.0,20,4,-73,GSM,460,1,5198,42508,0,2147483647,0.0,0.0,15,4,-83,GSM,460,1,5198,56688,0,2147483647,0.0,0.0,13,4,-87,GSM,460,1,5198,42509,0,2147483647,0.0,0.0,19,4,-75,GSM,460,1,5198,42518,0,2147483647,0.0,0.0,21,4,-71,GSM,460,1,5198,42519,0,2147483647,0.0,0.0,17,4,-79,GSM
1523278693256,121.20975956,31.28560262,19.0,10.0,4.220047,-65,true,-1,-1,5,58.0,4000.0,-92.828369140625,116.4642333984375,47.1221923828125,-0.5541684031486511,-0.48461365699768066,-2.9505932331085205,460,1,5198,42507,0,-1,0.0,0.0,0,0,0,,6,460,1,5198,42507,0,2147483647,0.0,0.0,20,4,-73,GSM,460,1,5198,42508,0,2147483647,0.0,0.0,15,4,-83,GSM,460,1,5198,56688,0,2147483647,0.0,0.0,13,4,-87,GSM,460,1,5198,42509,0,2147483647,0.0,0.0,19,4,-75,GSM,460,1,5198,42518,0,2147483647,0.0,0.0,21,4,-71,GSM,460,1,5198,42519,0,2147483647,0.0,0.0,17,4,-79,GSM
1523278694324,121.20975956,31.28560262,19.0,10.0,4.220047,-71,true,-1,-1,5,58.0,4000.0,-94.3878173828125,117.96417236328125,48.62213134765625,-1.0536253452301025,-0.7069560289382935,2.0223941802978516,460,1,5198,42507,0,-1,0.0,0.0,0,0,0,,6,460,1,5198,42507,0,2147483647,0.0,0.0,20,4,-73,GSM,460,1,5198,42508,0,2147483647,0.0,0.0,15,4,-83,GSM,460,1,5198,42509,0,2147483647,0.0,0.0,18,4,-77,GSM,460,1,5198,42518,0,2147483647,0.0,0.0,21,4,-71,GSM,460,1,5198,42519,0,2147483647,0.0,0.0,17,4,-79,GSM,460,1,5198,42517,0,2147483647,0.0,0.0,13,4,-87,GSM
1523278695394,121.20965659,31.28562092,21.0,9.0,4.0117955,-71,true,-1,-1,5,58.0,4000.0,-94.04754638671875,118.86444091796875,48.62213134765625,-0.5394406318664551,-0.5706685185432434,-2.929008960723877,460,1,5198,42507,0,-1,0.0,0.0,0,0,0,,6,460,1,5198,42507,0,2147483647,0.0,0.0,20,4,-73,GSM,460,1,5198,42508,0,2147483647,0.0,0.0,15,4,-83,GSM,460,1,5198,42509,0,2147483647,0.0,0.0,18,4,-77,GSM,460,1,5198,42518,0,2147483647,0.0,0.0,21,4,-71,GSM,460,1,5198,42519,0,2147483647,0.0,0.0,17,4,-79,GSM,460,1,5198,42517,0,2147483647,0.0,0.0,13,4,-87,GSM
1523278696481,121.20965659,31.28562092,21.0,9.0,4.0117955,-71,true,-1,-1,5,58.0,4000.0,-93.0084228515625,117.66357421875,49.2218017578125,-0.5452837347984314,-0.4561403691768646,-2.9476373195648193,460,1,5198,42507,0,-1,0.0,0.0,0,0,0,,6,460,1,5198,42507,0,2147483647,0.0,0.0,20,4,-73,GSM,460,1,5198,42508,0,2147483647,0.0,0.0,15,4,-83,GSM,460,1,5198,42509,0,2147483647,0.0,0.0,18,4,-77,GSM,460,1,5198,42518,0,2147483647,0.0,0.0,23,4,-67,GSM,460,1,5198,42519,0,2147483647,0.0,0.0,17,4,-79,GSM,460,1,5198,42517,0,2147483647,0.0,0.0,13,4,-87,GSM
1523278697558,121.20955669,31.28572278,20.0,5.0,4.5735435,-71,true,-1,-1,5,58.0,4000.0,-96.2982177734375,120.96405029296875,45.3216552734375,-0.5140096545219421,-0.4822956919670105,-2.8491663932800293,460,1,5198,42507,0,-1,0.0,0.0,0,0,0,,6,460,1,5198,42507,0,2147483647,0.0,0.0,20,4,-73,GSM,460,1,5198,42508,0,2147483647,0.0,0.0,15,4,-83,GSM,460,1,5198,42509,0,2147483647,0.0,0.0,18,4,-77,GSM,460,1,5198,42518,0,2147483647,0.0,0.0,23,4,-67,GSM,460,1,5198,42519,0,2147483647,0.0,0.0,17,4,-79,GSM,460,1,5198,42517,0,2147483647,0.0,0.0,13,4,-87,GSM
1523278698617,121.20955669,31.28572278,20.0,5.0,4.5735435,-71,true,-1,-1,5,58.0,4000.0,-96.9879150390625,120.96405029296875,48.9227294921875,-0.5198768377304077,-0.5038781762123108,-2.8756906986236572,460,1,5198,42518,0,-1,0.0,0.0,0,0,0,,6,460,1,5198,42518,0,2147483647,0.0,0.0,21,4,-71,GSM,460,1,5198,42508,0,2147483647,0.0,0.0,15,4,-83,GSM,460,1,5198,42509,0,2147483647,0.0,0.0,17,4,-79,GSM,460,1,5198,42518,0,2147483647,0.0,0.0,23,4,-67,GSM,460,1,5198,42519,0,2147483647,0.0,0.0,17,4,-79,GSM,460,1,5198,42517,0,2147483647,0.0,0.0,13,4,-87,GSM
1523278699704,121.20954478,31.28579139,20.0,4.0,3.7102156,-71,true,-1,-1,5,58.0,4000.0,-97.3388671875,120.3643798828125,45.9228515625,-0.5007492303848267,-0.526897132396698,-2.8154313564300537,460,1,5198,42518,0,-1,0.0,0.0,0,0,0,,6,460,1,5198,42518,0,2147483647,0.0,0.0,21,4,-71,GSM,460,1,5198,42508,0,2147483647,0.0,0.0,15,4,-83,GSM,460,1,5198,42509,0,2147483647,0.0,0.0,17,4,-79,GSM,460,1,5198,42518,0,2147483647,0.0,0.0,23,4,-67,GSM,460,1,5198,42519,0,2147483647,0.0,0.0,17,4,-79,GSM,460,1,5198,42517,0,2147483647,0.0,0.0,13,4,-87,GSM
1523278700771,121.20954478,31.28579139,20.0,4.0,3.7102156,-71,true,-1,-1,5,58.0,4000.0,-97.50823974609375,124.5635986328125,48.62213134765625,-0.459597647190094,-0.45580974221229553,-2.767348527908325,460,1,5198,42518,0,-1,0.0,0.0,0,0,0,,7,460,1,5198,42518,0,2147483647,0.0,0.0,26,4,-61,GSM,460,1,5198,42508,0,2147483647,0.0,0.0,15,4,-83,GSM,460,1,5198,42509,0,2147483647,0.0,0.0,17,4,-79,GSM,460,1,5198,42519,0,2147483647,0.0,0.0,17,4,-79,GSM,460,1,5198,42517,0,2147483647,0.0,0.0,13,4,-87,GSM,460,1,5198,42507,0,2147483647,0.0,0.0,22,4,-69,GSM,0,0,0,-1,0,2147483647,0.0,0.0,12,4,-89,GSM
1523278701843,121.2094836,31.28584933,22.0,4.0,4.1801076,-71,true,-1,-1,5,58.0,4000.0,-96.12884521484375,121.563720703125,47.42279052734375,-0.48076331615448,-0.5148416757583618,-2.8025362491607666,460,1,5198,42518,0,-1,0.0,0.0,0,0,0,,7,460,1,5198,42518,0,2147483647,0.0,0.0,26,4,-61,GSM,460,1,5198,42508,0,2147483647,0.0,0.0,15,4,-83,GSM,460,1,5198,42509,0,2147483647,0.0,0.0,17,4,-79,GSM,460,1,5198,42519,0,2147483647,0.0,0.0,17,4,-79,GSM,460,1,5198,42517,0,2147483647,0.0,0.0,13,4,-87,GSM,460,1,5198,42507,0,2147483647,0.0,0.0,22,4,-69,GSM,0,0,0,-1,0,2147483647,0.0,0.0,12,4,-89,GSM
1523278702933,121.2094836,31.28584933,22.0,4.0,4.1801076,-59,true,-1,-1,5,58.0,4000.0,-94.3878173828125,129.06494140625,37.82196044921875,-0.4835067093372345,-0.3937097489833832,-2.798388957977295,460,1,5198,42518,0,-1,0.0,0.0,0,0,0,,7,460,1,5198,42518,0,2147483647,0.0,0.0,27,4,-59,GSM,460,1,5198,42508,0,2147483647,0.0,0.0,14,4,-85,GSM,460,1,5198,42509,0,2147483647,0.0,0.0,17,4,-79,GSM,460,1,5198,42519,0,2147483647,0.0,0.0,18,4,-77,GSM,460,1,5198,42517,0,2147483647,0.0,0.0,14,4,-85,GSM,460,1,5198,42507,0,2147483647,0.0,0.0,21,4,-71,GSM,460,1,5198,43857,0,2147483647,0.0,0.0,12,4,-89,GSM
1523278703994,121.20941968,31.28591221,21.0,4.0,3.9821224,-59,true,-1,-1,5,58.0,4000.0,-102.008056640625,138.66424560546875,50.42266845703125,-0.5063239932060242,-0.6155872344970703,-2.893000841140747,460,1,5198,42518,0,-1,0.0,0.0,0,0,0,,7,460,1,5198,42518,0,2147483647,0.0,0.0,27,4,-59,GSM,460,1,5198,42508,0,2147483647,0.0,0.0,14,4,-85,GSM,460,1,5198,42509,0,2147483647,0.0,0.0,17,4,-79,GSM,460,1,5198,42519,0,2147483647,0.0,0.0,18,4,-77,GSM,460,1,5198,42517,0,2147483647,0.0,0.0,14,4,-85,GSM,460,1,5198,42507,0,2147483647,0.0,0.0,21,4,-71,GSM,460,1,5198,43857,0,2147483647,0.0,0.0,12,4,-89,GSM
1523278705063,121.20941968,31.28591221,21.0,4.0,3.9821224,-57,true,-1,-1,5,58.0,4000.0,-94.90814208984375,143.76373291015625,65.1214599609375,-0.3813955783843994,-0.6653196811676025,-2.8073689937591553,460,1,5198,42518,0,-1,0.0,0.0,0,0,0,,6,460,1,5198,42518,0,2147483647,0.0,0.0,28,4,-57,GSM,460,1,5198,42508,0,2147483647,0.0,0.0,14,4,-85,GSM,460,1,5198,42509,0,2147483647,0.0,0.0,17,4,-79,GSM,460,1,5198,42519,0,2147483647,0.0,0.0,18,4,-77,GSM,460,1,5198,42517,0,2147483647,0.0,0.0,15,4,-83,GSM,460,1,5198,42507,0,2147483647,0.0,0.0,21,4,-71,GSM
1523278706150,121.20937081,31.28597259,20.0,5.0,3.33006,-57,true,-1,-1,5,58.0,4000.0,-97.6776123046875,149.163818359375,79.522705078125,-0.3416930139064789,-0.7067132592201233,-2.798440933227539,460,1,5198,42518,0,-1,0.0,0.0,0,0,0,,6,460,1,5198,42518,0,2147483647,0.0,0.0,28,4,-57,GSM,460,1,5198,42508,0,2147483647,0.0,0.0,14,4,-85,GSM,460,1,5198,42509,0,2147483647,0.0,0.0,17,4,-79,GSM,460,1,5198,42519,0,2147483647,0.0,0.0,18,4,-77,GSM,460,1,5198,42517,0,2147483647,0.0,0.0,15,4,-83,GSM,460,1,5198,42507,0,2147483647,0.0,0.0,21,4,-71,GSM
1523278707216,121.20937081,31.28597259,20.0,5.0,3.33006,-57,true,-1,-1,5,58.0,4000.0,-106.5185546875,124.86419677734375,-19.7784423828125,0.40155312418937683,-0.5796475410461426,-0.7484714984893799,460,1,5198,42518,0,-1,0.0,0.0,0,0,0,,6,460,1,5198,42518,0,2147483647,0.0,0.0,26,4,-61,GSM,460,1,5198,42508,0,2147483647,0.0,0.0,14,4,-85,GSM,460,1,5198,42509,0,2147483647,0.0,0.0,17,4,-79,GSM,460,1,5198,42519,0,2147483647,0.0,0.0,18,4,-77,GSM,460,1,5198,42517,0,2147483647,0.0,0.0,15,4,-83,GSM,460,1,5198,42507,0,2147483647,0.0,0.0,22,4,-69,GSM
1523278708468,121.20942417,31.28605255,20.0,5.0,3.4301312,-57,true,-1,-1,5,58.0,4000.0,-77.06756591796875,141.9647216796875,-28.17840576171875,0.5003463625907898,-0.43153080344200134,-0.0026077544316649437,460,1,5198,42518,0,-1,0.0,0.0,0,0,0,,6,460,1,5198,42518,0,2147483647,0.0,0.0,26,4,-61,GSM,460,1,5198,42508,0,2147483647,0.0,0.0,14,4,-85,GSM,460,1,5198,42509,0,2147483647,0.0,0.0,17,4,-79,GSM,460,1,5198,42519,0,2147483647,0.0,0.0,18,4,-77,GSM,460,1,5198,42517,0,2147483647,0.0,0.0,15,4,-83,GSM,460,1,5198,42507,0,2147483647,0.0,0.0,22,4,-69,GSM
1523278709371,121.20947443,31.28610141,19.0,5.0,3.470706,-59,true,-1,-1,5,58.0,4000.0,-89.7186279296875,149.163818359375,-20.67718505859375,0.5074396133422852,-0.23858407139778137,-0.16286508738994598,460,1,5198,42518,0,-1,0.0,0.0,0,0,0,,6,460,1,5198,42518,0,2147483647,0.0,0.0,26,4,-61,GSM,460,1,5198,42508,0,2147483647,0.0,0.0,14,4,-85,GSM,460,1,5198,42509,0,2147483647,0.0,0.0,17,4,-79,GSM,460,1,5198,42519,0,2147483647,0.0,0.0,18,4,-77,GSM,460,1,5198,42517,0,2147483647,0.0,0.0,15,4,-83,GSM,460,1,5198,42507,0,2147483647,0.0,0.0,23,4,-67,GSM
1523278710443,121.20947443,31.28610141,19.0,5.0,3.470706,-59,true,-1,-1,5,58.0,4000.0,-90.05889892578125,147.36480712890625,-14.67742919921875,0.5372644662857056,-0.3196699619293213,-0.10953669995069504,460,1,5198,42518,0,-1,0.0,0.0,0,0,0,,6,460,1,5198,42518,0,2147483647,0.0,0.0,26,4,-61,GSM,460,1,5198,42508,0,2147483647,0.0,0.0,14,4,-85,GSM,460,1,5198,42509,0,2147483647,0.0,0.0,17,4,-79,GSM,460,1,5198,42519,0,2147483647,0.0,0.0,18,4,-77,GSM,460,1,5198,42517,0,2147483647,0.0,0.0,15,4,-83,GSM,460,1,5198,42507,0,2147483647,0.0,0.0,23,4,-67,GSM
1523278711518,121.20950889,31.28612019,21.0,5.0,3.1902509,-59,true,-1,-1,5,58.0,4000.0,-92.138671875,142.864990234375,-8.67767333984375,0.5848477482795715,-0.5108093619346619,-0.15105238556861877,460,1,5198,42518,0,-1,0.0,0.0,0,0,0,,6,460,1,5198,42518,0,2147483647,0.0,0.0,27,4,-59,GSM,460,1,5198,42508,0,2147483647,0.0,0.0,14,4,-85,GSM,460,1,5198,42509,0,2147483647,0.0,0.0,17,4,-79,GSM,460,1,5198,42519,0,2147483647,0.0,0.0,19,4,-75,GSM,460,1,5198,42517,0,2147483647,0.0,0.0,15,4,-83,GSM,460,1,5198,42507,0,2147483647,0.0,0.0,23,4,-67,GSM
1523278712610,121.20950889,31.28612019,21.0,5.0,3.1902509,-59,true,-1,-1,5,58.0,4000.0,-82.958984375,154.26483154296875,-17.37823486328125,0.4839492738246918,-0.2521481215953827,-0.06947434693574905,460,1,5198,42518,0,-1,0.0,0.0,0,0,0,,6,460,1,5198,42518,0,2147483647,0.0,0.0,27,4,-59,GSM,460,1,5198,42508,0,2147483647,0.0,0.0,14,4,-85,GSM,460,1,5198,42509,0,2147483647,0.0,0.0,17,4,-79,GSM,460,1,5198,42519,0,2147483647,0.0,0.0,19,4,-75,GSM,460,1,5198,42517,0,2147483647,0.0,0.0,15,4,-83,GSM,460,1,5198,42507,0,2147483647,0.0,0.0,23,4,-67,GSM
1523278713661,121.20953884,31.28617649,18.0,4.0,3.31,-59,true,-1,-1,5,58.0,4000.0,-93.52874755859375,146.46453857421875,-9.8785400390625,0.5325408577919006,-0.45400890707969666,-0.2877257168292999,460,1,5198,42518,0,-1,0.0,0.0,0,0,0,,6,460,1,5198,42518,0,2147483647,0.0,0.0,27,4,-59,GSM,460,1,5198,42508,0,2147483647,0.0,0.0,14,4,-85,GSM,460,1,5198,42509,0,2147483647,0.0,0.0,17,4,-79,GSM,460,1,5198,42519,0,2147483647,0.0,0.0,19,4,-75,GSM,460,1,5198,42517,0,2147483647,0.0,0.0,14,4,-85,GSM,460,1,5198,42507,0,2147483647,0.0,0.0,23,4,-67,GSM
1523278714731,121.20953884,31.28617649,18.0,4.0,3.31,-57,true,-1,-1,5,58.0,4000.0,-94.73876953125,148.2635498046875,-2.978515625,0.554541289806366,-0.6407619118690491,-0.368883341550827,460,1,5198,42518,0,-1,0.0,0.0,0,0,0,,6,460,1,5198,42518,0,2147483647,0.0,0.0,27,4,-59,GSM,460,1,5198,42508,0,2147483647,0.0,0.0,14,4,-85,GSM,460,1,5198,42509,0,2147483647,0.0,0.0,17,4,-79,GSM,460,1,5198,42519,0,2147483647,0.0,0.0,19,4,-75,GSM,460,1,5198,42517,0,2147483647,0.0,0.0,14,4,-85,GSM,460,1,5198,42507,0,2147483647,0.0,0.0,23,4,-67,GSM
1523278715821,121.20958026,31.28622933,17.0,4.0,3.5708961,-57,true,-1,-1,5,58.0,4000.0,-96.46759033203125,155.16357421875,-8.978271484375,0.49562323093414307,-0.6038618683815002,-0.4305565357208252,460,1,5198,42518,0,-1,0.0,0.0,0,0,0,,6,460,1,5198,42518,0,2147483647,0.0,0.0,25,4,-63,GSM,460,1,5198,42508,0,2147483647,0.0,0.0,15,4,-83,GSM,460,1,5198,42509,0,2147483647,0.0,0.0,17,4,-79,GSM,460,1,5198,42519,0,2147483647,0.0,0.0,19,4,-75,GSM,460,1,5198,42517,0,2147483647,0.0,0.0,14,4,-85,GSM,460,1,5198,42507,0,2147483647,0.0,0.0,23,4,-67,GSM
1523278716887,121.20958026,31.28622933,17.0,4.0,3.5708961,-57,true,-1,-1,5,58.0,4000.0,-96.2982177734375,146.76361083984375,-13.47808837890625,0.5599210858345032,-0.5688660740852356,-0.2501028776168823,460,1,5198,42518,0,-1,0.0,0.0,0,0,0,,6,460,1,5198,42518,0,2147483647,0.0,0.0,25,4,-63,GSM,460,1,5198,42508,0,2147483647,0.0,0.0,15,4,-83,GSM,460,1,5198,42509,0,2147483647,0.0,0.0,17,4,-79,GSM,460,1,5198,42519,0,2147483647,0.0,0.0,19,4,-75,GSM,460,1,5198,42517,0,2147483647,0.0,0.0,14,4,-85,GSM,460,1,5198,42507,0,2147483647,0.0,0.0,23,4,-67,GSM
1523278717953,121.20962716,31.28628198,14.0,5.0,3.8956645,-65,true,-1,-1,5,58.0,4000.0,-98.54888916015625,143.76373291015625,-12.57781982421875,0.7373969554901123,-0.8680997490882874,-0.06492000818252563,460,1,5198,42518,0,-1,0.0,0.0,0,0,0,,6,460,1,5198,42518,0,2147483647,0.0,0.0,23,4,-67,GSM,460,1,5198,42508,0,2147483647,0.0,0.0,15,4,-83,GSM,460,1,5198,42509,0,2147483647,0.0,0.0,17,4,-79,GSM,460,1,5198,42519,0,2147483647,0.0,0.0,19,4,-75,GSM,460,1,5198,42517,0,2147483647,0.0,0.0,14,4,-85,GSM,460,1,5198,42507,0,2147483647,0.0,0.0,23,4,-67,GSM
1523278719046,121.20962716,31.28628198,14.0,5.0,3.8956645,-65,true,-1,-1,5,58.0,4000.0,-84.68780517578125,145.8648681640625,71.42181396484375,-0.19370843470096588,-0.3333968222141266,-2.581566333770752,460,1,5198,42518,0,-1,0.0,0.0,0,0,0,,6,460,1,5198,42518,0,2147483647,0.0,0.0,23,4,-67,GSM,460,1,5198,42508,0,2147483647,0.0,0.0,15,4,-83,GSM,460,1,5198,42509,0,2147483647,0.0,0.0,17,4,-79,GSM,460,1,5198,42519,0,2147483647,0.0,0.0,19,4,-75,GSM,460,1,5198,42517,0,2147483647,0.0,0.0,14,4,-85,GSM,460,1,5198,42507,0,2147483647,0.0,0.0,23,4,-67,GSM
1523278720107,121.20967445,31.28634062,14.0,6.0,4.001512,-65,true,-1,-1,5,58.0,4000.0,-79.14886474609375,147.9644775390625,71.42181396484375,-0.2989567518234253,-0.46916133165359497,-2.8308756351470947,460,1,5198,42518,0,-1,0.0,0.0,0,0,0,,6,460,1,5198,42518,0,2147483647,0.0,0.0,22,4,-69,GSM,460,1,5198,42508,0,2147483647,0.0,0.0,15,4,-83,GSM,460,1,5198,42509,0,2147483647,0.0,0.0,16,4,-81,GSM,460,1,5198,42519,0,2147483647,0.0,0.0,19,4,-75,GSM,460,1,5198,42517,0,2147483647,0.0,0.0,14,4,-85,GSM,460,1,5198,42507,0,2147483647,0.0,0.0,23,4,-67,GSM
1523278721180,121.20967445,31.28634062,14.0,6.0,4.001512,-65,true,-1,-1,5,58.0,4000.0,-77.587890625,150.96435546875,73.52142333984375,-0.3549816608428955,-0.40779465436935425,-2.9707767963409424,460,1,5198,42518,0,-1,0.0,0.0,0,0,0,,6,460,1,5198,42518,0,2147483647,0.0,0.0,22,4,-69,GSM,460,1,5198,42508,0,2147483647,0.0,0.0,15,4,-83,GSM,460,1,5198,42509,0,2147483647,0.0,0.0,16,4,-81,GSM,460,1,5198,42519,0,2147483647,0.0,0.0,19,4,-75,GSM,460,1,5198,42517,0,2147483647,0.0,0.0,14,4,-85,GSM,460,1,5198,42507,0,2147483647,0.0,0.0,23,4,-67,GSM
1523278722264,121.20971349,31.28640398,14.0,9.0,4.0001125,-65,true,-1,-1,5,58.0,4000.0,-78.97796630859375,152.1636962890625,71.12274169921875,-0.23298116028308868,-0.39757460355758667,-2.7127346992492676,460,1,5198,42518,0,-1,0.0,0.0,0,0,0,,6,460,1,5198,42518,0,2147483647,0.0,0.0,21,4,-71,GSM,460,1,5198,42508,0,2147483647,0.0,0.0,15,4,-83,GSM,460,1,5198,42509,0,2147483647,0.0,0.0,16,4,-81,GSM,460,1,5198,42519,0,2147483647,0.0,0.0,19,4,-75,GSM,460,1,5198,42517,0,2147483647,0.0,0.0,13,4,-87,GSM,460,1,5198,42507,0,2147483647,0.0,0.0,24,4,-65,GSM
1523278723333,121.20971349,31.28640398,14.0,9.0,4.0001125,-65,true,-1,-1,5,58.0,4000.0,-82.098388671875,145.56427001953125,70.52154541015625,-0.2941038906574249,-0.45956432819366455,-2.7842929363250732,460,1,5198,42518,0,-1,0.0,0.0,0,0,0,,6,460,1,5198,42518,0,2147483647,0.0,0.0,21,4,-71,GSM,460,1,5198,42508,0,2147483647,0.0,0.0,15,4,-83,GSM,460,1,5198,42509,0,2147483647,0.0,0.0,16,4,-81,GSM,460,1,5198,42519,0,2147483647,0.0,0.0,19,4,-75,GSM,460,1,5198,42517,0,2147483647,0.0,0.0,13,4,-87,GSM,460,1,5198,42507,0,2147483647,0.0,0.0,24,4,-65,GSM
1523278724403,121.20975926,31.28645822,14.0,8.0,3.8600519,-65,true,-1,-1,5,58.0,4000.0,-79.83856201171875,150.0640869140625,70.8221435546875,-0.30336669087409973,-0.5931816697120667,-2.837376117706299,460,1,5198,42518,0,-1,0.0,0.0,0,0,0,,6,460,1,5198,42518,0,2147483647,0.0,0.0,20,4,-73,GSM,460,1,5198,42508,0,2147483647,0.0,0.0,16,4,-81,GSM,460,1,5198,42509,0,2147483647,0.0,0.0,16,4,-81,GSM,460,1,5198,42519,0,2147483647,0.0,0.0,17,4,-79,GSM,460,1,5198,42517,0,2147483647,0.0,0.0,13,4,-87,GSM,460,1,5198,42507,0,2147483647,0.0,0.0,24,4,-65,GSM
