IMEI:862305032225518
IMSI:460091042103139
OSVersion:3.10.73-perf-g94fc9a6
apiLevel:5.1.1
model:Redmi Note 3
device:kenzo
product:kenzo
114
1523513073574,121.20884282,31.28843713,23.0,23.0,0.26172507,-51,true,-1,-1,5,63.0,4000.0,-32.7301025390625,-18.32427978515625,-33.331298828125,1.6508713960647583,-0.4301616847515106,-0.011831562034785748,460,1,5198,42518,0,-1,0.0,0.0,0,0,0,,7,460,1,5198,42518,0,2147483647,0.0,0.0,31,4,-51,GSM,460,1,5198,42517,0,2147483647,0.0,0.0,16,4,-81,GSM,460,1,5198,49989,0,2147483647,0.0,0.0,20,4,-73,GSM,460,1,5198,42519,0,2147483647,0.0,0.0,16,4,-81,GSM,460,1,5198,1188,0,2147483647,0.0,0.0,16,4,-81,GSM,460,1,5198,42507,0,2147483647,0.0,0.0,17,4,-79,GSM,460,1,5198,56688,0,2147483647,0.0,0.0,14,4,-85,GSM
1523513076630,121.20884282,31.28843713,23.0,23.0,0.26172507,-51,true,-1,-1,5,63.0,4000.0,3.289794921875,17.67578125,45.867919921875,0.5620333552360535,-0.3843908905982971,-2.7611005306243896,460,1,5198,42518,0,-1,0.0,0.0,0,0,0,,7,460,1,5198,42518,0,2147483647,0.0,0.0,30,4,-53,GSM,460,1,5198,42517,0,2147483647,0.0,0.0,19,4,-75,GSM,460,1,5198,49989,0,2147483647,0.0,0.0,19,4,-75,GSM,460,1,5198,42519,0,2147483647,0.0,0.0,17,4,-79,GSM,460,1,5198,1188,0,2147483647,0.0,0.0,16,4,-81,GSM,460,1,5198,42507,0,2147483647,0.0,0.0,16,4,-81,GSM,460,1,5198,56688,0,2147483647,0.0,0.0,13,4,-87,GSM
1523513079726,121.20884282,31.28843713,23.0,23.0,0.26172507,-51,true,-1,-1,5,63.0,4000.0,-36.0198974609375,-5.1239013671875,22.16796875,-0.6369245648384094,-0.6847395896911621,-2.4971983432769775,460,1,5198,42518,0,-1,0.0,0.0,0,0,0,,7,460,1,5198,42518,0,2147483647,0.0,0.0,29,4,-55,GSM,460,1,5198,42517,0,2147483647,0.0,0.0,20,4,-73,GSM,460,1,5198,49989,0,2147483647,0.0,0.0,19,4,-75,GSM,460,1,5198,42519,0,2147483647,0.0,0.0,17,4,-79,GSM,460,1,5198,1188,0,2147483647,0.0,0.0,15,4,-83,GSM,460,1,5198,42507,0,2147483647,0.0,0.0,15,4,-83,GSM,460,1,5198,56688,0,2147483647,0.0,0.0,13,4,-87,GSM
1523513082781,121.20909277,31.28833359,27.0,36.0,0.0,-51,true,-1,-1,5,63.0,4000.0,6.41021728515625,5.37567138671875,-53.131103515625,-0.7395265698432922,-0.4712350368499756,-0.3480684757232666,460,1,5198,42518,0,-1,0.0,0.0,0,0,0,,7,460,1,5198,42518,0,2147483647,0.0,0.0,30,4,-53,GSM,460,1,5198,42517,0,2147483647,0.0,0.0,20,4,-73,GSM,460,1,5198,49989,0,2147483647,0.0,0.0,19,4,-75,GSM,460,1,5198,42519,0,2147483647,0.0,0.0,17,4,-79,GSM,460,1,5198,1188,0,2147483647,0.0,0.0,14,4,-85,GSM,460,1,5198,42507,0,2147483647,0.0,0.0,15,4,-83,GSM,460,1,5198,56688,0,2147483647,0.0,0.0,13,4,-87,GSM
1523513085865,121.20909277,31.28833359,27.0,36.0,0.0,-51,true,-1,-1,5,63.0,4000.0,-36.8896484375,-17.12493896484375,14.068603515625,-1.4804412126541138,-0.5293919444084167,-2.5105748176574707,460,1,5198,42518,0,-1,0.0,0.0,0,0,0,,7,460,1,5198,42518,0,2147483647,0.0,0.0,28,4,-57,GSM,460,1,5198,42517,0,2147483647,0.0,0.0,21,4,-71,GSM,460,1,5198,49989,0,2147483647,0.0,0.0,18,4,-77,GSM,460,1,5198,42519,0,2147483647,0.0,0.0,18,4,-77,GSM,460,1,5198,1188,0,2147483647,0.0,0.0,14,4,-85,GSM,460,1,5198,42507,0,2147483647,0.0,0.0,14,4,-85,GSM,460,1,5198,43858,0,2147483647,0.0,0.0,14,4,-85,GSM
1523513088909,121.20887123,31.28846681,20.0,33.0,0.0,-55,true,-1,-1,5,63.0,4000.0,-39.14031982421875,-9.92431640625,25.1678466796875,-1.37101149559021,-0.44129693508148193,-2.8501124382019043,460,1,5198,42518,0,-1,0.0,0.0,0,0,0,,7,460,1,5198,42518,0,2147483647,0.0,0.0,27,4,-59,GSM,460,1,5198,42517,0,2147483647,0.0,0.0,20,4,-73,GSM,460,1,5198,49989,0,2147483647,0.0,0.0,18,4,-77,GSM,460,1,5198,42519,0,2147483647,0.0,0.0,18,4,-77,GSM,460,1,5198,1188,0,2147483647,0.0,0.0,14,4,-85,GSM,460,1,5198,42507,0,2147483647,0.0,0.0,12,4,-89,GSM,460,1,5198,43858,0,2147483647,0.0,0.0,14,4,-85,GSM
1523513091989,121.20887123,31.28846681,20.0,33.0,0.0,-55,true,-1,-1,5,63.0,4000.0,-25.45013427734375,-19.525146484375,26.068115234375,-1.7360928058624268,-0.46571722626686096,-2.751636505126953,460,1,5198,42518,0,-1,0.0,0.0,0,0,0,,7,460,1,5198,42518,0,2147483647,0.0,0.0,27,4,-59,GSM,460,1,5198,42517,0,2147483647,0.0,0.0,21,4,-71,GSM,460,1,5198,49989,0,2147483647,0.0,0.0,18,4,-77,GSM,460,1,5198,42519,0,2147483647,0.0,0.0,17,4,-79,GSM,460,1,5198,1188,0,2147483647,0.0,0.0,14,4,-85,GSM,460,1,5198,43858,0,2147483647,0.0,0.0,14,4,-85,GSM,460,1,5198,56688,0,2147483647,0.0,0.0,14,4,-85,GSM
1523513095060,121.20869173,31.28859238,20.0,30.0,0.0,-55,true,-1,-1,5,63.0,4000.0,-21.47064208984375,-18.02520751953125,16.168212890625,-1.9101042747497559,-0.4946734607219696,-2.7885634899139404,460,1,5198,42518,0,-1,0.0,0.0,0,0,0,,7,460,1,5198,42518,0,2147483647,0.0,0.0,29,4,-55,GSM,460,1,5198,42517,0,2147483647,0.0,0.0,21,4,-71,GSM,460,1,5198,49989,0,2147483647,0.0,0.0,16,4,-81,GSM,460,1,5198,42519,0,2147483647,0.0,0.0,17,4,-79,GSM,460,1,5198,1188,0,2147483647,0.0,0.0,14,4,-85,GSM,460,1,5198,43858,0,2147483647,0.0,0.0,13,4,-87,GSM,460,1,5198,56688,0,2147483647,0.0,0.0,13,4,-87,GSM
1523513098135,121.20869173,31.28859238,20.0,30.0,0.0,-55,true,-1,-1,5,63.0,4000.0,-33.5906982421875,-15.02532958984375,13.1683349609375,-1.6540453433990479,-0.4891386330127716,-2.8115975856781006,460,1,5198,42518,0,-1,0.0,0.0,0,0,0,,7,460,1,5198,42518,0,2147483647,0.0,0.0,28,4,-57,GSM,460,1,5198,42517,0,2147483647,0.0,0.0,19,4,-75,GSM,460,1,5198,49989,0,2147483647,0.0,0.0,17,4,-79,GSM,460,1,5198,42519,0,2147483647,0.0,0.0,19,4,-75,GSM,460,1,5198,1188,0,2147483647,0.0,0.0,13,4,-87,GSM,460,1,5198,43858,0,2147483647,0.0,0.0,13,4,-87,GSM,460,1,5198,56688,0,2147483647,0.0,0.0,14,4,-85,GSM
1523513101191,121.20847546,31.28873892,16.0,28.0,0.0,-55,true,-1,-1,5,63.0,4000.0,-38.6199951171875,-2.7252197265625,13.46893310546875,-1.2610368728637695,-0.390115350484848,-2.6532561779022217,460,1,5198,42518,0,-1,0.0,0.0,0,0,0,,7,460,1,5198,42518,0,2147483647,0.0,0.0,27,4,-59,GSM,460,1,5198,42517,0,2147483647,0.0,0.0,17,4,-79,GSM,460,1,5198,49989,0,2147483647,0.0,0.0,17,4,-79,GSM,460,1,5198,42519,0,2147483647,0.0,0.0,19,4,-75,GSM,460,1,5198,1188,0,2147483647,0.0,0.0,12,4,-89,GSM,460,1,5198,43858,0,2147483647,0.0,0.0,13,4,-87,GSM,460,1,5198,56688,0,2147483647,0.0,0.0,13,4,-87,GSM
1523513104264,121.20847546,31.28873892,16.0,28.0,0.0,-55,true,-1,-1,5,63.0,4000.0,-12.4603271484375,12.57476806640625,45.56884765625,0.19915205240249634,-0.5755780935287476,-2.7204458713531494,460,1,5198,42518,0,-1,0.0,0.0,0,0,0,,7,460,1,5198,42518,0,2147483647,0.0,0.0,29,4,-55,GSM,460,1,5198,42517,0,2147483647,0.0,0.0,17,4,-79,GSM,460,1,5198,49989,0,2147483647,0.0,0.0,19,4,-75,GSM,460,1,5198,42519,0,2147483647,0.0,0.0,20,4,-73,GSM,460,1,5198,1188,0,2147483647,0.0,0.0,12,4,-89,GSM,460,1,5198,43858,0,2147483647,0.0,0.0,13,4,-87,GSM,460,1,5198,56688,0,2147483647,0.0,0.0,13,4,-87,GSM
1523513107330,121.20834434,31.28885284,16.0,41.0,0.0,-55,true,-1,-1,5,63.0,4000.0,-11.5997314453125,17.37518310546875,44.06890869140625,0.19827140867710114,-0.42689552903175354,-2.7316715717315674,460,1,5198,42518,0,-1,0.0,0.0,0,0,0,,7,460,1,5198,42518,0,2147483647,0.0,0.0,29,4,-55,GSM,460,1,5198,42517,0,2147483647,0.0,0.0,17,4,-79,GSM,460,1,5198,49989,0,2147483647,0.0,0.0,20,4,-73,GSM,460,1,5198,42519,0,2147483647,0.0,0.0,20,4,-73,GSM,460,1,5198,1188,0,2147483647,0.0,0.0,12,4,-89,GSM,460,1,5198,43858,0,2147483647,0.0,0.0,13,4,-87,GSM,460,1,5198,56688,0,2147483647,0.0,0.0,13,4,-87,GSM
1523513110406,121.20834434,31.28885284,16.0,41.0,0.0,-55,true,-1,-1,5,63.0,4000.0,-8.3099365234375,11.37542724609375,46.7681884765625,0.37991341948509216,-0.38204535841941833,-2.7300801277160645,460,1,5198,42518,0,-1,0.0,0.0,0,0,0,,7,460,1,5198,42518,0,2147483647,0.0,0.0,28,4,-57,GSM,460,1,5198,42517,0,2147483647,0.0,0.0,19,4,-75,GSM,460,1,5198,49989,0,2147483647,0.0,0.0,21,4,-71,GSM,460,1,5198,42519,0,2147483647,0.0,0.0,20,4,-73,GSM,460,1,5198,1188,0,2147483647,0.0,0.0,11,3,-91,GSM,460,1,5198,43858,0,2147483647,0.0,0.0,14,4,-85,GSM,460,1,5198,56688,0,2147483647,0.0,0.0,13,4,-87,GSM
1523513113449,121.20848596,31.28905024,19.0,30.0,0.0,-55,true,-1,-1,5,63.0,4000.0,-15.58074951171875,15.875244140625,43.16864013671875,0.3337612748146057,-0.5616841316223145,-2.51261043548584,460,1,5198,42518,0,-1,0.0,0.0,0,0,0,,7,460,1,5198,42518,0,2147483647,0.0,0.0,27,4,-59,GSM,460,1,5198,42517,0,2147483647,0.0,0.0,20,4,-73,GSM,460,1,5198,49989,0,2147483647,0.0,0.0,21,4,-71,GSM,460,1,5198,42519,0,2147483647,0.0,0.0,20,4,-73,GSM,460,1,5198,43858,0,2147483647,0.0,0.0,14,4,-85,GSM,460,1,5198,56688,0,2147483647,0.0,0.0,13,4,-87,GSM,460,1,5198,43857,0,2147483647,0.0,0.0,11,3,-91,GSM
1523513116512,121.20870695,31.28922903,18.0,28.0,3.5105128,-55,true,-1,-1,5,63.0,4000.0,-13.67950439453125,9.87548828125,44.06890869140625,0.2835657298564911,-0.4834287166595459,-2.6512248516082764,460,1,5198,42518,0,-1,0.0,0.0,0,0,0,,7,460,1,5198,42518,0,2147483647,0.0,0.0,28,4,-57,GSM,460,1,5198,42517,0,2147483647,0.0,0.0,20,4,-73,GSM,460,1,5198,49989,0,2147483647,0.0,0.0,24,4,-65,GSM,460,1,5198,42519,0,2147483647,0.0,0.0,20,4,-73,GSM,460,1,5198,43858,0,2147483647,0.0,0.0,15,4,-83,GSM,460,1,5198,56688,0,2147483647,0.0,0.0,13,4,-87,GSM,460,1,5198,43857,0,2147483647,0.0,0.0,11,3,-91,GSM
1523513119575,121.20870695,31.28922903,18.0,28.0,3.5105128,-55,true,-1,-1,5,63.0,4000.0,-14.1998291015625,13.47503662109375,42.5689697265625,0.293642520904541,-0.4032624363899231,-2.6184873580932617,460,1,5198,42518,0,-1,0.0,0.0,0,0,0,,7,460,1,5198,42518,0,2147483647,0.0,0.0,25,4,-63,GSM,460,1,5198,42517,0,2147483647,0.0,0.0,22,4,-69,GSM,460,1,5198,49989,0,2147483647,0.0,0.0,25,4,-63,GSM,460,1,5198,42519,0,2147483647,0.0,0.0,19,4,-75,GSM,460,1,5198,43858,0,2147483647,0.0,0.0,17,4,-79,GSM,460,1,5198,56688,0,2147483647,0.0,0.0,14,4,-85,GSM,460,1,5198,43857,0,2147483647,0.0,0.0,11,3,-91,GSM
1523513122637,121.20875337,31.28932975,21.0,27.0,0.0,-61,true,-1,-1,5,63.0,4000.0,-15.7501220703125,8.074951171875,45.26824951171875,0.20612497627735138,-0.47622188925743103,-2.68003249168396,460,1,5198,42518,0,-1,0.0,0.0,0,0,0,,5,460,1,5198,42518,0,2147483647,0.0,0.0,25,4,-63,GSM,460,1,5198,42517,0,2147483647,0.0,0.0,25,4,-63,GSM,460,1,5198,49989,0,2147483647,0.0,0.0,25,4,-63,GSM,460,1,5198,42519,0,2147483647,0.0,0.0,18,4,-77,GSM,460,1,5198,56688,0,2147483647,0.0,0.0,15,4,-83,GSM
1523513125730,121.20875337,31.28932975,21.0,27.0,0.0,-61,true,-1,-1,5,63.0,4000.0,-18.87054443359375,11.0748291015625,41.668701171875,0.13376881182193756,-0.4294881820678711,-2.6307952404022217,460,1,5198,42518,0,-1,0.0,0.0,0,0,0,,5,460,1,5198,42518,0,2147483647,0.0,0.0,26,4,-61,GSM,460,1,5198,42517,0,2147483647,0.0,0.0,26,4,-61,GSM,460,1,5198,49989,0,2147483647,0.0,0.0,24,4,-65,GSM,460,1,5198,42519,0,2147483647,0.0,0.0,18,4,-77,GSM,460,1,5198,56688,0,2147483647,0.0,0.0,17,4,-79,GSM
1523513128779,121.20889223,31.28949847,19.0,25.0,3.76,-61,true,-1,-1,5,63.0,4000.0,-21.29974365234375,6.8756103515625,42.8680419921875,0.011536124162375927,-0.5126940011978149,-2.6733510494232178,460,1,5198,42518,0,-1,0.0,0.0,0,0,0,,5,460,1,5198,42518,0,2147483647,0.0,0.0,26,4,-61,GSM,460,1,5198,42517,0,2147483647,0.0,0.0,26,4,-61,GSM,460,1,5198,49989,0,2147483647,0.0,0.0,24,4,-65,GSM,460,1,5198,42519,0,2147483647,0.0,0.0,18,4,-77,GSM,460,1,5198,56688,0,2147483647,0.0,0.0,17,4,-79,GSM
1523513131859,121.20889223,31.28949847,19.0,25.0,3.76,-61,true,-1,-1,5,63.0,4000.0,-30.65032958984375,3.27606201171875,30.26885986328125,-0.6139379143714905,-0.42972463369369507,-2.6823079586029053,460,1,5198,42518,0,-1,0.0,0.0,0,0,0,,5,460,1,5198,42518,0,2147483647,0.0,0.0,26,4,-61,GSM,460,1,5198,42517,0,2147483647,0.0,0.0,28,4,-57,GSM,460,1,5198,49989,0,2147483647,0.0,0.0,24,4,-65,GSM,460,1,5198,42519,0,2147483647,0.0,0.0,17,4,-79,GSM,460,1,5198,56688,0,2147483647,0.0,0.0,18,4,-77,GSM
1523513134923,121.20897473,31.28970781,18.0,26.0,0.0,-61,true,-1,-1,5,63.0,4000.0,-34.98077392578125,-15.32440185546875,16.76788330078125,-1.4567277431488037,-0.5238683819770813,-2.63387131690979,460,1,5198,42518,0,-1,0.0,0.0,0,0,0,,5,460,1,5198,42518,0,2147483647,0.0,0.0,24,4,-65,GSM,460,1,5198,42517,0,2147483647,0.0,0.0,30,4,-53,GSM,460,1,5198,49989,0,2147483647,0.0,0.0,24,4,-65,GSM,460,1,5198,42519,0,2147483647,0.0,0.0,17,4,-79,GSM,460,1,5198,56688,0,2147483647,0.0,0.0,19,4,-75,GSM
1523513137990,121.20897473,31.28970781,18.0,26.0,0.0,-51,true,-1,-1,5,63.0,4000.0,-33.25042724609375,-18.6248779296875,13.1683349609375,-1.7960048913955688,-0.4426330327987671,-2.689389228820801,460,1,5198,42517,0,-1,0.0,0.0,0,0,0,,5,460,1,5198,42517,0,2147483647,0.0,0.0,31,4,-51,GSM,460,1,5198,49989,0,2147483647,0.0,0.0,24,4,-65,GSM,460,1,5198,42519,0,2147483647,0.0,0.0,17,4,-79,GSM,460,1,5198,56688,0,2147483647,0.0,0.0,19,4,-75,GSM,0,0,0,-1,0,2147483647,0.0,0.0,16,4,-81,GSM
1523513141058,121.20889756,31.28986128,21.0,23.0,3.8818552,-51,true,-1,-1,5,63.0,4000.0,-32.20977783203125,-24.02496337890625,11.3677978515625,-2.0067648887634277,-0.45436525344848633,-2.5666298866271973,460,1,5198,42517,0,-1,0.0,0.0,0,0,0,,4,460,1,5198,42517,0,2147483647,0.0,0.0,31,4,-51,GSM,460,1,5198,49989,0,2147483647,0.0,0.0,24,4,-65,GSM,460,1,5198,42519,0,2147483647,0.0,0.0,18,4,-77,GSM,460,1,5198,56688,0,2147483647,0.0,0.0,19,4,-75,GSM
1523513144119,121.20889756,31.28986128,21.0,23.0,3.8818552,-51,true,-1,-1,5,63.0,4000.0,-31.52008056640625,-25.823974609375,13.1683349609375,-1.958389401435852,-0.5328013300895691,-2.6047210693359375,460,1,5198,42517,0,-1,0.0,0.0,0,0,0,,5,460,1,5198,42517,0,2147483647,0.0,0.0,31,4,-51,GSM,460,1,5198,49989,0,2147483647,0.0,0.0,22,4,-69,GSM,460,1,5198,42519,0,2147483647,0.0,0.0,18,4,-77,GSM,460,1,5198,56688,0,2147483647,0.0,0.0,19,4,-75,GSM,460,1,5198,42518,0,2147483647,0.0,0.0,24,4,-65,GSM
1523513147187,121.20866791,31.29000017,20.0,24.0,0.0,-51,true,-1,-1,5,63.0,4000.0,-31.69097900390625,-26.12457275390625,12.26806640625,-1.9446243047714233,-0.5572813153266907,-2.713794469833374,460,1,5198,42517,0,-1,0.0,0.0,0,0,0,,6,460,1,5198,42517,0,2147483647,0.0,0.0,31,4,-51,GSM,460,1,5198,49989,0,2147483647,0.0,0.0,21,4,-71,GSM,460,1,5198,42519,0,2147483647,0.0,0.0,19,4,-75,GSM,460,1,5198,56688,0,2147483647,0.0,0.0,18,4,-77,GSM,460,1,5198,42518,0,2147483647,0.0,0.0,24,4,-65,GSM,0,0,0,-1,0,2147483647,0.0,0.0,15,4,-83,GSM
1523513150452,121.20866791,31.29000017,20.0,24.0,0.0,-51,true,-1,-1,5,62.0,4000.0,-31.170654296875,-29.425048828125,11.96746826171875,-2.1605074405670166,-0.47392189502716064,-2.656489610671997,460,1,5198,42517,0,-1,0.0,0.0,0,0,0,,7,460,1,5198,42517,0,2147483647,0.0,0.0,31,4,-51,GSM,460,1,5198,49989,0,2147483647,0.0,0.0,18,4,-77,GSM,460,1,5198,42519,0,2147483647,0.0,0.0,19,4,-75,GSM,460,1,5198,56688,0,2147483647,0.0,0.0,18,4,-77,GSM,460,1,5198,42518,0,2147483647,0.0,0.0,23,4,-67,GSM,0,0,0,-1,0,2147483647,0.0,0.0,17,4,-79,GSM,0,0,0,-1,0,2147483647,0.0,0.0,16,4,-81,GSM
1523513153351,121.2084324,31.290128,21.0,28.0,0.0,-51,true,-1,-1,5,62.0,4000.0,-29.96063232421875,-31.22406005859375,12.26806640625,-2.1907763481140137,-0.5151320695877075,-2.6710450649261475,460,1,5198,42517,0,-1,0.0,0.0,0,0,0,,7,460,1,5198,42517,0,2147483647,0.0,0.0,30,4,-53,GSM,460,1,5198,49989,0,2147483647,0.0,0.0,18,4,-77,GSM,460,1,5198,42519,0,2147483647,0.0,0.0,19,4,-75,GSM,460,1,5198,56688,0,2147483647,0.0,0.0,19,4,-75,GSM,460,1,5198,42518,0,2147483647,0.0,0.0,23,4,-67,GSM,0,0,0,-1,0,2147483647,0.0,0.0,17,4,-79,GSM,0,0,0,-1,0,2147483647,0.0,0.0,16,4,-81,GSM
1523513156421,121.2084324,31.290128,21.0,28.0,0.0,-53,true,-1,-1,5,62.0,4000.0,-35.150146484375,-12.02392578125,17.66815185546875,-1.2868194580078125,-0.5387400388717651,-2.629573345184326,460,1,5198,42517,0,-1,0.0,0.0,0,0,0,,6,460,1,5198,42517,0,2147483647,0.0,0.0,31,4,-51,GSM,460,1,5198,42519,0,2147483647,0.0,0.0,20,4,-73,GSM,460,1,5198,56688,0,2147483647,0.0,0.0,19,4,-75,GSM,460,1,5198,42518,0,2147483647,0.0,0.0,23,4,-67,GSM,0,0,0,-1,0,2147483647,0.0,0.0,17,4,-79,GSM,0,0,0,-1,0,2147483647,0.0,0.0,17,4,-79,GSM
1523513159465,121.20815552,31.29032068,20.0,30.0,0.0,-53,true,-1,-1,5,62.0,4000.0,-25.10986328125,5.975341796875,42.26837158203125,-0.2342328578233719,-0.531341552734375,-2.7506966590881348,460,1,5198,42517,0,-1,0.0,0.0,0,0,0,,5,460,1,5198,42517,0,2147483647,0.0,0.0,31,4,-51,GSM,460,1,5198,42519,0,2147483647,0.0,0.0,22,4,-69,GSM,460,1,5198,56688,0,2147483647,0.0,0.0,19,4,-75,GSM,460,1,5198,42518,0,2147483647,0.0,0.0,23,4,-67,GSM,0,0,0,-1,0,2147483647,0.0,0.0,19,4,-75,GSM
1523513162553,121.20815552,31.29032068,20.0,30.0,0.0,-53,true,-1,-1,5,62.0,4000.0,-16.27044677734375,13.47503662109375,43.16864013671875,0.24918651580810547,-0.4403681457042694,-2.60620379447937,460,1,5198,42517,0,-1,0.0,0.0,0,0,0,,5,460,1,5198,42517,0,2147483647,0.0,0.0,29,4,-55,GSM,460,1,5198,42519,0,2147483647,0.0,0.0,21,4,-71,GSM,460,1,5198,56688,0,2147483647,0.0,0.0,20,4,-73,GSM,460,1,5198,42518,0,2147483647,0.0,0.0,22,4,-69,GSM,0,0,0,-1,0,2147483647,0.0,0.0,19,4,-75,GSM
1523513165600,121.20826473,31.2904724,22.0,26.0,0.0,-55,true,-1,-1,5,62.0,4000.0,-16.09954833984375,7.47528076171875,44.6685791015625,0.2773953974246979,-0.3969919979572296,-2.6449079513549805,460,1,5198,42517,0,-1,0.0,0.0,0,0,0,,6,460,1,5198,42517,0,2147483647,0.0,0.0,31,4,-51,GSM,460,1,5198,42519,0,2147483647,0.0,0.0,21,4,-71,GSM,460,1,5198,56688,0,2147483647,0.0,0.0,20,4,-73,GSM,460,1,5198,42518,0,2147483647,0.0,0.0,21,4,-71,GSM,0,0,0,-1,0,2147483647,0.0,0.0,19,4,-75,GSM,0,0,0,-1,0,2147483647,0.0,0.0,19,4,-75,GSM
1523513168683,121.20826473,31.2904724,22.0,26.0,0.0,-51,true,-1,-1,5,62.0,4000.0,-14.1998291015625,11.97509765625,44.36798095703125,0.17101845145225525,-0.46018338203430176,-2.715625524520874,460,1,5198,42517,0,-1,0.0,0.0,0,0,0,,6,460,1,5198,42517,0,2147483647,0.0,0.0,31,4,-51,GSM,460,1,5198,42519,0,2147483647,0.0,0.0,22,4,-69,GSM,460,1,5198,56688,0,2147483647,0.0,0.0,21,4,-71,GSM,460,1,5198,42518,0,2147483647,0.0,0.0,21,4,-71,GSM,0,0,0,-1,0,2147483647,0.0,0.0,19,4,-75,GSM,0,0,0,-1,0,2147483647,0.0,0.0,20,4,-73,GSM
1523513171741,121.20839362,31.29063499,25.0,34.0,0.0,-51,true,-1,-1,5,62.0,4000.0,-16.9708251953125,11.676025390625,43.16864013671875,0.14930693805217743,-0.47896966338157654,-2.664278030395508,460,1,5198,42517,0,-1,0.0,0.0,0,0,0,,6,460,1,5198,42517,0,2147483647,0.0,0.0,31,4,-51,GSM,460,1,5198,42519,0,2147483647,0.0,0.0,22,4,-69,GSM,460,1,5198,56688,0,2147483647,0.0,0.0,21,4,-71,GSM,460,1,5198,42518,0,2147483647,0.0,0.0,21,4,-71,GSM,0,0,0,-1,0,2147483647,0.0,0.0,19,4,-75,GSM,0,0,0,-1,0,2147483647,0.0,0.0,20,4,-73,GSM
1523513174812,121.20839362,31.29063499,25.0,34.0,0.0,-51,true,-1,-1,5,62.0,4000.0,-19.05059814453125,9.87548828125,42.5689697265625,-0.0012040213914588094,-0.5115830302238464,-2.7216122150421143,460,1,5198,42517,0,-1,0.0,0.0,0,0,0,,5,460,1,5198,42517,0,2147483647,0.0,0.0,31,4,-51,GSM,460,1,5198,42519,0,2147483647,0.0,0.0,22,4,-69,GSM,460,1,5198,56688,0,2147483647,0.0,0.0,22,4,-69,GSM,460,1,5198,42518,0,2147483647,0.0,0.0,19,4,-75,GSM,0,0,0,-1,0,2147483647,0.0,0.0,20,4,-73,GSM
1523513177878,121.20840774,31.29102585,29.0,38.0,0.0,-51,true,-1,-1,5,62.0,4000.0,-19.90966796875,8.9752197265625,41.668701171875,0.04424062743782997,-0.5469990372657776,-2.665487051010132,460,1,5198,42517,0,-1,0.0,0.0,0,0,0,,5,460,1,5198,42517,0,2147483647,0.0,0.0,31,4,-51,GSM,460,1,5198,42519,0,2147483647,0.0,0.0,22,4,-69,GSM,460,1,5198,56688,0,2147483647,0.0,0.0,22,4,-69,GSM,0,0,0,-1,0,2147483647,0.0,0.0,20,4,-73,GSM,0,0,0,-1,0,2147483647,0.0,0.0,19,4,-75,GSM
1523513180936,121.20840774,31.29102585,29.0,38.0,0.0,-51,true,-1,-1,5,62.0,4000.0,-23.5504150390625,8.074951171875,40.16876220703125,-0.06699500977993011,-0.495917946100235,-2.6534619331359863,460,1,5198,42517,0,-1,0.0,0.0,0,0,0,,5,460,1,5198,42517,0,2147483647,0.0,0.0,31,4,-51,GSM,460,1,5198,42519,0,2147483647,0.0,0.0,20,4,-73,GSM,460,1,5198,56688,0,2147483647,0.0,0.0,21,4,-71,GSM,0,0,0,-1,0,2147483647,0.0,0.0,20,4,-73,GSM,0,0,0,-1,0,2147483647,0.0,0.0,19,4,-75,GSM
1523513184012,121.20850602,31.29118857,27.0,27.0,0.0,-51,true,-1,-1,5,62.0,4000.0,-31.52008056640625,2.9754638671875,33.56781005859375,-0.39262279868125916,-0.4776313602924347,-2.5991058349609375,460,1,5198,42517,0,-1,0.0,0.0,0,0,0,,5,460,1,5198,42517,0,2147483647,0.0,0.0,31,4,-51,GSM,460,1,5198,42519,0,2147483647,0.0,0.0,20,4,-73,GSM,460,1,5198,56688,0,2147483647,0.0,0.0,19,4,-75,GSM,0,0,0,-1,0,2147483647,0.0,0.0,20,4,-73,GSM,0,0,0,-1,0,2147483647,0.0,0.0,21,4,-71,GSM
1523513187071,121.20850602,31.29118857,27.0,27.0,0.0,-51,true,-1,-1,5,62.0,4000.0,-27.18963623046875,8.37554931640625,20.66802978515625,-0.48008158802986145,-0.5277761220932007,-2.5841383934020996,460,1,5198,42517,0,-1,0.0,0.0,0,0,0,,3,460,1,5198,42517,0,2147483647,0.0,0.0,31,4,-51,GSM,460,1,5198,42519,0,2147483647,0.0,0.0,22,4,-69,GSM,0,0,0,-1,0,2147483647,0.0,0.0,20,4,-73,GSM
1523513190136,121.20860256,31.29132117,27.0,30.0,0.0,-51,true,-1,-1,5,62.0,4000.0,-35.3302001953125,-14.42413330078125,17.96875,-1.558912754058838,-0.4215715825557709,-2.6370022296905518,460,1,5198,42517,0,-1,0.0,0.0,0,0,0,,3,460,1,5198,42517,0,2147483647,0.0,0.0,29,4,-55,GSM,460,1,5198,42519,0,2147483647,0.0,0.0,20,4,-73,GSM,0,0,0,-1,0,2147483647,0.0,0.0,20,4,-73,GSM
1523513193215,121.20860256,31.29132117,27.0,30.0,0.0,-51,true,-1,-1,5,62.0,4000.0,-26.8402099609375,-29.12445068359375,8.06884765625,-2.2237842082977295,-0.5317583084106445,-2.6285924911499023,460,1,5198,42517,0,-1,0.0,0.0,0,0,0,,2,460,1,5198,42517,0,2147483647,0.0,0.0,27,4,-59,GSM,460,1,5198,42519,0,2147483647,0.0,0.0,20,4,-73,GSM
1523513196285,121.20850501,31.29143373,26.0,30.0,0.0,-57,true,-1,-1,5,62.0,4000.0,-26.1505126953125,-36.02447509765625,4.4677734375,-2.4311814308166504,-0.489895224571228,-2.6265265941619873,460,1,5198,42517,0,-1,0.0,0.0,0,0,0,,2,460,1,5198,42517,0,2147483647,0.0,0.0,25,4,-63,GSM,460,1,5198,42519,0,2147483647,0.0,0.0,20,4,-73,GSM
1523513199450,121.20850501,31.29143373,26.0,30.0,0.0,-63,true,-1,-1,5,62.0,4000.0,-21.820068359375,-41.424560546875,7.76824951171875,-2.7619993686676025,-0.35986825823783875,-2.49580454826355,460,1,5198,42517,0,-1,0.0,0.0,0,0,0,,3,460,1,5198,42517,0,2147483647,0.0,0.0,23,4,-67,GSM,460,1,5198,42519,0,2147483647,0.0,0.0,20,4,-73,GSM,460,1,5198,42518,0,2147483647,0.0,0.0,18,4,-77,GSM
1523513202403,121.20828716,31.29143498,23.0,30.0,0.0,-65,true,-1,-1,5,62.0,4000.0,-20.08056640625,-40.82489013671875,7.1685791015625,-2.7307567596435547,-0.3980521857738495,-2.6068763732910156,460,1,5198,42517,0,-1,0.0,0.0,0,0,0,,4,460,1,5198,42517,0,2147483647,0.0,0.0,21,4,-71,GSM,460,1,5198,42519,0,2147483647,0.0,0.0,20,4,-73,GSM,460,1,5198,42518,0,2147483647,0.0,0.0,16,4,-81,GSM,0,0,0,-1,0,2147483647,0.0,0.0,17,4,-79,GSM
1523513205479,121.20828716,31.29143498,23.0,30.0,0.0,-65,true,-1,-1,5,62.0,4000.0,-23.71978759765625,-36.92474365234375,4.4677734375,-2.449089288711548,-0.5827280879020691,-2.6300971508026123,460,1,5198,42517,0,-1,0.0,0.0,0,0,0,,3,460,1,5198,42517,0,2147483647,0.0,0.0,19,4,-75,GSM,460,1,5198,42519,0,2147483647,0.0,0.0,19,4,-75,GSM,0,0,0,-1,0,2147483647,0.0,0.0,17,4,-79,GSM
1523513208666,121.20793554,31.29142945,23.0,29.0,0.0,-73,true,-1,-1,5,62.0,4000.0,-25.28076171875,-36.92474365234375,8.96759033203125,-2.506094217300415,-0.505936324596405,-2.5588502883911133,460,1,5198,42517,0,-1,0.0,0.0,0,0,0,,4,460,1,5198,42517,0,2147483647,0.0,0.0,19,4,-75,GSM,460,1,5198,42519,0,2147483647,0.0,0.0,17,4,-79,GSM,460,1,5198,1178,0,2147483647,0.0,0.0,17,4,-79,GSM,460,1,5198,42518,0,2147483647,0.0,0.0,17,4,-79,GSM
1523513211722,121.20793554,31.29142945,23.0,29.0,0.0,-77,true,-1,-1,5,62.0,4000.0,-26.1505126953125,-32.4249267578125,12.86773681640625,-2.4944581985473633,-0.44109395146369934,-2.5249128341674805,460,1,5198,42517,0,-1,0.0,0.0,0,0,0,,4,460,1,5198,42517,0,2147483647,0.0,0.0,17,4,-79,GSM,460,1,5198,42519,0,2147483647,0.0,0.0,16,4,-81,GSM,460,1,5198,1178,0,2147483647,0.0,0.0,17,4,-79,GSM,460,1,5198,42518,0,2147483647,0.0,0.0,15,4,-83,GSM
1523513214798,121.20771125,31.291504,21.0,32.0,0.0,-77,true,-1,-1,5,62.0,4000.0,-28.05023193359375,-39.02435302734375,7.76824951171875,-2.5148375034332275,-0.44778528809547424,-2.525472640991211,460,1,5198,42517,0,-1,0.0,0.0,0,0,0,,5,460,1,5198,42517,0,2147483647,0.0,0.0,18,4,-77,GSM,460,1,5198,42519,0,2147483647,0.0,0.0,16,4,-81,GSM,460,1,5198,1178,0,2147483647,0.0,0.0,16,4,-81,GSM,460,1,5198,42518,0,2147483647,0.0,0.0,15,4,-83,GSM,460,1,5198,56688,0,2147483647,0.0,0.0,16,4,-81,GSM
1523513217866,121.20771125,31.291504,21.0,32.0,0.0,-77,true,-1,-1,5,62.0,4000.0,-24.07073974609375,-40.2252197265625,17.66815185546875,-2.6899309158325195,-0.4071072041988373,-2.644451141357422,460,1,5198,42517,0,-1,0.0,0.0,0,0,0,,4,460,1,5198,42517,0,2147483647,0.0,0.0,18,4,-77,GSM,460,1,5198,42519,0,2147483647,0.0,0.0,16,4,-81,GSM,460,1,5198,1178,0,2147483647,0.0,0.0,16,4,-81,GSM,460,1,5198,42518,0,2147483647,0.0,0.0,16,4,-81,GSM
1523513220928,121.20746431,31.29143661,17.0,37.0,0.0,-77,true,-1,-1,5,62.0,4000.0,-21.11968994140625,-30.02471923828125,17.3675537109375,-2.6711618900299072,-0.4476013779640198,-2.5563032627105713,460,1,5198,42517,0,-1,0.0,0.0,0,0,0,,4,460,1,5198,42517,0,2147483647,0.0,0.0,18,4,-77,GSM,460,1,5198,42519,0,2147483647,0.0,0.0,15,4,-83,GSM,460,1,5198,1178,0,2147483647,0.0,0.0,16,4,-81,GSM,460,1,5198,42518,0,2147483647,0.0,0.0,15,4,-83,GSM
1523513224002,121.20746431,31.29143661,17.0,37.0,0.0,-77,true,-1,-1,5,62.0,4000.0,-24.58953857421875,-40.2252197265625,8.96759033203125,-2.5955288410186768,-0.47635552287101746,-2.5752224922180176,460,1,5198,42517,0,-1,0.0,0.0,0,0,0,,5,460,1,5198,42517,0,2147483647,0.0,0.0,18,4,-77,GSM,460,1,5198,42519,0,2147483647,0.0,0.0,15,4,-83,GSM,460,1,5198,1178,0,2147483647,0.0,0.0,17,4,-79,GSM,460,1,5198,42518,0,2147483647,0.0,0.0,15,4,-83,GSM,460,1,5198,49989,0,2147483647,0.0,0.0,16,4,-81,GSM
1523513227070,121.20728892,31.29136684,15.0,41.0,0.0,-73,true,-1,-1,5,62.0,4000.0,-24.58953857421875,-28.8238525390625,8.367919921875,-2.2680885791778564,-0.5630124807357788,-2.56846022605896,460,1,5198,42517,0,-1,0.0,0.0,0,0,0,,5,460,1,5198,42517,0,2147483647,0.0,0.0,19,4,-75,GSM,460,1,5198,42519,0,2147483647,0.0,0.0,15,4,-83,GSM,460,1,5198,1178,0,2147483647,0.0,0.0,16,4,-81,GSM,460,1,5198,42518,0,2147483647,0.0,0.0,15,4,-83,GSM,460,1,5198,49989,0,2147483647,0.0,0.0,16,4,-81,GSM
1523513230129,121.20728892,31.29136684,15.0,41.0,0.0,-73,true,-1,-1,5,62.0,4000.0,-25.63018798828125,-35.12420654296875,11.96746826171875,-2.516706943511963,-0.5046292543411255,-2.505607843399048,460,1,5198,42517,0,-1,0.0,0.0,0,0,0,,5,460,1,5198,42517,0,2147483647,0.0,0.0,20,4,-73,GSM,460,1,5198,42519,0,2147483647,0.0,0.0,14,4,-85,GSM,460,1,5198,1178,0,2147483647,0.0,0.0,16,4,-81,GSM,460,1,5198,42518,0,2147483647,0.0,0.0,13,4,-87,GSM,460,1,5198,49989,0,2147483647,0.0,0.0,16,4,-81,GSM
1523513233203,121.20704529,31.2913935,19.0,31.0,0.0,-73,true,-1,-1,5,62.0,4000.0,-25.45013427734375,-36.3250732421875,9.86785888671875,-2.610656499862671,-0.3688528537750244,-2.525881290435791,460,1,5198,42517,0,-1,0.0,0.0,0,0,0,,5,460,1,5198,42517,0,2147483647,0.0,0.0,19,4,-75,GSM,460,1,5198,42519,0,2147483647,0.0,0.0,16,4,-81,GSM,460,1,5198,1178,0,2147483647,0.0,0.0,15,4,-83,GSM,460,1,5198,42518,0,2147483647,0.0,0.0,13,4,-87,GSM,460,1,5198,49989,0,2147483647,0.0,0.0,15,4,-83,GSM
1523513236277,121.20704529,31.2913935,19.0,31.0,0.0,-77,true,-1,-1,5,62.0,4000.0,-21.29974365234375,-34.5245361328125,7.4676513671875,-2.6267917156219482,-0.4254874587059021,-2.5535106658935547,460,1,5198,42517,0,-1,0.0,0.0,0,0,0,,5,460,1,5198,42517,0,2147483647,0.0,0.0,17,4,-79,GSM,460,1,5198,42519,0,2147483647,0.0,0.0,16,4,-81,GSM,460,1,5198,1178,0,2147483647,0.0,0.0,15,4,-83,GSM,460,1,5198,42518,0,2147483647,0.0,0.0,13,4,-87,GSM,460,1,5198,49989,0,2147483647,0.0,0.0,15,4,-83,GSM
1523513239333,121.20670316,31.29144764,21.0,29.0,4.420181,-77,true,-1,-1,5,62.0,4000.0,-23.89984130859375,-37.5244140625,8.96759033203125,-2.54581880569458,-0.5253757238388062,-2.556952714920044,460,1,5198,42517,0,-1,0.0,0.0,0,0,0,,5,460,1,5198,42517,0,2147483647,0.0,0.0,20,4,-73,GSM,460,1,5198,42519,0,2147483647,0.0,0.0,16,4,-81,GSM,460,1,5198,1178,0,2147483647,0.0,0.0,14,4,-85,GSM,460,1,5198,42518,0,2147483647,0.0,0.0,13,4,-87,GSM,460,1,5198,49989,0,2147483647,0.0,0.0,15,4,-83,GSM
1523513242460,121.20670316,31.29144764,21.0,29.0,4.420181,-77,true,-1,-1,5,62.0,4000.0,-21.6400146484375,-30.3253173828125,5.66864013671875,-2.48747181892395,-0.4892396926879883,-2.5225889682769775,460,1,5198,42517,0,-1,0.0,0.0,0,0,0,,5,460,1,5198,42517,0,2147483647,0.0,0.0,20,4,-73,GSM,460,1,5198,42519,0,2147483647,0.0,0.0,16,4,-81,GSM,460,1,5198,1178,0,2147483647,0.0,0.0,14,4,-85,GSM,460,1,5198,42518,0,2147483647,0.0,0.0,14,4,-85,GSM,460,1,5198,49989,0,2147483647,0.0,0.0,15,4,-83,GSM
1523513245467,121.20641701,31.29150563,21.0,30.0,0.0,-71,true,-1,-1,5,62.0,4000.0,-24.40948486328125,-36.3250732421875,10.467529296875,-2.5662143230438232,-0.43957221508026123,-2.591430902481079,460,1,5198,42517,0,-1,0.0,0.0,0,0,0,,5,460,1,5198,42517,0,2147483647,0.0,0.0,19,4,-75,GSM,460,1,5198,42519,0,2147483647,0.0,0.0,16,4,-81,GSM,460,1,5198,1178,0,2147483647,0.0,0.0,12,4,-89,GSM,460,1,5198,42518,0,2147483647,0.0,0.0,15,4,-83,GSM,460,1,5198,49989,0,2147483647,0.0,0.0,13,4,-87,GSM
1523513248544,121.20641701,31.29150563,21.0,30.0,0.0,-77,true,-1,-1,5,62.0,4000.0,-25.63018798828125,-33.624267578125,5.96771240234375,-2.4411470890045166,-0.4609927237033844,-2.568187713623047,460,1,5198,42517,0,-1,0.0,0.0,0,0,0,,5,460,1,5198,42517,0,2147483647,0.0,0.0,17,4,-79,GSM,460,1,5198,42519,0,2147483647,0.0,0.0,17,4,-79,GSM,460,1,5198,1178,0,2147483647,0.0,0.0,12,4,-89,GSM,460,1,5198,42518,0,2147483647,0.0,0.0,15,4,-83,GSM,460,1,5198,49989,0,2147483647,0.0,0.0,12,4,-89,GSM
1523513251609,121.20609099,31.29154928,21.0,37.0,0.0,-77,true,-1,-1,5,62.0,4000.0,-23.03009033203125,-36.3250732421875,6.268310546875,-2.5656635761260986,-0.44300606846809387,-2.6006760597229004,460,1,5198,42517,0,-1,0.0,0.0,0,0,0,,5,460,1,5198,42517,0,2147483647,0.0,0.0,17,4,-79,GSM,460,1,5198,42519,0,2147483647,0.0,0.0,17,4,-79,GSM,460,1,5198,1178,0,2147483647,0.0,0.0,12,4,-89,GSM,460,1,5198,42518,0,2147483647,0.0,0.0,16,4,-81,GSM,460,1,5198,49989,0,2147483647,0.0,0.0,12,4,-89,GSM
1523513254683,121.20609099,31.29154928,21.0,37.0,0.0,-77,true,-1,-1,5,62.0,4000.0,-25.63018798828125,-34.5245361328125,7.1685791015625,-2.5134637355804443,-0.4019016921520233,-2.5531370639801025,460,1,5198,42517,0,-1,0.0,0.0,0,0,0,,5,460,1,5198,42517,0,2147483647,0.0,0.0,18,4,-77,GSM,460,1,5198,42519,0,2147483647,0.0,0.0,17,4,-79,GSM,460,1,5198,42518,0,2147483647,0.0,0.0,17,4,-79,GSM,460,1,5198,49989,0,2147483647,0.0,0.0,12,4,-89,GSM,0,0,0,-1,0,2147483647,0.0,0.0,11,3,-91,GSM
1523513257741,121.20609099,31.29154928,21.0,37.0,0.0,-77,true,-1,-1,5,62.0,4000.0,-21.11968994140625,-36.6241455078125,12.56866455078125,-2.739165782928467,-0.45549771189689636,-2.5167860984802246,460,1,5198,42517,0,-1,0.0,0.0,0,0,0,,5,460,1,5198,42517,0,2147483647,0.0,0.0,18,4,-77,GSM,460,1,5198,42519,0,2147483647,0.0,0.0,17,4,-79,GSM,460,1,5198,42518,0,2147483647,0.0,0.0,17,4,-79,GSM,460,1,5198,49989,0,2147483647,0.0,0.0,12,4,-89,GSM,460,1,5198,64742,0,2147483647,0.0,0.0,12,4,-89,GSM
1523513260816,121.20569536,31.29157326,21.0,46.0,0.0,-77,true,-1,-1,5,62.0,4000.0,-6.3995361328125,-42.02423095703125,23.66790771484375,2.9517457485198975,-0.33961018919944763,-2.6263318061828613,460,1,5198,42517,0,-1,0.0,0.0,0,0,0,,5,460,1,5198,42517,0,2147483647,0.0,0.0,18,4,-77,GSM,460,1,5198,42519,0,2147483647,0.0,0.0,17,4,-79,GSM,460,1,5198,42518,0,2147483647,0.0,0.0,16,4,-81,GSM,460,1,5198,49989,0,2147483647,0.0,0.0,12,4,-89,GSM,460,1,5198,64742,0,2147483647,0.0,0.0,12,4,-89,GSM
1523513263880,121.20569536,31.29157326,21.0,46.0,0.0,-77,true,-1,-1,5,62.0,4000.0,-0.34027099609375,-45.92437744140625,29.36859130859375,2.6663432121276855,-0.3316582143306732,-2.447488307952881,460,1,5198,42517,0,-1,0.0,0.0,0,0,0,,6,460,1,5198,42517,0,2147483647,0.0,0.0,17,4,-79,GSM,460,1,5198,42519,0,2147483647,0.0,0.0,17,4,-79,GSM,460,1,5198,42518,0,2147483647,0.0,0.0,15,4,-83,GSM,460,1,5198,49989,0,2147483647,0.0,0.0,12,4,-89,GSM,460,1,5198,64742,0,2147483647,0.0,0.0,13,4,-87,GSM,460,1,5198,56688,0,2147483647,0.0,0.0,12,4,-89,GSM
1523513266943,121.20535115,31.2915892,30.0,40.0,0.0,-77,true,-1,-1,5,62.0,4000.0,3.81011962890625,-46.82464599609375,24.56817626953125,2.6201655864715576,-0.5541640520095825,-2.5117828845977783,460,1,5198,42517,0,-1,0.0,0.0,0,0,0,,6,460,1,5198,42517,0,2147483647,0.0,0.0,16,4,-81,GSM,460,1,5198,42519,0,2147483647,0.0,0.0,17,4,-79,GSM,460,1,5198,42518,0,2147483647,0.0,0.0,15,4,-83,GSM,460,1,5198,49989,0,2147483647,0.0,0.0,13,4,-87,GSM,460,1,5198,64742,0,2147483647,0.0,0.0,14,4,-85,GSM,460,1,5198,56688,0,2147483647,0.0,0.0,12,4,-89,GSM
1523513270056,121.20523584,31.29150388,30.0,23.0,0.0,-77,true,-1,-1,5,62.0,4000.0,7.09991455078125,-47.125244140625,27.86865234375,2.6097142696380615,-0.3866291046142578,-2.5503995418548584,460,1,5198,42517,0,-1,0.0,0.0,0,0,0,,6,460,1,5198,42517,0,2147483647,0.0,0.0,14,4,-85,GSM,460,1,5198,42519,0,2147483647,0.0,0.0,15,4,-83,GSM,460,1,5198,42518,0,2147483647,0.0,0.0,14,4,-85,GSM,460,1,5198,49989,0,2147483647,0.0,0.0,14,4,-85,GSM,460,1,5198,64742,0,2147483647,0.0,0.0,13,4,-87,GSM,460,1,5198,56688,0,2147483647,0.0,0.0,12,4,-89,GSM
1523513273131,121.20520217,31.29141766,33.0,19.0,0.0,-81,true,-1,-1,5,62.0,4000.0,5.0201416015625,-47.42431640625,24.8687744140625,2.6452929973602295,-0.4220619201660156,-2.4358770847320557,460,1,5198,42517,0,-1,0.0,0.0,0,0,0,,6,460,1,5198,42517,0,2147483647,0.0,0.0,14,4,-85,GSM,460,1,5198,42519,0,2147483647,0.0,0.0,15,4,-83,GSM,460,1,5198,42518,0,2147483647,0.0,0.0,14,4,-85,GSM,460,1,5198,49989,0,2147483647,0.0,0.0,14,4,-85,GSM,460,1,5198,64742,0,2147483647,0.0,0.0,13,4,-87,GSM,460,1,5198,56688,0,2147483647,0.0,0.0,13,4,-87,GSM
1523513276195,121.20513753,31.29135528,31.0,16.0,0.0,-81,true,-1,-1,5,62.0,4000.0,7.96051025390625,-46.2249755859375,30.56793212890625,2.515662908554077,-0.4186111092567444,-2.494933843612671,460,1,5198,42519,0,-1,0.0,0.0,0,0,0,,3,460,1,5198,42519,0,2147483647,0.0,0.0,16,4,-81,GSM,460,1,5198,49989,0,2147483647,0.0,0.0,14,4,-85,GSM,460,1,5198,42517,0,2147483647,0.0,0.0,2,0,-109,GSM
1523513279266,121.20512656,31.29123993,29.0,15.0,0.0,-81,true,-1,-1,5,62.0,4000.0,7.6202392578125,-43.82476806640625,32.9681396484375,2.4611456394195557,-0.4234374761581421,-2.5539968013763428,460,1,5198,42519,0,-1,0.0,0.0,0,0,0,,3,460,1,5198,42519,0,2147483647,0.0,0.0,16,4,-81,GSM,460,1,5198,49989,0,2147483647,0.0,0.0,14,4,-85,GSM,460,1,5198,42517,0,2147483647,0.0,0.0,15,4,-83,GSM
1523513282336,121.20517896,31.29109803,27.0,18.0,0.0,-81,true,-1,-1,5,62.0,4000.0,-0.34027099609375,-32.7239990234375,47.967529296875,1.8632537126541138,-0.5821980237960815,-2.2034289836883545,460,1,5198,42519,0,-1,0.0,0.0,0,0,0,,6,460,1,5198,42519,0,2147483647,0.0,0.0,16,4,-81,GSM,460,1,5198,49989,0,2147483647,0.0,0.0,14,4,-85,GSM,460,1,5198,42517,0,2147483647,0.0,0.0,17,4,-79,GSM,460,1,5198,42518,0,2147483647,0.0,0.0,14,4,-85,GSM,460,1,5198,64742,0,2147483647,0.0,0.0,13,4,-87,GSM,0,0,0,-1,0,2147483647,0.0,0.0,19,4,-75,GSM
1523513285407,121.20527569,31.29097659,27.0,17.0,0.0,-75,true,-1,-1,5,62.0,4000.0,9.1796875,-26.4251708984375,50.6683349609375,1.6639989614486694,-0.6371633410453796,-2.348708391189575,460,1,5198,42519,0,-1,0.0,0.0,0,0,0,,6,460,1,5198,42519,0,2147483647,0.0,0.0,21,4,-71,GSM,460,1,5198,49989,0,2147483647,0.0,0.0,14,4,-85,GSM,460,1,5198,42517,0,2147483647,0.0,0.0,17,4,-79,GSM,460,1,5198,42518,0,2147483647,0.0,0.0,14,4,-85,GSM,460,1,5198,43857,0,2147483647,0.0,0.0,18,4,-77,GSM,460,1,5198,56688,0,2147483647,0.0,0.0,13,4,-87,GSM
1523513288464,121.20527569,31.29097659,27.0,17.0,0.0,-75,true,-1,-1,5,62.0,4000.0,12.98980712890625,-17.724609375,51.86767578125,1.662060022354126,-0.4035162627696991,-2.444624185562134,460,1,5198,42519,0,-1,0.0,0.0,0,0,0,,7,460,1,5198,42519,0,2147483647,0.0,0.0,24,4,-65,GSM,460,1,5198,49989,0,2147483647,0.0,0.0,14,4,-85,GSM,460,1,5198,42517,0,2147483647,0.0,0.0,18,4,-77,GSM,460,1,5198,42518,0,2147483647,0.0,0.0,14,4,-85,GSM,460,1,5198,43857,0,2147483647,0.0,0.0,17,4,-79,GSM,460,1,5198,56688,0,2147483647,0.0,0.0,12,4,-89,GSM,460,1,5198,64742,0,2147483647,0.0,0.0,12,4,-89,GSM
1523513291529,121.20548485,31.29084563,26.0,16.0,0.0,-65,true,-1,-1,5,62.0,4000.0,14.8895263671875,-18.32427978515625,49.76806640625,1.6313673257827759,-0.4615786075592041,-2.5053040981292725,460,1,5198,42519,0,-1,0.0,0.0,0,0,0,,6,460,1,5198,42519,0,2147483647,0.0,0.0,22,4,-69,GSM,460,1,5198,49989,0,2147483647,0.0,0.0,14,4,-85,GSM,460,1,5198,42517,0,2147483647,0.0,0.0,20,4,-73,GSM,460,1,5198,42518,0,2147483647,0.0,0.0,13,4,-87,GSM,460,1,5198,43857,0,2147483647,0.0,0.0,16,4,-81,GSM,460,1,5198,56688,0,2147483647,0.0,0.0,12,4,-89,GSM
1523513294599,121.20564769,31.29076875,23.0,14.0,0.0,-69,true,-1,-1,5,62.0,4000.0,16.27960205078125,-15.02532958984375,49.76806640625,1.527221441268921,-0.49324312806129456,-2.5391845703125,460,1,5198,42519,0,-1,0.0,0.0,0,0,0,,6,460,1,5198,42519,0,2147483647,0.0,0.0,20,4,-73,GSM,460,1,5198,49989,0,2147483647,0.0,0.0,13,4,-87,GSM,460,1,5198,42517,0,2147483647,0.0,0.0,21,4,-71,GSM,460,1,5198,42518,0,2147483647,0.0,0.0,14,4,-85,GSM,460,1,5198,43857,0,2147483647,0.0,0.0,16,4,-81,GSM,460,1,5198,56688,0,2147483647,0.0,0.0,12,4,-89,GSM
1523513297671,121.20578036,31.29068181,20.0,12.0,0.0,-69,true,-1,-1,5,62.0,4000.0,15.240478515625,-18.6248779296875,51.568603515625,1.658341884613037,-0.43319466710090637,-2.474815607070923,460,1,5198,42519,0,-1,0.0,0.0,0,0,0,,5,460,1,5198,42519,0,2147483647,0.0,0.0,18,4,-77,GSM,460,1,5198,49989,0,2147483647,0.0,0.0,13,4,-87,GSM,460,1,5198,42517,0,2147483647,0.0,0.0,21,4,-71,GSM,460,1,5198,42518,0,2147483647,0.0,0.0,14,4,-85,GSM,460,1,5198,43857,0,2147483647,0.0,0.0,15,4,-83,GSM
1523513300744,121.20588222,31.29063292,20.0,11.0,0.0,-69,true,-1,-1,5,62.0,4000.0,18.5302734375,-18.6248779296875,52.4688720703125,1.568979024887085,-0.5470131635665894,-2.4956676959991455,460,1,5198,42517,0,-1,0.0,0.0,0,0,0,,6,460,1,5198,42517,0,2147483647,0.0,0.0,18,4,-77,GSM,460,1,5198,49989,0,2147483647,0.0,0.0,13,4,-87,GSM,460,1,5198,42517,0,2147483647,0.0,0.0,22,4,-69,GSM,460,1,5198,42518,0,2147483647,0.0,0.0,14,4,-85,GSM,460,1,5198,43857,0,2147483647,0.0,0.0,15,4,-83,GSM,460,1,5198,43858,0,2147483647,0.0,0.0,12,4,-89,GSM
1523513303803,121.20593403,31.29060226,17.0,12.0,0.0,-77,true,-1,-1,5,62.0,4000.0,23.3795166015625,-7.52410888671875,53.06854248046875,1.4008963108062744,-0.4109143316745758,-2.668570041656494,460,1,5198,42517,0,-1,0.0,0.0,0,0,0,,5,460,1,5198,42517,0,2147483647,0.0,0.0,20,4,-73,GSM,0,0,0,-1,0,2147483647,0.0,0.0,13,4,-87,GSM,460,1,5198,42518,0,2147483647,0.0,0.0,14,4,-85,GSM,460,1,5198,43857,0,2147483647,0.0,0.0,15,4,-83,GSM,0,0,0,-1,0,2147483647,0.0,0.0,15,4,-83,GSM
1523513306883,121.20599433,31.29059372,18.0,12.0,0.0,-71,true,-1,-1,5,62.0,4000.0,24.420166015625,-3.0242919921875,53.06854248046875,1.3146216869354248,-0.43557193875312805,-2.6522891521453857,460,1,5198,42517,0,-1,0.0,0.0,0,0,0,,5,460,1,5198,42517,0,2147483647,0.0,0.0,21,4,-71,GSM,460,1,5198,42518,0,2147483647,0.0,0.0,14,4,-85,GSM,460,1,5198,43857,0,2147483647,0.0,0.0,15,4,-83,GSM,460,1,5198,51498,0,2147483647,0.0,0.0,15,4,-83,GSM,460,1,5198,42519,0,2147483647,0.0,0.0,18,4,-77,GSM
1523513309940,121.20608033,31.29057565,21.0,15.0,0.0,-71,true,-1,-1,5,62.0,4000.0,21.13037109375,-4.52423095703125,49.76806640625,1.3133666515350342,-0.4230925738811493,-2.6995604038238525,460,1,5198,42517,0,-1,0.0,0.0,0,0,0,,5,460,1,5198,42517,0,2147483647,0.0,0.0,22,4,-69,GSM,460,1,5198,42518,0,2147483647,0.0,0.0,14,4,-85,GSM,460,1,5198,43857,0,2147483647,0.0,0.0,15,4,-83,GSM,460,1,5198,51498,0,2147483647,0.0,0.0,15,4,-83,GSM,460,1,5198,42519,0,2147483647,0.0,0.0,18,4,-77,GSM
1523513313030,121.20613087,31.29055982,24.0,14.0,0.0,-67,true,-1,-1,5,62.0,4000.0,25.45928955078125,-34.22393798828125,44.06890869140625,1.828338861465454,-0.725216269493103,-2.499265432357788,460,1,5198,42517,0,-1,0.0,0.0,0,0,0,,6,460,1,5198,42517,0,2147483647,0.0,0.0,23,4,-67,GSM,460,1,5198,42518,0,2147483647,0.0,0.0,15,4,-83,GSM,460,1,5198,43857,0,2147483647,0.0,0.0,15,4,-83,GSM,460,1,5198,51498,0,2147483647,0.0,0.0,15,4,-83,GSM,460,1,5198,42519,0,2147483647,0.0,0.0,18,4,-77,GSM,460,1,5198,49989,0,2147483647,0.0,0.0,13,4,-87,GSM
1523513316087,121.20616317,31.29053648,25.0,16.0,0.0,-67,true,-1,-1,5,62.0,4000.0,7.09991455078125,-49.82452392578125,21.868896484375,2.723785161972046,-0.460836797952652,-2.643211841583252,460,1,5198,42517,0,-1,0.0,0.0,0,0,0,,6,460,1,5198,42517,0,2147483647,0.0,0.0,21,4,-71,GSM,460,1,5198,42518,0,2147483647,0.0,0.0,15,4,-83,GSM,460,1,5198,43857,0,2147483647,0.0,0.0,16,4,-81,GSM,460,1,5198,51498,0,2147483647,0.0,0.0,15,4,-83,GSM,460,1,5198,42519,0,2147483647,0.0,0.0,18,4,-77,GSM,460,1,5198,49989,0,2147483647,0.0,0.0,14,4,-85,GSM
1523513319165,121.20614928,31.29045303,27.0,21.0,0.0,-67,true,-1,-1,5,62.0,4000.0,11.76910400390625,-41.72515869140625,25.76751708984375,2.4827423095703125,-0.5097677111625671,-2.7336113452911377,460,1,5198,42517,0,-1,0.0,0.0,0,0,0,,6,460,1,5198,42517,0,2147483647,0.0,0.0,19,4,-75,GSM,460,1,5198,42518,0,2147483647,0.0,0.0,15,4,-83,GSM,460,1,5198,43857,0,2147483647,0.0,0.0,16,4,-81,GSM,460,1,5198,51498,0,2147483647,0.0,0.0,15,4,-83,GSM,460,1,5198,42519,0,2147483647,0.0,0.0,19,4,-75,GSM,460,1,5198,49989,0,2147483647,0.0,0.0,15,4,-83,GSM
1523513322217,121.20612034,31.29035793,28.0,21.0,0.0,-73,true,-1,-1,5,62.0,4000.0,5.0201416015625,-47.125244140625,27.26898193359375,2.6285324096679688,-0.4135728180408478,-2.5204644203186035,460,1,5198,42517,0,-1,0.0,0.0,0,0,0,,6,460,1,5198,42517,0,2147483647,0.0,0.0,18,4,-77,GSM,460,1,5198,42518,0,2147483647,0.0,0.0,16,4,-81,GSM,460,1,5198,43857,0,2147483647,0.0,0.0,16,4,-81,GSM,460,1,5198,51498,0,2147483647,0.0,0.0,15,4,-83,GSM,460,1,5198,42519,0,2147483647,0.0,0.0,19,4,-75,GSM,460,1,5198,49989,0,2147483647,0.0,0.0,15,4,-83,GSM
1523513325461,121.20612034,31.29035793,28.0,21.0,0.0,-77,true,-1,-1,5,62.0,4000.0,8.3099365234375,-48.62518310546875,25.76751708984375,2.6101369857788086,-0.38223007321357727,-2.3933217525482178,460,1,5198,42517,0,-1,0.0,0.0,0,0,0,,7,460,1,5198,42517,0,2147483647,0.0,0.0,18,4,-77,GSM,460,1,5198,42518,0,2147483647,0.0,0.0,16,4,-81,GSM,460,1,5198,43857,0,2147483647,0.0,0.0,16,4,-81,GSM,460,1,5198,51498,0,2147483647,0.0,0.0,15,4,-83,GSM,460,1,5198,42519,0,2147483647,0.0,0.0,19,4,-75,GSM,460,1,5198,49989,0,2147483647,0.0,0.0,15,4,-83,GSM,0,0,0,-1,0,2147483647,0.0,0.0,14,4,-85,GSM
1523513328358,121.20608717,31.29020875,29.0,23.0,0.0,-77,true,-1,-1,5,62.0,4000.0,4.3304443359375,-46.5240478515625,25.46844482421875,2.610433340072632,-0.5737689137458801,-2.609225273132324,460,1,5198,42517,0,-1,0.0,0.0,0,0,0,,7,460,1,5198,42517,0,2147483647,0.0,0.0,18,4,-77,GSM,460,1,5198,42518,0,2147483647,0.0,0.0,16,4,-81,GSM,460,1,5198,43857,0,2147483647,0.0,0.0,17,4,-79,GSM,460,1,5198,51498,0,2147483647,0.0,0.0,14,4,-85,GSM,460,1,5198,42519,0,2147483647,0.0,0.0,18,4,-77,GSM,460,1,5198,49989,0,2147483647,0.0,0.0,15,4,-83,GSM,460,1,5198,57368,0,2147483647,0.0,0.0,14,4,-85,GSM
1523513331432,121.20608717,31.29020875,29.0,23.0,0.0,-77,true,-1,-1,5,62.0,4000.0,5.0201416015625,-47.42431640625,24.267578125,2.7209229469299316,-0.4303741455078125,-2.659276247024536,460,1,5198,42517,0,-1,0.0,0.0,0,0,0,,7,460,1,5198,42517,0,2147483647,0.0,0.0,16,4,-81,GSM,460,1,5198,42518,0,2147483647,0.0,0.0,16,4,-81,GSM,460,1,5198,43857,0,2147483647,0.0,0.0,18,4,-77,GSM,460,1,5198,51498,0,2147483647,0.0,0.0,14,4,-85,GSM,460,1,5198,42519,0,2147483647,0.0,0.0,17,4,-79,GSM,460,1,5198,49989,0,2147483647,0.0,0.0,15,4,-83,GSM,460,1,5198,57368,0,2147483647,0.0,0.0,14,4,-85,GSM
1523513334506,121.20596996,31.28992847,29.0,32.0,0.0,-81,true,-1,-1,5,62.0,4000.0,3.63006591796875,-45.62530517578125,27.26898193359375,2.677049160003662,-0.4142734706401825,-2.631251335144043,460,1,5198,42517,0,-1,0.0,0.0,0,0,0,,7,460,1,5198,42517,0,2147483647,0.0,0.0,15,4,-83,GSM,460,1,5198,42518,0,2147483647,0.0,0.0,15,4,-83,GSM,460,1,5198,43857,0,2147483647,0.0,0.0,18,4,-77,GSM,460,1,5198,42519,0,2147483647,0.0,0.0,17,4,-79,GSM,460,1,5198,49989,0,2147483647,0.0,0.0,15,4,-83,GSM,460,1,5198,57368,0,2147483647,0.0,0.0,14,4,-85,GSM,0,0,0,-1,0,2147483647,0.0,0.0,14,4,-85,GSM
1523513337588,121.20596996,31.28992847,29.0,32.0,0.0,-81,true,-1,-1,5,62.0,4000.0,3.289794921875,-45.32470703125,27.26898193359375,2.6376476287841797,-0.4292217791080475,-2.5491015911102295,460,1,5198,42517,0,-1,0.0,0.0,0,0,0,,7,460,1,5198,42517,0,2147483647,0.0,0.0,16,4,-81,GSM,460,1,5198,42518,0,2147483647,0.0,0.0,15,4,-83,GSM,460,1,5198,43857,0,2147483647,0.0,0.0,19,4,-75,GSM,460,1,5198,42519,0,2147483647,0.0,0.0,17,4,-79,GSM,460,1,5198,49989,0,2147483647,0.0,0.0,15,4,-83,GSM,460,1,5198,57368,0,2147483647,0.0,0.0,14,4,-85,GSM,460,1,5198,42507,0,2147483647,0.0,0.0,14,4,-85,GSM
1523513340645,121.20596996,31.28992847,29.0,32.0,0.0,-81,true,-1,-1,5,62.0,4000.0,6.57958984375,-43.82476806640625,30.56793212890625,2.5540285110473633,-0.3177509605884552,-2.507253408432007,460,1,5198,43857,0,-1,0.0,0.0,0,0,0,,7,460,1,5198,43857,0,2147483647,0.0,0.0,19,4,-75,GSM,460,1,5198,49989,0,2147483647,0.0,0.0,15,4,-83,GSM,460,1,5198,57368,0,2147483647,0.0,0.0,13,4,-87,GSM,460,1,5198,42507,0,2147483647,0.0,0.0,15,4,-83,GSM,460,1,5198,42517,0,2147483647,0.0,0.0,15,4,-83,GSM,0,0,0,-1,0,2147483647,0.0,0.0,15,4,-83,GSM,0,0,0,-1,0,2147483647,0.0,0.0,13,4,-87,GSM
1523513343704,121.20574523,31.28967948,26.0,46.0,0.0,-73,true,-1,-1,5,62.0,4000.0,9.869384765625,-41.12396240234375,38.067626953125,2.339137077331543,-0.34174448251724243,-2.4304840564727783,460,1,5198,43857,0,-1,0.0,0.0,0,0,0,,6,460,1,5198,43857,0,2147483647,0.0,0.0,19,4,-75,GSM,460,1,5198,49989,0,2147483647,0.0,0.0,14,4,-85,GSM,460,1,5198,42507,0,2147483647,0.0,0.0,15,4,-83,GSM,460,1,5198,42517,0,2147483647,0.0,0.0,15,4,-83,GSM,460,1,5198,42518,0,2147483647,0.0,0.0,16,4,-81,GSM,0,0,0,-1,0,2147483647,0.0,0.0,13,4,-87,GSM
1523513346770,121.20577358,31.28954002,26.0,16.0,0.0,-75,true,-1,-1,5,62.0,4000.0,18.69964599609375,-25.22430419921875,52.7679443359375,1.7247580289840698,-0.47141799330711365,-2.572793960571289,460,1,5198,43857,0,-1,0.0,0.0,0,0,0,,7,460,1,5198,43857,0,2147483647,0.0,0.0,18,4,-77,GSM,460,1,5198,49989,0,2147483647,0.0,0.0,14,4,-85,GSM,460,1,5198,42507,0,2147483647,0.0,0.0,15,4,-83,GSM,460,1,5198,42517,0,2147483647,0.0,0.0,16,4,-81,GSM,460,1,5198,42518,0,2147483647,0.0,0.0,16,4,-81,GSM,460,1,5198,56689,0,2147483647,0.0,0.0,19,4,-75,GSM,0,0,0,-1,0,2147483647,0.0,0.0,14,4,-85,GSM
1523513349824,121.20588085,31.28938778,21.0,15.0,0.0,-75,true,-1,-1,5,62.0,4000.0,19.219970703125,-11.12518310546875,55.46875,1.4986464977264404,-0.3769955337047577,-2.5871453285217285,460,1,5198,43857,0,-1,0.0,0.0,0,0,0,,6,460,1,5198,43857,0,2147483647,0.0,0.0,18,4,-77,GSM,460,1,5198,49989,0,2147483647,0.0,0.0,15,4,-83,GSM,460,1,5198,42507,0,2147483647,0.0,0.0,16,4,-81,GSM,460,1,5198,42517,0,2147483647,0.0,0.0,16,4,-81,GSM,460,1,5198,42518,0,2147483647,0.0,0.0,17,4,-79,GSM,460,1,5198,56689,0,2147483647,0.0,0.0,19,4,-75,GSM
1523513352892,121.20593797,31.28936053,21.0,15.0,0.0,-75,true,-1,-1,5,62.0,4000.0,4.150390625,4.47540283203125,55.767822265625,0.9385712146759033,-0.48982617259025574,-2.5637600421905518,460,1,5198,43857,0,-1,0.0,0.0,0,0,0,,6,460,1,5198,43857,0,2147483647,0.0,0.0,18,4,-77,GSM,460,1,5198,49989,0,2147483647,0.0,0.0,14,4,-85,GSM,460,1,5198,42507,0,2147483647,0.0,0.0,16,4,-81,GSM,460,1,5198,42517,0,2147483647,0.0,0.0,14,4,-85,GSM,460,1,5198,42518,0,2147483647,0.0,0.0,18,4,-77,GSM,460,1,5198,56689,0,2147483647,0.0,0.0,19,4,-75,GSM
1523513355952,121.20601462,31.28933535,20.0,14.0,3.490702,-75,true,-1,-1,5,62.0,4000.0,6.41021728515625,4.1748046875,55.46875,0.9848374724388123,-0.3712885081768036,-2.6641459465026855,460,1,5198,56689,0,-1,0.0,0.0,0,0,0,,5,460,1,5198,56689,0,2147483647,0.0,0.0,19,4,-75,GSM,460,1,5198,49989,0,2147483647,0.0,0.0,14,4,-85,GSM,460,1,5198,42507,0,2147483647,0.0,0.0,18,4,-77,GSM,460,1,5198,42517,0,2147483647,0.0,0.0,18,4,-77,GSM,460,1,5198,42518,0,2147483647,0.0,0.0,18,4,-77,GSM
1523513359031,121.20619226,31.28928884,22.0,15.0,0.0,-73,true,-1,-1,5,62.0,4000.0,8.83026123046875,0.274658203125,56.06842041015625,0.9502368569374084,-0.5979858040809631,-2.626237154006958,460,1,5198,56689,0,-1,0.0,0.0,0,0,0,,5,460,1,5198,56689,0,2147483647,0.0,0.0,20,4,-73,GSM,460,1,5198,42507,0,2147483647,0.0,0.0,16,4,-81,GSM,460,1,5198,42517,0,2147483647,0.0,0.0,18,4,-77,GSM,460,1,5198,42518,0,2147483647,0.0,0.0,19,4,-75,GSM,0,0,0,-1,0,2147483647,0.0,0.0,14,4,-85,GSM
1523513362109,121.20632755,31.28926942,24.0,21.0,0.0,-73,true,-1,-1,5,62.0,4000.0,7.269287109375,5.975341796875,54.5684814453125,1.0299142599105835,-0.4391605257987976,-2.524122714996338,460,1,5198,56689,0,-1,0.0,0.0,0,0,0,,7,460,1,5198,56689,0,2147483647,0.0,0.0,21,4,-71,GSM,460,1,5198,42507,0,2147483647,0.0,0.0,16,4,-81,GSM,460,1,5198,42517,0,2147483647,0.0,0.0,18,4,-77,GSM,460,1,5198,42518,0,2147483647,0.0,0.0,19,4,-75,GSM,460,1,5198,43858,0,2147483647,0.0,0.0,15,4,-83,GSM,460,1,5198,42519,0,2147483647,0.0,0.0,31,4,-51,GSM,460,1,5198,49989,0,2147483647,0.0,0.0,14,4,-85,GSM
1523513365196,121.20632755,31.28926942,24.0,21.0,0.0,-73,true,-1,-1,5,62.0,4000.0,4.49981689453125,0.274658203125,56.96868896484375,1.063366413116455,-0.4752291440963745,-2.525912046432495,460,1,5198,56689,0,-1,0.0,0.0,0,0,0,,7,460,1,5198,56689,0,2147483647,0.0,0.0,22,4,-69,GSM,460,1,5198,42507,0,2147483647,0.0,0.0,15,4,-83,GSM,460,1,5198,42517,0,2147483647,0.0,0.0,19,4,-75,GSM,460,1,5198,42518,0,2147483647,0.0,0.0,19,4,-75,GSM,460,1,5198,43858,0,2147483647,0.0,0.0,14,4,-85,GSM,460,1,5198,42519,0,2147483647,0.0,0.0,31,4,-51,GSM,460,1,5198,49989,0,2147483647,0.0,0.0,14,4,-85,GSM
1523513368247,121.20647158,31.28930504,24.0,20.0,0.0,-67,true,-1,-1,5,62.0,4000.0,6.91986083984375,5.67474365234375,56.96868896484375,1.0435763597488403,-0.36663350462913513,-2.5751254558563232,460,1,5198,42519,0,-1,0.0,0.0,0,0,0,,6,460,1,5198,42519,0,2147483647,0.0,0.0,31,4,-51,GSM,460,1,5198,42507,0,2147483647,0.0,0.0,15,4,-83,GSM,460,1,5198,42517,0,2147483647,0.0,0.0,20,4,-73,GSM,460,1,5198,42518,0,2147483647,0.0,0.0,19,4,-75,GSM,460,1,5198,43858,0,2147483647,0.0,0.0,14,4,-85,GSM,460,1,5198,42519,0,2147483647,0.0,0.0,31,4,-51,GSM
1523513371459,121.20647158,31.28930504,24.0,20.0,0.0,-51,true,-1,-1,5,62.0,4000.0,7.440185546875,7.47528076171875,54.26788330078125,1.0653671026229858,-0.3328310549259186,-2.542418956756592,460,1,5198,42519,0,-1,0.0,0.0,0,0,0,,4,460,1,5198,42519,0,2147483647,0.0,0.0,27,4,-59,GSM,460,1,5198,42507,0,2147483647,0.0,0.0,14,4,-85,GSM,460,1,5198,42518,0,2147483647,0.0,0.0,19,4,-75,GSM,460,1,5198,43858,0,2147483647,0.0,0.0,14,4,-85,GSM
1523513374394,121.20664861,31.28936818,26.0,22.0,0.0,-61,true,-1,-1,5,62.0,4000.0,6.57958984375,5.37567138671875,56.96868896484375,1.1259617805480957,-0.29959070682525635,-2.5417940616607666,460,1,5198,42519,0,-1,0.0,0.0,0,0,0,,7,460,1,5198,42519,0,2147483647,0.0,0.0,26,4,-61,GSM,460,1,5198,42518,0,2147483647,0.0,0.0,19,4,-75,GSM,460,1,5198,43858,0,2147483647,0.0,0.0,15,4,-83,GSM,460,1,5198,42517,0,2147483647,0.0,0.0,18,4,-77,GSM,0,0,0,-1,0,2147483647,0.0,0.0,14,4,-85,GSM,0,0,0,-1,0,2147483647,0.0,0.0,14,4,-85,GSM,0,0,0,-1,0,2147483647,0.0,0.0,21,4,-71,GSM
1523513377647,121.20664861,31.28936818,26.0,22.0,0.0,-61,true,-1,-1,5,62.0,4000.0,4.150390625,2.67486572265625,58.7677001953125,1.0867021083831787,-0.3685896396636963,-2.5448760986328125,460,1,5198,42519,0,-1,0.0,0.0,0,0,0,,7,460,1,5198,42519,0,2147483647,0.0,0.0,27,4,-59,GSM,460,1,5198,42518,0,2147483647,0.0,0.0,19,4,-75,GSM,460,1,5198,43858,0,2147483647,0.0,0.0,15,4,-83,GSM,460,1,5198,42517,0,2147483647,0.0,0.0,18,4,-77,GSM,460,1,5198,49989,0,2147483647,0.0,0.0,15,4,-83,GSM,460,1,5198,56688,0,2147483647,0.0,0.0,14,4,-85,GSM,460,1,5198,43857,0,2147483647,0.0,0.0,21,4,-71,GSM
1523513380546,121.2068422,31.28937422,27.0,27.0,0.0,-57,true,-1,-1,5,62.0,4000.0,4.150390625,2.67486572265625,55.16815185546875,1.1350754499435425,-0.44668543338775635,-2.3999733924865723,460,1,5198,42519,0,-1,0.0,0.0,0,0,0,,7,460,1,5198,42519,0,2147483647,0.0,0.0,25,4,-63,GSM,460,1,5198,42518,0,2147483647,0.0,0.0,20,4,-73,GSM,460,1,5198,43858,0,2147483647,0.0,0.0,15,4,-83,GSM,460,1,5198,42517,0,2147483647,0.0,0.0,18,4,-77,GSM,460,1,5198,49989,0,2147483647,0.0,0.0,15,4,-83,GSM,460,1,5198,56688,0,2147483647,0.0,0.0,15,4,-83,GSM,460,1,5198,43857,0,2147483647,0.0,0.0,21,4,-71,GSM
1523513383621,121.20707348,31.28923324,23.0,18.0,0.0,-61,true,-1,-1,5,62.0,4000.0,-7.60955810546875,10.7757568359375,50.96893310546875,0.8600784540176392,-0.11089637130498886,-2.6237151622772217,460,1,5198,42519,0,-1,0.0,0.0,0,0,0,,6,460,1,5198,42519,0,2147483647,0.0,0.0,25,4,-63,GSM,460,1,5198,42518,0,2147483647,0.0,0.0,20,4,-73,GSM,460,1,5198,43858,0,2147483647,0.0,0.0,16,4,-81,GSM,460,1,5198,42517,0,2147483647,0.0,0.0,18,4,-77,GSM,460,1,5198,49989,0,2147483647,0.0,0.0,15,4,-83,GSM,460,1,5198,43857,0,2147483647,0.0,0.0,21,4,-71,GSM
1523513386680,121.20720547,31.28924525,22.0,17.0,0.0,-61,true,-1,-1,5,62.0,4000.0,2.94036865234375,2.67486572265625,54.8675537109375,1.0227627754211426,-0.5470061898231506,-2.43754243850708,460,1,5198,42519,0,-1,0.0,0.0,0,0,0,,5,460,1,5198,42519,0,2147483647,0.0,0.0,27,4,-59,GSM,460,1,5198,42518,0,2147483647,0.0,0.0,21,4,-71,GSM,460,1,5198,42517,0,2147483647,0.0,0.0,18,4,-77,GSM,460,1,5198,43857,0,2147483647,0.0,0.0,21,4,-71,GSM,460,1,5198,56688,0,2147483647,0.0,0.0,16,4,-81,GSM
1523513389764,121.20728823,31.28926071,21.0,14.0,0.0,-57,true,-1,-1,5,62.0,4000.0,10.040283203125,-12.32452392578125,52.7679443359375,1.4318981170654297,-0.527770459651947,-2.41860032081604,460,1,5198,42519,0,-1,0.0,0.0,0,0,0,,5,460,1,5198,42519,0,2147483647,0.0,0.0,27,4,-59,GSM,460,1,5198,42518,0,2147483647,0.0,0.0,22,4,-69,GSM,460,1,5198,42517,0,2147483647,0.0,0.0,18,4,-77,GSM,460,1,5198,43857,0,2147483647,0.0,0.0,21,4,-71,GSM,460,1,5198,56688,0,2147483647,0.0,0.0,18,4,-77,GSM
1523513392879,121.20736877,31.28925875,21.0,13.0,0.0,-57,true,-1,-1,5,62.0,4000.0,7.6202392578125,-21.32415771484375,54.5684814453125,1.6016522645950317,-0.5988041162490845,-2.2568671703338623,460,1,5198,42519,0,-1,0.0,0.0,0,0,0,,5,460,1,5198,42519,0,2147483647,0.0,0.0,25,4,-63,GSM,460,1,5198,42518,0,2147483647,0.0,0.0,23,4,-67,GSM,460,1,5198,42517,0,2147483647,0.0,0.0,20,4,-73,GSM,460,1,5198,43857,0,2147483647,0.0,0.0,20,4,-73,GSM,460,1,5198,56688,0,2147483647,0.0,0.0,18,4,-77,GSM
1523513395946,121.207468,31.28917378,22.0,11.0,0.0,-61,true,-1,-1,5,62.0,4000.0,15.75927734375,-13.52386474609375,56.06842041015625,1.4503306150436401,-0.5424737930297852,-2.4595584869384766,460,1,5198,42519,0,-1,0.0,0.0,0,0,0,,5,460,1,5198,42519,0,2147483647,0.0,0.0,24,4,-65,GSM,460,1,5198,42518,0,2147483647,0.0,0.0,23,4,-67,GSM,460,1,5198,42517,0,2147483647,0.0,0.0,20,4,-73,GSM,460,1,5198,43857,0,2147483647,0.0,0.0,20,4,-73,GSM,460,1,5198,56688,0,2147483647,0.0,0.0,18,4,-77,GSM
1523513399016,121.2075716,31.2891124,22.0,11.0,3.320542,-61,true,-1,-1,5,62.0,4000.0,13.330078125,-13.22479248046875,55.46875,1.5481083393096924,-0.4312366843223572,-2.3880374431610107,460,1,5198,42519,0,-1,0.0,0.0,0,0,0,,6,460,1,5198,42519,0,2147483647,0.0,0.0,24,4,-65,GSM,460,1,5198,42518,0,2147483647,0.0,0.0,25,4,-63,GSM,460,1,5198,42517,0,2147483647,0.0,0.0,20,4,-73,GSM,460,1,5198,43857,0,2147483647,0.0,0.0,19,4,-75,GSM,460,1,5198,56688,0,2147483647,0.0,0.0,18,4,-77,GSM,0,0,0,-1,0,2147483647,0.0,0.0,17,4,-79,GSM
1523513402092,121.20769576,31.28905157,20.0,15.0,0.0,-61,true,-1,-1,5,62.0,4000.0,12.469482421875,-16.8243408203125,56.36749267578125,1.587022304534912,-0.4268230199813843,-2.444247007369995,460,1,5198,42519,0,-1,0.0,0.0,0,0,0,,6,460,1,5198,42519,0,2147483647,0.0,0.0,24,4,-65,GSM,460,1,5198,42518,0,2147483647,0.0,0.0,25,4,-63,GSM,460,1,5198,42517,0,2147483647,0.0,0.0,19,4,-75,GSM,460,1,5198,43857,0,2147483647,0.0,0.0,17,4,-79,GSM,460,1,5198,56688,0,2147483647,0.0,0.0,17,4,-79,GSM,460,1,5198,1177,0,2147483647,0.0,0.0,16,4,-81,GSM
1523513405148,121.20779462,31.28901625,19.0,18.0,0.0,-61,true,-1,-1,5,62.0,4000.0,-22.34039306640625,-42.3248291015625,-13.531494140625,2.5123114585876465,-0.5007744431495667,-0.0069426605477929115,460,1,5198,42518,0,-1,0.0,0.0,0,0,0,,7,460,1,5198,42518,0,2147483647,0.0,0.0,28,4,-57,GSM,460,1,5198,42517,0,2147483647,0.0,0.0,19,4,-75,GSM,460,1,5198,43857,0,2147483647,0.0,0.0,17,4,-79,GSM,460,1,5198,56688,0,2147483647,0.0,0.0,17,4,-79,GSM,460,1,5198,49989,0,2147483647,0.0,0.0,16,4,-81,GSM,460,1,5198,42519,0,2147483647,0.0,0.0,25,4,-63,GSM,0,0,0,-1,0,2147483647,0.0,0.0,14,4,-85,GSM
1523513408227,121.20790835,31.28895677,18.0,21.0,0.0,-55,true,-1,-1,5,62.0,4000.0,14.54925537109375,-7.82470703125,55.16815185546875,1.2599833011627197,-0.5601325035095215,-2.560697078704834,460,1,5198,42518,0,-1,0.0,0.0,0,0,0,,7,460,1,5198,42518,0,2147483647,0.0,0.0,28,4,-57,GSM,460,1,5198,42517,0,2147483647,0.0,0.0,19,4,-75,GSM,460,1,5198,43857,0,2147483647,0.0,0.0,17,4,-79,GSM,460,1,5198,56688,0,2147483647,0.0,0.0,16,4,-81,GSM,460,1,5198,49989,0,2147483647,0.0,0.0,15,4,-83,GSM,460,1,5198,42519,0,2147483647,0.0,0.0,25,4,-63,GSM,0,0,0,-1,0,2147483647,0.0,0.0,14,4,-85,GSM
1523513411450,121.20790835,31.28895677,18.0,21.0,0.0,-55,true,-1,-1,5,61.0,4000.0,14.1998291015625,-9.92431640625,56.36749267578125,1.5828862190246582,-0.2905328571796417,-2.3825223445892334,460,1,5198,42518,0,-1,0.0,0.0,0,0,0,,6,460,1,5198,42518,0,2147483647,0.0,0.0,29,4,-55,GSM,460,1,5198,42517,0,2147483647,0.0,0.0,18,4,-77,GSM,460,1,5198,43857,0,2147483647,0.0,0.0,17,4,-79,GSM,460,1,5198,56688,0,2147483647,0.0,0.0,15,4,-83,GSM,460,1,5198,49989,0,2147483647,0.0,0.0,15,4,-83,GSM,460,1,5198,42519,0,2147483647,0.0,0.0,25,4,-63,GSM
1523513414404,121.20802952,31.28886618,20.0,25.0,0.0,-53,true,-1,-1,5,61.0,4000.0,18.69964599609375,-16.8243408203125,54.5684814453125,1.6514029502868652,-0.41109687089920044,-2.416707754135132,460,1,5198,42518,0,-1,0.0,0.0,0,0,0,,7,460,1,5198,42518,0,2147483647,0.0,0.0,31,4,-51,GSM,460,1,5198,42517,0,2147483647,0.0,0.0,17,4,-79,GSM,460,1,5198,43857,0,2147483647,0.0,0.0,16,4,-81,GSM,460,1,5198,56688,0,2147483647,0.0,0.0,15,4,-83,GSM,460,1,5198,49989,0,2147483647,0.0,0.0,14,4,-85,GSM,460,1,5198,42519,0,2147483647,0.0,0.0,24,4,-65,GSM,460,1,5198,42507,0,2147483647,0.0,0.0,14,4,-85,GSM
1523513417472,121.20802952,31.28886618,20.0,25.0,0.0,-53,true,-1,-1,5,61.0,4000.0,18.69964599609375,-21.624755859375,52.7679443359375,1.6504799127578735,-0.5500884652137756,-2.43194317817688,460,1,5198,42518,0,-1,0.0,0.0,0,0,0,,7,460,1,5198,42518,0,2147483647,0.0,0.0,31,4,-51,GSM,460,1,5198,42517,0,2147483647,0.0,0.0,17,4,-79,GSM,460,1,5198,43857,0,2147483647,0.0,0.0,15,4,-83,GSM,460,1,5198,56688,0,2147483647,0.0,0.0,14,4,-85,GSM,460,1,5198,49989,0,2147483647,0.0,0.0,14,4,-85,GSM,460,1,5198,42519,0,2147483647,0.0,0.0,23,4,-67,GSM,460,1,5198,42507,0,2147483647,0.0,0.0,14,4,-85,GSM
1523513420546,121.20821056,31.288828,25.0,34.0,0.0,-53,true,-1,-1,5,61.0,4000.0,-8.9996337890625,-35.723876953125,-29.43115234375,3.030413866043091,-0.18797852098941803,-0.1899944394826889,460,1,5198,42518,0,-1,0.0,0.0,0,0,0,,7,460,1,5198,42518,0,2147483647,0.0,0.0,27,4,-59,GSM,460,1,5198,42517,0,2147483647,0.0,0.0,17,4,-79,GSM,460,1,5198,43857,0,2147483647,0.0,0.0,13,4,-87,GSM,460,1,5198,56688,0,2147483647,0.0,0.0,14,4,-85,GSM,460,1,5198,49989,0,2147483647,0.0,0.0,14,4,-85,GSM,460,1,5198,42519,0,2147483647,0.0,0.0,23,4,-67,GSM,460,1,5198,42507,0,2147483647,0.0,0.0,13,4,-87,GSM
