IMEI:862305032225518
IMSI:460091042103139
OSVersion:3.10.73-perf-g94fc9a6
apiLevel:5.1.1
model:Redmi Note 3
device:kenzo
product:kenzo
88
1523513431736,121.2082435,31.28873689,27.0,25.0,0.0,-57,true,-1,-1,5,61.0,4000.0,-25.45013427734375,-12.02392578125,-38.1317138671875,1.4873214960098267,-0.42141517996788025,0.17008423805236816,460,1,5198,42518,0,-1,0.0,0.0,0,0,0,,5,460,1,5198,42518,0,2147483647,0.0,0.0,27,4,-59,GSM,460,1,5198,42517,0,2147483647,0.0,0.0,18,4,-77,GSM,460,1,5198,49989,0,2147483647,0.0,0.0,19,4,-75,GSM,460,1,5198,42519,0,2147483647,0.0,0.0,22,4,-69,GSM,0,0,0,-1,0,2147483647,0.0,0.0,15,4,-83,GSM
1523513434796,121.20827007,31.28872048,25.0,23.0,1.321363,-57,true,-1,-1,5,61.0,4000.0,-35.85052490234375,-3.62396240234375,26.068115234375,-0.5069037079811096,-1.0245585441589355,-2.621229887008667,460,1,5198,42518,0,-1,0.0,0.0,0,0,0,,6,460,1,5198,42518,0,2147483647,0.0,0.0,26,4,-61,GSM,460,1,5198,42517,0,2147483647,0.0,0.0,18,4,-77,GSM,460,1,5198,49989,0,2147483647,0.0,0.0,20,4,-73,GSM,460,1,5198,42519,0,2147483647,0.0,0.0,22,4,-69,GSM,0,0,0,-1,0,2147483647,0.0,0.0,16,4,-81,GSM,460,1,5198,56688,0,2147483647,0.0,0.0,14,4,-85,GSM
1523513437857,121.20834917,31.28875316,20.0,15.0,2.5300198,-59,true,-1,-1,5,61.0,4000.0,-28.399658203125,4.47540283203125,33.56781005859375,-0.48029500246047974,-0.5121746063232422,-2.7341854572296143,460,1,5198,42518,0,-1,0.0,0.0,0,0,0,,6,460,1,5198,42518,0,2147483647,0.0,0.0,27,4,-59,GSM,460,1,5198,42517,0,2147483647,0.0,0.0,19,4,-75,GSM,460,1,5198,49989,0,2147483647,0.0,0.0,21,4,-71,GSM,460,1,5198,42519,0,2147483647,0.0,0.0,22,4,-69,GSM,0,0,0,-1,0,2147483647,0.0,0.0,17,4,-79,GSM,460,1,5198,56688,0,2147483647,0.0,0.0,14,4,-85,GSM
1523513440936,121.20836994,31.28879734,18.0,13.0,2.980151,-59,true,-1,-1,5,61.0,4000.0,-25.799560546875,13.775634765625,32.06787109375,0.11539909243583679,-0.27727681398391724,-2.395071506500244,460,1,5198,42518,0,-1,0.0,0.0,0,0,0,,6,460,1,5198,42518,0,2147483647,0.0,0.0,27,4,-59,GSM,460,1,5198,42517,0,2147483647,0.0,0.0,21,4,-71,GSM,460,1,5198,49989,0,2147483647,0.0,0.0,21,4,-71,GSM,460,1,5198,42519,0,2147483647,0.0,0.0,22,4,-69,GSM,0,0,0,-1,0,2147483647,0.0,0.0,17,4,-79,GSM,460,1,5198,56688,0,2147483647,0.0,0.0,14,4,-85,GSM
1523513443989,121.20838479,31.28888268,19.0,16.0,0.0,-59,true,-1,-1,5,61.0,4000.0,-10.72998046875,17.37518310546875,45.56884765625,0.13628314435482025,-0.47543400526046753,-2.8024728298187256,460,1,5198,42518,0,-1,0.0,0.0,0,0,0,,7,460,1,5198,42518,0,2147483647,0.0,0.0,27,4,-59,GSM,460,1,5198,42517,0,2147483647,0.0,0.0,20,4,-73,GSM,460,1,5198,49989,0,2147483647,0.0,0.0,21,4,-71,GSM,460,1,5198,42519,0,2147483647,0.0,0.0,22,4,-69,GSM,0,0,0,-1,0,2147483647,0.0,0.0,17,4,-79,GSM,460,1,5198,56688,0,2147483647,0.0,0.0,14,4,-85,GSM,460,1,5198,42507,0,2147483647,0.0,0.0,13,4,-87,GSM
1523513447055,121.20838827,31.28894551,20.0,16.0,2.7373161,-59,true,-1,-1,5,61.0,4000.0,-11.0809326171875,17.07611083984375,46.16851806640625,0.12232814729213715,-0.4045637249946594,-2.817072629928589,460,1,5198,42518,0,-1,0.0,0.0,0,0,0,,6,460,1,5198,42518,0,2147483647,0.0,0.0,27,4,-59,GSM,460,1,5198,42517,0,2147483647,0.0,0.0,20,4,-73,GSM,460,1,5198,49989,0,2147483647,0.0,0.0,21,4,-71,GSM,460,1,5198,42519,0,2147483647,0.0,0.0,21,4,-71,GSM,0,0,0,-1,0,2147483647,0.0,0.0,17,4,-79,GSM,460,1,5198,56688,0,2147483647,0.0,0.0,12,4,-89,GSM
1523513450114,121.20843342,31.2890355,20.0,18.0,0.0,-59,true,-1,-1,5,61.0,4000.0,-9.51995849609375,12.57476806640625,45.867919921875,0.029028620570898056,-0.41837912797927856,-2.9180283546447754,460,1,5198,42518,0,-1,0.0,0.0,0,0,0,,6,460,1,5198,42518,0,2147483647,0.0,0.0,27,4,-59,GSM,460,1,5198,42517,0,2147483647,0.0,0.0,21,4,-71,GSM,460,1,5198,49989,0,2147483647,0.0,0.0,21,4,-71,GSM,460,1,5198,42519,0,2147483647,0.0,0.0,21,4,-71,GSM,0,0,0,-1,0,2147483647,0.0,0.0,17,4,-79,GSM,460,1,5198,56688,0,2147483647,0.0,0.0,12,4,-89,GSM
1523513453196,121.20848981,31.28912388,21.0,16.0,3.450232,-59,true,-1,-1,5,61.0,4000.0,-10.20965576171875,19.775390625,44.06890869140625,-0.1330067664384842,-0.27768775820732117,-3.0068373680114746,460,1,5198,42518,0,-1,0.0,0.0,0,0,0,,7,460,1,5198,42518,0,2147483647,0.0,0.0,25,4,-63,GSM,460,1,5198,42517,0,2147483647,0.0,0.0,23,4,-67,GSM,460,1,5198,49989,0,2147483647,0.0,0.0,22,4,-69,GSM,460,1,5198,42519,0,2147483647,0.0,0.0,21,4,-71,GSM,0,0,0,-1,0,2147483647,0.0,0.0,17,4,-79,GSM,460,1,5198,56688,0,2147483647,0.0,0.0,13,4,-87,GSM,460,1,5198,42507,0,2147483647,0.0,0.0,10,3,-93,GSM
1523513456246,121.20856973,31.28920315,21.0,19.0,0.0,-59,true,-1,-1,5,61.0,4000.0,-6.57958984375,12.8753662109375,45.56884765625,0.023106981068849564,-0.512435257434845,-2.9812324047088623,460,1,5198,42518,0,-1,0.0,0.0,0,0,0,,6,460,1,5198,42518,0,2147483647,0.0,0.0,25,4,-63,GSM,460,1,5198,42517,0,2147483647,0.0,0.0,23,4,-67,GSM,460,1,5198,49989,0,2147483647,0.0,0.0,23,4,-67,GSM,460,1,5198,42519,0,2147483647,0.0,0.0,19,4,-75,GSM,0,0,0,-1,0,2147483647,0.0,0.0,17,4,-79,GSM,460,1,5198,56688,0,2147483647,0.0,0.0,13,4,-87,GSM
1523513459336,121.2086571,31.28929707,22.0,17.0,3.2113705,-59,true,-1,-1,5,61.0,4000.0,-10.20965576171875,13.17596435546875,42.8680419921875,0.1266629695892334,-0.43013978004455566,-2.8201653957366943,460,1,5198,42518,0,-1,0.0,0.0,0,0,0,,5,460,1,5198,42518,0,2147483647,0.0,0.0,24,4,-65,GSM,460,1,5198,42517,0,2147483647,0.0,0.0,24,4,-65,GSM,460,1,5198,49989,0,2147483647,0.0,0.0,25,4,-63,GSM,460,1,5198,42519,0,2147483647,0.0,0.0,17,4,-79,GSM,460,1,5198,56688,0,2147483647,0.0,0.0,13,4,-87,GSM
1523513462452,121.2086571,31.28929707,22.0,17.0,3.2113705,-59,true,-1,-1,5,61.0,4000.0,-11.25030517578125,7.77587890625,46.46759033203125,0.11335331946611404,-0.6044140458106995,-2.8242452144622803,460,1,5198,42518,0,-1,0.0,0.0,0,0,0,,5,460,1,5198,42518,0,2147483647,0.0,0.0,25,4,-63,GSM,460,1,5198,42517,0,2147483647,0.0,0.0,25,4,-63,GSM,460,1,5198,49989,0,2147483647,0.0,0.0,25,4,-63,GSM,460,1,5198,42519,0,2147483647,0.0,0.0,17,4,-79,GSM,460,1,5198,56688,0,2147483647,0.0,0.0,14,4,-85,GSM
1523513465464,121.2087499,31.28945103,24.0,22.0,0.0,-59,true,-1,-1,5,61.0,4000.0,-11.419677734375,8.37554931640625,44.9676513671875,0.150577113032341,-0.47520866990089417,-2.799290418624878,460,1,5198,42518,0,-1,0.0,0.0,0,0,0,,5,460,1,5198,42518,0,2147483647,0.0,0.0,25,4,-63,GSM,460,1,5198,42517,0,2147483647,0.0,0.0,27,4,-59,GSM,460,1,5198,49989,0,2147483647,0.0,0.0,24,4,-65,GSM,460,1,5198,42519,0,2147483647,0.0,0.0,17,4,-79,GSM,460,1,5198,56688,0,2147483647,0.0,0.0,16,4,-81,GSM
1523513468535,121.20896131,31.28967734,22.0,14.0,2.6900744,-59,true,-1,-1,5,61.0,4000.0,-11.94000244140625,8.6761474609375,42.26837158203125,0.14366908371448517,-0.4170887768268585,-2.781662940979004,460,1,5198,42518,0,-1,0.0,0.0,0,0,0,,5,460,1,5198,42518,0,2147483647,0.0,0.0,25,4,-63,GSM,460,1,5198,42517,0,2147483647,0.0,0.0,27,4,-59,GSM,460,1,5198,49989,0,2147483647,0.0,0.0,24,4,-65,GSM,460,1,5198,42519,0,2147483647,0.0,0.0,17,4,-79,GSM,460,1,5198,56688,0,2147483647,0.0,0.0,16,4,-81,GSM
1523513471608,121.2090076,31.28970858,24.0,12.0,2.8701568,-59,true,-1,-1,5,61.0,4000.0,-15.58074951171875,2.37579345703125,45.56884765625,-0.08077451586723328,-0.6180331707000732,-2.8622593879699707,460,1,5198,42517,0,-1,0.0,0.0,0,0,0,,4,460,1,5198,42517,0,2147483647,0.0,0.0,29,4,-55,GSM,460,1,5198,49989,0,2147483647,0.0,0.0,24,4,-65,GSM,460,1,5198,42519,0,2147483647,0.0,0.0,17,4,-79,GSM,460,1,5198,56688,0,2147483647,0.0,0.0,18,4,-77,GSM
1523513474665,121.20907675,31.28974881,23.0,14.0,2.7401643,-57,true,-1,-1,5,61.0,4000.0,-7.27081298828125,7.1746826171875,50.96893310546875,0.38516324758529663,-0.5428383350372314,-2.7460920810699463,460,1,5198,42517,0,-1,0.0,0.0,0,0,0,,5,460,1,5198,42517,0,2147483647,0.0,0.0,28,4,-57,GSM,460,1,5198,49989,0,2147483647,0.0,0.0,24,4,-65,GSM,460,1,5198,42519,0,2147483647,0.0,0.0,17,4,-79,GSM,460,1,5198,56688,0,2147483647,0.0,0.0,18,4,-77,GSM,0,0,0,-1,0,2147483647,0.0,0.0,16,4,-81,GSM
1523513477728,121.2091555,31.28978972,23.0,15.0,2.5800192,-57,true,-1,-1,5,61.0,4000.0,-18.3502197265625,11.97509765625,43.768310546875,-0.10414133220911026,-0.6781479120254517,-2.830566883087158,460,1,5198,42517,0,-1,0.0,0.0,0,0,0,,6,460,1,5198,42517,0,2147483647,0.0,0.0,29,4,-55,GSM,460,1,5198,49989,0,2147483647,0.0,0.0,22,4,-69,GSM,460,1,5198,42519,0,2147483647,0.0,0.0,18,4,-77,GSM,460,1,5198,56688,0,2147483647,0.0,0.0,19,4,-75,GSM,460,1,5198,49988,0,2147483647,0.0,0.0,15,4,-83,GSM,460,1,5198,42518,0,2147483647,0.0,0.0,25,4,-63,GSM
1523513480787,121.20918156,31.28983294,20.0,14.0,0.0,-57,true,-1,-1,5,61.0,4000.0,-13.16070556640625,13.47503662109375,44.9676513671875,0.09613589942455292,-0.4804246723651886,-2.7877635955810547,460,1,5198,42517,0,-1,0.0,0.0,0,0,0,,6,460,1,5198,42517,0,2147483647,0.0,0.0,28,4,-57,GSM,460,1,5198,49989,0,2147483647,0.0,0.0,22,4,-69,GSM,460,1,5198,42519,0,2147483647,0.0,0.0,18,4,-77,GSM,460,1,5198,56688,0,2147483647,0.0,0.0,19,4,-75,GSM,460,1,5198,49988,0,2147483647,0.0,0.0,15,4,-83,GSM,460,1,5198,42518,0,2147483647,0.0,0.0,25,4,-63,GSM
1523513483843,121.20920967,31.28990751,18.0,14.0,0.0,-57,true,-1,-1,5,61.0,4000.0,-11.419677734375,15.57464599609375,43.16864013671875,0.5099331736564636,-0.36835619807243347,-2.5048937797546387,460,1,5198,42517,0,-1,0.0,0.0,0,0,0,,6,460,1,5198,42517,0,2147483647,0.0,0.0,29,4,-55,GSM,460,1,5198,49989,0,2147483647,0.0,0.0,22,4,-69,GSM,460,1,5198,42519,0,2147483647,0.0,0.0,17,4,-79,GSM,460,1,5198,56688,0,2147483647,0.0,0.0,20,4,-73,GSM,460,1,5198,49988,0,2147483647,0.0,0.0,15,4,-83,GSM,460,1,5198,42518,0,2147483647,0.0,0.0,24,4,-65,GSM
1523513486911,121.20931799,31.29002813,14.0,17.0,0.0,-53,true,-1,-1,5,61.0,4000.0,-11.25030517578125,8.9752197265625,47.06878662109375,0.27755898237228394,-0.4334668815135956,-2.7402420043945313,460,1,5198,42517,0,-1,0.0,0.0,0,0,0,,6,460,1,5198,42517,0,2147483647,0.0,0.0,27,4,-59,GSM,460,1,5198,49989,0,2147483647,0.0,0.0,20,4,-73,GSM,460,1,5198,42519,0,2147483647,0.0,0.0,17,4,-79,GSM,460,1,5198,56688,0,2147483647,0.0,0.0,20,4,-73,GSM,460,1,5198,49988,0,2147483647,0.0,0.0,15,4,-83,GSM,460,1,5198,42518,0,2147483647,0.0,0.0,23,4,-67,GSM
1523513489982,121.20940328,31.29012798,16.0,15.0,3.2430234,-59,true,-1,-1,5,61.0,4000.0,-13.16070556640625,7.47528076171875,44.36798095703125,0.03805407136678696,-0.4662828743457794,-2.830626964569092,460,1,5198,42517,0,-1,0.0,0.0,0,0,0,,6,460,1,5198,42517,0,2147483647,0.0,0.0,23,4,-67,GSM,460,1,5198,49989,0,2147483647,0.0,0.0,20,4,-73,GSM,460,1,5198,42519,0,2147483647,0.0,0.0,16,4,-81,GSM,460,1,5198,56688,0,2147483647,0.0,0.0,20,4,-73,GSM,460,1,5198,49988,0,2147483647,0.0,0.0,15,4,-83,GSM,460,1,5198,42518,0,2147483647,0.0,0.0,23,4,-67,GSM
1523513493054,121.2094642,31.29021418,16.0,13.0,3.1326985,-65,true,-1,-1,5,61.0,4000.0,-12.640380859375,8.9752197265625,44.6685791015625,0.07600032538175583,-0.5845774412155151,-2.8115577697753906,460,1,5198,42517,0,-1,0.0,0.0,0,0,0,,6,460,1,5198,42517,0,2147483647,0.0,0.0,23,4,-67,GSM,460,1,5198,49989,0,2147483647,0.0,0.0,19,4,-75,GSM,460,1,5198,42519,0,2147483647,0.0,0.0,15,4,-83,GSM,460,1,5198,56688,0,2147483647,0.0,0.0,21,4,-71,GSM,460,1,5198,49988,0,2147483647,0.0,0.0,14,4,-85,GSM,460,1,5198,42518,0,2147483647,0.0,0.0,22,4,-69,GSM
1523513496111,121.20949779,31.29026555,16.0,12.0,2.72,-65,true,-1,-1,5,61.0,4000.0,-13.16070556640625,11.37542724609375,43.16864013671875,0.029905760660767555,-0.6390198469161987,-2.8217854499816895,460,1,5198,42517,0,-1,0.0,0.0,0,0,0,,6,460,1,5198,42517,0,2147483647,0.0,0.0,22,4,-69,GSM,460,1,5198,49989,0,2147483647,0.0,0.0,19,4,-75,GSM,460,1,5198,42519,0,2147483647,0.0,0.0,15,4,-83,GSM,460,1,5198,56688,0,2147483647,0.0,0.0,22,4,-69,GSM,460,1,5198,49988,0,2147483647,0.0,0.0,14,4,-85,GSM,460,1,5198,42518,0,2147483647,0.0,0.0,21,4,-71,GSM
1523513499182,121.20956916,31.29037743,16.0,22.0,0.0,-69,true,-1,-1,5,61.0,4000.0,-16.619873046875,4.47540283203125,41.36810302734375,-0.032702744007110596,-0.48441600799560547,-2.7777132987976074,460,1,5198,42517,0,-1,0.0,0.0,0,0,0,,6,460,1,5198,42517,0,2147483647,0.0,0.0,20,4,-73,GSM,460,1,5198,49989,0,2147483647,0.0,0.0,19,4,-75,GSM,460,1,5198,42519,0,2147483647,0.0,0.0,13,4,-87,GSM,460,1,5198,56688,0,2147483647,0.0,0.0,22,4,-69,GSM,460,1,5198,49988,0,2147483647,0.0,0.0,15,4,-83,GSM,460,1,5198,42518,0,2147483647,0.0,0.0,21,4,-71,GSM
1523513502237,121.20965003,31.29050096,15.0,20.0,0.0,-69,true,-1,-1,5,61.0,4000.0,-16.790771484375,5.37567138671875,44.6685791015625,-0.13619865477085114,-0.5029826760292053,-2.861499786376953,460,1,5198,56688,0,-1,0.0,0.0,0,0,0,,6,460,1,5198,56688,0,2147483647,0.0,0.0,25,4,-63,GSM,460,1,5198,49989,0,2147483647,0.0,0.0,19,4,-75,GSM,460,1,5198,42519,0,2147483647,0.0,0.0,12,4,-89,GSM,460,1,5198,56688,0,2147483647,0.0,0.0,23,4,-67,GSM,460,1,5198,49988,0,2147483647,0.0,0.0,15,4,-83,GSM,460,1,5198,42518,0,2147483647,0.0,0.0,18,4,-77,GSM
1523513505300,121.20973342,31.29055838,17.0,18.0,0.0,-61,true,-1,-1,5,61.0,4000.0,-21.6400146484375,3.875732421875,41.668701171875,-0.46912074089050293,-0.4331488013267517,-2.9093689918518066,460,1,5198,56688,0,-1,0.0,0.0,0,0,0,,4,460,1,5198,56688,0,2147483647,0.0,0.0,25,4,-63,GSM,460,1,5198,49989,0,2147483647,0.0,0.0,19,4,-75,GSM,460,1,5198,49988,0,2147483647,0.0,0.0,15,4,-83,GSM,460,1,5198,42518,0,2147483647,0.0,0.0,18,4,-77,GSM
1523513508349,121.2098048,31.29066297,17.0,18.0,0.0,-61,true,-1,-1,5,61.0,4000.0,-23.20098876953125,1.1749267578125,40.16876220703125,-0.36098700761795044,-0.5577163100242615,-2.8229825496673584,460,1,5198,56688,0,-1,0.0,0.0,0,0,0,,4,460,1,5198,56688,0,2147483647,0.0,0.0,26,4,-61,GSM,460,1,5198,49989,0,2147483647,0.0,0.0,19,4,-75,GSM,460,1,5198,42518,0,2147483647,0.0,0.0,18,4,-77,GSM,460,1,5198,42517,0,2147483647,0.0,0.0,20,4,-73,GSM
1523513511426,121.20986588,31.29075707,16.0,12.0,3.830013,-61,true,-1,-1,5,61.0,4000.0,-24.07073974609375,2.67486572265625,36.8682861328125,-0.44770270586013794,-0.44069617986679077,-2.7910985946655273,460,1,5198,56688,0,-1,0.0,0.0,0,0,0,,6,460,1,5198,56688,0,2147483647,0.0,0.0,26,4,-61,GSM,460,1,5198,49989,0,2147483647,0.0,0.0,19,4,-75,GSM,460,1,5198,42518,0,2147483647,0.0,0.0,18,4,-77,GSM,460,1,5198,42517,0,2147483647,0.0,0.0,18,4,-77,GSM,460,1,5198,56689,0,2147483647,0.0,0.0,23,4,-67,GSM,0,0,0,-1,0,2147483647,0.0,0.0,19,4,-75,GSM
1523513514487,121.20981041,31.29088987,17.0,10.0,3.4620802,-61,true,-1,-1,5,61.0,4000.0,-27.5299072265625,2.9754638671875,33.868408203125,-0.6199325323104858,-0.40492305159568787,-2.7762598991394043,460,1,5198,56688,0,-1,0.0,0.0,0,0,0,,6,460,1,5198,56688,0,2147483647,0.0,0.0,28,4,-57,GSM,460,1,5198,49989,0,2147483647,0.0,0.0,20,4,-73,GSM,460,1,5198,42518,0,2147483647,0.0,0.0,18,4,-77,GSM,460,1,5198,42517,0,2147483647,0.0,0.0,18,4,-77,GSM,460,1,5198,56689,0,2147483647,0.0,0.0,23,4,-67,GSM,460,1,5198,56687,0,2147483647,0.0,0.0,19,4,-75,GSM
1523513517568,121.20982658,31.29098621,15.0,9.0,3.130016,-57,true,-1,-1,5,61.0,4000.0,-27.880859375,4.7760009765625,33.868408203125,-0.4354167878627777,-0.398345947265625,-2.677337884902954,460,1,5198,56688,0,-1,0.0,0.0,0,0,0,,6,460,1,5198,56688,0,2147483647,0.0,0.0,28,4,-57,GSM,460,1,5198,49989,0,2147483647,0.0,0.0,21,4,-71,GSM,460,1,5198,42518,0,2147483647,0.0,0.0,18,4,-77,GSM,460,1,5198,42517,0,2147483647,0.0,0.0,18,4,-77,GSM,460,1,5198,56689,0,2147483647,0.0,0.0,23,4,-67,GSM,460,1,5198,56687,0,2147483647,0.0,0.0,20,4,-73,GSM
1523513520628,121.20983045,31.29106659,13.0,9.0,3.2405555,-57,true,-1,-1,5,61.0,4000.0,-29.96063232421875,1.776123046875,30.8685302734375,-0.6250526905059814,-0.49347031116485596,-2.725295066833496,460,1,5198,56688,0,-1,0.0,0.0,0,0,0,,6,460,1,5198,56688,0,2147483647,0.0,0.0,27,4,-59,GSM,460,1,5198,49989,0,2147483647,0.0,0.0,21,4,-71,GSM,460,1,5198,42518,0,2147483647,0.0,0.0,17,4,-79,GSM,460,1,5198,42517,0,2147483647,0.0,0.0,17,4,-79,GSM,460,1,5198,56689,0,2147483647,0.0,0.0,22,4,-69,GSM,460,1,5198,56687,0,2147483647,0.0,0.0,19,4,-75,GSM
1523513523700,121.20981819,31.29115757,12.0,9.0,2.9900167,-57,true,-1,-1,5,61.0,4000.0,-31.34002685546875,2.37579345703125,28.46832275390625,-0.522046685218811,-0.4824632406234741,-2.596677780151367,460,1,5198,56688,0,-1,0.0,0.0,0,0,0,,6,460,1,5198,56688,0,2147483647,0.0,0.0,29,4,-55,GSM,460,1,5198,49989,0,2147483647,0.0,0.0,21,4,-71,GSM,460,1,5198,42517,0,2147483647,0.0,0.0,17,4,-79,GSM,460,1,5198,56689,0,2147483647,0.0,0.0,22,4,-69,GSM,460,1,5198,56687,0,2147483647,0.0,0.0,19,4,-75,GSM,0,0,0,-1,0,2147483647,0.0,0.0,17,4,-79,GSM
1523513526753,121.20981781,31.29123951,13.0,10.0,2.76029,-57,true,-1,-1,5,61.0,4000.0,-35.85052490234375,-2.7252197265625,21.2677001953125,-1.0936663150787354,-0.3834417760372162,-2.6375060081481934,460,1,5198,56688,0,-1,0.0,0.0,0,0,0,,5,460,1,5198,56688,0,2147483647,0.0,0.0,26,4,-61,GSM,460,1,5198,49989,0,2147483647,0.0,0.0,21,4,-71,GSM,460,1,5198,56689,0,2147483647,0.0,0.0,22,4,-69,GSM,460,1,5198,56687,0,2147483647,0.0,0.0,19,4,-75,GSM,0,0,0,-1,0,2147483647,0.0,0.0,18,4,-77,GSM
1523513529835,121.20978823,31.29132321,15.0,11.0,3.32,-61,true,-1,-1,5,61.0,4000.0,-26.49078369140625,-30.02471923828125,13.46893310546875,-2.226813554763794,-0.5577556490898132,-2.600849151611328,460,1,5198,56688,0,-1,0.0,0.0,0,0,0,,5,460,1,5198,56688,0,2147483647,0.0,0.0,24,4,-65,GSM,460,1,5198,49989,0,2147483647,0.0,0.0,22,4,-69,GSM,460,1,5198,56689,0,2147483647,0.0,0.0,23,4,-67,GSM,460,1,5198,56687,0,2147483647,0.0,0.0,18,4,-77,GSM,460,1,5198,42517,0,2147483647,0.0,0.0,17,4,-79,GSM
1523513532900,121.20968617,31.29139542,10.0,14.0,3.7812166,-65,true,-1,-1,5,61.0,4000.0,-26.8402099609375,-32.4249267578125,9.2681884765625,-2.3381268978118896,-0.5013540387153625,-2.6333866119384766,460,1,5198,56688,0,-1,0.0,0.0,0,0,0,,5,460,1,5198,56688,0,2147483647,0.0,0.0,24,4,-65,GSM,460,1,5198,49989,0,2147483647,0.0,0.0,22,4,-69,GSM,460,1,5198,56689,0,2147483647,0.0,0.0,24,4,-65,GSM,460,1,5198,56687,0,2147483647,0.0,0.0,18,4,-77,GSM,460,1,5198,42517,0,2147483647,0.0,0.0,19,4,-75,GSM
1523513535957,121.20952797,31.29141256,9.0,16.0,3.7626054,-65,true,-1,-1,5,61.0,4000.0,-25.45013427734375,-35.12420654296875,8.06884765625,-2.4655585289001465,-0.4744695723056793,-2.6053085327148438,460,1,5198,56688,0,-1,0.0,0.0,0,0,0,,6,460,1,5198,56688,0,2147483647,0.0,0.0,22,4,-69,GSM,460,1,5198,49989,0,2147483647,0.0,0.0,21,4,-71,GSM,460,1,5198,56689,0,2147483647,0.0,0.0,24,4,-65,GSM,460,1,5198,56687,0,2147483647,0.0,0.0,18,4,-77,GSM,460,1,5198,42517,0,2147483647,0.0,0.0,19,4,-75,GSM,460,1,5198,42518,0,2147483647,0.0,0.0,16,4,-81,GSM
1523513539046,121.20940323,31.29137877,8.0,17.0,3.673486,-65,true,-1,-1,5,61.0,4000.0,-24.07073974609375,-36.6241455078125,10.467529296875,-2.527515411376953,-0.47345057129859924,-2.65535306930542,460,1,5198,56689,0,-1,0.0,0.0,0,0,0,,6,460,1,5198,56688,0,2147483647,0.0,0.0,20,4,-73,GSM,460,1,5198,49989,0,2147483647,0.0,0.0,20,4,-73,GSM,460,1,5198,56689,0,2147483647,0.0,0.0,24,4,-65,GSM,460,1,5198,56687,0,2147483647,0.0,0.0,17,4,-79,GSM,460,1,5198,42517,0,2147483647,0.0,0.0,19,4,-75,GSM,460,1,5198,42519,0,2147483647,0.0,0.0,15,4,-83,GSM
1523513542103,121.2092931,31.29134536,19.0,19.0,3.3186893,-73,true,-1,-1,5,61.0,4000.0,-22.16033935546875,-37.5244140625,8.96759033203125,-2.624150276184082,-0.42842334508895874,-2.635334014892578,460,1,5198,56689,0,-1,0.0,0.0,0,0,0,,7,460,1,5198,56689,0,2147483647,0.0,0.0,26,4,-61,GSM,460,1,5198,49989,0,2147483647,0.0,0.0,20,4,-73,GSM,460,1,5198,56687,0,2147483647,0.0,0.0,17,4,-79,GSM,460,1,5198,42517,0,2147483647,0.0,0.0,20,4,-73,GSM,460,1,5198,42519,0,2147483647,0.0,0.0,15,4,-83,GSM,460,1,5198,56688,0,2147483647,0.0,0.0,20,4,-73,GSM,460,1,5198,42518,0,2147483647,0.0,0.0,15,4,-83,GSM
1523513545169,121.2092931,31.29134536,19.0,19.0,3.3186893,-59,true,-1,-1,5,61.0,4000.0,-24.2401123046875,-36.02447509765625,8.367919921875,-2.589608907699585,-0.3776884377002716,-2.581265926361084,460,1,5198,56689,0,-1,0.0,0.0,0,0,0,,6,460,1,5198,56689,0,2147483647,0.0,0.0,25,4,-63,GSM,460,1,5198,49989,0,2147483647,0.0,0.0,20,4,-73,GSM,460,1,5198,56687,0,2147483647,0.0,0.0,17,4,-79,GSM,460,1,5198,42517,0,2147483647,0.0,0.0,20,4,-73,GSM,460,1,5198,42519,0,2147483647,0.0,0.0,16,4,-81,GSM,460,1,5198,56688,0,2147483647,0.0,0.0,19,4,-75,GSM
1523513548237,121.20912882,31.29131969,17.0,24.0,3.4824274,-59,true,-1,-1,5,61.0,4000.0,-20.42999267578125,-36.02447509765625,10.76812744140625,-2.654430866241455,-0.45424774289131165,-2.6360063552856445,460,1,5198,56689,0,-1,0.0,0.0,0,0,0,,6,460,1,5198,56689,0,2147483647,0.0,0.0,25,4,-63,GSM,460,1,5198,49989,0,2147483647,0.0,0.0,19,4,-75,GSM,460,1,5198,56687,0,2147483647,0.0,0.0,17,4,-79,GSM,460,1,5198,42517,0,2147483647,0.0,0.0,20,4,-73,GSM,460,1,5198,42519,0,2147483647,0.0,0.0,18,4,-77,GSM,460,1,5198,56688,0,2147483647,0.0,0.0,19,4,-75,GSM
1523513551309,121.20912882,31.29131969,17.0,24.0,3.4824274,-59,true,-1,-1,5,61.0,4000.0,-12.640380859375,-40.5242919921875,17.66815185546875,-3.035830020904541,-0.47329598665237427,-2.64920711517334,460,1,5198,56689,0,-1,0.0,0.0,0,0,0,,6,460,1,5198,56689,0,2147483647,0.0,0.0,26,4,-61,GSM,460,1,5198,49989,0,2147483647,0.0,0.0,19,4,-75,GSM,460,1,5198,56687,0,2147483647,0.0,0.0,18,4,-77,GSM,460,1,5198,42517,0,2147483647,0.0,0.0,22,4,-69,GSM,460,1,5198,42519,0,2147483647,0.0,0.0,18,4,-77,GSM,460,1,5198,56688,0,2147483647,0.0,0.0,19,4,-75,GSM
1523513554376,121.20883017,31.29131044,16.0,30.0,3.6492739,-59,true,-1,-1,5,61.0,4000.0,20.0897216796875,-45.62530517578125,18.56842041015625,2.5198588371276855,-0.49576982855796814,-2.6233842372894287,460,1,5198,56689,0,-1,0.0,0.0,0,0,0,,7,460,1,5198,56689,0,2147483647,0.0,0.0,27,4,-59,GSM,460,1,5198,49989,0,2147483647,0.0,0.0,18,4,-77,GSM,460,1,5198,56687,0,2147483647,0.0,0.0,18,4,-77,GSM,460,1,5198,42517,0,2147483647,0.0,0.0,25,4,-63,GSM,460,1,5198,42519,0,2147483647,0.0,0.0,19,4,-75,GSM,460,1,5198,56688,0,2147483647,0.0,0.0,17,4,-79,GSM,460,1,5198,42518,0,2147483647,0.0,0.0,18,4,-77,GSM
1523513557441,121.20883017,31.29131044,16.0,30.0,3.6492739,-57,true,-1,-1,5,61.0,4000.0,9.34906005859375,-47.72491455078125,25.76751708984375,2.5914225578308105,-0.4526124894618988,-2.5638749599456787,460,1,5198,56689,0,-1,0.0,0.0,0,0,0,,6,460,1,5198,56689,0,2147483647,0.0,0.0,27,4,-59,GSM,460,1,5198,49989,0,2147483647,0.0,0.0,17,4,-79,GSM,460,1,5198,56687,0,2147483647,0.0,0.0,18,4,-77,GSM,460,1,5198,42517,0,2147483647,0.0,0.0,25,4,-63,GSM,460,1,5198,42519,0,2147483647,0.0,0.0,20,4,-73,GSM,460,1,5198,42518,0,2147483647,0.0,0.0,18,4,-77,GSM
1523513560576,121.20860641,31.29124013,17.0,29.0,3.4611704,-57,true,-1,-1,5,61.0,4000.0,11.76910400390625,-47.42431640625,23.36883544921875,2.637300491333008,-0.43121129274368286,-2.7473208904266357,460,1,5198,56689,0,-1,0.0,0.0,0,0,0,,6,460,1,5198,56689,0,2147483647,0.0,0.0,28,4,-57,GSM,460,1,5198,49989,0,2147483647,0.0,0.0,17,4,-79,GSM,460,1,5198,56687,0,2147483647,0.0,0.0,19,4,-75,GSM,460,1,5198,42517,0,2147483647,0.0,0.0,29,4,-55,GSM,460,1,5198,42519,0,2147483647,0.0,0.0,22,4,-69,GSM,460,1,5198,42518,0,2147483647,0.0,0.0,19,4,-75,GSM
1523513563651,121.20860641,31.29124013,17.0,29.0,3.4611704,-57,true,-1,-1,5,61.0,4000.0,9.1796875,-46.5240478515625,23.0682373046875,2.6358182430267334,-0.43246784806251526,-2.585754632949829,460,1,5198,42517,0,-1,0.0,0.0,0,0,0,,6,460,1,5198,56689,0,2147483647,0.0,0.0,26,4,-61,GSM,460,1,5198,49989,0,2147483647,0.0,0.0,16,4,-81,GSM,460,1,5198,56687,0,2147483647,0.0,0.0,21,4,-71,GSM,460,1,5198,42517,0,2147483647,0.0,0.0,31,4,-51,GSM,460,1,5198,42519,0,2147483647,0.0,0.0,23,4,-67,GSM,460,1,5198,42518,0,2147483647,0.0,0.0,19,4,-75,GSM
1523513566690,121.20852461,31.29107536,21.0,33.0,0.0,-59,true,-1,-1,5,61.0,4000.0,4.8492431640625,-45.62530517578125,24.56817626953125,2.704113006591797,-0.40752023458480835,-2.6420998573303223,460,1,5198,42517,0,-1,0.0,0.0,0,0,0,,2,460,1,5198,42517,0,2147483647,0.0,0.0,31,4,-51,GSM,460,1,5198,42518,0,2147483647,0.0,0.0,19,4,-75,GSM
1523513569769,121.20852461,31.29107536,21.0,33.0,0.0,-51,true,-1,-1,5,61.0,4000.0,-0.34027099609375,-45.02410888671875,19.76776123046875,2.8098204135894775,-0.44467347860336304,-2.4952633380889893,460,1,5198,42517,0,-1,0.0,0.0,0,0,0,,3,460,1,5198,42517,0,2147483647,0.0,0.0,31,4,-51,GSM,460,1,5198,42518,0,2147483647,0.0,0.0,19,4,-75,GSM,460,1,5198,42519,0,2147483647,0.0,0.0,23,4,-67,GSM
1523513572837,121.20845702,31.29090439,19.0,34.0,4.7846107,-51,true,-1,-1,5,61.0,4000.0,2.4200439453125,-47.72491455078125,21.56829833984375,2.7828195095062256,-0.4806002974510193,-2.6205451488494873,460,1,5198,42517,0,-1,0.0,0.0,0,0,0,,3,460,1,5198,42517,0,2147483647,0.0,0.0,31,4,-51,GSM,460,1,5198,42518,0,2147483647,0.0,0.0,19,4,-75,GSM,460,1,5198,42519,0,2147483647,0.0,0.0,23,4,-67,GSM
1523513575907,121.20845702,31.29090439,19.0,34.0,4.7846107,-51,true,-1,-1,5,61.0,4000.0,1.739501953125,-46.2249755859375,17.96875,2.8424344062805176,-0.4543013274669647,-2.592740535736084,460,1,5198,42517,0,-1,0.0,0.0,0,0,0,,4,460,1,5198,42517,0,2147483647,0.0,0.0,31,4,-51,GSM,460,1,5198,42518,0,2147483647,0.0,0.0,19,4,-75,GSM,460,1,5198,42519,0,2147483647,0.0,0.0,23,4,-67,GSM,460,1,5198,56688,0,2147483647,0.0,0.0,17,4,-79,GSM
1523513578967,121.20826182,31.29068951,24.0,26.0,0.0,-51,true,-1,-1,5,61.0,4000.0,13.5101318359375,-44.72503662109375,16.76788330078125,2.644179105758667,-0.43810948729515076,-2.573949098587036,460,1,5198,42517,0,-1,0.0,0.0,0,0,0,,4,460,1,5198,42517,0,2147483647,0.0,0.0,31,4,-51,GSM,460,1,5198,42518,0,2147483647,0.0,0.0,19,4,-75,GSM,460,1,5198,42519,0,2147483647,0.0,0.0,23,4,-67,GSM,460,1,5198,56688,0,2147483647,0.0,0.0,17,4,-79,GSM
1523513582040,121.20814153,31.29052835,22.0,16.0,3.3229504,-51,true,-1,-1,5,61.0,4000.0,-1.02996826171875,-46.2249755859375,20.9686279296875,2.8341825008392334,-0.4683568477630615,-2.569375991821289,460,1,5198,42517,0,-1,0.0,0.0,0,0,0,,4,460,1,5198,42517,0,2147483647,0.0,0.0,31,4,-51,GSM,460,1,5198,42518,0,2147483647,0.0,0.0,20,4,-73,GSM,460,1,5198,42519,0,2147483647,0.0,0.0,23,4,-67,GSM,460,1,5198,56688,0,2147483647,0.0,0.0,18,4,-77,GSM
1523513585089,121.20807312,31.29044041,20.0,13.0,0.0,-51,true,-1,-1,5,61.0,4000.0,8.83026123046875,-47.42431640625,23.66790771484375,2.6418135166168213,-0.38355758786201477,-2.502195119857788,460,1,5198,42517,0,-1,0.0,0.0,0,0,0,,4,460,1,5198,42517,0,2147483647,0.0,0.0,29,4,-55,GSM,460,1,5198,42518,0,2147483647,0.0,0.0,20,4,-73,GSM,460,1,5198,42519,0,2147483647,0.0,0.0,23,4,-67,GSM,460,1,5198,56688,0,2147483647,0.0,0.0,19,4,-75,GSM
1523513588175,121.20803966,31.29033442,20.0,13.0,4.1704316,-55,true,-1,-1,5,61.0,4000.0,9.34906005859375,-50.1251220703125,17.96875,2.7245266437530518,-0.49995842576026917,-2.604402780532837,460,1,5198,42517,0,-1,0.0,0.0,0,0,0,,4,460,1,5198,42517,0,2147483647,0.0,0.0,28,4,-57,GSM,460,1,5198,42518,0,2147483647,0.0,0.0,21,4,-71,GSM,460,1,5198,42519,0,2147483647,0.0,0.0,24,4,-65,GSM,460,1,5198,56688,0,2147483647,0.0,0.0,19,4,-75,GSM
1523513591243,121.20797406,31.29021072,21.0,16.0,0.0,-55,true,-1,-1,5,61.0,4000.0,-2.25067138671875,-48.02398681640625,16.46881103515625,2.99094295501709,-0.44575706124305725,-2.665189027786255,460,1,5198,42517,0,-1,0.0,0.0,0,0,0,,4,460,1,5198,42517,0,2147483647,0.0,0.0,27,4,-59,GSM,460,1,5198,42518,0,2147483647,0.0,0.0,21,4,-71,GSM,460,1,5198,42519,0,2147483647,0.0,0.0,23,4,-67,GSM,460,1,5198,56688,0,2147483647,0.0,0.0,18,4,-77,GSM
1523513594465,121.20797406,31.29021072,21.0,16.0,0.0,-55,true,-1,-1,5,61.0,4000.0,2.4200439453125,-49.224853515625,18.56842041015625,2.7839488983154297,-0.7432875633239746,-2.7417893409729004,460,1,5198,42517,0,-1,0.0,0.0,0,0,0,,4,460,1,5198,42517,0,2147483647,0.0,0.0,27,4,-59,GSM,460,1,5198,42518,0,2147483647,0.0,0.0,21,4,-71,GSM,460,1,5198,42519,0,2147483647,0.0,0.0,22,4,-69,GSM,460,1,5198,56688,0,2147483647,0.0,0.0,18,4,-77,GSM
1523513597362,121.20785656,31.29007973,20.0,21.0,0.0,-55,true,-1,-1,5,61.0,4000.0,0.34942626953125,-47.42431640625,22.16796875,2.8419272899627686,-0.45434921979904175,-2.6629717350006104,460,1,5198,42517,0,-1,0.0,0.0,0,0,0,,4,460,1,5198,42517,0,2147483647,0.0,0.0,27,4,-59,GSM,460,1,5198,42518,0,2147483647,0.0,0.0,21,4,-71,GSM,460,1,5198,42519,0,2147483647,0.0,0.0,22,4,-69,GSM,460,1,5198,56688,0,2147483647,0.0,0.0,18,4,-77,GSM
1523513600454,121.20785656,31.29007973,20.0,21.0,0.0,-55,true,-1,-1,5,61.0,4000.0,1.739501953125,-49.52392578125,15.56854248046875,2.935234785079956,-0.5406133532524109,-2.7607836723327637,460,1,5198,42517,0,-1,0.0,0.0,0,0,0,,4,460,1,5198,42517,0,2147483647,0.0,0.0,29,4,-55,GSM,460,1,5198,42518,0,2147483647,0.0,0.0,20,4,-73,GSM,460,1,5198,42519,0,2147483647,0.0,0.0,22,4,-69,GSM,460,1,5198,56688,0,2147483647,0.0,0.0,19,4,-75,GSM
1523513603489,121.20762151,31.28994871,24.0,31.0,3.7513332,-55,true,-1,-1,5,61.0,4000.0,0.1800537109375,-49.52392578125,12.86773681640625,2.9802169799804688,-0.5503540635108948,-2.67950701713562,460,1,5198,42517,0,-1,0.0,0.0,0,0,0,,4,460,1,5198,42517,0,2147483647,0.0,0.0,26,4,-61,GSM,460,1,5198,42518,0,2147483647,0.0,0.0,19,4,-75,GSM,460,1,5198,42519,0,2147483647,0.0,0.0,22,4,-69,GSM,460,1,5198,56688,0,2147483647,0.0,0.0,19,4,-75,GSM
1523513606582,121.20762151,31.28994871,24.0,31.0,3.7513332,-59,true,-1,-1,5,61.0,4000.0,1.21917724609375,-45.62530517578125,16.46881103515625,2.88529109954834,-0.47802430391311646,-2.6432254314422607,460,1,5198,42517,0,-1,0.0,0.0,0,0,0,,5,460,1,5198,42517,0,2147483647,0.0,0.0,26,4,-61,GSM,460,1,5198,42518,0,2147483647,0.0,0.0,19,4,-75,GSM,460,1,5198,42519,0,2147483647,0.0,0.0,22,4,-69,GSM,460,1,5198,56688,0,2147483647,0.0,0.0,19,4,-75,GSM,460,1,5198,42507,0,2147483647,0.0,0.0,18,4,-77,GSM
1523513609629,121.20730335,31.28990184,30.0,28.0,3.67,-59,true,-1,-1,5,61.0,4000.0,1.57012939453125,-47.42431640625,20.068359375,2.781571626663208,-0.589925229549408,-2.620415210723877,460,1,5198,42517,0,-1,0.0,0.0,0,0,0,,5,460,1,5198,42517,0,2147483647,0.0,0.0,24,4,-65,GSM,460,1,5198,42518,0,2147483647,0.0,0.0,19,4,-75,GSM,460,1,5198,42519,0,2147483647,0.0,0.0,23,4,-67,GSM,460,1,5198,56688,0,2147483647,0.0,0.0,19,4,-75,GSM,460,1,5198,42507,0,2147483647,0.0,0.0,18,4,-77,GSM
1523513612707,121.20719577,31.28977694,30.0,15.0,3.4042475,-59,true,-1,-1,5,61.0,4000.0,7.09991455078125,-46.5240478515625,25.46844482421875,2.5763139724731445,-0.4900928735733032,-2.4701762199401855,460,1,5198,42517,0,-1,0.0,0.0,0,0,0,,5,460,1,5198,42517,0,2147483647,0.0,0.0,23,4,-67,GSM,460,1,5198,42518,0,2147483647,0.0,0.0,19,4,-75,GSM,460,1,5198,42519,0,2147483647,0.0,0.0,25,4,-63,GSM,460,1,5198,56688,0,2147483647,0.0,0.0,19,4,-75,GSM,460,1,5198,42507,0,2147483647,0.0,0.0,18,4,-77,GSM
1523513615767,121.20720809,31.28967878,24.0,15.0,3.2681034,-65,true,-1,-1,5,61.0,4000.0,15.93017578125,-39.324951171875,34.7686767578125,2.2252824306488037,-0.4980730712413788,-2.592132329940796,460,1,5198,42517,0,-1,0.0,0.0,0,0,0,,5,460,1,5198,42517,0,2147483647,0.0,0.0,23,4,-67,GSM,460,1,5198,42518,0,2147483647,0.0,0.0,20,4,-73,GSM,460,1,5198,42519,0,2147483647,0.0,0.0,28,4,-57,GSM,460,1,5198,56688,0,2147483647,0.0,0.0,20,4,-73,GSM,460,1,5198,42507,0,2147483647,0.0,0.0,19,4,-75,GSM
1523513618830,121.20727944,31.289523,20.0,24.0,3.1377223,-65,true,-1,-1,5,61.0,4000.0,22.85919189453125,-25.52490234375,51.568603515625,1.8058315515518188,-0.4344438910484314,-2.482295513153076,460,1,5198,42519,0,-1,0.0,0.0,0,0,0,,4,460,1,5198,42519,0,2147483647,0.0,0.0,24,4,-65,GSM,460,1,5198,42518,0,2147483647,0.0,0.0,20,4,-73,GSM,460,1,5198,56688,0,2147483647,0.0,0.0,20,4,-73,GSM,460,1,5198,42507,0,2147483647,0.0,0.0,19,4,-75,GSM
1523513621896,121.2073364,31.28942618,20.0,20.0,3.2200155,-63,true,-1,-1,5,61.0,4000.0,22.34039306640625,-19.82421875,54.8675537109375,1.569667100906372,-0.5647202730178833,-2.5160489082336426,460,1,5198,42519,0,-1,0.0,0.0,0,0,0,,4,460,1,5198,42519,0,2147483647,0.0,0.0,25,4,-63,GSM,460,1,5198,42518,0,2147483647,0.0,0.0,21,4,-71,GSM,460,1,5198,56688,0,2147483647,0.0,0.0,20,4,-73,GSM,460,1,5198,42507,0,2147483647,0.0,0.0,17,4,-79,GSM
1523513624961,121.2073364,31.28942618,20.0,20.0,3.2200155,-63,true,-1,-1,5,61.0,4000.0,25.45928955078125,-9.0240478515625,54.8675537109375,1.4036844968795776,-0.42743614315986633,-2.699921131134033,460,1,5198,42519,0,-1,0.0,0.0,0,0,0,,5,460,1,5198,42519,0,2147483647,0.0,0.0,25,4,-63,GSM,460,1,5198,42518,0,2147483647,0.0,0.0,22,4,-69,GSM,460,1,5198,56688,0,2147483647,0.0,0.0,20,4,-73,GSM,460,1,5198,42507,0,2147483647,0.0,0.0,17,4,-79,GSM,460,1,5198,42517,0,2147483647,0.0,0.0,21,4,-71,GSM
1523513628018,121.20744081,31.28931211,19.0,21.0,0.0,-63,true,-1,-1,5,61.0,4000.0,25.10986328125,-8.42437744140625,52.4688720703125,1.4320988655090332,-0.43733617663383484,-2.634160041809082,460,1,5198,42519,0,-1,0.0,0.0,0,0,0,,5,460,1,5198,42519,0,2147483647,0.0,0.0,24,4,-65,GSM,460,1,5198,42518,0,2147483647,0.0,0.0,22,4,-69,GSM,460,1,5198,56688,0,2147483647,0.0,0.0,18,4,-77,GSM,460,1,5198,42507,0,2147483647,0.0,0.0,17,4,-79,GSM,460,1,5198,42517,0,2147483647,0.0,0.0,21,4,-71,GSM
1523513631093,121.20770675,31.2890518,20.0,22.0,0.0,-65,true,-1,-1,5,61.0,4000.0,21.98944091796875,-9.32464599609375,54.8675537109375,1.4675838947296143,-0.4579427242279053,-2.4990005493164063,460,1,5198,42519,0,-1,0.0,0.0,0,0,0,,5,460,1,5198,42519,0,2147483647,0.0,0.0,23,4,-67,GSM,460,1,5198,42518,0,2147483647,0.0,0.0,24,4,-65,GSM,460,1,5198,56688,0,2147483647,0.0,0.0,17,4,-79,GSM,460,1,5198,42507,0,2147483647,0.0,0.0,16,4,-81,GSM,460,1,5198,42517,0,2147483647,0.0,0.0,21,4,-71,GSM
1523513634167,121.20770675,31.2890518,20.0,22.0,0.0,-65,true,-1,-1,5,61.0,4000.0,22.509765625,-7.82470703125,55.16815185546875,1.4204771518707275,-0.4151511788368225,-2.6001040935516357,460,1,5198,42519,0,-1,0.0,0.0,0,0,0,,7,460,1,5198,42519,0,2147483647,0.0,0.0,23,4,-67,GSM,460,1,5198,42518,0,2147483647,0.0,0.0,25,4,-63,GSM,460,1,5198,56688,0,2147483647,0.0,0.0,16,4,-81,GSM,460,1,5198,42507,0,2147483647,0.0,0.0,15,4,-83,GSM,460,1,5198,42517,0,2147483647,0.0,0.0,19,4,-75,GSM,0,0,0,-1,0,2147483647,0.0,0.0,17,4,-79,GSM,0,0,0,-1,0,2147483647,0.0,0.0,15,4,-83,GSM
1523513637224,121.20781697,31.2889923,21.0,24.0,3.4207163,-65,true,-1,-1,5,61.0,4000.0,22.34039306640625,-11.12518310546875,50.06866455078125,1.542019009590149,-0.47170794010162354,-2.461975336074829,460,1,5198,42519,0,-1,0.0,0.0,0,0,0,,6,460,1,5198,42519,0,2147483647,0.0,0.0,24,4,-65,GSM,460,1,5198,42518,0,2147483647,0.0,0.0,25,4,-63,GSM,460,1,5198,56688,0,2147483647,0.0,0.0,16,4,-81,GSM,460,1,5198,42507,0,2147483647,0.0,0.0,15,4,-83,GSM,460,1,5198,42517,0,2147483647,0.0,0.0,19,4,-75,GSM,460,1,5198,43857,0,2147483647,0.0,0.0,16,4,-81,GSM
1523513640279,121.20781697,31.2889923,21.0,24.0,3.4207163,-65,true,-1,-1,5,61.0,4000.0,24.76043701171875,-12.6251220703125,51.86767578125,1.5012483596801758,-0.43961554765701294,-2.657463312149048,460,1,5198,42518,0,-1,0.0,0.0,0,0,0,,4,460,1,5198,42518,0,2147483647,0.0,0.0,27,4,-59,GSM,460,1,5198,56688,0,2147483647,0.0,0.0,15,4,-83,GSM,460,1,5198,42517,0,2147483647,0.0,0.0,17,4,-79,GSM,460,1,5198,43857,0,2147483647,0.0,0.0,15,4,-83,GSM
1523513643337,121.20804887,31.28888727,21.0,31.0,3.2396605,-57,true,-1,-1,5,61.0,4000.0,23.5504150390625,-11.724853515625,51.568603515625,1.4292566776275635,-0.5324347019195557,-2.617596387863159,460,1,5198,42518,0,-1,0.0,0.0,0,0,0,,7,460,1,5198,42518,0,2147483647,0.0,0.0,30,4,-53,GSM,460,1,5198,56688,0,2147483647,0.0,0.0,15,4,-83,GSM,460,1,5198,42517,0,2147483647,0.0,0.0,17,4,-79,GSM,460,1,5198,43857,0,2147483647,0.0,0.0,15,4,-83,GSM,460,1,5198,42519,0,2147483647,0.0,0.0,23,4,-67,GSM,0,0,0,-1,0,2147483647,0.0,0.0,14,4,-85,GSM,460,1,5198,42507,0,2147483647,0.0,0.0,13,4,-87,GSM
1523513646419,121.20804887,31.28888727,21.0,31.0,3.2396605,-53,true,-1,-1,5,61.0,4000.0,23.21014404296875,-12.02392578125,46.7681884765625,1.4430863857269287,-0.5845792293548584,-2.605898857116699,460,1,5198,42518,0,-1,0.0,0.0,0,0,0,,7,460,1,5198,42518,0,2147483647,0.0,0.0,31,4,-51,GSM,460,1,5198,56688,0,2147483647,0.0,0.0,15,4,-83,GSM,460,1,5198,42517,0,2147483647,0.0,0.0,17,4,-79,GSM,460,1,5198,43857,0,2147483647,0.0,0.0,15,4,-83,GSM,460,1,5198,42519,0,2147483647,0.0,0.0,22,4,-69,GSM,460,1,5198,49989,0,2147483647,0.0,0.0,14,4,-85,GSM,460,1,5198,42507,0,2147483647,0.0,0.0,13,4,-87,GSM
1523513649476,121.2081864,31.28884683,23.0,36.0,0.0,-51,true,-1,-1,5,61.0,4000.0,16.7999267578125,-26.12457275390625,48.26812744140625,1.7912174463272095,-0.47908473014831543,-2.539867639541626,460,1,5198,42518,0,-1,0.0,0.0,0,0,0,,7,460,1,5198,42518,0,2147483647,0.0,0.0,29,4,-55,GSM,460,1,5198,56688,0,2147483647,0.0,0.0,14,4,-85,GSM,460,1,5198,42517,0,2147483647,0.0,0.0,18,4,-77,GSM,460,1,5198,43857,0,2147483647,0.0,0.0,14,4,-85,GSM,460,1,5198,42519,0,2147483647,0.0,0.0,22,4,-69,GSM,460,1,5198,49989,0,2147483647,0.0,0.0,14,4,-85,GSM,460,1,5198,42507,0,2147483647,0.0,0.0,13,4,-87,GSM
1523513652545,121.20827823,31.2887734,22.0,26.0,2.1011662,-51,true,-1,-1,5,61.0,4000.0,21.13037109375,-18.02520751953125,50.96893310546875,1.6719658374786377,-0.3470727205276489,-2.7198119163513184,460,1,5198,42518,0,-1,0.0,0.0,0,0,0,,7,460,1,5198,42518,0,2147483647,0.0,0.0,25,4,-63,GSM,460,1,5198,56688,0,2147483647,0.0,0.0,14,4,-85,GSM,460,1,5198,42517,0,2147483647,0.0,0.0,18,4,-77,GSM,460,1,5198,43857,0,2147483647,0.0,0.0,14,4,-85,GSM,460,1,5198,42519,0,2147483647,0.0,0.0,22,4,-69,GSM,460,1,5198,49989,0,2147483647,0.0,0.0,16,4,-81,GSM,0,0,0,-1,0,2147483647,0.0,0.0,2,0,-109,GSM
1523513655626,121.20828158,31.28878853,22.0,25.0,1.5853392,-61,true,-1,-1,5,61.0,4000.0,10.38970947265625,-20.7244873046875,48.5687255859375,1.3061301708221436,-0.6689760088920593,-2.6983258724212646,460,1,5198,42518,0,-1,0.0,0.0,0,0,0,,7,460,1,5198,42518,0,2147483647,0.0,0.0,28,4,-57,GSM,460,1,5198,56688,0,2147483647,0.0,0.0,14,4,-85,GSM,460,1,5198,42517,0,2147483647,0.0,0.0,18,4,-77,GSM,460,1,5198,43857,0,2147483647,0.0,0.0,13,4,-87,GSM,460,1,5198,42519,0,2147483647,0.0,0.0,21,4,-71,GSM,460,1,5198,49989,0,2147483647,0.0,0.0,16,4,-81,GSM,460,1,5198,42507,0,2147483647,0.0,0.0,13,4,-87,GSM
1523513658695,121.20828158,31.28878853,22.0,25.0,1.5853392,-57,true,-1,-1,5,61.0,4000.0,13.5101318359375,-24.32403564453125,45.56884765625,1.8485959768295288,-0.4069490134716034,-2.5339903831481934,460,1,5198,42518,0,-1,0.0,0.0,0,0,0,,7,460,1,5198,42518,0,2147483647,0.0,0.0,29,4,-55,GSM,460,1,5198,56688,0,2147483647,0.0,0.0,13,4,-87,GSM,460,1,5198,42517,0,2147483647,0.0,0.0,18,4,-77,GSM,460,1,5198,43857,0,2147483647,0.0,0.0,12,4,-89,GSM,460,1,5198,42519,0,2147483647,0.0,0.0,20,4,-73,GSM,460,1,5198,49989,0,2147483647,0.0,0.0,16,4,-81,GSM,460,1,5198,42507,0,2147483647,0.0,0.0,14,4,-85,GSM
1523513661771,121.20832871,31.28877615,23.0,32.0,0.0,-57,true,-1,-1,5,61.0,4000.0,11.07940673828125,-18.6248779296875,52.16827392578125,1.4598091840744019,-0.5151521563529968,-2.6480956077575684,460,1,5198,42518,0,-1,0.0,0.0,0,0,0,,7,460,1,5198,42518,0,2147483647,0.0,0.0,30,4,-53,GSM,460,1,5198,56688,0,2147483647,0.0,0.0,13,4,-87,GSM,460,1,5198,42517,0,2147483647,0.0,0.0,19,4,-75,GSM,460,1,5198,42519,0,2147483647,0.0,0.0,20,4,-73,GSM,460,1,5198,49989,0,2147483647,0.0,0.0,17,4,-79,GSM,460,1,5198,42507,0,2147483647,0.0,0.0,14,4,-85,GSM,460,1,5198,49988,0,2147483647,0.0,0.0,12,4,-89,GSM
1523513664836,121.20832871,31.28877615,23.0,32.0,0.0,-53,true,-1,-1,5,61.0,4000.0,18.359375,-25.52490234375,51.568603515625,1.8172895908355713,-0.3992629945278168,-2.5268335342407227,460,1,5198,42518,0,-1,0.0,0.0,0,0,0,,7,460,1,5198,42518,0,2147483647,0.0,0.0,30,4,-53,GSM,460,1,5198,56688,0,2147483647,0.0,0.0,13,4,-87,GSM,460,1,5198,42517,0,2147483647,0.0,0.0,19,4,-75,GSM,460,1,5198,42519,0,2147483647,0.0,0.0,20,4,-73,GSM,460,1,5198,49989,0,2147483647,0.0,0.0,18,4,-77,GSM,460,1,5198,42507,0,2147483647,0.0,0.0,14,4,-85,GSM,460,1,5198,49988,0,2147483647,0.0,0.0,12,4,-89,GSM
1523513667908,121.20832871,31.28877615,23.0,32.0,0.0,-53,true,-1,-1,5,61.0,4000.0,19.90966796875,-20.7244873046875,51.26800537109375,1.6845765113830566,-0.46021053194999695,-2.5168001651763916,460,1,5198,42518,0,-1,0.0,0.0,0,0,0,,7,460,1,5198,42518,0,2147483647,0.0,0.0,29,4,-55,GSM,460,1,5198,56688,0,2147483647,0.0,0.0,13,4,-87,GSM,460,1,5198,42517,0,2147483647,0.0,0.0,19,4,-75,GSM,460,1,5198,42519,0,2147483647,0.0,0.0,19,4,-75,GSM,460,1,5198,49989,0,2147483647,0.0,0.0,19,4,-75,GSM,460,1,5198,42507,0,2147483647,0.0,0.0,15,4,-83,GSM,460,1,5198,49988,0,2147483647,0.0,0.0,13,4,-87,GSM
1523513670969,121.20851613,31.28870074,27.0,47.0,0.0,-53,true,-1,-1,5,61.0,4000.0,20.25909423828125,-21.02508544921875,51.86767578125,1.678802728652954,-0.47127750515937805,-2.513559103012085,460,1,5198,42518,0,-1,0.0,0.0,0,0,0,,7,460,1,5198,42518,0,2147483647,0.0,0.0,28,4,-57,GSM,460,1,5198,56688,0,2147483647,0.0,0.0,14,4,-85,GSM,460,1,5198,42517,0,2147483647,0.0,0.0,18,4,-77,GSM,460,1,5198,42519,0,2147483647,0.0,0.0,19,4,-75,GSM,460,1,5198,49989,0,2147483647,0.0,0.0,18,4,-77,GSM,460,1,5198,42507,0,2147483647,0.0,0.0,15,4,-83,GSM,460,1,5198,49988,0,2147483647,0.0,0.0,13,4,-87,GSM
1523513674051,121.20851613,31.28870074,27.0,47.0,0.0,-55,true,-1,-1,5,60.0,4000.0,19.219970703125,-16.8243408203125,51.86767578125,1.6104646921157837,-0.4260117709636688,-2.560328245162964,460,1,5198,42518,0,-1,0.0,0.0,0,0,0,,7,460,1,5198,42518,0,2147483647,0.0,0.0,29,4,-55,GSM,460,1,5198,56688,0,2147483647,0.0,0.0,14,4,-85,GSM,460,1,5198,42517,0,2147483647,0.0,0.0,18,4,-77,GSM,460,1,5198,42519,0,2147483647,0.0,0.0,19,4,-75,GSM,460,1,5198,49989,0,2147483647,0.0,0.0,18,4,-77,GSM,460,1,5198,42507,0,2147483647,0.0,0.0,15,4,-83,GSM,460,1,5198,49988,0,2147483647,0.0,0.0,13,4,-87,GSM
1523513677108,121.20851613,31.28870074,27.0,47.0,0.0,-55,true,-1,-1,5,60.0,4000.0,18.00994873046875,-11.724853515625,54.5684814453125,1.484317421913147,-0.4000402092933655,-2.5990583896636963,460,1,5198,42518,0,-1,0.0,0.0,0,0,0,,6,460,1,5198,42518,0,2147483647,0.0,0.0,30,4,-53,GSM,460,1,5198,56688,0,2147483647,0.0,0.0,14,4,-85,GSM,460,1,5198,42517,0,2147483647,0.0,0.0,17,4,-79,GSM,460,1,5198,42519,0,2147483647,0.0,0.0,19,4,-75,GSM,460,1,5198,49989,0,2147483647,0.0,0.0,18,4,-77,GSM,460,1,5198,42507,0,2147483647,0.0,0.0,15,4,-83,GSM
1523513680183,121.20895469,31.28846248,28.0,47.0,0.0,-51,true,-1,-1,5,60.0,4000.0,17.6605224609375,-16.5252685546875,49.76806640625,1.5226353406906128,-0.5429589748382568,-2.547349452972412,460,1,5198,42518,0,-1,0.0,0.0,0,0,0,,6,460,1,5198,42518,0,2147483647,0.0,0.0,30,4,-53,GSM,460,1,5198,56688,0,2147483647,0.0,0.0,13,4,-87,GSM,460,1,5198,42517,0,2147483647,0.0,0.0,17,4,-79,GSM,460,1,5198,42519,0,2147483647,0.0,0.0,17,4,-79,GSM,460,1,5198,49989,0,2147483647,0.0,0.0,18,4,-77,GSM,460,1,5198,42507,0,2147483647,0.0,0.0,14,4,-85,GSM
1523513683454,121.20895469,31.28846248,28.0,47.0,0.0,-51,true,-1,-1,5,60.0,4000.0,19.56939697265625,-18.6248779296875,50.6683349609375,1.522457480430603,-0.6209356188774109,-2.5203802585601807,460,1,5198,42518,0,-1,0.0,0.0,0,0,0,,6,460,1,5198,42518,0,2147483647,0.0,0.0,31,4,-51,GSM,460,1,5198,56688,0,2147483647,0.0,0.0,12,4,-89,GSM,460,1,5198,42517,0,2147483647,0.0,0.0,17,4,-79,GSM,460,1,5198,42519,0,2147483647,0.0,0.0,17,4,-79,GSM,460,1,5198,49989,0,2147483647,0.0,0.0,16,4,-81,GSM,460,1,5198,42507,0,2147483647,0.0,0.0,14,4,-85,GSM
1523513686333,121.20933084,31.28815307,21.0,23.0,0.0,-51,true,-1,-1,5,60.0,4000.0,22.85919189453125,-24.02496337890625,46.16851806640625,1.7024270296096802,-0.5779511332511902,-2.56101131439209,460,1,5198,42518,0,-1,0.0,0.0,0,0,0,,6,460,1,5198,42518,0,2147483647,0.0,0.0,29,4,-55,GSM,460,1,5198,56688,0,2147483647,0.0,0.0,12,4,-89,GSM,460,1,5198,42517,0,2147483647,0.0,0.0,17,4,-79,GSM,460,1,5198,42519,0,2147483647,0.0,0.0,17,4,-79,GSM,460,1,5198,49989,0,2147483647,0.0,0.0,16,4,-81,GSM,460,1,5198,42507,0,2147483647,0.0,0.0,14,4,-85,GSM
1523513689459,121.20933084,31.28815307,21.0,23.0,0.0,-51,true,-1,-1,5,60.0,4000.0,19.74029541015625,-19.82421875,50.96893310546875,1.7331533432006836,-0.40111082792282104,-2.4516422748565674,460,1,5198,42518,0,-1,0.0,0.0,0,0,0,,6,460,1,5198,42518,0,2147483647,0.0,0.0,28,4,-57,GSM,460,1,5198,56688,0,2147483647,0.0,0.0,12,4,-89,GSM,460,1,5198,42517,0,2147483647,0.0,0.0,17,4,-79,GSM,460,1,5198,42519,0,2147483647,0.0,0.0,17,4,-79,GSM,460,1,5198,49989,0,2147483647,0.0,0.0,15,4,-83,GSM,460,1,5198,42507,0,2147483647,0.0,0.0,14,4,-85,GSM
1523513692468,121.20944824,31.28812601,25.0,19.0,0.0,-57,true,-1,-1,5,60.0,4000.0,-24.40948486328125,-37.225341796875,-15.93170166015625,2.452852964401245,-0.41720202565193176,-0.16695360839366913,460,1,5198,42518,0,-1,0.0,0.0,0,0,0,,6,460,1,5198,42518,0,2147483647,0.0,0.0,27,4,-59,GSM,460,1,5198,56688,0,2147483647,0.0,0.0,11,3,-91,GSM,460,1,5198,42517,0,2147483647,0.0,0.0,17,4,-79,GSM,460,1,5198,42519,0,2147483647,0.0,0.0,16,4,-81,GSM,460,1,5198,49989,0,2147483647,0.0,0.0,14,4,-85,GSM,460,1,5198,42507,0,2147483647,0.0,0.0,14,4,-85,GSM
1523513695528,121.20976966,31.28791076,30.0,18.0,3.3603718,-57,true,-1,-1,5,60.0,4000.0,-18.5302734375,-31.524658203125,-29.73175048828125,2.5141899585723877,-0.18721240758895874,-0.0030264751985669136,460,1,5198,42518,0,-1,0.0,0.0,0,0,0,,7,460,1,5198,42518,0,2147483647,0.0,0.0,26,4,-61,GSM,460,1,5198,56688,0,2147483647,0.0,0.0,11,3,-91,GSM,460,1,5198,42517,0,2147483647,0.0,0.0,17,4,-79,GSM,460,1,5198,42519,0,2147483647,0.0,0.0,16,4,-81,GSM,460,1,5198,49989,0,2147483647,0.0,0.0,14,4,-85,GSM,460,1,5198,42507,0,2147483647,0.0,0.0,16,4,-81,GSM,0,0,0,-1,0,2147483647,0.0,0.0,17,4,-79,GSM
1523513698587,121.20987188,31.2878581,31.0,14.0,2.863931,-61,true,-1,-1,5,60.0,4000.0,-15.58074951171875,-32.12432861328125,-27.63214111328125,2.4501419067382813,-0.34338292479515076,0.07864617556333542,460,1,5198,42518,0,-1,0.0,0.0,0,0,0,,7,460,1,5198,42518,0,2147483647,0.0,0.0,26,4,-61,GSM,460,1,5198,56688,0,2147483647,0.0,0.0,11,3,-91,GSM,460,1,5198,42517,0,2147483647,0.0,0.0,17,4,-79,GSM,460,1,5198,42519,0,2147483647,0.0,0.0,15,4,-83,GSM,460,1,5198,49989,0,2147483647,0.0,0.0,14,4,-85,GSM,460,1,5198,42507,0,2147483647,0.0,0.0,16,4,-81,GSM,460,1,5198,1188,0,2147483647,0.0,0.0,19,4,-75,GSM
