IMEI:861374033830412
IMSI:460012796993062
OSVersion:3.10.73-perf-g94fc9a6
apiLevel:5.1.1
model:Redmi Note 3
device:kenzo
product:kenzo
45
1508314686674,121.21308137,31.29185511,15.0,7.0,3.280061,-51,true,-1,-1,5,46.0,4000.0,-60.67962646484375,-163.95111083984375,411.46392822265625,2.874565362930298,-0.1605168879032135,-0.003827441716566682,-2,-2,6188,26051,0,2147483647,0.0,0.0,0,0,0,,7,460,0,6188,26051,0,2147483647,0.0,0.0,31,4,-51,GSM,460,0,6188,27378,0,2147483647,0.0,0.0,21,4,-71,GSM,460,0,6188,27377,0,2147483647,0.0,0.0,23,4,-67,GSM,460,0,6188,26049,0,2147483647,0.0,0.0,28,4,-57,GSM,460,0,6188,27394,0,2147483647,0.0,0.0,22,4,-69,GSM,460,0,6188,26050,0,2147483647,0.0,0.0,19,4,-75,GSM,0,0,0,-1,0,2147483647,0.0,0.0,16,4,-81,GSM
1508314689757,121.2113192,31.28863519,11.0,11.0,2.3925302,-51,true,-1,-1,5,46.0,4000.0,-65.350341796875,-176.55029296875,414.764404296875,0.7582381367683411,0.4841839373111725,0.06942426413297653,-2,-2,6188,26051,0,2147483647,0.0,0.0,0,0,0,,7,460,0,6188,26051,0,2147483647,0.0,0.0,30,4,-53,GSM,460,0,6188,27378,0,2147483647,0.0,0.0,21,4,-71,GSM,460,0,6188,27377,0,2147483647,0.0,0.0,23,4,-67,GSM,460,0,6188,26049,0,2147483647,0.0,0.0,28,4,-57,GSM,460,0,6188,27394,0,2147483647,0.0,0.0,23,4,-67,GSM,460,0,6188,26050,0,2147483647,0.0,0.0,19,4,-75,GSM,460,0,6188,27393,0,2147483647,0.0,0.0,16,4,-81,GSM
1508314693025,121.2113192,31.28863519,11.0,11.0,2.3925302,-51,true,-1,-1,5,46.0,4000.0,-76.4404296875,-167.85125732421875,430.36346435546875,1.3538720607757568,1.0308533906936646,-0.9187003374099731,-2,-2,6188,26051,0,2147483647,0.0,0.0,0,0,0,,7,460,0,6188,26051,0,2147483647,0.0,0.0,31,4,-51,GSM,460,0,6188,27378,0,2147483647,0.0,0.0,22,4,-69,GSM,460,0,6188,27377,0,2147483647,0.0,0.0,24,4,-65,GSM,460,0,6188,26049,0,2147483647,0.0,0.0,30,4,-53,GSM,460,0,6188,27394,0,2147483647,0.0,0.0,23,4,-67,GSM,460,0,6188,26050,0,2147483647,0.0,0.0,19,4,-75,GSM,460,0,6188,27393,0,2147483647,0.0,0.0,16,4,-81,GSM
1508314695909,121.21129618,31.28882803,8.0,11.0,2.2557704,-51,true,-1,-1,5,46.0,4000.0,-80.07965087890625,-171.4508056640625,431.8634033203125,1.5181338787078857,0.9664310216903687,-1.0511155128479004,-2,-2,6188,26051,0,2147483647,0.0,0.0,0,0,0,,7,460,0,6188,26051,0,2147483647,0.0,0.0,31,4,-51,GSM,460,0,6188,27378,0,2147483647,0.0,0.0,21,4,-71,GSM,460,0,6188,27377,0,2147483647,0.0,0.0,25,4,-63,GSM,460,0,6188,26049,0,2147483647,0.0,0.0,31,4,-51,GSM,460,0,6188,27394,0,2147483647,0.0,0.0,23,4,-67,GSM,460,0,6188,26050,0,2147483647,0.0,0.0,19,4,-75,GSM,460,0,6188,27393,0,2147483647,0.0,0.0,17,4,-79,GSM
1508314699184,121.21146038,31.28891967,8.0,14.0,3.9142942,-51,true,-1,-1,5,46.0,4000.0,-76.4404296875,-173.2513427734375,426.16424560546875,1.4446587562561035,0.8658109307289124,-0.8858270645141602,-2,-2,6188,26051,0,2147483647,0.0,0.0,0,0,0,,7,460,0,6188,26051,0,2147483647,0.0,0.0,28,4,-57,GSM,460,0,6188,27378,0,2147483647,0.0,0.0,21,4,-71,GSM,460,0,6188,27377,0,2147483647,0.0,0.0,25,4,-63,GSM,460,0,6188,26049,0,2147483647,0.0,0.0,31,4,-51,GSM,460,0,6188,27394,0,2147483647,0.0,0.0,23,4,-67,GSM,460,0,6188,26050,0,2147483647,0.0,0.0,20,4,-73,GSM,460,0,6188,27393,0,2147483647,0.0,0.0,17,4,-79,GSM
1508314702239,121.21149417,31.28890384,-13.0,8.0,3.4722326,-51,true,-1,-1,5,46.0,4000.0,-80.419921875,-175.6500244140625,431.26373291015625,1.536678433418274,0.8678966760635376,-0.99599289894104,-2,-2,6188,26049,0,2147483647,0.0,0.0,0,0,0,,7,460,0,6188,26049,0,2147483647,0.0,0.0,31,4,-51,GSM,460,0,6188,27378,0,2147483647,0.0,0.0,23,4,-67,GSM,460,0,6188,27377,0,2147483647,0.0,0.0,25,4,-63,GSM,460,0,6188,27394,0,2147483647,0.0,0.0,23,4,-67,GSM,460,0,6188,26050,0,2147483647,0.0,0.0,22,4,-69,GSM,460,0,6188,27393,0,2147483647,0.0,0.0,18,4,-77,GSM,460,0,6188,26051,0,2147483647,0.0,0.0,29,4,-55,GSM
1508314705309,121.2116088,31.28902627,-10.0,6.0,4.546834,-51,true,-1,-1,5,46.0,4000.0,-80.5999755859375,-169.3511962890625,431.5643310546875,1.5007171630859375,0.8997431993484497,-0.9867854118347168,-2,-2,6188,26049,0,2147483647,0.0,0.0,0,0,0,,6,460,0,6188,26049,0,2147483647,0.0,0.0,31,4,-51,GSM,460,0,6188,27378,0,2147483647,0.0,0.0,23,4,-67,GSM,460,0,6188,27377,0,2147483647,0.0,0.0,25,4,-63,GSM,460,0,6188,27394,0,2147483647,0.0,0.0,24,4,-65,GSM,460,0,6188,26050,0,2147483647,0.0,0.0,22,4,-69,GSM,460,0,6188,26051,0,2147483647,0.0,0.0,29,4,-55,GSM
1508314708192,121.2116633,31.28916791,18.0,6.0,3.3521485,-51,true,-1,-1,5,46.0,4000.0,-76.4404296875,-175.05035400390625,425.56304931640625,1.4694167375564575,0.8842027187347412,-0.9270449876785278,-2,-2,6188,26049,0,2147483647,0.0,0.0,0,0,0,,6,460,0,6188,26049,0,2147483647,0.0,0.0,31,4,-51,GSM,460,0,6188,27378,0,2147483647,0.0,0.0,22,4,-69,GSM,460,0,6188,27377,0,2147483647,0.0,0.0,26,4,-61,GSM,460,0,6188,27394,0,2147483647,0.0,0.0,24,4,-65,GSM,460,0,6188,26050,0,2147483647,0.0,0.0,22,4,-69,GSM,460,0,6188,26051,0,2147483647,0.0,0.0,28,4,-57,GSM
1508314711258,121.21163642,31.28926868,-14.0,12.0,3.0583982,-51,true,-1,-1,5,46.0,4000.0,-77.130126953125,-171.15020751953125,431.5643310546875,1.467063307762146,0.8285577297210693,-0.8911702632904053,-2,-2,6188,26049,0,2147483647,0.0,0.0,0,0,0,,6,460,0,6188,26049,0,2147483647,0.0,0.0,31,4,-51,GSM,460,0,6188,27378,0,2147483647,0.0,0.0,23,4,-67,GSM,460,0,6188,27377,0,2147483647,0.0,0.0,26,4,-61,GSM,460,0,6188,27394,0,2147483647,0.0,0.0,24,4,-65,GSM,460,0,6188,26050,0,2147483647,0.0,0.0,21,4,-71,GSM,460,0,6188,26051,0,2147483647,0.0,0.0,25,4,-63,GSM
1508314714527,121.21190202,31.28942716,-13.0,14.0,3.748333,-51,true,-1,-1,5,46.0,4000.0,-77.130126953125,-172.95074462890625,427.36358642578125,1.5150518417358398,0.8168383836746216,-0.9337294101715088,-2,-2,6188,26049,0,2147483647,0.0,0.0,0,0,0,,6,460,0,6188,26049,0,2147483647,0.0,0.0,30,4,-53,GSM,460,0,6188,27378,0,2147483647,0.0,0.0,23,4,-67,GSM,460,0,6188,27377,0,2147483647,0.0,0.0,25,4,-63,GSM,460,0,6188,27394,0,2147483647,0.0,0.0,24,4,-65,GSM,460,0,6188,26050,0,2147483647,0.0,0.0,21,4,-71,GSM,460,0,6188,26051,0,2147483647,0.0,0.0,24,4,-65,GSM
1508314717614,121.21189642,31.28952559,5.0,12.0,3.8298955,-51,true,-1,-1,5,46.0,4000.0,-75.92010498046875,-175.95062255859375,426.46331787109375,1.5233205556869507,0.7814767956733704,-0.9064938426017761,-2,-2,6188,26049,0,2147483647,0.0,0.0,0,0,0,,7,460,0,6188,26049,0,2147483647,0.0,0.0,29,4,-55,GSM,460,0,6188,27378,0,2147483647,0.0,0.0,23,4,-67,GSM,460,0,6188,27377,0,2147483647,0.0,0.0,25,4,-63,GSM,460,0,6188,27394,0,2147483647,0.0,0.0,25,4,-63,GSM,460,0,6188,26050,0,2147483647,0.0,0.0,21,4,-71,GSM,460,0,6188,26051,0,2147483647,0.0,0.0,24,4,-65,GSM,460,0,6188,27393,0,2147483647,0.0,0.0,18,4,-77,GSM
1508314720494,121.21202441,31.28955653,-1.0,7.0,4.335032,-51,true,-1,-1,5,46.0,4000.0,-76.0894775390625,-175.3509521484375,425.56304931640625,1.5110877752304077,0.8217503428459167,-0.9270590543746948,-2,-2,6188,26049,0,2147483647,0.0,0.0,0,0,0,,7,460,0,6188,26049,0,2147483647,0.0,0.0,28,4,-57,GSM,460,0,6188,27378,0,2147483647,0.0,0.0,23,4,-67,GSM,460,0,6188,27377,0,2147483647,0.0,0.0,25,4,-63,GSM,460,0,6188,27394,0,2147483647,0.0,0.0,26,4,-61,GSM,460,0,6188,26050,0,2147483647,0.0,0.0,20,4,-73,GSM,460,0,6188,26051,0,2147483647,0.0,0.0,22,4,-69,GSM,460,0,6188,27393,0,2147483647,0.0,0.0,19,4,-75,GSM
1508314723762,121.21203443,31.28956834,-11.0,12.0,4.677018,-51,true,-1,-1,5,46.0,4000.0,-74.00970458984375,-175.95062255859375,423.7640380859375,1.4749901294708252,0.7773316502571106,-0.8372702598571777,-2,-2,6188,26049,0,2147483647,0.0,0.0,0,0,0,,7,460,0,6188,26049,0,2147483647,0.0,0.0,29,4,-55,GSM,460,0,6188,27378,0,2147483647,0.0,0.0,21,4,-71,GSM,460,0,6188,27377,0,2147483647,0.0,0.0,25,4,-63,GSM,460,0,6188,27394,0,2147483647,0.0,0.0,26,4,-61,GSM,460,0,6188,26050,0,2147483647,0.0,0.0,19,4,-75,GSM,460,0,6188,26051,0,2147483647,0.0,0.0,21,4,-71,GSM,460,0,6188,27393,0,2147483647,0.0,0.0,19,4,-75,GSM
1508314726645,121.21206889,31.28974613,3.0,9.0,2.7543602,-51,true,-1,-1,5,46.0,4000.0,-73.4893798828125,-177.4505615234375,422.86376953125,1.465612769126892,0.8826441168785095,-0.9193558692932129,-2,-2,6188,26049,0,2147483647,0.0,0.0,0,0,0,,7,460,0,6188,26049,0,2147483647,0.0,0.0,29,4,-55,GSM,460,0,6188,27378,0,2147483647,0.0,0.0,21,4,-71,GSM,460,0,6188,27377,0,2147483647,0.0,0.0,25,4,-63,GSM,460,0,6188,27394,0,2147483647,0.0,0.0,26,4,-61,GSM,460,0,6188,26050,0,2147483647,0.0,0.0,17,4,-79,GSM,460,0,6188,26051,0,2147483647,0.0,0.0,20,4,-73,GSM,460,0,6188,27393,0,2147483647,0.0,0.0,19,4,-75,GSM
1508314729718,121.21206889,31.28974613,3.0,9.0,2.7543602,-51,true,-1,-1,5,46.0,4000.0,-78.16925048828125,-176.251220703125,426.16424560546875,1.4763518571853638,0.8012993931770325,-0.8569012880325317,-2,-2,6188,26049,0,2147483647,0.0,0.0,0,0,0,,7,460,0,6188,26049,0,2147483647,0.0,0.0,28,4,-57,GSM,460,0,6188,27378,0,2147483647,0.0,0.0,21,4,-71,GSM,460,0,6188,27377,0,2147483647,0.0,0.0,25,4,-63,GSM,460,0,6188,27394,0,2147483647,0.0,0.0,26,4,-61,GSM,460,0,6188,26050,0,2147483647,0.0,0.0,17,4,-79,GSM,460,0,6188,26051,0,2147483647,0.0,0.0,20,4,-73,GSM,0,0,0,-1,0,2147483647,0.0,0.0,20,4,-73,GSM
1508314732797,121.21225511,31.28991911,4.0,10.0,4.040854,-51,true,-1,-1,5,46.0,4000.0,-74.7100830078125,-175.95062255859375,425.56304931640625,1.4867007732391357,0.7803096771240234,-0.8569813966751099,-2,-2,6188,26049,0,2147483647,0.0,0.0,0,0,0,,7,460,0,6188,26049,0,2147483647,0.0,0.0,27,4,-59,GSM,460,0,6188,27378,0,2147483647,0.0,0.0,21,4,-71,GSM,0,0,0,-1,0,2147483647,0.0,0.0,26,4,-61,GSM,460,0,6188,27394,0,2147483647,0.0,0.0,26,4,-61,GSM,460,0,6188,26050,0,2147483647,0.0,0.0,17,4,-79,GSM,460,0,6188,26051,0,2147483647,0.0,0.0,21,4,-71,GSM,0,0,0,-1,0,2147483647,0.0,0.0,21,4,-71,GSM
1508314735861,121.21230017,31.29003595,8.0,9.0,4.5957046,-51,true,-1,-1,5,46.0,4000.0,-77.47955322265625,-174.75128173828125,429.16412353515625,1.5302433967590332,0.7932626605033875,-0.9305254817008972,-2,-2,6188,26049,0,2147483647,0.0,0.0,0,0,0,,7,460,0,6188,26049,0,2147483647,0.0,0.0,27,4,-59,GSM,460,0,6188,27378,0,2147483647,0.0,0.0,20,4,-73,GSM,460,0,6188,27377,0,2147483647,0.0,0.0,26,4,-61,GSM,460,0,6188,27394,0,2147483647,0.0,0.0,26,4,-61,GSM,460,0,6188,26051,0,2147483647,0.0,0.0,22,4,-69,GSM,0,0,0,-1,0,2147483647,0.0,0.0,21,4,-71,GSM,460,0,6188,27393,0,2147483647,0.0,0.0,19,4,-75,GSM
1508314739129,121.21236901,31.29014887,-7.0,8.0,4.320833,-51,true,-1,-1,5,46.0,4000.0,-75.23040771484375,-178.05023193359375,424.664306640625,1.5273555517196655,0.7975942492485046,-0.9209317564964294,-2,-2,6188,26049,0,2147483647,0.0,0.0,0,0,0,,7,460,0,6188,26049,0,2147483647,0.0,0.0,26,4,-61,GSM,460,0,6188,27378,0,2147483647,0.0,0.0,20,4,-73,GSM,460,0,6188,27377,0,2147483647,0.0,0.0,26,4,-61,GSM,460,0,6188,27394,0,2147483647,0.0,0.0,26,4,-61,GSM,460,0,6188,26051,0,2147483647,0.0,0.0,22,4,-69,GSM,0,0,0,-1,0,2147483647,0.0,0.0,20,4,-73,GSM,460,0,6188,27393,0,2147483647,0.0,0.0,19,4,-75,GSM
1508314742195,121.21245969,31.29008724,7.0,8.0,2.4196901,-51,true,-1,-1,5,46.0,4000.0,-71.94061279296875,-175.3509521484375,423.7640380859375,1.4936914443969727,0.7854897975921631,-0.8763235211372375,-2,-2,6188,26049,0,2147483647,0.0,0.0,0,0,0,,7,460,0,6188,26049,0,2147483647,0.0,0.0,25,4,-63,GSM,460,0,6188,27378,0,2147483647,0.0,0.0,20,4,-73,GSM,460,0,6188,27377,0,2147483647,0.0,0.0,26,4,-61,GSM,460,0,6188,27394,0,2147483647,0.0,0.0,26,4,-61,GSM,460,0,6188,26051,0,2147483647,0.0,0.0,21,4,-71,GSM,0,0,0,-1,0,2147483647,0.0,0.0,20,4,-73,GSM,460,0,6188,27393,0,2147483647,0.0,0.0,19,4,-75,GSM
1508314745280,121.21256733,31.29032138,11.0,9.0,3.4156258,-51,true,-1,-1,5,46.0,4000.0,-68.64013671875,-179.2510986328125,419.26422119140625,1.4319490194320679,0.7672761678695679,-0.7665970325469971,-2,-2,6188,26049,0,2147483647,0.0,0.0,0,0,0,,7,460,0,6188,26049,0,2147483647,0.0,0.0,26,4,-61,GSM,460,0,6188,27378,0,2147483647,0.0,0.0,20,4,-73,GSM,460,0,6188,27377,0,2147483647,0.0,0.0,27,4,-59,GSM,460,0,6188,27394,0,2147483647,0.0,0.0,25,4,-63,GSM,460,0,6188,26051,0,2147483647,0.0,0.0,21,4,-71,GSM,0,0,0,-1,0,2147483647,0.0,0.0,19,4,-75,GSM,460,0,6188,27393,0,2147483647,0.0,0.0,20,4,-73,GSM
1508314748347,121.21268767,31.2904066,8.0,17.0,3.1568341,-51,true,-1,-1,5,46.0,4000.0,-74.18975830078125,-177.4505615234375,426.46331787109375,1.3918228149414063,0.7731753587722778,-0.7262948751449585,-2,-2,6188,27377,0,2147483647,0.0,0.0,0,0,0,,6,460,0,6188,27377,0,2147483647,0.0,0.0,26,4,-61,GSM,460,0,6188,27378,0,2147483647,0.0,0.0,19,4,-75,GSM,460,0,6188,27394,0,2147483647,0.0,0.0,25,4,-63,GSM,460,0,6188,26051,0,2147483647,0.0,0.0,23,4,-67,GSM,0,0,0,-1,0,2147483647,0.0,0.0,19,4,-75,GSM,460,0,6188,27393,0,2147483647,0.0,0.0,20,4,-73,GSM
1508314751229,121.21262258,31.29041801,28.0,9.0,3.2787344,-51,true,-1,-1,5,46.0,4000.0,-72.7996826171875,-178.65142822265625,427.06298828125,1.468197226524353,0.7031974196434021,-0.7429767847061157,-2,-2,6188,27377,0,2147483647,0.0,0.0,0,0,0,,6,460,0,6188,27377,0,2147483647,0.0,0.0,26,4,-61,GSM,460,0,6188,27378,0,2147483647,0.0,0.0,19,4,-75,GSM,460,0,6188,27394,0,2147483647,0.0,0.0,25,4,-63,GSM,460,0,6188,26051,0,2147483647,0.0,0.0,23,4,-67,GSM,460,0,6188,27393,0,2147483647,0.0,0.0,20,4,-73,GSM,460,0,6188,26049,0,2147483647,0.0,0.0,25,4,-63,GSM
1508314754479,121.21271775,31.29055688,28.0,15.0,3.996511,-51,true,-1,-1,5,46.0,4000.0,-72.1099853515625,-178.95050048828125,424.0631103515625,1.4621144533157349,0.7978315353393555,-0.8383122682571411,-2,-2,6188,27377,0,2147483647,0.0,0.0,0,0,0,,7,460,0,6188,27377,0,2147483647,0.0,0.0,26,4,-61,GSM,460,0,6188,27378,0,2147483647,0.0,0.0,19,4,-75,GSM,460,0,6188,27394,0,2147483647,0.0,0.0,24,4,-65,GSM,460,0,6188,26051,0,2147483647,0.0,0.0,23,4,-67,GSM,460,0,6188,27393,0,2147483647,0.0,0.0,21,4,-71,GSM,460,0,6188,26049,0,2147483647,0.0,0.0,25,4,-63,GSM,460,0,6182,41233,0,2147483647,0.0,0.0,18,4,-77,GSM
1508314757364,121.21271775,31.29055688,28.0,15.0,3.996511,-51,true,-1,-1,5,46.0,4000.0,-80.5999755859375,-177.75115966796875,432.763671875,1.538539171218872,0.8094649314880371,-0.9475291967391968,-2,-2,6188,27377,0,2147483647,0.0,0.0,0,0,0,,7,460,0,6188,27377,0,2147483647,0.0,0.0,28,4,-57,GSM,460,0,6188,27378,0,2147483647,0.0,0.0,19,4,-75,GSM,460,0,6188,27394,0,2147483647,0.0,0.0,25,4,-63,GSM,460,0,6188,26051,0,2147483647,0.0,0.0,23,4,-67,GSM,460,0,6188,27393,0,2147483647,0.0,0.0,22,4,-69,GSM,460,0,6188,26049,0,2147483647,0.0,0.0,26,4,-61,GSM,460,0,6182,41233,0,2147483647,0.0,0.0,18,4,-77,GSM
1508314760628,121.21285141,31.29075519,6.0,11.0,3.2616713,-51,true,-1,-1,5,46.0,4000.0,-79.04052734375,-175.05035400390625,431.26373291015625,1.4713611602783203,0.813310980796814,-0.8697009086608887,-2,-2,6188,27377,0,2147483647,0.0,0.0,0,0,0,,7,460,0,6188,27377,0,2147483647,0.0,0.0,30,4,-53,GSM,460,0,6188,27378,0,2147483647,0.0,0.0,19,4,-75,GSM,460,0,6188,27394,0,2147483647,0.0,0.0,25,4,-63,GSM,460,0,6188,26051,0,2147483647,0.0,0.0,24,4,-65,GSM,460,0,6188,27393,0,2147483647,0.0,0.0,24,4,-65,GSM,460,0,6188,26049,0,2147483647,0.0,0.0,26,4,-61,GSM,460,0,6182,41233,0,2147483647,0.0,0.0,18,4,-77,GSM
1508314763488,121.21285141,31.29075519,6.0,11.0,3.2616713,-51,true,-1,-1,5,46.0,4000.0,-76.0894775390625,-176.85089111328125,428.56292724609375,1.4258029460906982,0.7867465019226074,-0.7836154103279114,-2,-2,6188,27377,0,2147483647,0.0,0.0,0,0,0,,7,460,0,6188,27377,0,2147483647,0.0,0.0,28,4,-57,GSM,460,0,6188,27378,0,2147483647,0.0,0.0,20,4,-73,GSM,460,0,6188,27394,0,2147483647,0.0,0.0,26,4,-61,GSM,460,0,6188,26051,0,2147483647,0.0,0.0,24,4,-65,GSM,460,0,6188,27393,0,2147483647,0.0,0.0,24,4,-65,GSM,460,0,6188,26049,0,2147483647,0.0,0.0,26,4,-61,GSM,460,0,6182,41233,0,2147483647,0.0,0.0,19,4,-75,GSM
1508314766776,121.21292131,31.29100066,14.0,10.0,4.3073196,-51,true,-1,-1,5,46.0,4000.0,-72.9705810546875,-178.350830078125,426.763916015625,1.3725999593734741,0.8312336802482605,-0.7649102807044983,-2,-2,6188,27377,0,2147483647,0.0,0.0,0,0,0,,7,460,0,6188,27377,0,2147483647,0.0,0.0,27,4,-59,GSM,460,0,6188,27378,0,2147483647,0.0,0.0,19,4,-75,GSM,460,0,6188,27394,0,2147483647,0.0,0.0,26,4,-61,GSM,460,0,6188,26051,0,2147483647,0.0,0.0,24,4,-65,GSM,460,0,6188,27393,0,2147483647,0.0,0.0,24,4,-65,GSM,460,0,6188,26049,0,2147483647,0.0,0.0,25,4,-63,GSM,460,0,6182,41233,0,2147483647,0.0,0.0,19,4,-75,GSM
1508314769662,121.21292131,31.29100066,14.0,10.0,4.3073196,-51,true,-1,-1,5,46.0,4000.0,-76.78985595703125,-175.05035400390625,430.36346435546875,1.3915497064590454,0.8166959285736084,-0.7769384980201721,-2,-2,6188,27377,0,2147483647,0.0,0.0,0,0,0,,7,460,0,6188,27377,0,2147483647,0.0,0.0,25,4,-63,GSM,460,0,6188,27378,0,2147483647,0.0,0.0,17,4,-79,GSM,460,0,6188,27394,0,2147483647,0.0,0.0,25,4,-63,GSM,460,0,6188,26051,0,2147483647,0.0,0.0,25,4,-63,GSM,460,0,6188,27393,0,2147483647,0.0,0.0,25,4,-63,GSM,460,0,6188,26049,0,2147483647,0.0,0.0,26,4,-61,GSM,460,0,6182,41233,0,2147483647,0.0,0.0,18,4,-77,GSM
1508314772929,121.21297962,31.29106765,26.0,9.0,3.709043,-51,true,-1,-1,5,46.0,4000.0,-78.52020263671875,-176.251220703125,430.963134765625,1.475934386253357,0.8282502293586731,-0.8871980905532837,-2,-2,6188,27377,0,2147483647,0.0,0.0,0,0,0,,6,460,0,6188,27377,0,2147483647,0.0,0.0,25,4,-63,GSM,460,0,6188,27394,0,2147483647,0.0,0.0,26,4,-61,GSM,460,0,6188,26051,0,2147483647,0.0,0.0,26,4,-61,GSM,460,0,6188,27393,0,2147483647,0.0,0.0,24,4,-65,GSM,460,0,6188,26049,0,2147483647,0.0,0.0,25,4,-63,GSM,460,0,6182,41233,0,2147483647,0.0,0.0,18,4,-77,GSM
1508314775993,121.21297962,31.29106765,26.0,9.0,3.709043,-51,true,-1,-1,5,46.0,4000.0,-77.47955322265625,-176.85089111328125,429.16412353515625,1.4361491203308105,0.7696232795715332,-0.7765674591064453,-2,-2,6188,27377,0,2147483647,0.0,0.0,0,0,0,,6,460,0,6188,27377,0,2147483647,0.0,0.0,25,4,-63,GSM,460,0,6188,27394,0,2147483647,0.0,0.0,26,4,-61,GSM,460,0,6188,26051,0,2147483647,0.0,0.0,27,4,-59,GSM,460,0,6188,27393,0,2147483647,0.0,0.0,23,4,-67,GSM,460,0,6188,26049,0,2147483647,0.0,0.0,24,4,-65,GSM,460,0,6182,41233,0,2147483647,0.0,0.0,18,4,-77,GSM
1508314779057,121.21310337,31.2913577,23.0,8.0,3.7595878,-51,true,-1,-1,5,46.0,4000.0,-80.25054931640625,-175.6500244140625,434.564208984375,1.4986063241958618,0.8205822706222534,-0.9120941758155823,-2,-2,6188,26051,0,2147483647,0.0,0.0,0,0,0,,5,460,0,6188,26051,0,2147483647,0.0,0.0,27,4,-59,GSM,460,0,6188,27394,0,2147483647,0.0,0.0,24,4,-65,GSM,460,0,6188,27393,0,2147483647,0.0,0.0,23,4,-67,GSM,460,0,6188,26049,0,2147483647,0.0,0.0,24,4,-65,GSM,460,0,6188,27378,0,2147483647,0.0,0.0,18,4,-77,GSM
1508314782142,121.21303426,31.29144918,9.0,9.0,4.5062733,-51,true,-1,-1,5,46.0,4000.0,-79.20989990234375,-176.55029296875,430.963134765625,1.460322618484497,0.7990168929100037,-0.8375775218009949,-2,-2,6188,26051,0,2147483647,0.0,0.0,0,0,0,,6,460,0,6188,26051,0,2147483647,0.0,0.0,27,4,-59,GSM,460,0,6188,27394,0,2147483647,0.0,0.0,24,4,-65,GSM,460,0,6188,27393,0,2147483647,0.0,0.0,22,4,-69,GSM,460,0,6188,26049,0,2147483647,0.0,0.0,23,4,-67,GSM,460,0,6188,27378,0,2147483647,0.0,0.0,18,4,-77,GSM,460,0,6188,27377,0,2147483647,0.0,0.0,24,4,-65,GSM
1508314785229,121.21310157,31.29148285,8.0,9.0,4.5642633,-51,true,-1,-1,5,46.0,4000.0,-78.8604736328125,-178.05023193359375,430.963134765625,1.4516663551330566,0.822697103023529,-0.84653240442276,-2,-2,6188,26051,0,2147483647,0.0,0.0,0,0,0,,6,460,0,6188,26051,0,2147483647,0.0,0.0,24,4,-65,GSM,460,0,6188,27394,0,2147483647,0.0,0.0,23,4,-67,GSM,460,0,6188,27393,0,2147483647,0.0,0.0,22,4,-69,GSM,460,0,6188,26049,0,2147483647,0.0,0.0,23,4,-67,GSM,460,0,6188,27378,0,2147483647,0.0,0.0,18,4,-77,GSM,460,0,6188,27377,0,2147483647,0.0,0.0,24,4,-65,GSM
1508314788113,121.21319304,31.29165764,24.0,12.0,4.783148,-51,true,-1,-1,5,46.0,4000.0,-77.81982421875,-176.251220703125,430.963134765625,1.3987528085708618,0.7758430242538452,-0.7394388914108276,-2,-2,6188,26051,0,2147483647,0.0,0.0,0,0,0,,7,460,0,6188,26051,0,2147483647,0.0,0.0,24,4,-65,GSM,460,0,6188,27394,0,2147483647,0.0,0.0,22,4,-69,GSM,460,0,6188,27393,0,2147483647,0.0,0.0,22,4,-69,GSM,460,0,6188,26049,0,2147483647,0.0,0.0,23,4,-67,GSM,460,0,6188,27378,0,2147483647,0.0,0.0,18,4,-77,GSM,460,0,6188,27377,0,2147483647,0.0,0.0,23,4,-67,GSM,460,0,6182,44754,0,2147483647,0.0,0.0,18,4,-77,GSM
1508314791356,121.21323172,31.2917348,38.0,4.0,4.057438,-51,true,-1,-1,5,46.0,4000.0,-71.4202880859375,-174.75128173828125,422.86376953125,1.4494470357894897,0.7954432368278503,-0.8297213912010193,-2,-2,6188,26051,0,2147483647,0.0,0.0,0,0,0,,7,460,0,6188,26051,0,2147483647,0.0,0.0,27,4,-59,GSM,460,0,6188,27394,0,2147483647,0.0,0.0,22,4,-69,GSM,460,0,6188,27393,0,2147483647,0.0,0.0,21,4,-71,GSM,460,0,6188,26049,0,2147483647,0.0,0.0,22,4,-69,GSM,460,0,6188,27378,0,2147483647,0.0,0.0,18,4,-77,GSM,460,0,6188,27377,0,2147483647,0.0,0.0,24,4,-65,GSM,460,0,6182,44754,0,2147483647,0.0,0.0,18,4,-77,GSM
1508314794240,121.21337621,31.2918497,8.0,14.0,3.3089273,-51,true,-1,-1,5,46.0,4000.0,-72.27935791015625,-180.75103759765625,421.9635009765625,1.4601556062698364,0.8587937951087952,-0.8866282105445862,-2,-2,6188,26051,0,2147483647,0.0,0.0,0,0,0,,7,460,0,6188,26051,0,2147483647,0.0,0.0,27,4,-59,GSM,460,0,6188,27394,0,2147483647,0.0,0.0,22,4,-69,GSM,460,0,6188,27393,0,2147483647,0.0,0.0,21,4,-71,GSM,460,0,6188,26049,0,2147483647,0.0,0.0,22,4,-69,GSM,460,0,6188,27378,0,2147483647,0.0,0.0,19,4,-75,GSM,460,0,6188,27377,0,2147483647,0.0,0.0,24,4,-65,GSM,460,0,6182,44754,0,2147483647,0.0,0.0,18,4,-77,GSM
1508314797487,121.21320899,31.291815,12.0,14.0,3.555334,-51,true,-1,-1,5,46.0,4000.0,-84.930419921875,-170.85113525390625,446.86431884765625,1.4462884664535522,0.8244038820266724,-0.8645961880683899,-2,-2,6188,26051,0,2147483647,0.0,0.0,0,0,0,,7,460,0,6188,26051,0,2147483647,0.0,0.0,29,4,-55,GSM,460,0,6188,27394,0,2147483647,0.0,0.0,22,4,-69,GSM,460,0,6188,27393,0,2147483647,0.0,0.0,20,4,-73,GSM,460,0,6188,26049,0,2147483647,0.0,0.0,22,4,-69,GSM,460,0,6188,27378,0,2147483647,0.0,0.0,19,4,-75,GSM,460,0,6188,27377,0,2147483647,0.0,0.0,23,4,-67,GSM,460,0,6182,44754,0,2147483647,0.0,0.0,17,4,-79,GSM
1508314800372,121.21320899,31.291815,12.0,14.0,3.555334,-51,true,-1,-1,5,46.0,4000.0,-80.25054931640625,-174.75128173828125,436.962890625,1.4366488456726074,0.8653148412704468,-0.8775498867034912,-2,-2,6188,26051,0,2147483647,0.0,0.0,0,0,0,,7,460,0,6188,26051,0,2147483647,0.0,0.0,31,4,-51,GSM,460,0,6188,27394,0,2147483647,0.0,0.0,21,4,-71,GSM,460,0,6188,27393,0,2147483647,0.0,0.0,20,4,-73,GSM,460,0,6188,26049,0,2147483647,0.0,0.0,22,4,-69,GSM,460,0,6188,27378,0,2147483647,0.0,0.0,19,4,-75,GSM,460,0,6188,27377,0,2147483647,0.0,0.0,24,4,-65,GSM,460,0,6182,44754,0,2147483647,0.0,0.0,18,4,-77,GSM
1508314803434,121.21341983,31.29217495,46.0,19.0,1.9418033,-51,true,-1,-1,5,46.0,4000.0,-80.5999755859375,-174.15008544921875,439.96429443359375,1.4561741352081299,0.8334231376647949,-0.8783469200134277,-2,-2,6188,26051,0,2147483647,0.0,0.0,0,0,0,,7,460,0,6188,26051,0,2147483647,0.0,0.0,27,4,-59,GSM,460,0,6188,27394,0,2147483647,0.0,0.0,21,4,-71,GSM,460,0,6188,27393,0,2147483647,0.0,0.0,20,4,-73,GSM,460,0,6188,26049,0,2147483647,0.0,0.0,22,4,-69,GSM,460,0,6188,27378,0,2147483647,0.0,0.0,19,4,-75,GSM,460,0,6188,27377,0,2147483647,0.0,0.0,25,4,-63,GSM,460,0,6182,44754,0,2147483647,0.0,0.0,18,4,-77,GSM
1508314806700,121.21341983,31.29217495,46.0,19.0,1.9418033,-51,true,-1,-1,5,46.0,4000.0,-84.23004150390625,-171.15020751953125,450.4638671875,1.5259554386138916,0.7873854637145996,-0.9423502683639526,-2,-2,6188,26051,0,2147483647,0.0,0.0,0,0,0,,7,460,0,6188,26051,0,2147483647,0.0,0.0,20,4,-73,GSM,460,0,6188,27394,0,2147483647,0.0,0.0,21,4,-71,GSM,460,0,6188,27393,0,2147483647,0.0,0.0,20,4,-73,GSM,460,0,6188,26049,0,2147483647,0.0,0.0,22,4,-69,GSM,460,0,6188,27378,0,2147483647,0.0,0.0,20,4,-73,GSM,460,0,6188,27377,0,2147483647,0.0,0.0,25,4,-63,GSM,460,0,6182,44754,0,2147483647,0.0,0.0,19,4,-75,GSM
1508314809584,121.21332403,31.29218588,20.0,8.0,1.7140595,-51,true,-1,-1,5,46.0,4000.0,-73.84033203125,-147.7508544921875,473.2635498046875,1.6924132108688354,0.8384284973144531,-1.3016949892044067,-2,-2,6188,27377,0,2147483647,0.0,0.0,0,0,0,,7,460,0,6188,27377,0,2147483647,0.0,0.0,20,4,-73,GSM,460,0,6188,27394,0,2147483647,0.0,0.0,22,4,-69,GSM,460,0,6188,27393,0,2147483647,0.0,0.0,20,4,-73,GSM,460,0,6188,26049,0,2147483647,0.0,0.0,22,4,-69,GSM,460,0,6188,27378,0,2147483647,0.0,0.0,20,4,-73,GSM,460,0,6188,27377,0,2147483647,0.0,0.0,26,4,-61,GSM,460,0,6182,44754,0,2147483647,0.0,0.0,19,4,-75,GSM
1508314812854,121.21346674,31.29227921,-2.0,8.0,4.817178,-51,true,-1,-1,5,46.0,4000.0,-32.4493408203125,-178.05023193359375,502.36358642578125,2.540128469467163,0.5225600004196167,-2.5467615127563477,-2,-2,6188,27377,0,2147483647,0.0,0.0,0,0,0,,6,460,0,6188,27377,0,2147483647,0.0,0.0,27,4,-59,GSM,460,0,6188,27393,0,2147483647,0.0,0.0,20,4,-73,GSM,460,0,6188,26049,0,2147483647,0.0,0.0,22,4,-69,GSM,460,0,6188,27378,0,2147483647,0.0,0.0,20,4,-73,GSM,460,0,6188,26051,0,2147483647,0.0,0.0,21,4,-71,GSM,460,0,6188,27394,0,2147483647,0.0,0.0,22,4,-69,GSM
1508314815735,121.21346674,31.29227921,-2.0,8.0,4.817178,-51,true,-1,-1,5,46.0,4000.0,-74.530029296875,-154.65087890625,441.4642333984375,-0.40997785329818726,1.3822592496871948,0.5448494553565979,-2,-2,6188,27377,0,2147483647,0.0,0.0,0,0,0,,7,460,0,6188,27377,0,2147483647,0.0,0.0,27,4,-59,GSM,460,0,6188,27393,0,2147483647,0.0,0.0,20,4,-73,GSM,460,0,6188,26049,0,2147483647,0.0,0.0,22,4,-69,GSM,460,0,6188,27378,0,2147483647,0.0,0.0,20,4,-73,GSM,460,0,6188,26051,0,2147483647,0.0,0.0,21,4,-71,GSM,460,0,6188,27394,0,2147483647,0.0,0.0,22,4,-69,GSM,0,0,0,-1,0,2147483647,0.0,0.0,24,4,-65,GSM
1508314819002,121.21335012,31.29230384,9.0,11.0,0.51971143,-51,true,-1,-1,5,46.0,4000.0,-74.359130859375,-162.451171875,424.36370849609375,1.666642189025879,0.39469748735427856,-0.5703157782554626,-2,-2,6188,27377,0,2147483647,0.0,0.0,0,0,0,,7,460,0,6188,27377,0,2147483647,0.0,0.0,25,4,-63,GSM,460,0,6188,27393,0,2147483647,0.0,0.0,20,4,-73,GSM,460,0,6188,26049,0,2147483647,0.0,0.0,23,4,-67,GSM,460,0,6188,27378,0,2147483647,0.0,0.0,19,4,-75,GSM,460,0,6188,26051,0,2147483647,0.0,0.0,21,4,-71,GSM,460,0,6188,27394,0,2147483647,0.0,0.0,21,4,-71,GSM,460,0,6182,41233,0,2147483647,0.0,0.0,21,4,-71,GSM
1508314822064,121.21334982,31.29224868,19.0,8.0,0.5249762,-51,true,-1,-1,5,46.0,4000.0,-52.020263671875,-150.45013427734375,419.26422119140625,3.0204696655273438,-0.18783819675445557,0.05813385918736458,-2,-2,6188,27377,0,2147483647,0.0,0.0,0,0,0,,7,460,0,6188,27377,0,2147483647,0.0,0.0,24,4,-65,GSM,460,0,6188,27393,0,2147483647,0.0,0.0,20,4,-73,GSM,460,0,6188,26049,0,2147483647,0.0,0.0,23,4,-67,GSM,460,0,6188,27378,0,2147483647,0.0,0.0,19,4,-75,GSM,460,0,6188,26051,0,2147483647,0.0,0.0,20,4,-73,GSM,460,0,6188,27394,0,2147483647,0.0,0.0,20,4,-73,GSM,460,0,6182,41233,0,2147483647,0.0,0.0,20,4,-73,GSM
