IMEI:862305032225518
IMSI:460091042103139
OSVersion:3.10.73-perf-g94fc9a6
apiLevel:5.1.1
model:Redmi Note 3
device:kenzo
product:kenzo
136
1523514855686,121.20487473,31.29291799,20.0,15.0,0.0,-71,true,-1,-1,5,57.0,4000.0,-25.63018798828125,-5.1239013671875,-46.832275390625,1.1779966354370117,-0.35320407152175903,0.027258438989520073,460,1,5198,49989,0,-1,0.0,0.0,0,0,0,,5,460,1,5198,49989,0,2147483647,0.0,0.0,22,4,-69,GSM,460,1,5198,56687,0,2147483647,0.0,0.0,14,4,-85,GSM,460,1,5198,56689,0,2147483647,0.0,0.0,15,4,-83,GSM,460,1,5198,57368,0,2147483647,0.0,0.0,18,4,-77,GSM,460,1,5198,17029,0,2147483647,0.0,0.0,15,4,-83,GSM
1523514858775,121.20487473,31.29291799,20.0,15.0,0.0,-71,true,-1,-1,5,57.0,4000.0,19.219970703125,-6.6253662109375,56.06842041015625,1.281934380531311,-0.4886362850666046,-2.6440131664276123,460,1,5198,49989,0,-1,0.0,0.0,0,0,0,,6,460,1,5198,49989,0,2147483647,0.0,0.0,21,4,-71,GSM,460,1,5198,56687,0,2147483647,0.0,0.0,14,4,-85,GSM,460,1,5198,56689,0,2147483647,0.0,0.0,14,4,-85,GSM,460,1,5198,57368,0,2147483647,0.0,0.0,18,4,-77,GSM,460,1,5198,17029,0,2147483647,0.0,0.0,13,4,-87,GSM,460,1,5198,51498,0,2147483647,0.0,0.0,13,4,-87,GSM
1523514861832,121.20495988,31.29290869,13.0,14.0,1.2809762,-69,true,-1,-1,5,57.0,4000.0,19.049072265625,-13.22479248046875,53.96881103515625,1.3343415260314941,-0.621349036693573,-2.6053879261016846,460,1,5198,49989,0,-1,0.0,0.0,0,0,0,,6,460,1,5198,49989,0,2147483647,0.0,0.0,21,4,-71,GSM,460,1,5198,56687,0,2147483647,0.0,0.0,14,4,-85,GSM,460,1,5198,56689,0,2147483647,0.0,0.0,14,4,-85,GSM,460,1,5198,57368,0,2147483647,0.0,0.0,17,4,-79,GSM,460,1,5198,17029,0,2147483647,0.0,0.0,13,4,-87,GSM,460,1,5198,51498,0,2147483647,0.0,0.0,11,3,-91,GSM
1523514864898,121.20506672,31.29291152,21.0,13.0,2.100095,-69,true,-1,-1,5,57.0,4000.0,11.76910400390625,-10.52398681640625,56.96868896484375,1.480729103088379,-0.37002986669540405,-2.488802671432495,460,1,5198,49989,0,-1,0.0,0.0,0,0,0,,7,460,1,5198,49989,0,2147483647,0.0,0.0,22,4,-69,GSM,460,1,5198,56687,0,2147483647,0.0,0.0,15,4,-83,GSM,460,1,5198,56689,0,2147483647,0.0,0.0,14,4,-85,GSM,460,1,5198,57368,0,2147483647,0.0,0.0,17,4,-79,GSM,460,1,5198,17029,0,2147483647,0.0,0.0,13,4,-87,GSM,460,1,5198,51498,0,2147483647,0.0,0.0,11,3,-91,GSM,460,1,5198,57367,0,2147483647,0.0,0.0,11,3,-91,GSM
1523514867947,121.20514992,31.29293277,20.0,12.0,2.1914608,-69,true,-1,-1,5,57.0,4000.0,13.85040283203125,-14.12506103515625,51.568603515625,1.4178742170333862,-0.5490797758102417,-2.547900676727295,460,1,5198,49989,0,-1,0.0,0.0,0,0,0,,6,460,1,5198,49989,0,2147483647,0.0,0.0,23,4,-67,GSM,460,1,5198,56687,0,2147483647,0.0,0.0,15,4,-83,GSM,460,1,5198,56689,0,2147483647,0.0,0.0,13,4,-87,GSM,460,1,5198,57368,0,2147483647,0.0,0.0,17,4,-79,GSM,460,1,5198,17029,0,2147483647,0.0,0.0,13,4,-87,GSM,460,1,5198,57367,0,2147483647,0.0,0.0,11,3,-91,GSM
1523514871046,121.20520398,31.29291591,17.0,9.0,2.2350392,-69,true,-1,-1,5,57.0,4000.0,13.5101318359375,-18.9239501953125,52.16827392578125,1.6463418006896973,-0.419963538646698,-2.5245559215545654,460,1,5198,49989,0,-1,0.0,0.0,0,0,0,,6,460,1,5198,49989,0,2147483647,0.0,0.0,21,4,-71,GSM,460,1,5198,56687,0,2147483647,0.0,0.0,15,4,-83,GSM,460,1,5198,56689,0,2147483647,0.0,0.0,14,4,-85,GSM,460,1,5198,57368,0,2147483647,0.0,0.0,17,4,-79,GSM,460,1,5198,17029,0,2147483647,0.0,0.0,13,4,-87,GSM,460,1,5198,57367,0,2147483647,0.0,0.0,11,3,-91,GSM
1523514874105,121.20526921,31.29289266,22.0,12.0,1.830246,-69,true,-1,-1,5,57.0,4000.0,16.27960205078125,-33.02459716796875,55.16815185546875,1.8438916206359863,-0.5178641676902771,-2.412585496902466,460,1,5198,49989,0,-1,0.0,0.0,0,0,0,,6,460,1,5198,49989,0,2147483647,0.0,0.0,25,4,-63,GSM,460,1,5198,56687,0,2147483647,0.0,0.0,15,4,-83,GSM,460,1,5198,56689,0,2147483647,0.0,0.0,14,4,-85,GSM,460,1,5198,57368,0,2147483647,0.0,0.0,17,4,-79,GSM,460,1,5198,17029,0,2147483647,0.0,0.0,13,4,-87,GSM,460,1,5198,57367,0,2147483647,0.0,0.0,10,3,-93,GSM
1523514877175,121.20529276,31.29283854,22.0,10.0,1.8900265,-69,true,-1,-1,5,57.0,4000.0,-12.98065185546875,-42.92449951171875,5.0689697265625,-2.9517171382904053,-0.47788968682289124,-2.4060404300689697,460,1,5198,49989,0,-1,0.0,0.0,0,0,0,,6,460,1,5198,49989,0,2147483647,0.0,0.0,27,4,-59,GSM,460,1,5198,56687,0,2147483647,0.0,0.0,15,4,-83,GSM,460,1,5198,56689,0,2147483647,0.0,0.0,15,4,-83,GSM,460,1,5198,57368,0,2147483647,0.0,0.0,16,4,-81,GSM,460,1,5198,17029,0,2147483647,0.0,0.0,13,4,-87,GSM,460,1,5198,42517,0,2147483647,0.0,0.0,10,3,-93,GSM
1523514880234,121.20524044,31.29278321,21.0,10.0,2.8385382,-57,true,-1,-1,5,57.0,4000.0,-14.72015380859375,-47.42431640625,9.2681884765625,-2.8893516063690186,-0.5452672243118286,-2.6376821994781494,460,1,5198,49989,0,-1,0.0,0.0,0,0,0,,6,460,1,5198,49989,0,2147483647,0.0,0.0,28,4,-57,GSM,460,1,5198,56687,0,2147483647,0.0,0.0,15,4,-83,GSM,460,1,5198,56689,0,2147483647,0.0,0.0,16,4,-81,GSM,460,1,5198,57368,0,2147483647,0.0,0.0,16,4,-81,GSM,460,1,5198,17029,0,2147483647,0.0,0.0,13,4,-87,GSM,0,0,0,-1,0,2147483647,0.0,0.0,10,3,-93,GSM
1523514883298,121.20515527,31.29273254,18.0,14.0,2.770451,-57,true,-1,-1,5,57.0,4000.0,-14.1998291015625,-46.82464599609375,10.16845703125,-2.934314489364624,-0.5304806232452393,-2.591003656387329,460,1,5198,49989,0,-1,0.0,0.0,0,0,0,,6,460,1,5198,49989,0,2147483647,0.0,0.0,28,4,-57,GSM,460,1,5198,56687,0,2147483647,0.0,0.0,15,4,-83,GSM,460,1,5198,56689,0,2147483647,0.0,0.0,16,4,-81,GSM,460,1,5198,57368,0,2147483647,0.0,0.0,16,4,-81,GSM,460,1,5198,17029,0,2147483647,0.0,0.0,13,4,-87,GSM,0,0,0,-1,0,2147483647,0.0,0.0,10,3,-93,GSM
1523514886454,121.20515527,31.29273254,18.0,14.0,2.770451,-57,true,-1,-1,5,57.0,4000.0,-17.82989501953125,-47.125244140625,8.66851806640625,-2.8325541019439697,-0.5522960424423218,-2.548215627670288,460,1,5198,49989,0,-1,0.0,0.0,0,0,0,,6,460,1,5198,49989,0,2147483647,0.0,0.0,29,4,-55,GSM,460,1,5198,56687,0,2147483647,0.0,0.0,15,4,-83,GSM,460,1,5198,56689,0,2147483647,0.0,0.0,16,4,-81,GSM,460,1,5198,57368,0,2147483647,0.0,0.0,16,4,-81,GSM,460,1,5198,17029,0,2147483647,0.0,0.0,13,4,-87,GSM,0,0,0,-1,0,2147483647,0.0,0.0,11,3,-91,GSM
1523514889444,121.20508618,31.29261884,19.0,14.0,3.8700128,-57,true,-1,-1,5,57.0,4000.0,-17.3095703125,-48.92425537109375,10.16845703125,-2.9513347148895264,-0.39554452896118164,-2.4744796752929688,460,1,5198,49989,0,-1,0.0,0.0,0,0,0,,6,460,1,5198,49989,0,2147483647,0.0,0.0,25,4,-63,GSM,460,1,5198,56687,0,2147483647,0.0,0.0,15,4,-83,GSM,460,1,5198,56689,0,2147483647,0.0,0.0,16,4,-81,GSM,460,1,5198,57368,0,2147483647,0.0,0.0,16,4,-81,GSM,460,1,5198,17029,0,2147483647,0.0,0.0,13,4,-87,GSM,0,0,0,-1,0,2147483647,0.0,0.0,11,3,-91,GSM
1523514892506,121.20507087,31.29236385,18.0,15.0,3.7526124,-57,true,-1,-1,5,57.0,4000.0,-10.72998046875,-51.62506103515625,14.36767578125,-3.120025634765625,-0.3722999095916748,-2.5501627922058105,460,1,5198,49989,0,-1,0.0,0.0,0,0,0,,6,460,1,5198,49989,0,2147483647,0.0,0.0,24,4,-65,GSM,460,1,5198,56687,0,2147483647,0.0,0.0,14,4,-85,GSM,460,1,5198,56689,0,2147483647,0.0,0.0,15,4,-83,GSM,460,1,5198,57368,0,2147483647,0.0,0.0,17,4,-79,GSM,460,1,5198,17029,0,2147483647,0.0,0.0,13,4,-87,GSM,0,0,0,-1,0,2147483647,0.0,0.0,11,3,-91,GSM
1523514895585,121.20500844,31.29230118,16.0,15.0,3.3393712,-63,true,-1,-1,5,57.0,4000.0,-9.1705322265625,-47.72491455078125,12.26806640625,-3.1153945922851563,-0.4904544949531555,-2.5594232082366943,460,1,5198,49989,0,-1,0.0,0.0,0,0,0,,6,460,1,5198,49989,0,2147483647,0.0,0.0,24,4,-65,GSM,460,1,5198,56687,0,2147483647,0.0,0.0,13,4,-87,GSM,460,1,5198,56689,0,2147483647,0.0,0.0,15,4,-83,GSM,460,1,5198,57368,0,2147483647,0.0,0.0,16,4,-81,GSM,460,1,5198,17029,0,2147483647,0.0,0.0,13,4,-87,GSM,0,0,0,-1,0,2147483647,0.0,0.0,11,3,-91,GSM
1523514898644,121.20489525,31.2922778,15.0,14.0,3.171577,-63,true,-1,-1,5,57.0,4000.0,-12.640380859375,-47.125244140625,11.0687255859375,-3.0290839672088623,-0.5388473868370056,-2.5070831775665283,460,1,5198,49989,0,-1,0.0,0.0,0,0,0,,6,460,1,5198,49989,0,2147483647,0.0,0.0,24,4,-65,GSM,460,1,5198,56687,0,2147483647,0.0,0.0,13,4,-87,GSM,460,1,5198,56689,0,2147483647,0.0,0.0,15,4,-83,GSM,460,1,5198,57368,0,2147483647,0.0,0.0,16,4,-81,GSM,460,1,5198,17029,0,2147483647,0.0,0.0,13,4,-87,GSM,0,0,0,-1,0,2147483647,0.0,0.0,11,3,-91,GSM
1523514901723,121.20482102,31.29220337,15.0,13.0,3.4702306,-65,true,-1,-1,5,57.0,4000.0,-8.83026123046875,-48.3245849609375,11.66839599609375,-3.1133439540863037,-0.602523922920227,-2.554711103439331,460,1,5198,49989,0,-1,0.0,0.0,0,0,0,,5,460,1,5198,49989,0,2147483647,0.0,0.0,22,4,-69,GSM,460,1,5198,56687,0,2147483647,0.0,0.0,12,4,-89,GSM,460,1,5198,56689,0,2147483647,0.0,0.0,13,4,-87,GSM,460,1,5198,57368,0,2147483647,0.0,0.0,17,4,-79,GSM,460,1,5198,17029,0,2147483647,0.0,0.0,13,4,-87,GSM
1523514904798,121.20472402,31.29212055,13.0,15.0,3.7010944,-65,true,-1,-1,5,57.0,4000.0,-3.460693359375,-47.72491455078125,17.3675537109375,2.9496686458587646,-0.4171392023563385,-2.5259013175964355,460,1,5198,49989,0,-1,0.0,0.0,0,0,0,,6,460,1,5198,49989,0,2147483647,0.0,0.0,20,4,-73,GSM,460,1,5198,56687,0,2147483647,0.0,0.0,11,3,-91,GSM,460,1,5198,56689,0,2147483647,0.0,0.0,13,4,-87,GSM,460,1,5198,57368,0,2147483647,0.0,0.0,16,4,-81,GSM,460,1,5198,17029,0,2147483647,0.0,0.0,13,4,-87,GSM,0,0,0,-1,0,2147483647,0.0,0.0,11,3,-91,GSM
1523514907880,121.20457754,31.29203759,14.0,12.0,3.9018457,-71,true,-1,-1,5,57.0,4000.0,-5.36041259765625,-48.92425537109375,12.86773681640625,3.0547916889190674,-0.5009039044380188,-2.517676830291748,460,1,5198,49989,0,-1,0.0,0.0,0,0,0,,5,460,1,5198,49989,0,2147483647,0.0,0.0,20,4,-73,GSM,460,1,5198,56687,0,2147483647,0.0,0.0,11,3,-91,GSM,460,1,5198,56689,0,2147483647,0.0,0.0,13,4,-87,GSM,460,1,5198,57368,0,2147483647,0.0,0.0,16,4,-81,GSM,460,1,5198,17029,0,2147483647,0.0,0.0,12,4,-89,GSM
1523514910947,121.2045082,31.29200175,12.0,12.0,4.0701966,-71,true,-1,-1,5,57.0,4000.0,-6.91986083984375,-44.72503662109375,13.76800537109375,3.095921754837036,-0.4893491566181183,-2.580017328262329,460,1,5198,49989,0,-1,0.0,0.0,0,0,0,,5,460,1,5198,49989,0,2147483647,0.0,0.0,19,4,-75,GSM,460,1,5198,56687,0,2147483647,0.0,0.0,11,3,-91,GSM,460,1,5198,56689,0,2147483647,0.0,0.0,14,4,-85,GSM,460,1,5198,57368,0,2147483647,0.0,0.0,16,4,-81,GSM,460,1,5198,17029,0,2147483647,0.0,0.0,12,4,-89,GSM
1523514914017,121.20440939,31.29194822,11.0,13.0,3.1505716,-71,true,-1,-1,5,57.0,4000.0,1.739501953125,-45.62530517578125,23.968505859375,2.7373836040496826,-0.3650488257408142,-2.5176286697387695,460,1,5198,49989,0,-1,0.0,0.0,0,0,0,,5,460,1,5198,49989,0,2147483647,0.0,0.0,20,4,-73,GSM,460,1,5198,56687,0,2147483647,0.0,0.0,10,3,-93,GSM,460,1,5198,56689,0,2147483647,0.0,0.0,15,4,-83,GSM,460,1,5198,57368,0,2147483647,0.0,0.0,15,4,-83,GSM,460,1,5198,17029,0,2147483647,0.0,0.0,12,4,-89,GSM
1523514917098,121.20434031,31.29190911,10.0,11.0,2.760018,-75,true,-1,-1,5,57.0,4000.0,-10.040283203125,-40.2252197265625,-12.6312255859375,2.809396505355835,-0.6412687301635742,-0.13423369824886322,460,1,5198,49989,0,-1,0.0,0.0,0,0,0,,5,460,1,5198,49989,0,2147483647,0.0,0.0,16,4,-81,GSM,460,1,5198,56687,0,2147483647,0.0,0.0,11,3,-91,GSM,460,1,5198,56689,0,2147483647,0.0,0.0,15,4,-83,GSM,460,1,5198,57368,0,2147483647,0.0,0.0,16,4,-81,GSM,460,1,5198,17029,0,2147483647,0.0,0.0,13,4,-87,GSM
1523514920184,121.20434531,31.29187136,14.0,13.0,1.6607528,-83,true,-1,-1,5,57.0,4000.0,14.8895263671875,-29.72412109375,47.967529296875,1.9593125581741333,-0.38088974356651306,-2.4959723949432373,460,1,5198,49989,0,-1,0.0,0.0,0,0,0,,5,460,1,5198,49989,0,2147483647,0.0,0.0,14,4,-85,GSM,460,1,5198,56687,0,2147483647,0.0,0.0,11,3,-91,GSM,460,1,5198,56689,0,2147483647,0.0,0.0,14,4,-85,GSM,460,1,5198,57368,0,2147483647,0.0,0.0,16,4,-81,GSM,460,1,5198,17029,0,2147483647,0.0,0.0,14,4,-85,GSM
1523514923244,121.20437026,31.29185432,13.0,12.0,3.431443,-85,true,-1,-1,5,57.0,4000.0,20.7794189453125,-27.62451171875,43.16864013671875,1.8350753784179688,-0.5426645278930664,-2.546867609024048,460,1,5198,49989,0,-1,0.0,0.0,0,0,0,,5,460,1,5198,49989,0,2147483647,0.0,0.0,13,4,-87,GSM,460,1,5198,56687,0,2147483647,0.0,0.0,12,4,-89,GSM,460,1,5198,56689,0,2147483647,0.0,0.0,15,4,-83,GSM,460,1,5198,57368,0,2147483647,0.0,0.0,15,4,-83,GSM,460,1,5198,17029,0,2147483647,0.0,0.0,14,4,-85,GSM
1523514926325,121.20441626,31.29181252,13.0,10.0,3.5720162,-85,true,-1,-1,5,57.0,4000.0,18.1793212890625,-22.8240966796875,48.26812744140625,1.8026106357574463,-0.4073725640773773,-2.4716079235076904,460,1,5198,57368,0,-1,0.0,0.0,0,0,0,,6,460,1,5198,57368,0,2147483647,0.0,0.0,18,4,-77,GSM,460,1,5198,56687,0,2147483647,0.0,0.0,12,4,-89,GSM,460,1,5198,56689,0,2147483647,0.0,0.0,15,4,-83,GSM,460,1,5198,57368,0,2147483647,0.0,0.0,15,4,-83,GSM,460,1,5198,17029,0,2147483647,0.0,0.0,13,4,-87,GSM,460,1,5198,51498,0,2147483647,0.0,0.0,11,3,-91,GSM
1523514929399,121.20452975,31.29171415,16.0,12.0,4.1901073,-75,true,-1,-1,5,57.0,4000.0,18.00994873046875,-30.02471923828125,46.7681884765625,1.8289070129394531,-0.5713201761245728,-2.47688627243042,460,1,5198,57368,0,-1,0.0,0.0,0,0,0,,4,460,1,5198,57368,0,2147483647,0.0,0.0,18,4,-77,GSM,460,1,5198,56687,0,2147483647,0.0,0.0,11,3,-91,GSM,460,1,5198,17029,0,2147483647,0.0,0.0,13,4,-87,GSM,0,0,0,-1,0,2147483647,0.0,0.0,14,4,-85,GSM
1523514932480,121.2046007,31.29164602,15.0,9.0,4.060603,-75,true,-1,-1,5,57.0,4000.0,18.69964599609375,-26.12457275390625,46.16851806640625,1.727657675743103,-0.5890454649925232,-2.5338315963745117,460,1,5198,57368,0,-1,0.0,0.0,0,0,0,,6,460,1,5198,57368,0,2147483647,0.0,0.0,19,4,-75,GSM,460,1,5198,17029,0,2147483647,0.0,0.0,13,4,-87,GSM,0,0,0,-1,0,2147483647,0.0,0.0,13,4,-87,GSM,460,1,5198,56689,0,2147483647,0.0,0.0,15,4,-83,GSM,0,0,0,-1,0,2147483647,0.0,0.0,12,4,-89,GSM,0,0,0,-1,0,2147483647,0.0,0.0,11,3,-91,GSM
1523514935550,121.20468459,31.29157691,16.0,9.0,3.4306414,-75,true,-1,-1,5,57.0,4000.0,21.4691162109375,-28.8238525390625,45.56884765625,1.7600003480911255,-0.6530758142471313,-2.5000312328338623,460,1,5198,57368,0,-1,0.0,0.0,0,0,0,,6,460,1,5198,57368,0,2147483647,0.0,0.0,17,4,-79,GSM,460,1,5198,17029,0,2147483647,0.0,0.0,12,4,-89,GSM,460,1,5198,56689,0,2147483647,0.0,0.0,16,4,-81,GSM,0,0,0,-1,0,2147483647,0.0,0.0,13,4,-87,GSM,0,0,0,-1,0,2147483647,0.0,0.0,11,3,-91,GSM,0,0,0,-1,0,2147483647,0.0,0.0,11,3,-91,GSM
1523514938619,121.20471916,31.29153741,17.0,9.0,3.8147345,-75,true,-1,-1,5,57.0,4000.0,18.5302734375,-29.425048828125,48.26812744140625,1.7828670740127563,-0.5960927605628967,-2.471040964126587,460,1,5198,57368,0,-1,0.0,0.0,0,0,0,,6,460,1,5198,57368,0,2147483647,0.0,0.0,16,4,-81,GSM,460,1,5198,17029,0,2147483647,0.0,0.0,11,3,-91,GSM,460,1,5198,56689,0,2147483647,0.0,0.0,17,4,-79,GSM,0,0,0,-1,0,2147483647,0.0,0.0,14,4,-85,GSM,0,0,0,-1,0,2147483647,0.0,0.0,11,3,-91,GSM,0,0,0,-1,0,2147483647,0.0,0.0,11,3,-91,GSM
1523514941673,121.20482131,31.29141909,18.0,11.0,3.6701229,-75,true,-1,-1,5,57.0,4000.0,30.83038330078125,-8.7249755859375,63.568115234375,1.5179954767227173,-0.27201464772224426,-2.665999174118042,460,1,5198,57368,0,-1,0.0,0.0,0,0,0,,6,460,1,5198,57368,0,2147483647,0.0,0.0,16,4,-81,GSM,460,1,5198,17029,0,2147483647,0.0,0.0,11,3,-91,GSM,460,1,5198,56689,0,2147483647,0.0,0.0,17,4,-79,GSM,0,0,0,-1,0,2147483647,0.0,0.0,15,4,-83,GSM,0,0,0,-1,0,2147483647,0.0,0.0,11,3,-91,GSM,0,0,0,-1,0,2147483647,0.0,0.0,11,3,-91,GSM
1523514944741,121.20489737,31.29127607,17.0,8.0,3.7502134,-81,true,-1,-1,5,57.0,4000.0,21.820068359375,-8.7249755859375,70.76873779296875,1.4185199737548828,-0.3190215826034546,-2.651073455810547,460,1,5198,56689,0,-1,0.0,0.0,0,0,0,,6,460,1,5198,57368,0,2147483647,0.0,0.0,16,4,-81,GSM,460,1,5198,56689,0,2147483647,0.0,0.0,19,4,-75,GSM,0,0,0,-1,0,2147483647,0.0,0.0,16,4,-81,GSM,0,0,0,-1,0,2147483647,0.0,0.0,12,4,-89,GSM,0,0,0,-1,0,2147483647,0.0,0.0,12,4,-89,GSM,0,0,0,-1,0,2147483647,0.0,0.0,14,4,-85,GSM
1523514947817,121.20497881,31.29118818,16.0,12.0,3.9500127,-75,true,-1,-1,5,57.0,4000.0,21.29974365234375,-7.82470703125,67.46826171875,1.485398769378662,-0.28116708993911743,-2.5504508018493652,460,1,5198,56689,0,-1,0.0,0.0,0,0,0,,5,460,1,5198,56689,0,2147483647,0.0,0.0,22,4,-69,GSM,460,1,5198,42517,0,2147483647,0.0,0.0,19,4,-75,GSM,0,0,0,-1,0,2147483647,0.0,0.0,12,4,-89,GSM,0,0,0,-1,0,2147483647,0.0,0.0,14,4,-85,GSM,460,1,5198,57368,0,2147483647,0.0,0.0,16,4,-81,GSM
1523514950904,121.20513812,31.29102527,11.0,20.0,4.5605373,-67,true,-1,-1,5,57.0,4000.0,19.049072265625,-10.22491455078125,64.16778564453125,1.5688143968582153,-0.23915600776672363,-2.54478120803833,460,1,5198,56689,0,-1,0.0,0.0,0,0,0,,5,460,1,5198,56689,0,2147483647,0.0,0.0,21,4,-71,GSM,460,1,5198,42517,0,2147483647,0.0,0.0,20,4,-73,GSM,460,1,5198,42519,0,2147483647,0.0,0.0,14,4,-85,GSM,0,0,0,-1,0,2147483647,0.0,0.0,14,4,-85,GSM,460,1,5198,57368,0,2147483647,0.0,0.0,16,4,-81,GSM
1523514953974,121.20524564,31.29094012,9.0,22.0,4.462197,-69,true,-1,-1,5,57.0,4000.0,12.98980712890625,2.37579345703125,65.667724609375,1.2560077905654907,-0.27021685242652893,-2.568859815597534,460,1,5198,56689,0,-1,0.0,0.0,0,0,0,,6,460,1,5198,56689,0,2147483647,0.0,0.0,20,4,-73,GSM,460,1,5198,42517,0,2147483647,0.0,0.0,20,4,-73,GSM,460,1,5198,42519,0,2147483647,0.0,0.0,17,4,-79,GSM,0,0,0,-1,0,2147483647,0.0,0.0,16,4,-81,GSM,460,1,5198,57368,0,2147483647,0.0,0.0,16,4,-81,GSM,460,1,5198,49989,0,2147483647,0.0,0.0,12,4,-89,GSM
1523514957040,121.20534422,31.2908824,9.0,9.0,3.8200521,-69,true,-1,-1,5,57.0,4000.0,20.9503173828125,3.27606201171875,74.66888427734375,1.2546762228012085,-0.2869276702404022,-2.608055591583252,460,1,5198,56689,0,-1,0.0,0.0,0,0,0,,6,460,1,5198,56689,0,2147483647,0.0,0.0,21,4,-71,GSM,460,1,5198,42517,0,2147483647,0.0,0.0,21,4,-71,GSM,460,1,5198,42519,0,2147483647,0.0,0.0,19,4,-75,GSM,0,0,0,-1,0,2147483647,0.0,0.0,17,4,-79,GSM,460,1,5198,57368,0,2147483647,0.0,0.0,15,4,-83,GSM,460,1,5198,49989,0,2147483647,0.0,0.0,13,4,-87,GSM
1523514960117,121.20547958,31.29083043,10.0,10.0,3.6004999,-69,true,-1,-1,5,57.0,4000.0,20.42999267578125,-2.42462158203125,63.568115234375,1.3316354751586914,-0.32456082105636597,-2.6203832626342773,460,1,5198,56689,0,-1,0.0,0.0,0,0,0,,6,460,1,5198,56689,0,2147483647,0.0,0.0,22,4,-69,GSM,460,1,5198,42517,0,2147483647,0.0,0.0,23,4,-67,GSM,460,1,5198,42519,0,2147483647,0.0,0.0,21,4,-71,GSM,0,0,0,-1,0,2147483647,0.0,0.0,18,4,-77,GSM,460,1,5198,57368,0,2147483647,0.0,0.0,14,4,-85,GSM,460,1,5198,49989,0,2147483647,0.0,0.0,13,4,-87,GSM
1523514963171,121.20557642,31.29080041,10.0,12.0,3.7500134,-67,true,-1,-1,5,57.0,4000.0,23.21014404296875,0.8758544921875,62.96844482421875,1.2792576551437378,-0.31498491764068604,-2.6646437644958496,460,1,5198,56689,0,-1,0.0,0.0,0,0,0,,6,460,1,5198,56689,0,2147483647,0.0,0.0,24,4,-65,GSM,460,1,5198,42517,0,2147483647,0.0,0.0,25,4,-63,GSM,460,1,5198,42519,0,2147483647,0.0,0.0,21,4,-71,GSM,460,1,5198,42518,0,2147483647,0.0,0.0,18,4,-77,GSM,460,1,5198,57368,0,2147483647,0.0,0.0,13,4,-87,GSM,460,1,5198,49989,0,2147483647,0.0,0.0,13,4,-87,GSM
1523514966244,121.205688,31.29074538,9.0,11.0,4.3300114,-67,true,-1,-1,5,57.0,4000.0,19.4000244140625,4.47540283203125,64.16778564453125,1.2204351425170898,-0.24273423850536346,-2.7046966552734375,460,1,5198,56689,0,-1,0.0,0.0,0,0,0,,7,460,1,5198,56689,0,2147483647,0.0,0.0,24,4,-65,GSM,460,1,5198,42517,0,2147483647,0.0,0.0,25,4,-63,GSM,460,1,5198,42519,0,2147483647,0.0,0.0,23,4,-67,GSM,460,1,5198,42518,0,2147483647,0.0,0.0,18,4,-77,GSM,460,1,5198,57368,0,2147483647,0.0,0.0,13,4,-87,GSM,460,1,5198,49989,0,2147483647,0.0,0.0,12,4,-89,GSM,460,1,5198,56687,0,2147483647,0.0,0.0,14,4,-85,GSM
1523514969320,121.20589333,31.29061029,9.0,16.0,5.5500364,-67,true,-1,-1,5,57.0,4000.0,20.61004638671875,0.274658203125,64.4683837890625,1.2687262296676636,-0.3448670208454132,-2.6165976524353027,460,1,5198,42517,0,-1,0.0,0.0,0,0,0,,4,460,1,5198,42517,0,2147483647,0.0,0.0,19,4,-75,GSM,460,1,5198,42518,0,2147483647,0.0,0.0,19,4,-75,GSM,460,1,5198,57368,0,2147483647,0.0,0.0,12,4,-89,GSM,460,1,5198,49989,0,2147483647,0.0,0.0,13,4,-87,GSM
1523514972395,121.20600578,31.2905533,9.0,14.0,4.73,-69,true,-1,-1,5,57.0,4000.0,-21.47064208984375,-38.72528076171875,-9.03167724609375,2.462273120880127,-0.6177204251289368,-0.17069171369075775,460,1,5198,42517,0,-1,0.0,0.0,0,0,0,,4,460,1,5198,42517,0,2147483647,0.0,0.0,21,4,-71,GSM,460,1,5198,42518,0,2147483647,0.0,0.0,17,4,-79,GSM,460,1,5198,57368,0,2147483647,0.0,0.0,11,3,-91,GSM,460,1,5198,49989,0,2147483647,0.0,0.0,13,4,-87,GSM
1523514975433,121.20606699,31.29050848,9.0,13.0,3.54,-69,true,-1,-1,5,57.0,4000.0,19.219970703125,4.47540283203125,65.06805419921875,1.2676784992218018,-0.2962977886199951,-2.5297603607177734,460,1,5198,42517,0,-1,0.0,0.0,0,0,0,,5,460,1,5198,42517,0,2147483647,0.0,0.0,19,4,-75,GSM,460,1,5198,42518,0,2147483647,0.0,0.0,17,4,-79,GSM,460,1,5198,49989,0,2147483647,0.0,0.0,13,4,-87,GSM,460,1,5198,42519,0,2147483647,0.0,0.0,20,4,-73,GSM,0,0,0,-1,0,2147483647,0.0,0.0,11,3,-91,GSM
1523514978496,121.20617708,31.29048293,9.0,15.0,3.480359,-69,true,-1,-1,5,57.0,4000.0,20.9503173828125,-1.22528076171875,66.2689208984375,1.3670297861099243,-0.3175271451473236,-2.5063869953155518,460,1,5198,42517,0,-1,0.0,0.0,0,0,0,,6,460,1,5198,42517,0,2147483647,0.0,0.0,20,4,-73,GSM,460,1,5198,42518,0,2147483647,0.0,0.0,16,4,-81,GSM,460,1,5198,49989,0,2147483647,0.0,0.0,14,4,-85,GSM,460,1,5198,42519,0,2147483647,0.0,0.0,19,4,-75,GSM,0,0,0,-1,0,2147483647,0.0,0.0,12,4,-89,GSM,460,1,5198,51498,0,2147483647,0.0,0.0,16,4,-81,GSM
1523514981575,121.2062262,31.2904643,8.0,11.0,2.7401643,-69,true,-1,-1,5,57.0,4000.0,23.89984130859375,-12.32452392578125,57.568359375,1.607000470161438,-0.2961188852787018,-2.5394110679626465,460,1,5198,42517,0,-1,0.0,0.0,0,0,0,,5,460,1,5198,42517,0,2147483647,0.0,0.0,22,4,-69,GSM,460,1,5198,42518,0,2147483647,0.0,0.0,16,4,-81,GSM,460,1,5198,49989,0,2147483647,0.0,0.0,14,4,-85,GSM,460,1,5198,42519,0,2147483647,0.0,0.0,19,4,-75,GSM,460,1,5198,51498,0,2147483647,0.0,0.0,16,4,-81,GSM
1523514984669,121.20629714,31.29039574,9.0,13.0,2.6612027,-69,true,-1,-1,5,57.0,4000.0,27.020263671875,-36.3250732421875,50.36773681640625,1.9801764488220215,-0.4053304195404053,-2.7126717567443848,460,1,5198,42517,0,-1,0.0,0.0,0,0,0,,5,460,1,5198,42517,0,2147483647,0.0,0.0,21,4,-71,GSM,460,1,5198,42518,0,2147483647,0.0,0.0,16,4,-81,GSM,460,1,5198,49989,0,2147483647,0.0,0.0,14,4,-85,GSM,460,1,5198,42519,0,2147483647,0.0,0.0,18,4,-77,GSM,460,1,5198,51498,0,2147483647,0.0,0.0,17,4,-79,GSM
1523514987740,121.20632793,31.29029604,9.0,15.0,3.077174,-71,true,-1,-1,5,57.0,4000.0,9.51995849609375,-39.92462158203125,41.668701171875,2.347264289855957,-0.31791430711746216,-2.6375913619995117,460,1,5198,42517,0,-1,0.0,0.0,0,0,0,,6,460,1,5198,42517,0,2147483647,0.0,0.0,20,4,-73,GSM,460,1,5198,42518,0,2147483647,0.0,0.0,14,4,-85,GSM,460,1,5198,49989,0,2147483647,0.0,0.0,15,4,-83,GSM,460,1,5198,42519,0,2147483647,0.0,0.0,16,4,-81,GSM,460,1,5198,51498,0,2147483647,0.0,0.0,17,4,-79,GSM,460,1,5198,43857,0,2147483647,0.0,0.0,18,4,-77,GSM
1523514990809,121.2062596,31.29015477,13.0,14.0,3.580349,-71,true,-1,-1,5,57.0,4000.0,6.41021728515625,-46.82464599609375,31.46820068359375,2.534822702407837,-0.4858771860599518,-2.6374917030334473,460,1,5198,42517,0,-1,0.0,0.0,0,0,0,,6,460,1,5198,42517,0,2147483647,0.0,0.0,18,4,-77,GSM,460,1,5198,42518,0,2147483647,0.0,0.0,13,4,-87,GSM,460,1,5198,49989,0,2147483647,0.0,0.0,15,4,-83,GSM,460,1,5198,42519,0,2147483647,0.0,0.0,15,4,-83,GSM,460,1,5198,51498,0,2147483647,0.0,0.0,16,4,-81,GSM,460,1,5198,43857,0,2147483647,0.0,0.0,19,4,-75,GSM
1523514993883,121.20621174,31.29007812,15.0,12.0,4.2900467,-75,true,-1,-1,5,57.0,4000.0,4.669189453125,-45.92437744140625,28.46832275390625,2.632218599319458,-0.3771991431713104,-2.5634467601776123,460,1,5198,42517,0,-1,0.0,0.0,0,0,0,,6,460,1,5198,42517,0,2147483647,0.0,0.0,16,4,-81,GSM,460,1,5198,49989,0,2147483647,0.0,0.0,15,4,-83,GSM,460,1,5198,42519,0,2147483647,0.0,0.0,15,4,-83,GSM,460,1,5198,51498,0,2147483647,0.0,0.0,16,4,-81,GSM,460,1,5198,43857,0,2147483647,0.0,0.0,19,4,-75,GSM,460,1,5198,43858,0,2147483647,0.0,0.0,14,4,-85,GSM
1523514996954,121.20614952,31.289969,16.0,12.0,4.2000475,-81,true,-1,-1,5,57.0,4000.0,1.910400390625,-45.92437744140625,26.66778564453125,2.6940457820892334,-0.38802868127822876,-2.54325795173645,460,1,5198,43857,0,-1,0.0,0.0,0,0,0,,7,460,1,5198,43857,0,2147483647,0.0,0.0,16,4,-81,GSM,460,1,5198,49989,0,2147483647,0.0,0.0,15,4,-83,GSM,460,1,5198,42519,0,2147483647,0.0,0.0,16,4,-81,GSM,460,1,5198,51498,0,2147483647,0.0,0.0,16,4,-81,GSM,460,1,5198,43857,0,2147483647,0.0,0.0,18,4,-77,GSM,460,1,5198,43858,0,2147483647,0.0,0.0,15,4,-83,GSM,460,1,5198,57368,0,2147483647,0.0,0.0,14,4,-85,GSM
1523515000009,121.20608958,31.28987861,17.0,13.0,2.270088,-85,true,-1,-1,5,56.0,4000.0,3.9794921875,-43.524169921875,35.0677490234375,2.441368579864502,-0.3799702525138855,-2.386497974395752,460,1,5198,42517,0,-1,0.0,0.0,0,0,0,,5,460,1,5198,42517,0,2147483647,0.0,0.0,16,4,-81,GSM,460,1,5198,49989,0,2147483647,0.0,0.0,15,4,-83,GSM,460,1,5198,43858,0,2147483647,0.0,0.0,15,4,-83,GSM,460,1,5198,57368,0,2147483647,0.0,0.0,14,4,-85,GSM,460,1,5198,43857,0,2147483647,0.0,0.0,14,4,-85,GSM
1523515003066,121.20604248,31.28983457,17.0,13.0,3.230387,-79,true,-1,-1,5,56.0,4000.0,2.2491455078125,-45.92437744140625,29.66766357421875,2.656461477279663,-0.36835965514183044,-2.563149929046631,460,1,5198,42517,0,-1,0.0,0.0,0,0,0,,7,460,1,5198,42517,0,2147483647,0.0,0.0,16,4,-81,GSM,460,1,5198,49989,0,2147483647,0.0,0.0,14,4,-85,GSM,460,1,5198,43858,0,2147483647,0.0,0.0,14,4,-85,GSM,460,1,5198,43857,0,2147483647,0.0,0.0,14,4,-85,GSM,460,1,5198,51498,0,2147483647,0.0,0.0,15,4,-83,GSM,0,0,0,-1,0,2147483647,0.0,0.0,14,4,-85,GSM,0,0,0,-1,0,2147483647,0.0,0.0,21,4,-71,GSM
1523515006136,121.20593666,31.2897225,16.0,12.0,3.9518225,-81,true,-1,-1,5,56.0,4000.0,5.18951416015625,-44.1253662109375,34.7686767578125,2.4694201946258545,-0.4283737540245056,-2.5683963298797607,460,1,5198,42517,0,-1,0.0,0.0,0,0,0,,7,460,1,5198,42517,0,2147483647,0.0,0.0,15,4,-83,GSM,460,1,5198,49989,0,2147483647,0.0,0.0,13,4,-87,GSM,460,1,5198,43858,0,2147483647,0.0,0.0,14,4,-85,GSM,460,1,5198,43857,0,2147483647,0.0,0.0,15,4,-83,GSM,460,1,5198,51498,0,2147483647,0.0,0.0,15,4,-83,GSM,0,0,0,-1,0,2147483647,0.0,0.0,14,4,-85,GSM,460,1,5198,42519,0,2147483647,0.0,0.0,20,4,-73,GSM
1523515009201,121.20584513,31.28955436,15.0,11.0,4.15,-81,true,-1,-1,5,56.0,4000.0,2.07977294921875,-47.42431640625,25.76751708984375,2.6113264560699463,-0.5204694271087646,-2.3955583572387695,460,1,5198,42517,0,-1,0.0,0.0,0,0,0,,7,460,1,5198,42517,0,2147483647,0.0,0.0,15,4,-83,GSM,460,1,5198,49989,0,2147483647,0.0,0.0,13,4,-87,GSM,460,1,5198,43858,0,2147483647,0.0,0.0,14,4,-85,GSM,460,1,5198,43857,0,2147483647,0.0,0.0,15,4,-83,GSM,460,1,5198,51498,0,2147483647,0.0,0.0,15,4,-83,GSM,0,0,0,-1,0,2147483647,0.0,0.0,15,4,-83,GSM,460,1,5198,42519,0,2147483647,0.0,0.0,20,4,-73,GSM
1523515012281,121.20576803,31.28940257,17.0,11.0,4.4300113,-81,true,-1,-1,5,56.0,4000.0,-4.67071533203125,-50.1251220703125,23.66790771484375,2.87123703956604,-0.5995544791221619,-2.612933874130249,460,1,5198,42519,0,-1,0.0,0.0,0,0,0,,7,460,1,5198,42519,0,2147483647,0.0,0.0,29,4,-55,GSM,460,1,5198,49989,0,2147483647,0.0,0.0,14,4,-85,GSM,460,1,5198,43858,0,2147483647,0.0,0.0,13,4,-87,GSM,0,0,0,-1,0,2147483647,0.0,0.0,15,4,-83,GSM,460,1,5198,42517,0,2147483647,0.0,0.0,15,4,-83,GSM,460,1,5198,43857,0,2147483647,0.0,0.0,15,4,-83,GSM,0,0,0,-1,0,2147483647,0.0,0.0,13,4,-87,GSM
1523515015338,121.20568256,31.28927438,16.0,11.0,4.590392,-55,true,-1,-1,5,56.0,4000.0,-3.9794921875,-47.72491455078125,25.46844482421875,2.8744993209838867,-0.3409854471683502,-2.5823686122894287,460,1,5198,42519,0,-1,0.0,0.0,0,0,0,,7,460,1,5198,42519,0,2147483647,0.0,0.0,26,4,-61,GSM,460,1,5198,49989,0,2147483647,0.0,0.0,14,4,-85,GSM,460,1,5198,43858,0,2147483647,0.0,0.0,14,4,-85,GSM,0,0,0,-1,0,2147483647,0.0,0.0,16,4,-81,GSM,460,1,5198,42517,0,2147483647,0.0,0.0,15,4,-83,GSM,460,1,5198,43857,0,2147483647,0.0,0.0,16,4,-81,GSM,460,1,5198,42507,0,2147483647,0.0,0.0,13,4,-87,GSM
1523515018406,121.20559798,31.28917165,14.0,14.0,3.9901128,-59,true,-1,-1,5,56.0,4000.0,-2.5909423828125,-47.42431640625,18.267822265625,2.929246425628662,-0.4651653468608856,-2.581606388092041,460,1,5198,42519,0,-1,0.0,0.0,0,0,0,,7,460,1,5198,42519,0,2147483647,0.0,0.0,24,4,-65,GSM,460,1,5198,49989,0,2147483647,0.0,0.0,14,4,-85,GSM,460,1,5198,43858,0,2147483647,0.0,0.0,14,4,-85,GSM,0,0,0,-1,0,2147483647,0.0,0.0,16,4,-81,GSM,460,1,5198,42517,0,2147483647,0.0,0.0,16,4,-81,GSM,460,1,5198,43857,0,2147483647,0.0,0.0,17,4,-79,GSM,460,1,5198,42507,0,2147483647,0.0,0.0,13,4,-87,GSM
1523515021474,121.20551528,31.28908489,14.0,16.0,4.2605753,-59,true,-1,-1,5,56.0,4000.0,30.47943115234375,-25.52490234375,-27.63214111328125,-1.861433744430542,-0.50298011302948,-0.011101854965090752,460,1,5198,42519,0,-1,0.0,0.0,0,0,0,,7,460,1,5198,42519,0,2147483647,0.0,0.0,22,4,-69,GSM,460,1,5198,49989,0,2147483647,0.0,0.0,14,4,-85,GSM,460,1,5198,43858,0,2147483647,0.0,0.0,14,4,-85,GSM,0,0,0,-1,0,2147483647,0.0,0.0,17,4,-79,GSM,460,1,5198,42517,0,2147483647,0.0,0.0,16,4,-81,GSM,460,1,5198,43857,0,2147483647,0.0,0.0,17,4,-79,GSM,460,1,5198,51498,0,2147483647,0.0,0.0,2,0,-109,GSM
1523515024539,121.20542245,31.288989,14.0,11.0,3.9702015,-67,true,-1,-1,5,56.0,4000.0,4.3304443359375,-48.62518310546875,21.868896484375,2.7437376976013184,-0.5692439079284668,-2.7071869373321533,460,1,5198,42519,0,-1,0.0,0.0,0,0,0,,7,460,1,5198,42519,0,2147483647,0.0,0.0,21,4,-71,GSM,460,1,5198,49989,0,2147483647,0.0,0.0,16,4,-81,GSM,460,1,5198,43858,0,2147483647,0.0,0.0,15,4,-83,GSM,460,1,5198,42518,0,2147483647,0.0,0.0,17,4,-79,GSM,460,1,5198,42517,0,2147483647,0.0,0.0,16,4,-81,GSM,460,1,5198,43857,0,2147483647,0.0,0.0,17,4,-79,GSM,460,1,5198,42507,0,2147483647,0.0,0.0,13,4,-87,GSM
1523515027593,121.20528899,31.2889264,14.0,12.0,4.0201993,-69,true,-1,-1,5,56.0,4000.0,8.9996337890625,-49.224853515625,26.36871337890625,2.5784597396850586,-0.5773154497146606,-2.71877121925354,460,1,5198,42519,0,-1,0.0,0.0,0,0,0,,7,460,1,5198,42519,0,2147483647,0.0,0.0,22,4,-69,GSM,460,1,5198,49989,0,2147483647,0.0,0.0,15,4,-83,GSM,460,1,5198,43858,0,2147483647,0.0,0.0,14,4,-85,GSM,460,1,5198,42518,0,2147483647,0.0,0.0,18,4,-77,GSM,460,1,5198,42517,0,2147483647,0.0,0.0,16,4,-81,GSM,460,1,5198,43857,0,2147483647,0.0,0.0,17,4,-79,GSM,460,1,5198,42507,0,2147483647,0.0,0.0,14,4,-85,GSM
1523515030666,121.20517537,31.28885897,15.0,13.0,3.960202,-69,true,-1,-1,5,56.0,4000.0,1.739501953125,-50.4241943359375,9.56878662109375,2.92678165435791,-0.7627676129341125,-2.5292274951934814,460,1,5198,42519,0,-1,0.0,0.0,0,0,0,,7,460,1,5198,42519,0,2147483647,0.0,0.0,20,4,-73,GSM,460,1,5198,49989,0,2147483647,0.0,0.0,15,4,-83,GSM,460,1,5198,43858,0,2147483647,0.0,0.0,14,4,-85,GSM,460,1,5198,42518,0,2147483647,0.0,0.0,18,4,-77,GSM,460,1,5198,42517,0,2147483647,0.0,0.0,17,4,-79,GSM,460,1,5198,43857,0,2147483647,0.0,0.0,17,4,-79,GSM,460,1,5198,42507,0,2147483647,0.0,0.0,13,4,-87,GSM
1523515033743,121.20508458,31.28881082,13.0,14.0,2.6715164,-69,true,-1,-1,5,56.0,4000.0,-1.02996826171875,-50.4241943359375,10.76812744140625,2.97568941116333,-0.6174271106719971,-2.45686936378479,460,1,5198,42519,0,-1,0.0,0.0,0,0,0,,7,460,1,5198,42519,0,2147483647,0.0,0.0,20,4,-73,GSM,460,1,5198,49989,0,2147483647,0.0,0.0,15,4,-83,GSM,460,1,5198,43858,0,2147483647,0.0,0.0,13,4,-87,GSM,460,1,5198,42518,0,2147483647,0.0,0.0,18,4,-77,GSM,460,1,5198,42517,0,2147483647,0.0,0.0,18,4,-77,GSM,460,1,5198,43857,0,2147483647,0.0,0.0,17,4,-79,GSM,460,1,5198,42507,0,2147483647,0.0,0.0,13,4,-87,GSM
1523515036807,121.20500636,31.28876947,12.0,13.0,3.6231062,-69,true,-1,-1,5,56.0,4000.0,-2.07061767578125,-49.224853515625,15.56854248046875,2.884049892425537,-0.5893441438674927,-2.4082961082458496,460,1,5198,42519,0,-1,0.0,0.0,0,0,0,,6,460,1,5198,42519,0,2147483647,0.0,0.0,19,4,-75,GSM,460,1,5198,49989,0,2147483647,0.0,0.0,15,4,-83,GSM,460,1,5198,42518,0,2147483647,0.0,0.0,18,4,-77,GSM,460,1,5198,42517,0,2147483647,0.0,0.0,17,4,-79,GSM,460,1,5198,43857,0,2147483647,0.0,0.0,15,4,-83,GSM,460,1,5198,42507,0,2147483647,0.0,0.0,14,4,-85,GSM
1523515039880,121.20492207,31.28868517,11.0,12.0,3.9373214,-69,true,-1,-1,5,56.0,4000.0,-4.840087890625,-49.82452392578125,8.96759033203125,3.069145917892456,-0.6146928668022156,-2.3946540355682373,460,1,5198,42519,0,-1,0.0,0.0,0,0,0,,7,460,1,5198,42519,0,2147483647,0.0,0.0,20,4,-73,GSM,460,1,5198,49989,0,2147483647,0.0,0.0,15,4,-83,GSM,460,1,5198,42518,0,2147483647,0.0,0.0,18,4,-77,GSM,460,1,5198,42517,0,2147483647,0.0,0.0,17,4,-79,GSM,460,1,5198,43857,0,2147483647,0.0,0.0,14,4,-85,GSM,460,1,5198,42507,0,2147483647,0.0,0.0,14,4,-85,GSM,0,0,0,-1,0,2147483647,0.0,0.0,12,4,-89,GSM
1523515042926,121.20485118,31.28862097,11.0,14.0,3.454186,-69,true,-1,-1,5,56.0,4000.0,-3.9794921875,-51.02386474609375,17.66815185546875,2.936276912689209,-0.5499328970909119,-2.5080196857452393,460,1,5198,42519,0,-1,0.0,0.0,0,0,0,,7,460,1,5198,42519,0,2147483647,0.0,0.0,20,4,-73,GSM,460,1,5198,49989,0,2147483647,0.0,0.0,15,4,-83,GSM,460,1,5198,42518,0,2147483647,0.0,0.0,18,4,-77,GSM,460,1,5198,42517,0,2147483647,0.0,0.0,17,4,-79,GSM,460,1,5198,43857,0,2147483647,0.0,0.0,14,4,-85,GSM,460,1,5198,42507,0,2147483647,0.0,0.0,14,4,-85,GSM,0,0,0,-1,0,2147483647,0.0,0.0,12,4,-89,GSM
1523515046008,121.20473256,31.28848989,10.0,17.0,4.3400116,-69,true,-1,-1,5,56.0,4000.0,-3.63006591796875,-50.1251220703125,16.46881103515625,2.9580132961273193,-0.6902880072593689,-2.606032609939575,460,1,5198,42519,0,-1,0.0,0.0,0,0,0,,7,460,1,5198,42519,0,2147483647,0.0,0.0,18,4,-77,GSM,460,1,5198,49989,0,2147483647,0.0,0.0,13,4,-87,GSM,460,1,5198,42518,0,2147483647,0.0,0.0,18,4,-77,GSM,460,1,5198,42517,0,2147483647,0.0,0.0,17,4,-79,GSM,460,1,5198,43857,0,2147483647,0.0,0.0,14,4,-85,GSM,460,1,5198,42507,0,2147483647,0.0,0.0,14,4,-85,GSM,0,0,0,-1,0,2147483647,0.0,0.0,12,4,-89,GSM
1523515049063,121.20460703,31.28835295,12.0,16.0,4.560011,-77,true,-1,-1,5,56.0,4000.0,8.47930908203125,-45.32470703125,27.26898193359375,2.613658905029297,-0.5342399477958679,-2.862788200378418,460,1,5198,42519,0,-1,0.0,0.0,0,0,0,,7,460,1,5198,42519,0,2147483647,0.0,0.0,19,4,-75,GSM,460,1,5198,49989,0,2147483647,0.0,0.0,13,4,-87,GSM,460,1,5198,42518,0,2147483647,0.0,0.0,18,4,-77,GSM,460,1,5198,42517,0,2147483647,0.0,0.0,16,4,-81,GSM,460,1,5198,43857,0,2147483647,0.0,0.0,13,4,-87,GSM,460,1,5198,42507,0,2147483647,0.0,0.0,12,4,-89,GSM,0,0,0,-1,0,2147483647,0.0,0.0,13,4,-87,GSM
1523515052122,121.20447997,31.28824163,15.0,18.0,4.0827565,-73,true,-1,-1,5,56.0,4000.0,9.70001220703125,-44.1253662109375,30.56793212890625,2.5049335956573486,-0.4287380576133728,-2.6618969440460205,460,1,5198,42519,0,-1,0.0,0.0,0,0,0,,7,460,1,5198,42519,0,2147483647,0.0,0.0,19,4,-75,GSM,460,1,5198,49989,0,2147483647,0.0,0.0,13,4,-87,GSM,460,1,5198,42518,0,2147483647,0.0,0.0,19,4,-75,GSM,460,1,5198,42517,0,2147483647,0.0,0.0,14,4,-85,GSM,460,1,5198,43857,0,2147483647,0.0,0.0,13,4,-87,GSM,460,1,5198,42507,0,2147483647,0.0,0.0,12,4,-89,GSM,0,0,0,-1,0,2147483647,0.0,0.0,12,4,-89,GSM
1523515055196,121.20437157,31.28815892,15.0,19.0,4.330185,-73,true,-1,-1,5,56.0,4000.0,6.41021728515625,-45.62530517578125,27.86865234375,2.58559250831604,-0.5300371050834656,-2.71749210357666,460,1,5198,42519,0,-1,0.0,0.0,0,0,0,,7,460,1,5198,42519,0,2147483647,0.0,0.0,17,4,-79,GSM,460,1,5198,49989,0,2147483647,0.0,0.0,12,4,-89,GSM,460,1,5198,42518,0,2147483647,0.0,0.0,19,4,-75,GSM,460,1,5198,42517,0,2147483647,0.0,0.0,14,4,-85,GSM,460,1,5198,43857,0,2147483647,0.0,0.0,12,4,-89,GSM,460,1,5198,42507,0,2147483647,0.0,0.0,12,4,-89,GSM,460,1,5198,57368,0,2147483647,0.0,0.0,12,4,-89,GSM
1523515058274,121.20426486,31.28805011,16.0,16.0,4.3202896,-79,true,-1,-1,5,56.0,4000.0,12.80975341796875,-44.4244384765625,32.9681396484375,2.374981641769409,-0.481339693069458,-2.564661979675293,460,1,5198,42519,0,-1,0.0,0.0,0,0,0,,7,460,1,5198,42519,0,2147483647,0.0,0.0,16,4,-81,GSM,460,1,5198,49989,0,2147483647,0.0,0.0,12,4,-89,GSM,460,1,5198,42518,0,2147483647,0.0,0.0,18,4,-77,GSM,460,1,5198,42517,0,2147483647,0.0,0.0,14,4,-85,GSM,460,1,5198,43857,0,2147483647,0.0,0.0,13,4,-87,GSM,460,1,5198,42507,0,2147483647,0.0,0.0,10,3,-93,GSM,460,1,5198,57368,0,2147483647,0.0,0.0,12,4,-89,GSM
1523515061338,121.20418089,31.28791741,16.0,14.0,4.220106,-79,true,-1,-1,5,56.0,4000.0,11.25030517578125,-46.2249755859375,36.8682861328125,2.396420478820801,-0.4445582628250122,-2.6252870559692383,460,1,5198,42518,0,-1,0.0,0.0,0,0,0,,7,460,1,5198,42518,0,2147483647,0.0,0.0,17,4,-79,GSM,460,1,5198,49989,0,2147483647,0.0,0.0,12,4,-89,GSM,460,1,5198,42517,0,2147483647,0.0,0.0,15,4,-83,GSM,460,1,5198,43857,0,2147483647,0.0,0.0,13,4,-87,GSM,460,1,5198,42507,0,2147483647,0.0,0.0,10,3,-93,GSM,460,1,5198,57368,0,2147483647,0.0,0.0,12,4,-89,GSM,460,1,5198,42519,0,2147483647,0.0,0.0,16,4,-81,GSM
1523515064418,121.20413055,31.28780674,17.0,13.0,3.7334301,-79,true,-1,-1,5,56.0,4000.0,20.9503173828125,-38.72528076171875,42.26837158203125,1.9778164625167847,-0.6120102405548096,-2.596677303314209,460,1,5198,42518,0,-1,0.0,0.0,0,0,0,,7,460,1,5198,42518,0,2147483647,0.0,0.0,16,4,-81,GSM,460,1,5198,49989,0,2147483647,0.0,0.0,12,4,-89,GSM,460,1,5198,42517,0,2147483647,0.0,0.0,15,4,-83,GSM,460,1,5198,43857,0,2147483647,0.0,0.0,13,4,-87,GSM,460,1,5198,42507,0,2147483647,0.0,0.0,10,3,-93,GSM,460,1,5198,57368,0,2147483647,0.0,0.0,12,4,-89,GSM,460,1,5198,42519,0,2147483647,0.0,0.0,17,4,-79,GSM
1523515067465,121.20412401,31.28767958,16.0,12.0,4.25,-81,true,-1,-1,5,56.0,4000.0,19.4000244140625,-36.3250732421875,46.16851806640625,1.9173532724380493,-0.5504244565963745,-2.7007012367248535,460,1,5198,42518,0,-1,0.0,0.0,0,0,0,,7,460,1,5198,42518,0,2147483647,0.0,0.0,16,4,-81,GSM,460,1,5198,49989,0,2147483647,0.0,0.0,12,4,-89,GSM,460,1,5198,42517,0,2147483647,0.0,0.0,15,4,-83,GSM,460,1,5198,43857,0,2147483647,0.0,0.0,13,4,-87,GSM,460,1,5198,42507,0,2147483647,0.0,0.0,10,3,-93,GSM,460,1,5198,57368,0,2147483647,0.0,0.0,12,4,-89,GSM,460,1,5198,42519,0,2147483647,0.0,0.0,16,4,-81,GSM
1523515070559,121.20412658,31.2875581,17.0,11.0,3.800013,-81,true,-1,-1,5,56.0,4000.0,19.4000244140625,-29.425048828125,51.568603515625,1.750720500946045,-0.5419344902038574,-2.5825581550598145,460,1,5198,42518,0,-1,0.0,0.0,0,0,0,,7,460,1,5198,42518,0,2147483647,0.0,0.0,16,4,-81,GSM,460,1,5198,49989,0,2147483647,0.0,0.0,11,3,-91,GSM,460,1,5198,42517,0,2147483647,0.0,0.0,15,4,-83,GSM,460,1,5198,43857,0,2147483647,0.0,0.0,13,4,-87,GSM,460,1,5198,57368,0,2147483647,0.0,0.0,12,4,-89,GSM,460,1,5198,42519,0,2147483647,0.0,0.0,16,4,-81,GSM,0,0,0,-1,0,2147483647,0.0,0.0,10,3,-93,GSM
1523515073630,121.20416326,31.2874496,16.0,10.0,4.120194,-81,true,-1,-1,5,56.0,4000.0,21.649169921875,-25.22430419921875,56.6680908203125,1.7819995880126953,-0.38246414065361023,-2.5255985260009766,460,1,5198,42518,0,-1,0.0,0.0,0,0,0,,7,460,1,5198,42518,0,2147483647,0.0,0.0,15,4,-83,GSM,460,1,5198,49989,0,2147483647,0.0,0.0,11,3,-91,GSM,460,1,5198,42517,0,2147483647,0.0,0.0,15,4,-83,GSM,460,1,5198,43857,0,2147483647,0.0,0.0,13,4,-87,GSM,460,1,5198,57368,0,2147483647,0.0,0.0,12,4,-89,GSM,460,1,5198,42519,0,2147483647,0.0,0.0,16,4,-81,GSM,460,1,5198,1178,0,2147483647,0.0,0.0,11,3,-91,GSM
1523515076699,121.20421777,31.28732474,16.0,11.0,4.540176,-81,true,-1,-1,5,56.0,4000.0,20.7794189453125,-23.42529296875,54.5684814453125,1.6017138957977295,-0.5238286256790161,-2.6387670040130615,460,1,5198,42518,0,-1,0.0,0.0,0,0,0,,7,460,1,5198,42518,0,2147483647,0.0,0.0,14,4,-85,GSM,460,1,5198,49989,0,2147483647,0.0,0.0,12,4,-89,GSM,460,1,5198,42517,0,2147483647,0.0,0.0,15,4,-83,GSM,460,1,5198,43857,0,2147483647,0.0,0.0,14,4,-85,GSM,460,1,5198,57368,0,2147483647,0.0,0.0,12,4,-89,GSM,460,1,5198,42519,0,2147483647,0.0,0.0,15,4,-83,GSM,460,1,5198,1178,0,2147483647,0.0,0.0,11,3,-91,GSM
1523515079775,121.20430997,31.28721273,14.0,10.0,4.57,-81,true,-1,-1,5,56.0,4000.0,20.61004638671875,-18.02520751953125,56.06842041015625,1.611774206161499,-0.418632835149765,-2.56316876411438,460,1,5198,42518,0,-1,0.0,0.0,0,0,0,,7,460,1,5198,42518,0,2147483647,0.0,0.0,13,4,-87,GSM,460,1,5198,49989,0,2147483647,0.0,0.0,12,4,-89,GSM,460,1,5198,42517,0,2147483647,0.0,0.0,15,4,-83,GSM,460,1,5198,43857,0,2147483647,0.0,0.0,14,4,-85,GSM,460,1,5198,57368,0,2147483647,0.0,0.0,12,4,-89,GSM,460,1,5198,42519,0,2147483647,0.0,0.0,15,4,-83,GSM,460,1,5198,1178,0,2147483647,0.0,0.0,11,3,-91,GSM
1523515082844,121.20441505,31.28710883,19.0,10.0,4.051,-85,true,-1,-1,5,56.0,4000.0,22.34039306640625,-16.22467041015625,54.26788330078125,1.683809757232666,-0.35718926787376404,-2.429309606552124,460,1,5198,43857,0,-1,0.0,0.0,0,0,0,,7,460,1,5198,43857,0,2147483647,0.0,0.0,15,4,-83,GSM,460,1,5198,49989,0,2147483647,0.0,0.0,11,3,-91,GSM,460,1,5198,42517,0,2147483647,0.0,0.0,15,4,-83,GSM,460,1,5198,43857,0,2147483647,0.0,0.0,14,4,-85,GSM,460,1,5198,57368,0,2147483647,0.0,0.0,12,4,-89,GSM,460,1,5198,1178,0,2147483647,0.0,0.0,11,3,-91,GSM,0,0,0,-1,0,2147483647,0.0,0.0,15,4,-83,GSM
1523515085912,121.20449726,31.28702218,19.0,13.0,4.3809247,-83,true,-1,-1,5,56.0,4000.0,17.4896240234375,-24.32403564453125,55.46875,1.6921069622039795,-0.4788643419742584,-2.5102782249450684,460,1,5198,43857,0,-1,0.0,0.0,0,0,0,,7,460,1,5198,43857,0,2147483647,0.0,0.0,16,4,-81,GSM,460,1,5198,49989,0,2147483647,0.0,0.0,11,3,-91,GSM,460,1,5198,42517,0,2147483647,0.0,0.0,15,4,-83,GSM,460,1,5198,43857,0,2147483647,0.0,0.0,14,4,-85,GSM,460,1,5198,57368,0,2147483647,0.0,0.0,12,4,-89,GSM,460,1,5198,1178,0,2147483647,0.0,0.0,11,3,-91,GSM,0,0,0,-1,0,2147483647,0.0,0.0,15,4,-83,GSM
1523515088975,121.20457744,31.28692607,19.0,12.0,3.7102156,-83,true,-1,-1,5,56.0,4000.0,18.359375,-18.32427978515625,57.568359375,1.5463491678237915,-0.4961194097995758,-2.524651288986206,460,1,5198,43857,0,-1,0.0,0.0,0,0,0,,3,460,1,5198,43857,0,2147483647,0.0,0.0,17,4,-79,GSM,460,1,5198,56689,0,2147483647,0.0,0.0,19,4,-75,GSM,0,0,0,-1,0,2147483647,0.0,0.0,12,4,-89,GSM
1523515092058,121.20465996,31.28685208,19.0,11.0,2.7504544,-83,true,-1,-1,5,56.0,4000.0,17.83905029296875,-20.12481689453125,58.4686279296875,1.5106580257415771,-0.5539008378982544,-2.538135528564453,460,1,5198,43857,0,-1,0.0,0.0,0,0,0,,4,460,1,5198,43857,0,2147483647,0.0,0.0,17,4,-79,GSM,460,1,5198,56689,0,2147483647,0.0,0.0,19,4,-75,GSM,0,0,0,-1,0,2147483647,0.0,0.0,15,4,-83,GSM,0,0,0,-1,0,2147483647,0.0,0.0,12,4,-89,GSM
1523515095126,121.20474658,31.28677173,20.0,13.0,3.341811,-77,true,-1,-1,5,56.0,4000.0,18.69964599609375,-17.42401123046875,58.7677001953125,1.6160610914230347,-0.37359848618507385,-2.552351951599121,460,1,5198,56689,0,-1,0.0,0.0,0,0,0,,3,460,1,5198,56689,0,2147483647,0.0,0.0,18,4,-77,GSM,0,0,0,-1,0,2147483647,0.0,0.0,15,4,-83,GSM,0,0,0,-1,0,2147483647,0.0,0.0,11,3,-91,GSM
1523515098180,121.20484359,31.28669067,19.0,19.0,3.9002051,-77,true,-1,-1,5,56.0,4000.0,16.27960205078125,-18.9239501953125,56.96868896484375,1.5232404470443726,-0.5145235657691956,-2.542795181274414,460,1,5198,56689,0,-1,0.0,0.0,0,0,0,,6,460,1,5198,56689,0,2147483647,0.0,0.0,19,4,-75,GSM,0,0,0,-1,0,2147483647,0.0,0.0,15,4,-83,GSM,460,1,5198,49989,0,2147483647,0.0,0.0,12,4,-89,GSM,0,0,0,-1,0,2147483647,0.0,0.0,12,4,-89,GSM,0,0,0,-1,0,2147483647,0.0,0.0,11,3,-91,GSM,0,0,0,-1,0,2147483647,0.0,0.0,11,3,-91,GSM
1523515101247,121.20495721,31.28660012,21.0,15.0,3.6910975,-73,true,-1,-1,5,56.0,4000.0,17.6605224609375,-14.7247314453125,59.96856689453125,1.5400495529174805,-0.44033849239349365,-2.4511890411376953,460,1,5198,56689,0,-1,0.0,0.0,0,0,0,,6,460,1,5198,56689,0,2147483647,0.0,0.0,20,4,-73,GSM,0,0,0,-1,0,2147483647,0.0,0.0,15,4,-83,GSM,460,1,5198,49989,0,2147483647,0.0,0.0,11,3,-91,GSM,0,0,0,-1,0,2147483647,0.0,0.0,13,4,-87,GSM,0,0,0,-1,0,2147483647,0.0,0.0,11,3,-91,GSM,0,0,0,-1,0,2147483647,0.0,0.0,11,3,-91,GSM
1523515104331,121.205056,31.28651525,20.0,13.0,3.2203882,-73,true,-1,-1,5,56.0,4000.0,14.36920166015625,-20.42388916015625,58.4686279296875,1.556343674659729,-0.5096986889839172,-2.493180274963379,460,1,5198,56689,0,-1,0.0,0.0,0,0,0,,7,460,1,5198,56689,0,2147483647,0.0,0.0,20,4,-73,GSM,0,0,0,-1,0,2147483647,0.0,0.0,15,4,-83,GSM,460,1,5198,49989,0,2147483647,0.0,0.0,11,3,-91,GSM,0,0,0,-1,0,2147483647,0.0,0.0,13,4,-87,GSM,0,0,0,-1,0,2147483647,0.0,0.0,12,4,-89,GSM,460,1,5198,42507,0,2147483647,0.0,0.0,11,3,-91,GSM,460,1,5198,42519,0,2147483647,0.0,0.0,14,4,-85,GSM
1523515107399,121.20513667,31.28645885,20.0,16.0,3.67,-73,true,-1,-1,5,56.0,4000.0,14.72015380859375,-20.12481689453125,59.06829833984375,1.5529358386993408,-0.4843597412109375,-2.532151460647583,460,1,5198,56689,0,-1,0.0,0.0,0,0,0,,7,460,1,5198,56689,0,2147483647,0.0,0.0,19,4,-75,GSM,0,0,0,-1,0,2147483647,0.0,0.0,16,4,-81,GSM,460,1,5198,49989,0,2147483647,0.0,0.0,11,3,-91,GSM,0,0,0,-1,0,2147483647,0.0,0.0,13,4,-87,GSM,460,1,5198,42517,0,2147483647,0.0,0.0,12,4,-89,GSM,460,1,5198,42507,0,2147483647,0.0,0.0,11,3,-91,GSM,460,1,5198,42519,0,2147483647,0.0,0.0,14,4,-85,GSM
1523515110454,121.20526336,31.28635863,21.0,16.0,4.540275,-73,true,-1,-1,5,56.0,4000.0,14.36920166015625,-20.42388916015625,57.86895751953125,1.6736407279968262,-0.39518147706985474,-2.468235731124878,460,1,5198,56689,0,-1,0.0,0.0,0,0,0,,7,460,1,5198,56689,0,2147483647,0.0,0.0,18,4,-77,GSM,0,0,0,-1,0,2147483647,0.0,0.0,16,4,-81,GSM,460,1,5198,49989,0,2147483647,0.0,0.0,11,3,-91,GSM,0,0,0,-1,0,2147483647,0.0,0.0,13,4,-87,GSM,460,1,5198,42517,0,2147483647,0.0,0.0,11,3,-91,GSM,460,1,5198,42507,0,2147483647,0.0,0.0,10,3,-93,GSM,460,1,5198,42519,0,2147483647,0.0,0.0,13,4,-87,GSM
1523515113539,121.20537368,31.28625525,20.0,13.0,3.5320392,-75,true,-1,-1,5,56.0,4000.0,15.240478515625,-15.924072265625,58.7677001953125,1.4926142692565918,-0.44346946477890015,-2.579353094100952,460,1,5198,56689,0,-1,0.0,0.0,0,0,0,,6,460,1,5198,56689,0,2147483647,0.0,0.0,18,4,-77,GSM,460,1,5198,43858,0,2147483647,0.0,0.0,15,4,-83,GSM,460,1,5198,49989,0,2147483647,0.0,0.0,11,3,-91,GSM,0,0,0,-1,0,2147483647,0.0,0.0,13,4,-87,GSM,460,1,5198,42517,0,2147483647,0.0,0.0,10,3,-93,GSM,460,1,5198,42519,0,2147483647,0.0,0.0,13,4,-87,GSM
1523515116603,121.2054347,31.28621938,20.0,13.0,2.930273,-75,true,-1,-1,5,56.0,4000.0,9.34906005859375,-29.425048828125,50.96893310546875,1.7970786094665527,-0.5474965572357178,-2.3552188873291016,460,1,5198,56689,0,-1,0.0,0.0,0,0,0,,6,460,1,5198,56689,0,2147483647,0.0,0.0,17,4,-79,GSM,460,1,5198,43858,0,2147483647,0.0,0.0,16,4,-81,GSM,460,1,5198,49989,0,2147483647,0.0,0.0,11,3,-91,GSM,0,0,0,-1,0,2147483647,0.0,0.0,13,4,-87,GSM,460,1,5198,42517,0,2147483647,0.0,0.0,10,3,-93,GSM,460,1,5198,42519,0,2147483647,0.0,0.0,13,4,-87,GSM
1523515119666,121.20548075,31.28618768,21.0,13.0,2.3901885,-75,true,-1,-1,5,56.0,4000.0,10.55908203125,-24.6246337890625,53.06854248046875,1.7748974561691284,-0.41487568616867065,-2.4587643146514893,460,1,5198,56689,0,-1,0.0,0.0,0,0,0,,6,460,1,5198,56689,0,2147483647,0.0,0.0,17,4,-79,GSM,460,1,5198,43858,0,2147483647,0.0,0.0,18,4,-77,GSM,460,1,5198,49989,0,2147483647,0.0,0.0,11,3,-91,GSM,0,0,0,-1,0,2147483647,0.0,0.0,13,4,-87,GSM,460,1,5198,42519,0,2147483647,0.0,0.0,12,4,-89,GSM,460,1,5198,42507,0,2147483647,0.0,0.0,11,3,-91,GSM
1523515122739,121.20556941,31.28613524,16.0,13.0,2.9220712,-75,true,-1,-1,5,56.0,4000.0,10.040283203125,-21.92535400390625,52.16827392578125,1.5968087911605835,-0.5357457995414734,-2.477437973022461,460,1,5198,43858,0,-1,0.0,0.0,0,0,0,,5,460,1,5198,43858,0,2147483647,0.0,0.0,21,4,-71,GSM,460,1,5198,49989,0,2147483647,0.0,0.0,11,3,-91,GSM,0,0,0,-1,0,2147483647,0.0,0.0,13,4,-87,GSM,460,1,5198,42507,0,2147483647,0.0,0.0,11,3,-91,GSM,0,0,0,-1,0,2147483647,0.0,0.0,12,4,-89,GSM
1523515125820,121.20565189,31.28607056,18.0,11.0,2.58,-67,true,-1,-1,5,56.0,4000.0,13.67950439453125,-21.92535400390625,59.06829833984375,1.6299458742141724,-0.46062517166137695,-2.47312068939209,460,1,5198,43858,0,-1,0.0,0.0,0,0,0,,6,460,1,5198,43858,0,2147483647,0.0,0.0,22,4,-69,GSM,460,1,5198,49989,0,2147483647,0.0,0.0,11,3,-91,GSM,0,0,0,-1,0,2147483647,0.0,0.0,13,4,-87,GSM,460,1,5198,42507,0,2147483647,0.0,0.0,11,3,-91,GSM,0,0,0,-1,0,2147483647,0.0,0.0,11,3,-91,GSM,0,0,0,-1,0,2147483647,0.0,0.0,27,4,-59,GSM
1523515128879,121.20569762,31.28602405,20.0,13.0,1.681071,-69,true,-1,-1,5,56.0,4000.0,10.38970947265625,-21.92535400390625,52.7679443359375,1.6115670204162598,-0.5081403851509094,-2.4990954399108887,460,1,5198,43858,0,-1,0.0,0.0,0,0,0,,7,460,1,5198,43858,0,2147483647,0.0,0.0,20,4,-73,GSM,460,1,5198,49989,0,2147483647,0.0,0.0,13,4,-87,GSM,0,0,0,-1,0,2147483647,0.0,0.0,13,4,-87,GSM,460,1,5198,42507,0,2147483647,0.0,0.0,11,3,-91,GSM,0,0,0,-1,0,2147483647,0.0,0.0,12,4,-89,GSM,460,1,5198,43857,0,2147483647,0.0,0.0,27,4,-59,GSM,0,0,0,-1,0,2147483647,0.0,0.0,12,4,-89,GSM
1523515131943,121.20573651,31.28598049,10.0,22.0,2.2925968,-69,true,-1,-1,5,56.0,4000.0,11.76910400390625,-24.92523193359375,52.7679443359375,1.7685867547988892,-0.4288378655910492,-2.4804184436798096,460,1,5198,43858,0,-1,0.0,0.0,0,0,0,,7,460,1,5198,43858,0,2147483647,0.0,0.0,20,4,-73,GSM,460,1,5198,49989,0,2147483647,0.0,0.0,14,4,-85,GSM,0,0,0,-1,0,2147483647,0.0,0.0,13,4,-87,GSM,460,1,5198,42507,0,2147483647,0.0,0.0,12,4,-89,GSM,0,0,0,-1,0,2147483647,0.0,0.0,12,4,-89,GSM,460,1,5198,43857,0,2147483647,0.0,0.0,25,4,-63,GSM,0,0,0,-1,0,2147483647,0.0,0.0,12,4,-89,GSM
1523515135016,121.20583351,31.2859499,13.0,18.0,2.8514206,-69,true,-1,-1,5,56.0,4000.0,12.640380859375,-12.32452392578125,58.4686279296875,1.572695255279541,-0.35597702860832214,-2.3655502796173096,460,1,5198,43857,0,-1,0.0,0.0,0,0,0,,6,460,1,5198,43857,0,2147483647,0.0,0.0,21,4,-71,GSM,460,1,5198,49989,0,2147483647,0.0,0.0,14,4,-85,GSM,0,0,0,-1,0,2147483647,0.0,0.0,13,4,-87,GSM,460,1,5198,42507,0,2147483647,0.0,0.0,12,4,-89,GSM,0,0,0,-1,0,2147483647,0.0,0.0,12,4,-89,GSM,0,0,0,-1,0,2147483647,0.0,0.0,12,4,-89,GSM
1523515138083,121.20593633,31.28590062,13.0,21.0,3.1027246,-69,true,-1,-1,5,56.0,4000.0,13.5101318359375,-17.42401123046875,58.7677001953125,1.5895659923553467,-0.4424732029438019,-2.408085823059082,460,1,5198,43857,0,-1,0.0,0.0,0,0,0,,7,460,1,5198,43857,0,2147483647,0.0,0.0,22,4,-69,GSM,460,1,5198,49989,0,2147483647,0.0,0.0,14,4,-85,GSM,0,0,0,-1,0,2147483647,0.0,0.0,13,4,-87,GSM,460,1,5198,42507,0,2147483647,0.0,0.0,13,4,-87,GSM,0,0,0,-1,0,2147483647,0.0,0.0,11,3,-91,GSM,0,0,0,-1,0,2147483647,0.0,0.0,12,4,-89,GSM,460,1,5198,43858,0,2147483647,0.0,0.0,19,4,-75,GSM
1523515141176,121.20593633,31.28590062,13.0,21.0,3.1027246,-69,true,-1,-1,5,56.0,4000.0,14.36920166015625,-15.924072265625,59.06829833984375,1.494219183921814,-0.5002638697624207,-2.460937261581421,460,1,5198,43857,0,-1,0.0,0.0,0,0,0,,6,460,1,5198,43857,0,2147483647,0.0,0.0,21,4,-71,GSM,460,1,5198,49989,0,2147483647,0.0,0.0,14,4,-85,GSM,0,0,0,-1,0,2147483647,0.0,0.0,13,4,-87,GSM,460,1,5198,42507,0,2147483647,0.0,0.0,13,4,-87,GSM,460,1,5198,43858,0,2147483647,0.0,0.0,18,4,-77,GSM,0,0,0,-1,0,2147483647,0.0,0.0,2,0,-109,GSM
1523515144240,121.20609229,31.28581467,11.0,28.0,3.8621883,-69,true,-1,-1,5,56.0,4000.0,15.40985107421875,-21.92535400390625,56.06842041015625,1.4628320932388306,-0.5987786054611206,-2.6025917530059814,460,1,5198,43857,0,-1,0.0,0.0,0,0,0,,6,460,1,5198,43857,0,2147483647,0.0,0.0,21,4,-71,GSM,460,1,5198,49989,0,2147483647,0.0,0.0,14,4,-85,GSM,0,0,0,-1,0,2147483647,0.0,0.0,13,4,-87,GSM,460,1,5198,42507,0,2147483647,0.0,0.0,13,4,-87,GSM,460,1,5198,43858,0,2147483647,0.0,0.0,18,4,-77,GSM,0,0,0,-1,0,2147483647,0.0,0.0,13,4,-87,GSM
1523515147453,121.20609229,31.28581467,11.0,28.0,3.8621883,-69,true,-1,-1,5,56.0,4000.0,14.72015380859375,-20.7244873046875,56.06842041015625,1.608383297920227,-0.4763617515563965,-2.5079550743103027,460,1,5198,43857,0,-1,0.0,0.0,0,0,0,,7,460,1,5198,43857,0,2147483647,0.0,0.0,19,4,-75,GSM,460,1,5198,49989,0,2147483647,0.0,0.0,14,4,-85,GSM,0,0,0,-1,0,2147483647,0.0,0.0,13,4,-87,GSM,460,1,5198,42507,0,2147483647,0.0,0.0,13,4,-87,GSM,460,1,5198,43858,0,2147483647,0.0,0.0,17,4,-79,GSM,0,0,0,-1,0,2147483647,0.0,0.0,13,4,-87,GSM,0,0,0,-1,0,2147483647,0.0,0.0,14,4,-85,GSM
1523515150384,121.20639635,31.28556084,10.0,22.0,4.8603706,-75,true,-1,-1,5,56.0,4000.0,16.45050048828125,-20.7244873046875,57.26776123046875,1.5907121896743774,-0.5135607719421387,-2.473846197128296,460,1,5198,43857,0,-1,0.0,0.0,0,0,0,,7,460,1,5198,43857,0,2147483647,0.0,0.0,18,4,-77,GSM,460,1,5198,49989,0,2147483647,0.0,0.0,14,4,-85,GSM,0,0,0,-1,0,2147483647,0.0,0.0,13,4,-87,GSM,460,1,5198,42507,0,2147483647,0.0,0.0,13,4,-87,GSM,460,1,5198,43858,0,2147483647,0.0,0.0,17,4,-79,GSM,0,0,0,-1,0,2147483647,0.0,0.0,13,4,-87,GSM,460,1,5198,56689,0,2147483647,0.0,0.0,14,4,-85,GSM
1523515153474,121.20639635,31.28556084,10.0,22.0,4.8603706,-81,true,-1,-1,5,56.0,4000.0,14.36920166015625,-18.32427978515625,59.06829833984375,1.60882568359375,-0.43367260694503784,-2.4244542121887207,460,1,5198,43857,0,-1,0.0,0.0,0,0,0,,7,460,1,5198,43857,0,2147483647,0.0,0.0,17,4,-79,GSM,460,1,5198,49989,0,2147483647,0.0,0.0,13,4,-87,GSM,0,0,0,-1,0,2147483647,0.0,0.0,13,4,-87,GSM,460,1,5198,42507,0,2147483647,0.0,0.0,13,4,-87,GSM,460,1,5198,43858,0,2147483647,0.0,0.0,16,4,-81,GSM,460,1,5198,57857,0,2147483647,0.0,0.0,12,4,-89,GSM,460,1,5198,56689,0,2147483647,0.0,0.0,14,4,-85,GSM
1523515156519,121.20661016,31.28536104,13.0,19.0,5.100353,-77,true,-1,-1,5,56.0,4000.0,13.67950439453125,-18.9239501953125,58.4686279296875,1.4942899942398071,-0.5256659984588623,-2.5191283226013184,460,1,5198,43857,0,-1,0.0,0.0,0,0,0,,7,460,1,5198,43857,0,2147483647,0.0,0.0,17,4,-79,GSM,460,1,5198,49989,0,2147483647,0.0,0.0,13,4,-87,GSM,0,0,0,-1,0,2147483647,0.0,0.0,13,4,-87,GSM,460,1,5198,42507,0,2147483647,0.0,0.0,14,4,-85,GSM,460,1,5198,43858,0,2147483647,0.0,0.0,16,4,-81,GSM,460,1,5198,56689,0,2147483647,0.0,0.0,14,4,-85,GSM,0,0,0,-1,0,2147483647,0.0,0.0,13,4,-87,GSM
1523515159585,121.20681975,31.28519982,12.0,13.0,3.2505538,-79,true,-1,-1,5,56.0,4000.0,-0.689697265625,-27.02484130859375,53.96881103515625,1.6508862972259521,-0.5164141058921814,-2.4528896808624268,460,1,5198,43857,0,-1,0.0,0.0,0,0,0,,7,460,1,5198,43857,0,2147483647,0.0,0.0,15,4,-83,GSM,460,1,5198,49989,0,2147483647,0.0,0.0,13,4,-87,GSM,0,0,0,-1,0,2147483647,0.0,0.0,13,4,-87,GSM,460,1,5198,42507,0,2147483647,0.0,0.0,14,4,-85,GSM,460,1,5198,43858,0,2147483647,0.0,0.0,15,4,-83,GSM,460,1,5198,56689,0,2147483647,0.0,0.0,14,4,-85,GSM,460,1,5198,42509,0,2147483647,0.0,0.0,13,4,-87,GSM
1523515162654,121.20687233,31.28515987,14.0,12.0,3.2503846,-79,true,-1,-1,5,56.0,4000.0,27.18963623046875,-17.724609375,53.06854248046875,1.6136579513549805,-0.384880006313324,-2.747488260269165,460,1,5198,43857,0,-1,0.0,0.0,0,0,0,,7,460,1,5198,43857,0,2147483647,0.0,0.0,15,4,-83,GSM,460,1,5198,49989,0,2147483647,0.0,0.0,13,4,-87,GSM,0,0,0,-1,0,2147483647,0.0,0.0,12,4,-89,GSM,460,1,5198,42507,0,2147483647,0.0,0.0,14,4,-85,GSM,460,1,5198,43858,0,2147483647,0.0,0.0,15,4,-83,GSM,460,1,5198,56689,0,2147483647,0.0,0.0,13,4,-87,GSM,460,1,5198,42509,0,2147483647,0.0,0.0,13,4,-87,GSM
1523515165747,121.20699293,31.28513459,12.0,15.0,2.8700173,-79,true,-1,-1,5,56.0,4000.0,21.13037109375,-19.82421875,53.96881103515625,1.4625120162963867,-0.6082156896591187,-2.6356027126312256,460,1,5198,43857,0,-1,0.0,0.0,0,0,0,,7,460,1,5198,43857,0,2147483647,0.0,0.0,15,4,-83,GSM,460,1,5198,49989,0,2147483647,0.0,0.0,13,4,-87,GSM,460,1,5198,42507,0,2147483647,0.0,0.0,13,4,-87,GSM,460,1,5198,43858,0,2147483647,0.0,0.0,14,4,-85,GSM,460,1,5198,56689,0,2147483647,0.0,0.0,14,4,-85,GSM,460,1,5198,42509,0,2147483647,0.0,0.0,13,4,-87,GSM,460,1,5198,57857,0,2147483647,0.0,0.0,12,4,-89,GSM
1523515168821,121.20708118,31.28508014,12.0,17.0,2.0231164,-79,true,-1,-1,5,56.0,4000.0,19.90966796875,-18.32427978515625,57.86895751953125,1.5156317949295044,-0.5150211453437805,-2.5674057006835938,460,1,5198,43857,0,-1,0.0,0.0,0,0,0,,7,460,1,5198,43857,0,2147483647,0.0,0.0,14,4,-85,GSM,460,1,5198,49989,0,2147483647,0.0,0.0,13,4,-87,GSM,460,1,5198,42507,0,2147483647,0.0,0.0,13,4,-87,GSM,460,1,5198,43858,0,2147483647,0.0,0.0,13,4,-87,GSM,460,1,5198,56689,0,2147483647,0.0,0.0,13,4,-87,GSM,460,1,5198,42509,0,2147483647,0.0,0.0,13,4,-87,GSM,460,1,5198,57857,0,2147483647,0.0,0.0,13,4,-87,GSM
1523515171893,121.20718478,31.28499621,12.0,17.0,3.6166973,-79,true,-1,-1,5,56.0,4000.0,14.03045654296875,-26.7242431640625,50.06866455078125,1.7261379957199097,-0.5785912871360779,-2.4229977130889893,460,1,5198,43857,0,-1,0.0,0.0,0,0,0,,7,460,1,5198,43857,0,2147483647,0.0,0.0,14,4,-85,GSM,460,1,5198,49989,0,2147483647,0.0,0.0,14,4,-85,GSM,460,1,5198,42507,0,2147483647,0.0,0.0,14,4,-85,GSM,460,1,5198,43858,0,2147483647,0.0,0.0,13,4,-87,GSM,460,1,5198,56689,0,2147483647,0.0,0.0,13,4,-87,GSM,460,1,5198,57857,0,2147483647,0.0,0.0,13,4,-87,GSM,0,0,0,-1,0,2147483647,0.0,0.0,12,4,-89,GSM
1523515174972,121.20726784,31.28492419,13.0,16.0,2.56,-79,true,-1,-1,5,56.0,4000.0,11.76910400390625,-30.6243896484375,50.96893310546875,1.8254269361495972,-0.5362414717674255,-2.397599220275879,460,1,5198,43857,0,-1,0.0,0.0,0,0,0,,7,460,1,5198,43857,0,2147483647,0.0,0.0,14,4,-85,GSM,460,1,5198,49989,0,2147483647,0.0,0.0,14,4,-85,GSM,460,1,5198,42507,0,2147483647,0.0,0.0,13,4,-87,GSM,460,1,5198,43858,0,2147483647,0.0,0.0,14,4,-85,GSM,460,1,5198,56689,0,2147483647,0.0,0.0,13,4,-87,GSM,460,1,5198,57857,0,2147483647,0.0,0.0,13,4,-87,GSM,460,1,5198,44572,0,2147483647,0.0,0.0,12,4,-89,GSM
1523515178039,121.20735426,31.28485413,10.0,16.0,3.150016,-79,true,-1,-1,5,56.0,4000.0,17.4896240234375,-25.52490234375,50.6683349609375,1.6627763509750366,-0.6054078936576843,-2.4891207218170166,460,1,5198,43857,0,-1,0.0,0.0,0,0,0,,7,460,1,5198,43857,0,2147483647,0.0,0.0,13,4,-87,GSM,460,1,5198,49989,0,2147483647,0.0,0.0,14,4,-85,GSM,460,1,5198,43858,0,2147483647,0.0,0.0,13,4,-87,GSM,460,1,5198,56689,0,2147483647,0.0,0.0,14,4,-85,GSM,460,1,5198,57857,0,2147483647,0.0,0.0,14,4,-85,GSM,460,1,5198,44572,0,2147483647,0.0,0.0,13,4,-87,GSM,460,1,5198,42509,0,2147483647,0.0,0.0,13,4,-87,GSM
1523515181128,121.20744595,31.28477498,11.0,20.0,3.3402395,-85,true,-1,-1,5,56.0,4000.0,11.76910400390625,-16.8243408203125,62.96844482421875,1.5573444366455078,-0.4514104723930359,-2.3586106300354004,460,1,5198,43857,0,-1,0.0,0.0,0,0,0,,6,460,1,5198,43857,0,2147483647,0.0,0.0,13,4,-87,GSM,460,1,5198,49989,0,2147483647,0.0,0.0,14,4,-85,GSM,460,1,5198,43858,0,2147483647,0.0,0.0,13,4,-87,GSM,460,1,5198,56689,0,2147483647,0.0,0.0,14,4,-85,GSM,460,1,5198,57857,0,2147483647,0.0,0.0,14,4,-85,GSM,460,1,5198,42509,0,2147483647,0.0,0.0,13,4,-87,GSM
1523515184207,121.20744595,31.28477498,11.0,20.0,3.3402395,-85,true,-1,-1,5,56.0,4000.0,11.94915771484375,-19.525146484375,55.46875,1.7594890594482422,-0.2900960147380829,-2.4767563343048096,460,1,5198,43857,0,-1,0.0,0.0,0,0,0,,6,460,1,5198,43857,0,2147483647,0.0,0.0,13,4,-87,GSM,460,1,5198,49989,0,2147483647,0.0,0.0,14,4,-85,GSM,460,1,5198,43858,0,2147483647,0.0,0.0,13,4,-87,GSM,460,1,5198,56689,0,2147483647,0.0,0.0,14,4,-85,GSM,460,1,5198,57857,0,2147483647,0.0,0.0,15,4,-83,GSM,460,1,5198,42507,0,2147483647,0.0,0.0,13,4,-87,GSM
1523515187256,121.207571,31.28467273,14.0,18.0,3.7104852,-85,true,-1,-1,5,56.0,4000.0,15.240478515625,-30.92498779296875,52.16827392578125,1.8810251951217651,-0.4985734224319458,-2.315727949142456,460,1,5198,57857,0,-1,0.0,0.0,0,0,0,,7,460,1,5198,57857,0,2147483647,0.0,0.0,13,4,-87,GSM,460,1,5198,43858,0,2147483647,0.0,0.0,13,4,-87,GSM,460,1,5198,56689,0,2147483647,0.0,0.0,14,4,-85,GSM,460,1,5198,42507,0,2147483647,0.0,0.0,14,4,-85,GSM,0,0,0,-1,0,2147483647,0.0,0.0,13,4,-87,GSM,460,1,5198,49989,0,2147483647,0.0,0.0,14,4,-85,GSM,0,0,0,-1,0,2147483647,0.0,0.0,20,4,-73,GSM
1523515190454,121.207571,31.28467273,14.0,18.0,3.7104852,-85,true,-1,-1,5,56.0,4000.0,14.03045654296875,-17.724609375,55.46875,1.7681092023849487,-0.2507302463054657,-2.36838436126709,460,1,5198,57857,0,-1,0.0,0.0,0,0,0,,7,460,1,5198,57857,0,2147483647,0.0,0.0,13,4,-87,GSM,460,1,5198,43858,0,2147483647,0.0,0.0,13,4,-87,GSM,460,1,5198,56689,0,2147483647,0.0,0.0,15,4,-83,GSM,460,1,5198,42507,0,2147483647,0.0,0.0,13,4,-87,GSM,460,1,5198,42509,0,2147483647,0.0,0.0,13,4,-87,GSM,460,1,5198,49989,0,2147483647,0.0,0.0,14,4,-85,GSM,0,0,0,-1,0,2147483647,0.0,0.0,18,4,-77,GSM
1523515193405,121.20773647,31.28453836,12.0,17.0,2.8501577,-85,true,-1,-1,5,56.0,4000.0,-1.21002197265625,-12.9241943359375,54.26788330078125,1.3899781703948975,-0.5219610333442688,-2.2991232872009277,460,1,5198,42519,0,-1,0.0,0.0,0,0,0,,7,460,1,5198,42519,0,2147483647,0.0,0.0,12,4,-89,GSM,460,1,5198,43858,0,2147483647,0.0,0.0,13,4,-87,GSM,460,1,5198,56689,0,2147483647,0.0,0.0,15,4,-83,GSM,460,1,5198,42507,0,2147483647,0.0,0.0,13,4,-87,GSM,460,1,5198,42509,0,2147483647,0.0,0.0,13,4,-87,GSM,460,1,5198,49989,0,2147483647,0.0,0.0,13,4,-87,GSM,460,1,5198,42519,0,2147483647,0.0,0.0,17,4,-79,GSM
1523515196470,121.20773647,31.28453836,12.0,17.0,2.8501577,-83,true,-1,-1,5,56.0,4000.0,7.269287109375,-35.723876953125,41.36810302734375,2.167159080505371,-0.4010302424430847,-2.263486862182617,460,1,5198,42519,0,-1,0.0,0.0,0,0,0,,4,460,1,5198,42519,0,2147483647,0.0,0.0,14,4,-85,GSM,460,1,5198,42507,0,2147483647,0.0,0.0,13,4,-87,GSM,460,1,5198,42509,0,2147483647,0.0,0.0,13,4,-87,GSM,460,1,5198,49989,0,2147483647,0.0,0.0,13,4,-87,GSM
1523515199533,121.20791867,31.28445963,13.0,16.0,3.5003572,-85,true,-1,-1,5,56.0,4000.0,9.70001220703125,-20.42388916015625,48.5687255859375,1.7533972263336182,-0.42904937267303467,-2.3184168338775635,460,1,5198,42519,0,-1,0.0,0.0,0,0,0,,5,460,1,5198,42519,0,2147483647,0.0,0.0,13,4,-87,GSM,460,1,5198,42507,0,2147483647,0.0,0.0,13,4,-87,GSM,460,1,5198,42509,0,2147483647,0.0,0.0,13,4,-87,GSM,460,1,5198,49989,0,2147483647,0.0,0.0,14,4,-85,GSM,0,0,0,-1,0,2147483647,0.0,0.0,12,4,-89,GSM
1523515202594,121.20813554,31.28431174,14.0,18.0,3.794272,-85,true,-1,-1,5,56.0,4000.0,12.469482421875,-27.92510986328125,49.16839599609375,1.8809431791305542,-0.4419378936290741,-2.3735275268554688,460,1,5198,42519,0,-1,0.0,0.0,0,0,0,,5,460,1,5198,42519,0,2147483647,0.0,0.0,13,4,-87,GSM,460,1,5198,42507,0,2147483647,0.0,0.0,12,4,-89,GSM,460,1,5198,42509,0,2147483647,0.0,0.0,13,4,-87,GSM,460,1,5198,49989,0,2147483647,0.0,0.0,14,4,-85,GSM,0,0,0,-1,0,2147483647,0.0,0.0,12,4,-89,GSM
1523515205657,121.20828195,31.28421825,14.0,18.0,3.810013,-85,true,-1,-1,5,56.0,4000.0,9.70001220703125,-27.02484130859375,51.568603515625,1.683424711227417,-0.632209062576294,-2.3298747539520264,460,1,5198,49989,0,-1,0.0,0.0,0,0,0,,5,460,1,5198,49989,0,2147483647,0.0,0.0,14,4,-85,GSM,460,1,5198,42509,0,2147483647,0.0,0.0,13,4,-87,GSM,0,0,0,-1,0,2147483647,0.0,0.0,12,4,-89,GSM,460,1,5198,42519,0,2147483647,0.0,0.0,13,4,-87,GSM,0,0,0,-1,0,2147483647,0.0,0.0,12,4,-89,GSM
1523515208708,121.20831729,31.28419563,14.0,16.0,3.1712773,-85,true,-1,-1,5,56.0,4000.0,14.72015380859375,-29.72412109375,50.6683349609375,1.8084293603897095,-0.5928286910057068,-2.319021701812744,460,1,5198,49989,0,-1,0.0,0.0,0,0,0,,3,460,1,5198,49989,0,2147483647,0.0,0.0,12,4,-89,GSM,460,1,5198,42509,0,2147483647,0.0,0.0,13,4,-87,GSM,460,1,5198,42519,0,2147483647,0.0,0.0,13,4,-87,GSM
1523515211789,121.20840068,31.28413986,13.0,15.0,2.5438554,-85,true,-1,-1,5,56.0,4000.0,14.1998291015625,-16.5252685546875,56.96868896484375,1.522745966911316,-0.4745207726955414,-2.4962542057037354,460,1,5198,49989,0,-1,0.0,0.0,0,0,0,,6,460,1,5198,49989,0,2147483647,0.0,0.0,13,4,-87,GSM,460,1,5198,42509,0,2147483647,0.0,0.0,13,4,-87,GSM,460,1,5198,42519,0,2147483647,0.0,0.0,13,4,-87,GSM,0,0,0,-1,0,2147483647,0.0,0.0,13,4,-87,GSM,460,1,5198,56689,0,2147483647,0.0,0.0,15,4,-83,GSM,0,0,0,-1,0,2147483647,0.0,0.0,14,4,-85,GSM
1523515214855,121.20843921,31.28410793,11.0,14.0,3.21,-85,true,-1,-1,5,56.0,4000.0,14.36920166015625,-22.8240966796875,55.46875,1.7110464572906494,-0.44752445816993713,-2.4179656505584717,460,1,5198,49989,0,-1,0.0,0.0,0,0,0,,6,460,1,5198,49989,0,2147483647,0.0,0.0,14,4,-85,GSM,460,1,5198,42509,0,2147483647,0.0,0.0,14,4,-85,GSM,460,1,5198,42519,0,2147483647,0.0,0.0,12,4,-89,GSM,0,0,0,-1,0,2147483647,0.0,0.0,13,4,-87,GSM,460,1,5198,56689,0,2147483647,0.0,0.0,15,4,-83,GSM,0,0,0,-1,0,2147483647,0.0,0.0,14,4,-85,GSM
1523515217928,121.20851291,31.28404728,10.0,14.0,2.511613,-85,true,-1,-1,5,56.0,4000.0,12.469482421875,-26.12457275390625,55.16815185546875,1.7308803796768188,-0.4890902042388916,-2.424771547317505,460,1,5198,49989,0,-1,0.0,0.0,0,0,0,,6,460,1,5198,49989,0,2147483647,0.0,0.0,12,4,-89,GSM,460,1,5198,42509,0,2147483647,0.0,0.0,14,4,-85,GSM,460,1,5198,42519,0,2147483647,0.0,0.0,12,4,-89,GSM,0,0,0,-1,0,2147483647,0.0,0.0,14,4,-85,GSM,460,1,5198,56689,0,2147483647,0.0,0.0,14,4,-85,GSM,0,0,0,-1,0,2147483647,0.0,0.0,14,4,-85,GSM
1523515221000,121.20859079,31.28399071,10.0,16.0,3.0705862,-85,true,-1,-1,5,56.0,4000.0,13.67950439453125,-24.02496337890625,56.06842041015625,1.6692582368850708,-0.510944128036499,-2.425980567932129,460,1,5198,49989,0,-1,0.0,0.0,0,0,0,,6,460,1,5198,49989,0,2147483647,0.0,0.0,12,4,-89,GSM,460,1,5198,42509,0,2147483647,0.0,0.0,15,4,-83,GSM,460,1,5198,42519,0,2147483647,0.0,0.0,12,4,-89,GSM,0,0,0,-1,0,2147483647,0.0,0.0,14,4,-85,GSM,460,1,5198,56689,0,2147483647,0.0,0.0,14,4,-85,GSM,0,0,0,-1,0,2147483647,0.0,0.0,13,4,-87,GSM
1523515224072,121.20869422,31.28391872,16.0,11.0,3.2700152,-85,true,-1,-1,5,56.0,4000.0,0.34942626953125,7.47528076171875,50.36773681640625,0.9864371418952942,-0.47049403190612793,-2.381948232650757,460,1,5198,42509,0,-1,0.0,0.0,0,0,0,,6,460,1,5198,42509,0,2147483647,0.0,0.0,16,4,-81,GSM,460,1,5198,42519,0,2147483647,0.0,0.0,12,4,-89,GSM,460,1,5198,42507,0,2147483647,0.0,0.0,14,4,-85,GSM,0,0,0,-1,0,2147483647,0.0,0.0,13,4,-87,GSM,460,1,5198,49989,0,2147483647,0.0,0.0,12,4,-89,GSM,0,0,0,-1,0,2147483647,0.0,0.0,13,4,-87,GSM
1523515227129,121.20878383,31.28388002,15.0,12.0,3.9536564,-81,true,-1,-1,5,56.0,4000.0,-21.11968994140625,6.8756103515625,45.56884765625,0.5175318717956543,-0.41502314805984497,-2.4123950004577637,460,1,5198,42509,0,-1,0.0,0.0,0,0,0,,6,460,1,5198,42509,0,2147483647,0.0,0.0,14,4,-85,GSM,460,1,5198,42519,0,2147483647,0.0,0.0,12,4,-89,GSM,460,1,5198,42507,0,2147483647,0.0,0.0,14,4,-85,GSM,460,1,5198,57857,0,2147483647,0.0,0.0,12,4,-89,GSM,460,1,5198,49989,0,2147483647,0.0,0.0,12,4,-89,GSM,460,1,5198,56688,0,2147483647,0.0,0.0,13,4,-87,GSM
1523515230215,121.20891114,31.28390161,14.0,17.0,2.6501698,-85,true,-1,-1,5,56.0,4000.0,-23.71978759765625,11.676025390625,33.26873779296875,0.14654701948165894,-0.4468223750591278,-2.420545816421509,460,1,5198,42509,0,-1,0.0,0.0,0,0,0,,7,460,1,5198,42509,0,2147483647,0.0,0.0,13,4,-87,GSM,460,1,5198,42519,0,2147483647,0.0,0.0,12,4,-89,GSM,460,1,5198,42507,0,2147483647,0.0,0.0,14,4,-85,GSM,460,1,5198,57857,0,2147483647,0.0,0.0,10,3,-93,GSM,460,1,5198,49989,0,2147483647,0.0,0.0,11,3,-91,GSM,460,1,5198,56688,0,2147483647,0.0,0.0,13,4,-87,GSM,0,0,0,-1,0,2147483647,0.0,0.0,13,4,-87,GSM
1523515233280,121.20893429,31.28401326,13.0,15.0,2.683617,-85,true,-1,-1,5,56.0,4000.0,-28.23028564453125,7.77587890625,38.6688232421875,0.11885019391775131,-0.4425772726535797,-2.442380428314209,460,1,5198,42509,0,-1,0.0,0.0,0,0,0,,6,460,1,5198,42509,0,2147483647,0.0,0.0,12,4,-89,GSM,460,1,5198,42519,0,2147483647,0.0,0.0,12,4,-89,GSM,460,1,5198,42507,0,2147483647,0.0,0.0,14,4,-85,GSM,460,1,5198,49989,0,2147483647,0.0,0.0,12,4,-89,GSM,460,1,5198,56688,0,2147483647,0.0,0.0,12,4,-89,GSM,460,1,5198,42518,0,2147483647,0.0,0.0,14,4,-85,GSM
1523515236367,121.20898079,31.28413108,12.0,15.0,3.55,-85,true,-1,-1,5,56.0,4000.0,-30.999755859375,10.17608642578125,35.0677490234375,-0.10559842735528946,-0.5339369177818298,-2.491389513015747,460,1,5198,42509,0,-1,0.0,0.0,0,0,0,,6,460,1,5198,42509,0,2147483647,0.0,0.0,13,4,-87,GSM,460,1,5198,42519,0,2147483647,0.0,0.0,13,4,-87,GSM,460,1,5198,42507,0,2147483647,0.0,0.0,15,4,-83,GSM,460,1,5198,49989,0,2147483647,0.0,0.0,12,4,-89,GSM,460,1,5198,56688,0,2147483647,0.0,0.0,11,3,-91,GSM,460,1,5198,42518,0,2147483647,0.0,0.0,15,4,-83,GSM
1523515239432,121.20905631,31.28430349,14.0,15.0,4.1705875,-85,true,-1,-1,5,56.0,4000.0,-28.399658203125,12.8753662109375,25.76751708984375,-0.06531395763158798,-0.40450239181518555,-2.3535590171813965,460,1,5198,42518,0,-1,0.0,0.0,0,0,0,,5,460,1,5198,42518,0,2147483647,0.0,0.0,18,4,-77,GSM,460,1,5198,42519,0,2147483647,0.0,0.0,13,4,-87,GSM,460,1,5198,49989,0,2147483647,0.0,0.0,12,4,-89,GSM,460,1,5198,56688,0,2147483647,0.0,0.0,11,3,-91,GSM,460,1,5198,42509,0,2147483647,0.0,0.0,14,4,-85,GSM
1523515242496,121.20910665,31.28439577,15.0,15.0,2.104899,-67,true,-1,-1,5,56.0,4000.0,-19.74029541015625,11.0748291015625,46.16851806640625,0.4727596938610077,-0.4108380377292633,-2.4345593452453613,460,1,5198,42518,0,-1,0.0,0.0,0,0,0,,6,460,1,5198,42518,0,2147483647,0.0,0.0,25,4,-63,GSM,460,1,5198,42519,0,2147483647,0.0,0.0,13,4,-87,GSM,460,1,5198,49989,0,2147483647,0.0,0.0,12,4,-89,GSM,460,1,5198,56688,0,2147483647,0.0,0.0,11,3,-91,GSM,460,1,5198,42509,0,2147483647,0.0,0.0,14,4,-85,GSM,460,1,5198,42507,0,2147483647,0.0,0.0,15,4,-83,GSM
1523515245553,121.20914538,31.28441639,17.0,16.0,2.9900167,-67,true,-1,-1,5,56.0,4000.0,-4.31976318359375,1.1749267578125,50.6683349609375,1.106392502784729,-0.34139877557754517,-2.431236505508423,460,1,5198,42518,0,-1,0.0,0.0,0,0,0,,7,460,1,5198,42518,0,2147483647,0.0,0.0,21,4,-71,GSM,460,1,5198,42519,0,2147483647,0.0,0.0,13,4,-87,GSM,460,1,5198,49989,0,2147483647,0.0,0.0,11,3,-91,GSM,460,1,5198,56688,0,2147483647,0.0,0.0,11,3,-91,GSM,460,1,5198,42509,0,2147483647,0.0,0.0,14,4,-85,GSM,460,1,5198,42507,0,2147483647,0.0,0.0,15,4,-83,GSM,0,0,0,-1,0,2147483647,0.0,0.0,10,3,-93,GSM
1523515248652,121.20929265,31.28443021,14.0,11.0,3.2607515,-73,true,-1,-1,5,56.0,4000.0,10.55908203125,-3.32489013671875,66.86859130859375,1.3163799047470093,-0.4552885591983795,-2.3479373455047607,460,1,5198,42518,0,-1,0.0,0.0,0,0,0,,6,460,1,5198,42518,0,2147483647,0.0,0.0,16,4,-81,GSM,460,1,5198,42519,0,2147483647,0.0,0.0,13,4,-87,GSM,460,1,5198,49989,0,2147483647,0.0,0.0,11,3,-91,GSM,460,1,5198,56688,0,2147483647,0.0,0.0,11,3,-91,GSM,460,1,5198,42509,0,2147483647,0.0,0.0,14,4,-85,GSM,460,1,5198,42507,0,2147483647,0.0,0.0,16,4,-81,GSM
1523515251713,121.20941464,31.28444752,13.0,12.0,2.96,-73,true,-1,-1,5,56.0,4000.0,-0.860595703125,5.37567138671875,56.6680908203125,0.9524776339530945,-0.4687560498714447,-2.4600107669830322,460,1,5198,42518,0,-1,0.0,0.0,0,0,0,,6,460,1,5198,42518,0,2147483647,0.0,0.0,15,4,-83,GSM,460,1,5198,42519,0,2147483647,0.0,0.0,12,4,-89,GSM,460,1,5198,49989,0,2147483647,0.0,0.0,11,3,-91,GSM,460,1,5198,56688,0,2147483647,0.0,0.0,11,3,-91,GSM,460,1,5198,42509,0,2147483647,0.0,0.0,15,4,-83,GSM,460,1,5198,42507,0,2147483647,0.0,0.0,17,4,-79,GSM
1523515254847,121.20956393,31.28442744,21.0,18.0,2.490723,-79,true,-1,-1,5,56.0,4000.0,11.07940673828125,-21.92535400390625,52.16827392578125,1.6801949739456177,-0.47359466552734375,-2.438214063644409,460,1,5198,42518,0,-1,0.0,0.0,0,0,0,,5,460,1,5198,42518,0,2147483647,0.0,0.0,14,4,-85,GSM,460,1,5198,42519,0,2147483647,0.0,0.0,12,4,-89,GSM,460,1,5198,56688,0,2147483647,0.0,0.0,11,3,-91,GSM,460,1,5198,42509,0,2147483647,0.0,0.0,15,4,-83,GSM,460,1,5198,42507,0,2147483647,0.0,0.0,17,4,-79,GSM
1523515257919,121.20962714,31.28443715,20.0,16.0,1.4921461,-79,true,-1,-1,5,56.0,4000.0,-18.69964599609375,-43.82476806640625,-19.232177734375,2.6507465839385986,-0.3528839647769928,-0.01705060340464115,460,1,5198,42507,0,-1,0.0,0.0,0,0,0,,5,460,1,5198,42507,0,2147483647,0.0,0.0,18,4,-77,GSM,460,1,5198,42519,0,2147483647,0.0,0.0,11,3,-91,GSM,460,1,5198,42518,0,2147483647,0.0,0.0,13,4,-87,GSM,0,0,0,-1,0,2147483647,0.0,0.0,11,3,-91,GSM,0,0,0,-1,0,2147483647,0.0,0.0,11,3,-91,GSM
1523515260987,121.2096841,31.28443135,20.0,22.0,1.2414508,-77,true,-1,-1,5,56.0,4000.0,9.51995849609375,-34.22393798828125,25.46844482421875,2.4517219066619873,-0.3016948997974396,-2.441235303878784,460,1,5198,42507,0,-1,0.0,0.0,0,0,0,,6,460,1,5198,42507,0,2147483647,0.0,0.0,18,4,-77,GSM,460,1,5198,42519,0,2147483647,0.0,0.0,11,3,-91,GSM,460,1,5198,42518,0,2147483647,0.0,0.0,13,4,-87,GSM,0,0,0,-1,0,2147483647,0.0,0.0,11,3,-91,GSM,0,0,0,-1,0,2147483647,0.0,0.0,11,3,-91,GSM,0,0,0,-1,0,2147483647,0.0,0.0,12,4,-89,GSM
1523515264075,121.2096841,31.28443135,20.0,22.0,1.2414508,-77,true,-1,-1,5,56.0,4000.0,-2.25067138671875,-36.6241455078125,21.868896484375,2.6064398288726807,-0.45129913091659546,-2.255866527557373,460,1,5198,42507,0,-1,0.0,0.0,0,0,0,,6,460,1,5198,42507,0,2147483647,0.0,0.0,16,4,-81,GSM,460,1,5198,42518,0,2147483647,0.0,0.0,13,4,-87,GSM,0,0,0,-1,0,2147483647,0.0,0.0,11,3,-91,GSM,0,0,0,-1,0,2147483647,0.0,0.0,11,3,-91,GSM,0,0,0,-1,0,2147483647,0.0,0.0,11,3,-91,GSM,460,1,5198,42509,0,2147483647,0.0,0.0,15,4,-83,GSM
1523515267142,121.20970794,31.28441936,19.0,32.0,0.02,-79,true,-1,-1,5,56.0,4000.0,-33.770751953125,-22.5250244140625,2.06756591796875,-2.190063238143921,-0.29013222455978394,-2.2303924560546875,460,1,5198,42507,0,-1,0.0,0.0,0,0,0,,7,460,1,5198,42507,0,2147483647,0.0,0.0,15,4,-83,GSM,460,1,5198,42518,0,2147483647,0.0,0.0,11,3,-91,GSM,0,0,0,-1,0,2147483647,0.0,0.0,9,3,-95,GSM,0,0,0,-1,0,2147483647,0.0,0.0,10,3,-93,GSM,0,0,0,-1,0,2147483647,0.0,0.0,10,3,-93,GSM,460,1,5198,42509,0,2147483647,0.0,0.0,13,4,-87,GSM,0,0,0,-1,0,2147483647,0.0,0.0,9,3,-95,GSM
1523515270199,121.20970794,31.28441936,19.0,32.0,0.02,-79,true,-1,-1,5,56.0,4000.0,1.39007568359375,24.27520751953125,-51.63116455078125,-0.22752070426940918,-0.1626625955104828,-0.11807414889335632,460,1,5198,42507,0,-1,0.0,0.0,0,0,0,,7,460,1,5198,42507,0,2147483647,0.0,0.0,16,4,-81,GSM,460,1,5198,42518,0,2147483647,0.0,0.0,10,3,-93,GSM,0,0,0,-1,0,2147483647,0.0,0.0,8,3,-97,GSM,0,0,0,-1,0,2147483647,0.0,0.0,10,3,-93,GSM,0,0,0,-1,0,2147483647,0.0,0.0,9,3,-95,GSM,460,1,5198,42509,0,2147483647,0.0,0.0,13,4,-87,GSM,0,0,0,-1,0,2147483647,0.0,0.0,9,3,-95,GSM
