IMEI:862305032225518
IMSI:460091042103139
OSVersion:3.10.73-perf-g94fc9a6
apiLevel:5.1.1
model:Redmi Note 3
device:kenzo
product:kenzo
76
1523685935863,121.21366509,31.28928016,13.0,7.0,2.192373,-75,true,-1,-1,5,41.0,4000.0,-3.80096435546875,-42.02423095703125,-27.032470703125,-3.12668776512146,-0.06850875914096832,-0.16156624257564545,460,1,5198,42518,0,-1,0.0,0.0,0,0,0,,5,460,1,5198,42518,0,2147483647,0.0,0.0,19,4,-75,GSM,460,1,5198,49989,0,2147483647,0.0,0.0,11,3,-91,GSM,460,1,5198,17029,0,2147483647,0.0,0.0,11,3,-91,GSM,460,1,5198,56688,0,2147483647,0.0,0.0,17,4,-79,GSM,460,1,5198,49988,0,2147483647,0.0,0.0,16,4,-81,GSM
1523685938912,121.21366304,31.28917936,40.0,9.0,2.1964746,-75,true,-1,-1,5,41.0,4000.0,20.0897216796875,-47.42431640625,56.96868896484375,1.9255485534667969,-0.6462706923484802,-2.448049783706665,460,1,5198,42518,0,-1,0.0,0.0,0,0,0,,6,460,1,5198,42518,0,2147483647,0.0,0.0,17,4,-79,GSM,460,1,5198,49989,0,2147483647,0.0,0.0,10,3,-93,GSM,460,1,5198,17029,0,2147483647,0.0,0.0,10,3,-93,GSM,460,1,5198,56688,0,2147483647,0.0,0.0,17,4,-79,GSM,460,1,5198,49988,0,2147483647,0.0,0.0,15,4,-83,GSM,460,1,5198,42519,0,2147483647,0.0,0.0,10,3,-93,GSM
1523685941983,121.21376873,31.28919841,13.0,6.0,3.2040756,-75,true,-1,-1,5,41.0,4000.0,24.2401123046875,-46.82464599609375,52.16827392578125,2.104449987411499,-0.45032450556755066,-2.5882041454315186,460,1,5198,42518,0,-1,0.0,0.0,0,0,0,,7,460,1,5198,42518,0,2147483647,0.0,0.0,13,4,-87,GSM,460,1,5198,49989,0,2147483647,0.0,0.0,10,3,-93,GSM,460,1,5198,56688,0,2147483647,0.0,0.0,16,4,-81,GSM,460,1,5198,49988,0,2147483647,0.0,0.0,14,4,-85,GSM,460,1,5198,42519,0,2147483647,0.0,0.0,11,3,-91,GSM,0,0,0,-1,0,2147483647,0.0,0.0,11,3,-91,GSM,0,0,0,-1,0,2147483647,0.0,0.0,10,3,-93,GSM
1523685945031,121.21381393,31.28904063,13.0,11.0,3.202577,-85,true,-1,-1,5,41.0,4000.0,12.469482421875,-66.0247802734375,28.167724609375,2.630280017852783,-0.5344735383987427,-2.365572690963745,460,1,5198,42518,0,-1,0.0,0.0,0,0,0,,6,460,1,5198,42518,0,2147483647,0.0,0.0,12,4,-89,GSM,460,1,5198,49989,0,2147483647,0.0,0.0,10,3,-93,GSM,460,1,5198,56688,0,2147483647,0.0,0.0,17,4,-79,GSM,460,1,5198,49988,0,2147483647,0.0,0.0,14,4,-85,GSM,460,1,5198,42519,0,2147483647,0.0,0.0,11,3,-91,GSM,0,0,0,-1,0,2147483647,0.0,0.0,11,3,-91,GSM
1523685948102,121.21381393,31.28904063,13.0,11.0,3.202577,-85,true,-1,-1,5,41.0,4000.0,21.13037109375,-65.72418212890625,31.1676025390625,2.4603703022003174,-0.6612635254859924,-2.6533031463623047,460,1,5198,56688,0,-1,0.0,0.0,0,0,0,,4,460,1,5198,56688,0,2147483647,0.0,0.0,15,4,-83,GSM,460,1,5198,49988,0,2147483647,0.0,0.0,13,4,-87,GSM,460,1,5198,42519,0,2147483647,0.0,0.0,11,3,-91,GSM,460,1,5198,17029,0,2147483647,0.0,0.0,9,3,-95,GSM
1523685951170,121.21391491,31.28902912,6.0,7.0,3.5003145,-81,true,-1,-1,5,41.0,4000.0,15.240478515625,-63.323974609375,32.9681396484375,2.4846014976501465,-0.6249549388885498,-2.318540573120117,460,1,5198,56688,0,-1,0.0,0.0,0,0,0,,5,460,1,5198,56688,0,2147483647,0.0,0.0,17,4,-79,GSM,460,1,5198,49988,0,2147483647,0.0,0.0,13,4,-87,GSM,460,1,5198,42519,0,2147483647,0.0,0.0,10,3,-93,GSM,460,1,5198,42518,0,2147483647,0.0,0.0,13,4,-87,GSM,0,0,0,-1,0,2147483647,0.0,0.0,9,3,-95,GSM
1523685954241,121.21391491,31.28902912,6.0,7.0,3.5003145,-79,true,-1,-1,5,41.0,4000.0,19.90966796875,-61.52496337890625,38.6688232421875,2.3987245559692383,-0.5733180642127991,-2.7238526344299316,460,1,5198,56688,0,-1,0.0,0.0,0,0,0,,6,460,1,5198,56688,0,2147483647,0.0,0.0,18,4,-77,GSM,460,1,5198,49988,0,2147483647,0.0,0.0,13,4,-87,GSM,460,1,5198,42519,0,2147483647,0.0,0.0,10,3,-93,GSM,460,1,5198,42518,0,2147483647,0.0,0.0,13,4,-87,GSM,460,1,5198,49989,0,2147483647,0.0,0.0,9,3,-95,GSM,460,1,5198,56689,0,2147483647,0.0,0.0,10,3,-93,GSM
1523685957331,121.21382735,31.288823,24.0,9.0,2.9506102,-79,true,-1,-1,5,41.0,4000.0,19.56939697265625,-61.82403564453125,36.26861572265625,2.4168941974639893,-0.5801723599433899,-2.483625888824463,460,1,5198,56688,0,-1,0.0,0.0,0,0,0,,6,460,1,5198,56688,0,2147483647,0.0,0.0,17,4,-79,GSM,460,1,5198,49988,0,2147483647,0.0,0.0,12,4,-89,GSM,460,1,5198,42519,0,2147483647,0.0,0.0,9,3,-95,GSM,460,1,5198,42518,0,2147483647,0.0,0.0,13,4,-87,GSM,460,1,5198,49989,0,2147483647,0.0,0.0,9,3,-95,GSM,460,1,5198,56689,0,2147483647,0.0,0.0,10,3,-93,GSM
1523685960383,121.21361251,31.28867573,29.0,8.0,2.1623137,-79,true,-1,-1,5,41.0,4000.0,18.87969970703125,-57.025146484375,44.6685791015625,2.418290615081787,-0.3216139078140259,-2.5643937587738037,460,1,5198,56688,0,-1,0.0,0.0,0,0,0,,5,460,1,5198,56688,0,2147483647,0.0,0.0,15,4,-83,GSM,460,1,5198,49988,0,2147483647,0.0,0.0,12,4,-89,GSM,460,1,5198,42518,0,2147483647,0.0,0.0,12,4,-89,GSM,460,1,5198,49989,0,2147483647,0.0,0.0,10,3,-93,GSM,460,1,5198,56689,0,2147483647,0.0,0.0,9,3,-95,GSM
1523685963452,121.21372676,31.28843381,32.0,13.0,6.422811,-83,true,-1,-1,5,41.0,4000.0,11.94915771484375,-62.42523193359375,30.26885986328125,2.6221868991851807,-0.4586115777492523,-2.501117467880249,460,1,5198,56688,0,-1,0.0,0.0,0,0,0,,5,460,1,5198,56688,0,2147483647,0.0,0.0,16,4,-81,GSM,460,1,5198,49988,0,2147483647,0.0,0.0,11,3,-91,GSM,460,1,5198,42518,0,2147483647,0.0,0.0,10,3,-93,GSM,460,1,5198,49989,0,2147483647,0.0,0.0,11,3,-91,GSM,460,1,5198,56689,0,2147483647,0.0,0.0,8,3,-97,GSM
1523685966522,121.21372676,31.28843381,32.0,13.0,6.422811,-83,true,-1,-1,5,41.0,4000.0,19.4000244140625,-60.62469482421875,43.16864013671875,2.5348305702209473,-0.44213682413101196,-2.9732162952423096,460,1,5198,56688,0,-1,0.0,0.0,0,0,0,,5,460,1,5198,56688,0,2147483647,0.0,0.0,16,4,-81,GSM,460,1,5198,49988,0,2147483647,0.0,0.0,11,3,-91,GSM,460,1,5198,42518,0,2147483647,0.0,0.0,9,3,-95,GSM,460,1,5198,49989,0,2147483647,0.0,0.0,11,3,-91,GSM,460,1,5198,56689,0,2147483647,0.0,0.0,8,3,-97,GSM
1523685969626,121.21364579,31.2883746,36.0,17.0,3.8817134,-83,true,-1,-1,5,41.0,4000.0,17.32025146484375,-60.92529296875,37.16888427734375,2.4842581748962402,-0.46971583366394043,-2.6069746017456055,460,1,5198,56688,0,-1,0.0,0.0,0,0,0,,5,460,1,5198,56688,0,2147483647,0.0,0.0,16,4,-81,GSM,460,1,5198,49988,0,2147483647,0.0,0.0,10,3,-93,GSM,460,1,5198,42518,0,2147483647,0.0,0.0,9,3,-95,GSM,460,1,5198,49989,0,2147483647,0.0,0.0,10,3,-93,GSM,460,1,5198,56689,0,2147483647,0.0,0.0,8,3,-97,GSM
1523685972715,121.21364175,31.28822373,6.0,8.0,6.1664414,-83,true,-1,-1,5,41.0,4000.0,13.330078125,-63.9251708984375,32.06787109375,2.6113102436065674,-0.5145888328552246,-2.690648078918457,460,1,5198,56688,0,-1,0.0,0.0,0,0,0,,5,460,1,5198,56688,0,2147483647,0.0,0.0,13,4,-87,GSM,460,1,5198,49988,0,2147483647,0.0,0.0,10,3,-93,GSM,460,1,5198,42518,0,2147483647,0.0,0.0,10,3,-93,GSM,460,1,5198,49989,0,2147483647,0.0,0.0,10,3,-93,GSM,460,1,5198,56689,0,2147483647,0.0,0.0,8,3,-97,GSM
1523685975796,121.21364175,31.28822373,6.0,8.0,6.1664414,-85,true,-1,-1,5,41.0,4000.0,10.7391357421875,-64.82391357421875,23.36883544921875,2.706019639968872,-0.6121692657470703,-2.6462483406066895,460,1,5198,56688,0,-1,0.0,0.0,0,0,0,,6,460,1,5198,56688,0,2147483647,0.0,0.0,14,4,-85,GSM,460,1,5198,49988,0,2147483647,0.0,0.0,10,3,-93,GSM,460,1,5198,42518,0,2147483647,0.0,0.0,10,3,-93,GSM,460,1,5198,49989,0,2147483647,0.0,0.0,9,3,-95,GSM,460,1,5198,56689,0,2147483647,0.0,0.0,8,3,-97,GSM,460,1,5198,17029,0,2147483647,0.0,0.0,8,3,-97,GSM
1523685978872,121.21350046,31.28799821,42.0,16.0,3.4820683,-85,true,-1,-1,5,40.0,4000.0,9.34906005859375,-64.82391357421875,25.76751708984375,2.6605777740478516,-0.6415231227874756,-2.5581562519073486,460,1,5198,56688,0,-1,0.0,0.0,0,0,0,,4,460,1,5198,56688,0,2147483647,0.0,0.0,13,4,-87,GSM,460,1,5198,49988,0,2147483647,0.0,0.0,10,3,-93,GSM,460,1,5198,42518,0,2147483647,0.0,0.0,11,3,-91,GSM,460,1,5198,49989,0,2147483647,0.0,0.0,9,3,-95,GSM
1523685981922,121.21350046,31.28799821,42.0,16.0,3.4820683,-85,true,-1,-1,5,40.0,4000.0,8.9996337890625,-63.323974609375,28.167724609375,2.65822172164917,-0.5405879616737366,-2.5191147327423096,460,1,5198,56688,0,-1,0.0,0.0,0,0,0,,5,460,1,5198,56688,0,2147483647,0.0,0.0,13,4,-87,GSM,460,1,5198,49988,0,2147483647,0.0,0.0,10,3,-93,GSM,460,1,5198,42518,0,2147483647,0.0,0.0,12,4,-89,GSM,460,1,5198,49989,0,2147483647,0.0,0.0,9,3,-95,GSM,0,0,0,-1,0,2147483647,0.0,0.0,9,3,-95,GSM
1523685985015,121.21333241,31.28791153,44.0,17.0,2.99548,-85,true,-1,-1,5,40.0,4000.0,7.6202392578125,-62.1246337890625,25.1678466796875,2.7314929962158203,-0.49426451325416565,-2.551340341567993,460,1,5198,56688,0,-1,0.0,0.0,0,0,0,,4,460,1,5198,56688,0,2147483647,0.0,0.0,14,4,-85,GSM,460,1,5198,49988,0,2147483647,0.0,0.0,9,3,-95,GSM,460,1,5198,42518,0,2147483647,0.0,0.0,12,4,-89,GSM,460,1,5198,42507,0,2147483647,0.0,0.0,9,3,-95,GSM
1523685988065,121.21333241,31.28791153,44.0,17.0,2.99548,-85,true,-1,-1,5,40.0,4000.0,9.1796875,-59.124755859375,27.26898193359375,2.660055637359619,-0.5265241861343384,-2.608065366744995,460,1,5198,56688,0,-1,0.0,0.0,0,0,0,,4,460,1,5198,56688,0,2147483647,0.0,0.0,14,4,-85,GSM,460,1,5198,49988,0,2147483647,0.0,0.0,8,3,-97,GSM,460,1,5198,42518,0,2147483647,0.0,0.0,13,4,-87,GSM,460,1,5198,42507,0,2147483647,0.0,0.0,11,3,-91,GSM
1523685991134,121.21355585,31.28807928,36.0,19.0,1.0846658,-85,true,-1,-1,5,40.0,4000.0,4.49981689453125,-54.3243408203125,21.56829833984375,2.7579169273376465,-0.5768245458602905,-2.6116390228271484,460,1,5198,56688,0,-1,0.0,0.0,0,0,0,,5,460,1,5198,56688,0,2147483647,0.0,0.0,13,4,-87,GSM,460,1,5198,49988,0,2147483647,0.0,0.0,8,3,-97,GSM,460,1,5198,42518,0,2147483647,0.0,0.0,15,4,-83,GSM,460,1,5198,42507,0,2147483647,0.0,0.0,11,3,-91,GSM,460,1,5198,49989,0,2147483647,0.0,0.0,7,2,-99,GSM
1523685994202,121.21355585,31.28807928,36.0,19.0,1.0846658,-85,true,-1,-1,5,40.0,4000.0,8.1390380859375,-58.2244873046875,27.86865234375,2.6973745822906494,-0.4148535430431366,-2.5841314792633057,460,1,5198,56688,0,-1,0.0,0.0,0,0,0,,5,460,1,5198,56688,0,2147483647,0.0,0.0,13,4,-87,GSM,460,1,5198,49988,0,2147483647,0.0,0.0,9,3,-95,GSM,460,1,5198,42518,0,2147483647,0.0,0.0,15,4,-83,GSM,460,1,5198,42507,0,2147483647,0.0,0.0,11,3,-91,GSM,460,1,5198,49989,0,2147483647,0.0,0.0,7,2,-99,GSM
1523685997269,121.21314608,31.28749067,44.0,20.0,7.1395235,-85,true,-1,-1,5,40.0,4000.0,4.3304443359375,-60.62469482421875,26.068115234375,2.709552049636841,-0.570097804069519,-2.5065996646881104,460,1,5198,42518,0,-1,0.0,0.0,0,0,0,,5,460,1,5198,42518,0,2147483647,0.0,0.0,17,4,-79,GSM,460,1,5198,49988,0,2147483647,0.0,0.0,9,3,-95,GSM,460,1,5198,42507,0,2147483647,0.0,0.0,13,4,-87,GSM,460,1,5198,49989,0,2147483647,0.0,0.0,7,2,-99,GSM,0,0,0,-1,0,2147483647,0.0,0.0,10,3,-93,GSM
1523686000359,121.21306608,31.28744192,31.0,18.0,0.9570789,-77,true,-1,-1,5,40.0,4000.0,11.76910400390625,-63.323974609375,29.96826171875,2.611104726791382,-0.5962315797805786,-2.6986052989959717,460,1,5198,42518,0,-1,0.0,0.0,0,0,0,,5,460,1,5198,42518,0,2147483647,0.0,0.0,18,4,-77,GSM,460,1,5198,49988,0,2147483647,0.0,0.0,9,3,-95,GSM,460,1,5198,42507,0,2147483647,0.0,0.0,13,4,-87,GSM,0,0,0,-1,0,2147483647,0.0,0.0,11,3,-91,GSM,460,1,5198,56688,0,2147483647,0.0,0.0,12,4,-89,GSM
1523686003428,121.21306608,31.28744192,31.0,18.0,0.9570789,-77,true,-1,-1,5,40.0,4000.0,25.63018798828125,-53.424072265625,50.36773681640625,2.1862683296203613,-0.47482460737228394,-2.560476779937744,460,1,5198,42518,0,-1,0.0,0.0,0,0,0,,6,460,1,5198,42518,0,2147483647,0.0,0.0,19,4,-75,GSM,460,1,5198,49988,0,2147483647,0.0,0.0,10,3,-93,GSM,460,1,5198,42507,0,2147483647,0.0,0.0,14,4,-85,GSM,460,1,5198,50809,0,2147483647,0.0,0.0,11,3,-91,GSM,460,1,5198,56688,0,2147483647,0.0,0.0,13,4,-87,GSM,0,0,0,-1,0,2147483647,0.0,0.0,12,4,-89,GSM
1523686006678,121.21305069,31.28735843,28.0,15.0,3.202952,-73,true,-1,-1,5,40.0,4000.0,24.2401123046875,-34.5245361328125,61.16790771484375,1.7772010564804077,-0.4905032813549042,-2.6447198390960693,460,1,5198,42518,0,-1,0.0,0.0,0,0,0,,6,460,1,5198,42518,0,2147483647,0.0,0.0,22,4,-69,GSM,460,1,5198,49988,0,2147483647,0.0,0.0,10,3,-93,GSM,460,1,5198,42507,0,2147483647,0.0,0.0,15,4,-83,GSM,460,1,5198,50809,0,2147483647,0.0,0.0,12,4,-89,GSM,460,1,5198,56688,0,2147483647,0.0,0.0,15,4,-83,GSM,0,0,0,-1,0,2147483647,0.0,0.0,12,4,-89,GSM
1523686009657,121.21305069,31.28735843,28.0,15.0,3.202952,-73,true,-1,-1,5,40.0,4000.0,-18.00994873046875,-55.224609375,3.5675048828125,2.7372183799743652,-0.66087806224823,-0.26714634895324707,460,1,5198,42518,0,-1,0.0,0.0,0,0,0,,6,460,1,5198,42518,0,2147483647,0.0,0.0,21,4,-71,GSM,460,1,5198,42507,0,2147483647,0.0,0.0,15,4,-83,GSM,460,1,5198,50809,0,2147483647,0.0,0.0,14,4,-85,GSM,460,1,5198,56688,0,2147483647,0.0,0.0,15,4,-83,GSM,0,0,0,-1,0,2147483647,0.0,0.0,12,4,-89,GSM,0,0,0,-1,0,2147483647,0.0,0.0,13,4,-87,GSM
1523686012742,121.21336286,31.28726067,36.0,10.0,4.33082,-73,true,-1,-1,5,40.0,4000.0,24.58953857421875,-33.92486572265625,65.36865234375,1.7223458290100098,-0.4966246783733368,-2.643178701400757,460,1,5198,42518,0,-1,0.0,0.0,0,0,0,,7,460,1,5198,42518,0,2147483647,0.0,0.0,19,4,-75,GSM,460,1,5198,42507,0,2147483647,0.0,0.0,17,4,-79,GSM,460,1,5198,50809,0,2147483647,0.0,0.0,17,4,-79,GSM,460,1,5198,56688,0,2147483647,0.0,0.0,15,4,-83,GSM,0,0,0,-1,0,2147483647,0.0,0.0,12,4,-89,GSM,0,0,0,-1,0,2147483647,0.0,0.0,13,4,-87,GSM,460,1,5198,42517,0,2147483647,0.0,0.0,11,3,-91,GSM
1523686015812,121.2134473,31.28705804,40.0,12.0,3.1945264,-73,true,-1,-1,5,40.0,4000.0,28.399658203125,-29.425048828125,65.36865234375,1.6885032653808594,-0.49722856283187866,-2.5683038234710693,460,1,5198,42518,0,-1,0.0,0.0,0,0,0,,6,460,1,5198,42518,0,2147483647,0.0,0.0,17,4,-79,GSM,460,1,5198,42507,0,2147483647,0.0,0.0,17,4,-79,GSM,460,1,5198,50809,0,2147483647,0.0,0.0,19,4,-75,GSM,460,1,5198,56688,0,2147483647,0.0,0.0,16,4,-81,GSM,0,0,0,-1,0,2147483647,0.0,0.0,16,4,-81,GSM,460,1,5198,42517,0,2147483647,0.0,0.0,13,4,-87,GSM
1523686018880,121.21359603,31.28707339,26.0,9.0,2.9561124,-77,true,-1,-1,5,40.0,4000.0,25.9796142578125,-33.624267578125,62.96844482421875,1.7098326683044434,-0.5158473253250122,-2.6782619953155518,460,1,5198,42518,0,-1,0.0,0.0,0,0,0,,6,460,1,5198,42518,0,2147483647,0.0,0.0,17,4,-79,GSM,460,1,5198,42507,0,2147483647,0.0,0.0,17,4,-79,GSM,460,1,5198,50809,0,2147483647,0.0,0.0,19,4,-75,GSM,460,1,5198,56688,0,2147483647,0.0,0.0,16,4,-81,GSM,0,0,0,-1,0,2147483647,0.0,0.0,18,4,-77,GSM,460,1,5198,42517,0,2147483647,0.0,0.0,14,4,-85,GSM
1523686021949,121.21375062,31.28694148,13.0,8.0,4.470011,-77,true,-1,-1,5,40.0,4000.0,27.5390625,-32.4249267578125,65.06805419921875,1.6584349870681763,-0.5079130530357361,-2.738861322402954,460,1,5198,42518,0,-1,0.0,0.0,0,0,0,,6,460,1,5198,42518,0,2147483647,0.0,0.0,16,4,-81,GSM,460,1,5198,42507,0,2147483647,0.0,0.0,17,4,-79,GSM,460,1,5198,50809,0,2147483647,0.0,0.0,21,4,-71,GSM,460,1,5198,56688,0,2147483647,0.0,0.0,16,4,-81,GSM,0,0,0,-1,0,2147483647,0.0,0.0,21,4,-71,GSM,460,1,5198,42517,0,2147483647,0.0,0.0,13,4,-87,GSM
1523686025040,121.21381436,31.28686657,15.0,8.0,4.4881287,-79,true,-1,-1,5,40.0,4000.0,26.8402099609375,-36.3250732421875,65.667724609375,1.7619577646255493,-0.5152694582939148,-2.5848591327667236,460,1,5198,50809,0,-1,0.0,0.0,0,0,0,,6,460,1,5198,50809,0,2147483647,0.0,0.0,16,4,-81,GSM,460,1,5198,42507,0,2147483647,0.0,0.0,17,4,-79,GSM,460,1,5198,50809,0,2147483647,0.0,0.0,21,4,-71,GSM,460,1,5198,56688,0,2147483647,0.0,0.0,16,4,-81,GSM,0,0,0,-1,0,2147483647,0.0,0.0,21,4,-71,GSM,460,1,5198,42517,0,2147483647,0.0,0.0,13,4,-87,GSM
1523686028085,121.21381436,31.28686657,15.0,8.0,4.4881287,-79,true,-1,-1,5,40.0,4000.0,24.420166015625,-50.1251220703125,62.6678466796875,2.0898563861846924,-0.39438942074775696,-2.5707085132598877,460,1,5198,50809,0,-1,0.0,0.0,0,0,0,,5,460,1,5198,50809,0,2147483647,0.0,0.0,24,4,-65,GSM,460,1,5198,42507,0,2147483647,0.0,0.0,15,4,-83,GSM,460,1,5198,56688,0,2147483647,0.0,0.0,13,4,-87,GSM,0,0,0,-1,0,2147483647,0.0,0.0,21,4,-71,GSM,460,1,5198,42518,0,2147483647,0.0,0.0,14,4,-85,GSM
1523686031248,121.21393316,31.28678512,10.0,8.0,3.2312536,-63,true,-1,-1,5,40.0,4000.0,16.09954833984375,-62.72430419921875,40.46783447265625,2.476097345352173,-0.48589134216308594,-2.6531496047973633,460,1,5198,50809,0,-1,0.0,0.0,0,0,0,,5,460,1,5198,50809,0,2147483647,0.0,0.0,20,4,-73,GSM,460,1,5198,42507,0,2147483647,0.0,0.0,15,4,-83,GSM,460,1,5198,56688,0,2147483647,0.0,0.0,13,4,-87,GSM,460,1,5198,50807,0,2147483647,0.0,0.0,20,4,-73,GSM,460,1,5198,42518,0,2147483647,0.0,0.0,14,4,-85,GSM
1523686034315,121.21397949,31.28664032,17.0,6.0,1.9053872,-71,true,-1,-1,5,40.0,4000.0,13.85040283203125,-64.52484130859375,36.56768798828125,2.590101480484009,-0.505196213722229,-2.7744572162628174,460,1,5198,50809,0,-1,0.0,0.0,0,0,0,,7,460,1,5198,50809,0,2147483647,0.0,0.0,14,4,-85,GSM,460,1,5198,42507,0,2147483647,0.0,0.0,15,4,-83,GSM,460,1,5198,56688,0,2147483647,0.0,0.0,12,4,-89,GSM,460,1,5198,50807,0,2147483647,0.0,0.0,20,4,-73,GSM,460,1,5198,42518,0,2147483647,0.0,0.0,14,4,-85,GSM,0,0,0,-1,0,2147483647,0.0,0.0,11,3,-91,GSM,0,0,0,-1,0,2147483647,0.0,0.0,11,3,-91,GSM
1523686037381,121.21397133,31.2865079,7.0,12.0,4.422171,-85,true,-1,-1,5,40.0,4000.0,7.440185546875,-66.3238525390625,32.66754150390625,2.68953537940979,-0.4598264694213867,-2.5766358375549316,460,1,5198,50809,0,-1,0.0,0.0,0,0,0,,7,460,1,5198,50809,0,2147483647,0.0,0.0,12,4,-89,GSM,460,1,5198,42507,0,2147483647,0.0,0.0,15,4,-83,GSM,460,1,5198,56688,0,2147483647,0.0,0.0,12,4,-89,GSM,460,1,5198,50807,0,2147483647,0.0,0.0,18,4,-77,GSM,460,1,5198,42518,0,2147483647,0.0,0.0,14,4,-85,GSM,0,0,0,-1,0,2147483647,0.0,0.0,10,3,-93,GSM,0,0,0,-1,0,2147483647,0.0,0.0,11,3,-91,GSM
1523686040431,121.21377341,31.28631106,13.0,6.0,3.0480323,-85,true,-1,-1,5,40.0,4000.0,9.70001220703125,-64.52484130859375,32.9681396484375,2.690380334854126,-0.4387550354003906,-2.6921913623809814,460,1,5198,50807,0,-1,0.0,0.0,0,0,0,,5,460,1,5198,50807,0,2147483647,0.0,0.0,10,3,-93,GSM,460,1,5198,56688,0,2147483647,0.0,0.0,12,4,-89,GSM,460,1,5198,42518,0,2147483647,0.0,0.0,14,4,-85,GSM,0,0,0,-1,0,2147483647,0.0,0.0,11,3,-91,GSM,460,1,5198,50809,0,2147483647,0.0,0.0,12,4,-89,GSM
1523686043480,121.21368477,31.28618764,7.0,11.0,4.4094105,-91,true,-1,-1,4,40.0,4000.0,8.3099365234375,-61.82403564453125,35.968017578125,2.6057653427124023,-0.43185725808143616,-2.5437850952148438,460,1,5198,50807,0,-1,0.0,0.0,0,0,0,,5,460,1,5198,50807,0,2147483647,0.0,0.0,9,3,-95,GSM,460,1,5198,56688,0,2147483647,0.0,0.0,13,4,-87,GSM,460,1,5198,42518,0,2147483647,0.0,0.0,14,4,-85,GSM,0,0,0,-1,0,2147483647,0.0,0.0,11,3,-91,GSM,460,1,5198,50809,0,2147483647,0.0,0.0,12,4,-89,GSM
1523686046548,121.21359073,31.28617406,18.0,4.0,2.5160284,-91,true,-1,-1,4,40.0,4000.0,9.869384765625,-61.224365234375,37.46795654296875,2.5500311851501465,-0.4911791980266571,-2.603506326675415,460,1,5198,42518,0,-1,0.0,0.0,0,0,0,,4,460,1,5198,42518,0,2147483647,0.0,0.0,9,3,-95,GSM,0,0,0,-1,0,2147483647,0.0,0.0,11,3,-91,GSM,460,1,5198,50809,0,2147483647,0.0,0.0,11,3,-91,GSM,460,1,5198,42507,0,2147483647,0.0,0.0,15,4,-83,GSM
1523686049616,121.21359073,31.28617406,18.0,4.0,2.5160284,-91,true,-1,-1,4,40.0,4000.0,13.1591796875,-61.82403564453125,39.56756591796875,2.5368826389312744,-0.47344866394996643,-2.7132067680358887,460,1,5198,42518,0,-1,0.0,0.0,0,0,0,,6,460,1,5198,42518,0,2147483647,0.0,0.0,11,3,-91,GSM,0,0,0,-1,0,2147483647,0.0,0.0,11,3,-91,GSM,460,1,5198,50809,0,2147483647,0.0,0.0,11,3,-91,GSM,460,1,5198,42507,0,2147483647,0.0,0.0,16,4,-81,GSM,0,0,0,-1,0,2147483647,0.0,0.0,11,3,-91,GSM,0,0,0,-1,0,2147483647,0.0,0.0,10,3,-93,GSM
1523686052684,121.21343162,31.28600933,14.0,5.0,3.498857,-91,true,-1,-1,4,40.0,4000.0,12.80975341796875,-57.92388916015625,37.7685546875,2.541712522506714,-0.41383787989616394,-2.6674907207489014,460,1,5198,42507,0,-1,0.0,0.0,0,0,0,,7,460,1,5198,42507,0,2147483647,0.0,0.0,12,4,-89,GSM,0,0,0,-1,0,2147483647,0.0,0.0,12,4,-89,GSM,460,1,5198,50809,0,2147483647,0.0,0.0,11,3,-91,GSM,460,1,5198,42507,0,2147483647,0.0,0.0,16,4,-81,GSM,0,0,0,-1,0,2147483647,0.0,0.0,11,3,-91,GSM,0,0,0,-1,0,2147483647,0.0,0.0,11,3,-91,GSM,460,1,5198,56688,0,2147483647,0.0,0.0,13,4,-87,GSM
1523686055733,121.21325979,31.28588782,23.0,7.0,4.587341,-87,true,-1,-1,5,40.0,4000.0,9.51995849609375,-61.82403564453125,36.26861572265625,2.6575560569763184,-0.3697029948234558,-2.6685473918914795,460,1,5198,42507,0,-1,0.0,0.0,0,0,0,,6,460,1,5198,42507,0,2147483647,0.0,0.0,22,4,-69,GSM,0,0,0,-1,0,2147483647,0.0,0.0,2,0,-109,GSM,460,1,5198,50809,0,2147483647,0.0,0.0,11,3,-91,GSM,0,0,0,-1,0,2147483647,0.0,0.0,11,3,-91,GSM,0,0,0,-1,0,2147483647,0.0,0.0,11,3,-91,GSM,460,1,5198,42518,0,2147483647,0.0,0.0,12,4,-89,GSM
1523686058782,121.21323801,31.28582054,19.0,9.0,3.3184333,-69,true,-1,-1,5,40.0,4000.0,11.94915771484375,-59.124755859375,38.6688232421875,2.5253541469573975,-0.3984162211418152,-2.5425891876220703,460,1,5198,42507,0,-1,0.0,0.0,0,0,0,,5,460,1,5198,42507,0,2147483647,0.0,0.0,21,4,-71,GSM,460,1,5198,50809,0,2147483647,0.0,0.0,12,4,-89,GSM,460,1,5198,49989,0,2147483647,0.0,0.0,12,4,-89,GSM,0,0,0,-1,0,2147483647,0.0,0.0,12,4,-89,GSM,460,1,5198,42518,0,2147483647,0.0,0.0,12,4,-89,GSM
1523686061848,121.21303147,31.28567817,25.0,5.0,2.49906,-69,true,-1,-1,5,40.0,4000.0,11.43035888671875,-60.62469482421875,40.7684326171875,2.510272741317749,-0.5052233338356018,-2.7126951217651367,460,1,5198,42507,0,-1,0.0,0.0,0,0,0,,5,460,1,5198,42507,0,2147483647,0.0,0.0,21,4,-71,GSM,460,1,5198,50809,0,2147483647,0.0,0.0,12,4,-89,GSM,460,1,5198,49989,0,2147483647,0.0,0.0,12,4,-89,GSM,0,0,0,-1,0,2147483647,0.0,0.0,12,4,-89,GSM,460,1,5198,42518,0,2147483647,0.0,0.0,12,4,-89,GSM
1523686064920,121.21301567,31.28558464,13.0,5.0,4.0676775,-69,true,-1,-1,5,40.0,4000.0,12.12005615234375,-63.02490234375,34.16748046875,2.6397347450256348,-0.3605470359325409,-2.605520486831665,460,1,5198,42507,0,-1,0.0,0.0,0,0,0,,5,460,1,5198,42507,0,2147483647,0.0,0.0,21,4,-71,GSM,460,1,5198,50809,0,2147483647,0.0,0.0,13,4,-87,GSM,460,1,5198,49989,0,2147483647,0.0,0.0,13,4,-87,GSM,0,0,0,-1,0,2147483647,0.0,0.0,12,4,-89,GSM,460,1,5198,42518,0,2147483647,0.0,0.0,12,4,-89,GSM
1523686067986,121.21289587,31.28545024,13.0,3.0,4.810509,-75,true,-1,-1,5,40.0,4000.0,10.2203369140625,-63.02490234375,36.26861572265625,2.558687448501587,-0.5826689004898071,-2.717921018600464,460,1,5198,42507,0,-1,0.0,0.0,0,0,0,,6,460,1,5198,42507,0,2147483647,0.0,0.0,19,4,-75,GSM,460,1,5198,50809,0,2147483647,0.0,0.0,13,4,-87,GSM,460,1,5198,49989,0,2147483647,0.0,0.0,13,4,-87,GSM,460,1,5198,42509,0,2147483647,0.0,0.0,12,4,-89,GSM,460,1,5198,42518,0,2147483647,0.0,0.0,13,4,-87,GSM,0,0,0,-1,0,2147483647,0.0,0.0,13,4,-87,GSM
1523686071055,121.21287445,31.28537228,10.0,4.0,4.2867236,-75,true,-1,-1,5,40.0,4000.0,17.6605224609375,-60.3240966796875,41.9677734375,2.4977774620056152,-0.3570554554462433,-2.674132823944092,460,1,5198,42507,0,-1,0.0,0.0,0,0,0,,7,460,1,5198,42507,0,2147483647,0.0,0.0,21,4,-71,GSM,460,1,5198,50809,0,2147483647,0.0,0.0,13,4,-87,GSM,460,1,5198,49989,0,2147483647,0.0,0.0,13,4,-87,GSM,460,1,5198,42509,0,2147483647,0.0,0.0,12,4,-89,GSM,460,1,5198,42518,0,2147483647,0.0,0.0,13,4,-87,GSM,0,0,0,-1,0,2147483647,0.0,0.0,13,4,-87,GSM,0,0,0,-1,0,2147483647,0.0,0.0,13,4,-87,GSM
1523686074140,121.21277204,31.28517536,15.0,6.0,3.784706,-71,true,-1,-1,5,40.0,4000.0,19.049072265625,-60.3240966796875,42.5689697265625,2.414778709411621,-0.4518522024154663,-2.6288275718688965,460,1,5198,42507,0,-1,0.0,0.0,0,0,0,,7,460,1,5198,42507,0,2147483647,0.0,0.0,22,4,-69,GSM,460,1,5198,50809,0,2147483647,0.0,0.0,13,4,-87,GSM,460,1,5198,49989,0,2147483647,0.0,0.0,14,4,-85,GSM,460,1,5198,42509,0,2147483647,0.0,0.0,13,4,-87,GSM,460,1,5198,42518,0,2147483647,0.0,0.0,12,4,-89,GSM,0,0,0,-1,0,2147483647,0.0,0.0,13,4,-87,GSM,0,0,0,-1,0,2147483647,0.0,0.0,13,4,-87,GSM
1523686077205,121.21274792,31.28508086,8.0,5.0,4.2280254,-67,true,-1,-1,5,40.0,4000.0,24.94049072265625,-57.92388916015625,45.56884765625,2.313260078430176,-0.4457789361476898,-2.63484787940979,460,1,5198,42507,0,-1,0.0,0.0,0,0,0,,7,460,1,5198,42507,0,2147483647,0.0,0.0,26,4,-61,GSM,460,1,5198,50809,0,2147483647,0.0,0.0,13,4,-87,GSM,460,1,5198,49989,0,2147483647,0.0,0.0,15,4,-83,GSM,460,1,5198,42509,0,2147483647,0.0,0.0,14,4,-85,GSM,460,1,5198,42518,0,2147483647,0.0,0.0,12,4,-89,GSM,0,0,0,-1,0,2147483647,0.0,0.0,14,4,-85,GSM,0,0,0,-1,0,2147483647,0.0,0.0,14,4,-85,GSM
1523686080273,121.21278211,31.28487625,4.0,6.0,3.9873426,-59,true,-1,-1,5,40.0,4000.0,25.45928955078125,-55.224609375,51.26800537109375,2.283778190612793,-0.3263106942176819,-2.5215489864349365,460,1,5198,42507,0,-1,0.0,0.0,0,0,0,,7,460,1,5198,42507,0,2147483647,0.0,0.0,27,4,-59,GSM,460,1,5198,50809,0,2147483647,0.0,0.0,13,4,-87,GSM,460,1,5198,49989,0,2147483647,0.0,0.0,15,4,-83,GSM,460,1,5198,42509,0,2147483647,0.0,0.0,14,4,-85,GSM,460,1,5198,42518,0,2147483647,0.0,0.0,12,4,-89,GSM,0,0,0,-1,0,2147483647,0.0,0.0,13,4,-87,GSM,0,0,0,-1,0,2147483647,0.0,0.0,15,4,-83,GSM
1523686083360,121.21282253,31.28477269,8.0,7.0,4.783576,-61,true,-1,-1,5,40.0,4000.0,23.21014404296875,-58.2244873046875,46.16851806640625,2.3064959049224854,-0.47574540972709656,-2.6644694805145264,460,1,5198,42507,0,-1,0.0,0.0,0,0,0,,7,460,1,5198,42507,0,2147483647,0.0,0.0,25,4,-63,GSM,460,1,5198,50809,0,2147483647,0.0,0.0,12,4,-89,GSM,460,1,5198,49989,0,2147483647,0.0,0.0,15,4,-83,GSM,460,1,5198,42509,0,2147483647,0.0,0.0,15,4,-83,GSM,460,1,5198,42518,0,2147483647,0.0,0.0,12,4,-89,GSM,0,0,0,-1,0,2147483647,0.0,0.0,14,4,-85,GSM,0,0,0,-1,0,2147483647,0.0,0.0,15,4,-83,GSM
1523686086423,121.21282253,31.28477269,8.0,7.0,4.783576,-61,true,-1,-1,5,40.0,4000.0,22.85919189453125,-57.025146484375,37.7685546875,2.395876884460449,-0.47008267045021057,-2.7053933143615723,460,1,5198,42507,0,-1,0.0,0.0,0,0,0,,7,460,1,5198,42507,0,2147483647,0.0,0.0,26,4,-61,GSM,460,1,5198,49989,0,2147483647,0.0,0.0,15,4,-83,GSM,460,1,5198,42509,0,2147483647,0.0,0.0,16,4,-81,GSM,460,1,5198,42518,0,2147483647,0.0,0.0,12,4,-89,GSM,0,0,0,-1,0,2147483647,0.0,0.0,14,4,-85,GSM,0,0,0,-1,0,2147483647,0.0,0.0,15,4,-83,GSM,0,0,0,-1,0,2147483647,0.0,0.0,11,3,-91,GSM
1523686089508,121.21272297,31.28466479,24.0,6.0,3.9804523,-61,true,-1,-1,5,40.0,4000.0,-10.72998046875,-56.72454833984375,23.36883544921875,2.911778211593628,-0.6101322770118713,-2.4118263721466064,460,1,5198,42507,0,-1,0.0,0.0,0,0,0,,7,460,1,5198,42507,0,2147483647,0.0,0.0,25,4,-63,GSM,460,1,5198,49989,0,2147483647,0.0,0.0,15,4,-83,GSM,460,1,5198,42509,0,2147483647,0.0,0.0,16,4,-81,GSM,460,1,5198,42518,0,2147483647,0.0,0.0,11,3,-91,GSM,460,1,5198,44572,0,2147483647,0.0,0.0,14,4,-85,GSM,460,1,5198,42508,0,2147483647,0.0,0.0,15,4,-83,GSM,0,0,0,-1,0,2147483647,0.0,0.0,11,3,-91,GSM
1523686092571,121.2126677,31.28449056,7.0,11.0,2.9913542,-61,true,-1,-1,5,40.0,4000.0,-17.4896240234375,-54.3243408203125,30.26885986328125,-3.1167776584625244,-0.3676845133304596,-2.644726514816284,460,1,5198,42507,0,-1,0.0,0.0,0,0,0,,7,460,1,5198,42507,0,2147483647,0.0,0.0,25,4,-63,GSM,460,1,5198,49989,0,2147483647,0.0,0.0,15,4,-83,GSM,460,1,5198,42509,0,2147483647,0.0,0.0,16,4,-81,GSM,460,1,5198,42518,0,2147483647,0.0,0.0,12,4,-89,GSM,460,1,5198,44572,0,2147483647,0.0,0.0,14,4,-85,GSM,460,1,5198,42508,0,2147483647,0.0,0.0,15,4,-83,GSM,460,1,5198,50809,0,2147483647,0.0,0.0,11,3,-91,GSM
1523686095637,121.21248047,31.28455379,9.0,7.0,3.8013155,-61,true,-1,-1,5,40.0,4000.0,27.36053466796875,-29.12445068359375,-31.231689453125,-1.9516267776489258,-0.5213454961776733,-0.2693006098270416,460,1,5198,42507,0,-1,0.0,0.0,0,0,0,,7,460,1,5198,42507,0,2147483647,0.0,0.0,25,4,-63,GSM,460,1,5198,49989,0,2147483647,0.0,0.0,14,4,-85,GSM,460,1,5198,42509,0,2147483647,0.0,0.0,16,4,-81,GSM,460,1,5198,42518,0,2147483647,0.0,0.0,12,4,-89,GSM,460,1,5198,44572,0,2147483647,0.0,0.0,15,4,-83,GSM,460,1,5198,42508,0,2147483647,0.0,0.0,15,4,-83,GSM,460,1,5198,50809,0,2147483647,0.0,0.0,11,3,-91,GSM
1523686098703,121.21236255,31.28457323,7.0,5.0,3.9516706,-61,true,-1,-1,5,40.0,4000.0,-12.4603271484375,-53.424072265625,30.56793212890625,3.0694785118103027,-0.5152919888496399,-2.688267946243286,460,1,5198,42507,0,-1,0.0,0.0,0,0,0,,7,460,1,5198,42507,0,2147483647,0.0,0.0,25,4,-63,GSM,460,1,5198,49989,0,2147483647,0.0,0.0,13,4,-87,GSM,460,1,5198,42509,0,2147483647,0.0,0.0,16,4,-81,GSM,460,1,5198,42518,0,2147483647,0.0,0.0,13,4,-87,GSM,460,1,5198,44572,0,2147483647,0.0,0.0,15,4,-83,GSM,460,1,5198,42508,0,2147483647,0.0,0.0,15,4,-83,GSM,460,1,5198,50809,0,2147483647,0.0,0.0,11,3,-91,GSM
1523686101772,121.2122929,31.28456654,11.0,4.0,4.084177,-61,true,-1,-1,5,40.0,4000.0,-19.390869140625,-50.1251220703125,19.76776123046875,-2.9039371013641357,-0.522832989692688,-2.6321752071380615,460,1,5198,42507,0,-1,0.0,0.0,0,0,0,,7,460,1,5198,42507,0,2147483647,0.0,0.0,26,4,-61,GSM,460,1,5198,49989,0,2147483647,0.0,0.0,13,4,-87,GSM,460,1,5198,42509,0,2147483647,0.0,0.0,16,4,-81,GSM,460,1,5198,42518,0,2147483647,0.0,0.0,15,4,-83,GSM,460,1,5198,44572,0,2147483647,0.0,0.0,16,4,-81,GSM,460,1,5198,42508,0,2147483647,0.0,0.0,15,4,-83,GSM,460,1,5198,50809,0,2147483647,0.0,0.0,11,3,-91,GSM
1523686104816,121.21210145,31.28459557,10.0,4.0,3.9087722,-61,true,-1,-1,5,40.0,4000.0,-16.27044677734375,-52.2247314453125,20.9686279296875,-3.0302934646606445,-0.3824334144592285,-2.6453006267547607,460,1,5198,42507,0,-1,0.0,0.0,0,0,0,,7,460,1,5198,42507,0,2147483647,0.0,0.0,25,4,-63,GSM,460,1,5198,49989,0,2147483647,0.0,0.0,12,4,-89,GSM,460,1,5198,42509,0,2147483647,0.0,0.0,17,4,-79,GSM,460,1,5198,42518,0,2147483647,0.0,0.0,15,4,-83,GSM,460,1,5198,44572,0,2147483647,0.0,0.0,16,4,-81,GSM,460,1,5198,42508,0,2147483647,0.0,0.0,14,4,-85,GSM,460,1,5198,50809,0,2147483647,0.0,0.0,11,3,-91,GSM
1523686107903,121.21193941,31.284542,9.0,6.0,3.7102156,-61,true,-1,-1,5,40.0,4000.0,27.5390625,-30.02471923828125,-31.53228759765625,-1.975421667098999,-0.502929151058197,-0.23449891805648804,460,1,5198,42507,0,-1,0.0,0.0,0,0,0,,7,460,1,5198,42507,0,2147483647,0.0,0.0,26,4,-61,GSM,460,1,5198,49989,0,2147483647,0.0,0.0,12,4,-89,GSM,460,1,5198,42509,0,2147483647,0.0,0.0,17,4,-79,GSM,460,1,5198,42518,0,2147483647,0.0,0.0,16,4,-81,GSM,460,1,5198,44572,0,2147483647,0.0,0.0,16,4,-81,GSM,460,1,5198,42508,0,2147483647,0.0,0.0,15,4,-83,GSM,460,1,5198,50809,0,2147483647,0.0,0.0,11,3,-91,GSM
1523686110968,121.21175893,31.28454104,13.0,6.0,4.347747,-61,true,-1,-1,5,40.0,4000.0,25.63018798828125,-24.02496337890625,-34.83123779296875,-1.7106654644012451,-0.5863083600997925,-0.24046307802200317,460,1,5198,42507,0,-1,0.0,0.0,0,0,0,,7,460,1,5198,42507,0,2147483647,0.0,0.0,27,4,-59,GSM,460,1,5198,49989,0,2147483647,0.0,0.0,12,4,-89,GSM,460,1,5198,42509,0,2147483647,0.0,0.0,19,4,-75,GSM,460,1,5198,42518,0,2147483647,0.0,0.0,16,4,-81,GSM,460,1,5198,44572,0,2147483647,0.0,0.0,16,4,-81,GSM,460,1,5198,42508,0,2147483647,0.0,0.0,15,4,-83,GSM,460,1,5198,50809,0,2147483647,0.0,0.0,13,4,-87,GSM
1523686114016,121.21167071,31.28456637,15.0,5.0,3.9430065,-61,true,-1,-1,5,40.0,4000.0,-18.3502197265625,-49.224853515625,22.76763916015625,-3.000793218612671,-0.6828054785728455,-2.559450387954712,460,1,5198,42507,0,-1,0.0,0.0,0,0,0,,7,460,1,5198,42507,0,2147483647,0.0,0.0,26,4,-61,GSM,460,1,5198,49989,0,2147483647,0.0,0.0,13,4,-87,GSM,460,1,5198,42509,0,2147483647,0.0,0.0,20,4,-73,GSM,460,1,5198,42518,0,2147483647,0.0,0.0,17,4,-79,GSM,460,1,5198,44572,0,2147483647,0.0,0.0,16,4,-81,GSM,460,1,5198,42508,0,2147483647,0.0,0.0,15,4,-83,GSM,460,1,5198,50809,0,2147483647,0.0,0.0,13,4,-87,GSM
1523686117078,121.21155755,31.28459555,10.0,5.0,4.552472,-61,true,-1,-1,5,40.0,4000.0,-4.150390625,-51.02386474609375,22.76763916015625,2.8725202083587646,-0.4021567702293396,-2.478940010070801,460,1,5198,42507,0,-1,0.0,0.0,0,0,0,,7,460,1,5198,42507,0,2147483647,0.0,0.0,25,4,-63,GSM,460,1,5198,49989,0,2147483647,0.0,0.0,13,4,-87,GSM,460,1,5198,42509,0,2147483647,0.0,0.0,20,4,-73,GSM,460,1,5198,42518,0,2147483647,0.0,0.0,18,4,-77,GSM,460,1,5198,44572,0,2147483647,0.0,0.0,16,4,-81,GSM,460,1,5198,42508,0,2147483647,0.0,0.0,16,4,-81,GSM,460,1,5198,50809,0,2147483647,0.0,0.0,13,4,-87,GSM
1523686120124,121.21144563,31.28455649,10.0,5.0,4.7006807,-61,true,-1,-1,5,40.0,4000.0,-15.7501220703125,-50.72479248046875,28.46832275390625,3.0742828845977783,-0.5118895769119263,-2.57755708694458,460,1,5198,42507,0,-1,0.0,0.0,0,0,0,,7,460,1,5198,42507,0,2147483647,0.0,0.0,25,4,-63,GSM,460,1,5198,49989,0,2147483647,0.0,0.0,13,4,-87,GSM,460,1,5198,42509,0,2147483647,0.0,0.0,21,4,-71,GSM,460,1,5198,42518,0,2147483647,0.0,0.0,19,4,-75,GSM,460,1,5198,44572,0,2147483647,0.0,0.0,16,4,-81,GSM,460,1,5198,42508,0,2147483647,0.0,0.0,16,4,-81,GSM,460,1,5198,50809,0,2147483647,0.0,0.0,14,4,-85,GSM
1523686123191,121.21144563,31.28455649,10.0,5.0,4.7006807,-61,true,-1,-1,5,40.0,4000.0,-13.5009765625,-48.92425537109375,15.56854248046875,-3.0245468616485596,-0.5491732358932495,-2.6058595180511475,460,1,5198,42507,0,-1,0.0,0.0,0,0,0,,7,460,1,5198,42507,0,2147483647,0.0,0.0,25,4,-63,GSM,460,1,5198,42509,0,2147483647,0.0,0.0,23,4,-67,GSM,460,1,5198,42518,0,2147483647,0.0,0.0,19,4,-75,GSM,460,1,5198,44572,0,2147483647,0.0,0.0,17,4,-79,GSM,460,1,5198,42508,0,2147483647,0.0,0.0,16,4,-81,GSM,460,1,5198,50809,0,2147483647,0.0,0.0,15,4,-83,GSM,460,1,5198,42517,0,2147483647,0.0,0.0,13,4,-87,GSM
1523686126276,121.2111908,31.28441742,-3.0,7.0,3.9775622,-61,true,-1,-1,5,40.0,4000.0,-17.14019775390625,-49.52392578125,21.868896484375,-3.0473873615264893,-0.4640745222568512,-2.585594892501831,460,1,5198,42507,0,-1,0.0,0.0,0,0,0,,7,460,1,5198,42507,0,2147483647,0.0,0.0,24,4,-65,GSM,460,1,5198,42509,0,2147483647,0.0,0.0,23,4,-67,GSM,460,1,5198,42518,0,2147483647,0.0,0.0,20,4,-73,GSM,460,1,5198,44572,0,2147483647,0.0,0.0,17,4,-79,GSM,460,1,5198,42508,0,2147483647,0.0,0.0,17,4,-79,GSM,460,1,5198,50809,0,2147483647,0.0,0.0,16,4,-81,GSM,0,0,0,-1,0,2147483647,0.0,0.0,15,4,-83,GSM
1523686129322,121.21090209,31.28447896,7.0,4.0,5.034769,-65,true,-1,-1,5,40.0,4000.0,-22.16033935546875,-50.4241943359375,20.9686279296875,-2.8007972240448,-0.5747001767158508,-2.6423044204711914,460,1,5198,42507,0,-1,0.0,0.0,0,0,0,,7,460,1,5198,42507,0,2147483647,0.0,0.0,24,4,-65,GSM,460,1,5198,42509,0,2147483647,0.0,0.0,23,4,-67,GSM,460,1,5198,42518,0,2147483647,0.0,0.0,21,4,-71,GSM,460,1,5198,44572,0,2147483647,0.0,0.0,16,4,-81,GSM,460,1,5198,42508,0,2147483647,0.0,0.0,16,4,-81,GSM,460,1,5198,50809,0,2147483647,0.0,0.0,16,4,-81,GSM,0,0,0,-1,0,2147483647,0.0,0.0,15,4,-83,GSM
1523686132405,121.21074606,31.28449178,16.0,5.0,4.970312,-65,true,-1,-1,5,40.0,4000.0,-18.18084716796875,-54.3243408203125,19.46868896484375,-2.97004771232605,-0.5293434858322144,-2.611804246902466,460,1,5198,42507,0,-1,0.0,0.0,0,0,0,,7,460,1,5198,42507,0,2147483647,0.0,0.0,23,4,-67,GSM,460,1,5198,42509,0,2147483647,0.0,0.0,22,4,-69,GSM,460,1,5198,42518,0,2147483647,0.0,0.0,21,4,-71,GSM,460,1,5198,44572,0,2147483647,0.0,0.0,16,4,-81,GSM,460,1,5198,42508,0,2147483647,0.0,0.0,16,4,-81,GSM,0,0,0,-1,0,2147483647,0.0,0.0,15,4,-83,GSM,460,1,5198,42517,0,2147483647,0.0,0.0,15,4,-83,GSM
1523686135474,121.21074606,31.28449178,16.0,5.0,4.970312,-65,true,-1,-1,5,40.0,4000.0,-18.00994873046875,-51.02386474609375,24.56817626953125,-3.134263515472412,-0.514086902141571,-2.5161070823669434,460,1,5198,42507,0,-1,0.0,0.0,0,0,0,,7,460,1,5198,42507,0,2147483647,0.0,0.0,23,4,-67,GSM,460,1,5198,42509,0,2147483647,0.0,0.0,22,4,-69,GSM,460,1,5198,42518,0,2147483647,0.0,0.0,22,4,-69,GSM,460,1,5198,44572,0,2147483647,0.0,0.0,16,4,-81,GSM,460,1,5198,42508,0,2147483647,0.0,0.0,14,4,-85,GSM,0,0,0,-1,0,2147483647,0.0,0.0,16,4,-81,GSM,460,1,5198,42517,0,2147483647,0.0,0.0,14,4,-85,GSM
1523686138557,121.210524,31.28447208,10.0,7.0,4.8559346,-65,true,-1,-1,5,40.0,4000.0,-20.2606201171875,-52.52532958984375,15.2679443359375,-2.959031581878662,-0.3519808351993561,-2.5192275047302246,460,1,5198,42507,0,-1,0.0,0.0,0,0,0,,7,460,1,5198,42507,0,2147483647,0.0,0.0,23,4,-67,GSM,460,1,5198,42509,0,2147483647,0.0,0.0,22,4,-69,GSM,460,1,5198,42518,0,2147483647,0.0,0.0,21,4,-71,GSM,460,1,5198,44572,0,2147483647,0.0,0.0,15,4,-83,GSM,460,1,5198,42508,0,2147483647,0.0,0.0,15,4,-83,GSM,0,0,0,-1,0,2147483647,0.0,0.0,16,4,-81,GSM,460,1,5198,42517,0,2147483647,0.0,0.0,13,4,-87,GSM
1523686141622,121.210524,31.28447208,10.0,7.0,4.8559346,-65,true,-1,-1,5,40.0,4000.0,-8.83026123046875,-55.224609375,21.868896484375,3.0394136905670166,-0.48479488492012024,-2.5917654037475586,460,1,5198,42507,0,-1,0.0,0.0,0,0,0,,7,460,1,5198,42507,0,2147483647,0.0,0.0,22,4,-69,GSM,460,1,5198,42509,0,2147483647,0.0,0.0,20,4,-73,GSM,460,1,5198,42518,0,2147483647,0.0,0.0,21,4,-71,GSM,460,1,5198,44572,0,2147483647,0.0,0.0,15,4,-83,GSM,460,1,5198,42508,0,2147483647,0.0,0.0,15,4,-83,GSM,0,0,0,-1,0,2147483647,0.0,0.0,17,4,-79,GSM,460,1,5198,42517,0,2147483647,0.0,0.0,13,4,-87,GSM
1523686144707,121.21027149,31.28445587,10.0,10.0,4.3101044,-65,true,-1,-1,5,40.0,4000.0,-17.3095703125,-55.224609375,16.168212890625,-2.9675960540771484,-0.5440213680267334,-2.5881195068359375,460,1,5198,42507,0,-1,0.0,0.0,0,0,0,,7,460,1,5198,42507,0,2147483647,0.0,0.0,23,4,-67,GSM,460,1,5198,42509,0,2147483647,0.0,0.0,19,4,-75,GSM,460,1,5198,42518,0,2147483647,0.0,0.0,19,4,-75,GSM,460,1,5198,44572,0,2147483647,0.0,0.0,14,4,-85,GSM,460,1,5198,42508,0,2147483647,0.0,0.0,14,4,-85,GSM,0,0,0,-1,0,2147483647,0.0,0.0,15,4,-83,GSM,460,1,5198,42517,0,2147483647,0.0,0.0,11,3,-91,GSM
1523686147770,121.21004979,31.28443113,23.0,8.0,2.275544,-65,true,-1,-1,5,40.0,4000.0,-22.34039306640625,-42.02423095703125,17.66815185546875,-2.8939602375030518,-0.3746255040168762,-2.5006470680236816,460,1,5198,42507,0,-1,0.0,0.0,0,0,0,,7,460,1,5198,42507,0,2147483647,0.0,0.0,20,4,-73,GSM,460,1,5198,42509,0,2147483647,0.0,0.0,19,4,-75,GSM,460,1,5198,42518,0,2147483647,0.0,0.0,16,4,-81,GSM,460,1,5198,44572,0,2147483647,0.0,0.0,14,4,-85,GSM,460,1,5198,42508,0,2147483647,0.0,0.0,14,4,-85,GSM,0,0,0,-1,0,2147483647,0.0,0.0,15,4,-83,GSM,460,1,5198,42517,0,2147483647,0.0,0.0,9,3,-95,GSM
1523686150831,121.2100084,31.28437539,-1.0,10.0,2.7989464,-73,true,-1,-1,5,40.0,4000.0,-20.60089111328125,-51.92413330078125,17.0684814453125,-3.0824389457702637,-0.28761571645736694,-2.3563265800476074,460,1,5198,42507,0,-1,0.0,0.0,0,0,0,,6,460,1,5198,42507,0,2147483647,0.0,0.0,19,4,-75,GSM,460,1,5198,42509,0,2147483647,0.0,0.0,17,4,-79,GSM,460,1,5198,42518,0,2147483647,0.0,0.0,16,4,-81,GSM,460,1,5198,42508,0,2147483647,0.0,0.0,13,4,-87,GSM,460,1,5198,42519,0,2147483647,0.0,0.0,13,4,-87,GSM,460,1,5198,50809,0,2147483647,0.0,0.0,10,3,-93,GSM
1523686153897,121.2100084,31.28437539,-1.0,10.0,2.7989464,-75,true,-1,-1,5,40.0,4000.0,-5.8807373046875,-60.92529296875,22.76763916015625,2.980910062789917,-0.3058954179286957,-2.526113986968994,460,1,5198,42507,0,-1,0.0,0.0,0,0,0,,6,460,1,5198,42507,0,2147483647,0.0,0.0,20,4,-73,GSM,460,1,5198,42509,0,2147483647,0.0,0.0,16,4,-81,GSM,460,1,5198,42518,0,2147483647,0.0,0.0,14,4,-85,GSM,460,1,5198,42508,0,2147483647,0.0,0.0,13,4,-87,GSM,460,1,5198,42519,0,2147483647,0.0,0.0,11,3,-91,GSM,460,1,5198,50809,0,2147483647,0.0,0.0,9,3,-95,GSM
1523686156979,121.20973126,31.28437907,39.0,12.0,3.3902507,-73,true,-1,-1,5,40.0,4000.0,23.3795166015625,-70.52459716796875,38.6688232421875,2.5247910022735596,-0.3915219306945801,-2.5375125408172607,460,1,5198,42507,0,-1,0.0,0.0,0,0,0,,5,460,1,5198,42507,0,2147483647,0.0,0.0,19,4,-75,GSM,460,1,5198,42509,0,2147483647,0.0,0.0,16,4,-81,GSM,460,1,5198,42518,0,2147483647,0.0,0.0,14,4,-85,GSM,460,1,5198,42508,0,2147483647,0.0,0.0,13,4,-87,GSM,460,1,5198,42519,0,2147483647,0.0,0.0,11,3,-91,GSM
1523686160043,121.20973126,31.28437907,39.0,12.0,3.3902507,-75,true,-1,-1,5,40.0,4000.0,11.25030517578125,-48.3245849609375,38.067626953125,2.4229259490966797,-0.38327255845069885,-2.526350498199463,460,1,5198,42507,0,-1,0.0,0.0,0,0,0,,5,460,1,5198,42507,0,2147483647,0.0,0.0,17,4,-79,GSM,460,1,5198,42509,0,2147483647,0.0,0.0,15,4,-83,GSM,460,1,5198,42518,0,2147483647,0.0,0.0,11,3,-91,GSM,460,1,5198,42508,0,2147483647,0.0,0.0,13,4,-87,GSM,460,1,5198,49989,0,2147483647,0.0,0.0,10,3,-93,GSM
1523686163106,121.20964859,31.28451028,46.0,27.0,0.72917765,-75,true,-1,-1,5,40.0,4000.0,3.289794921875,-52.82440185546875,32.06787109375,2.665351629257202,-0.2700233459472656,-2.441411256790161,460,1,5198,42507,0,-1,0.0,0.0,0,0,0,,6,460,1,5198,42507,0,2147483647,0.0,0.0,14,4,-85,GSM,460,1,5198,42509,0,2147483647,0.0,0.0,15,4,-83,GSM,460,1,5198,42518,0,2147483647,0.0,0.0,8,3,-97,GSM,460,1,5198,42508,0,2147483647,0.0,0.0,12,4,-89,GSM,460,1,5198,49989,0,2147483647,0.0,0.0,10,3,-93,GSM,460,1,5198,42519,0,2147483647,0.0,0.0,9,3,-95,GSM
1523686166172,121.20964859,31.28451028,46.0,27.0,0.72917765,-85,true,-1,-1,5,40.0,4000.0,10.55908203125,-44.72503662109375,-29.132080078125,-2.199258804321289,-0.8264361619949341,-0.7626798152923584,460,1,5198,42507,0,-1,0.0,0.0,0,0,0,,5,460,1,5198,42507,0,2147483647,0.0,0.0,14,4,-85,GSM,460,1,5198,42509,0,2147483647,0.0,0.0,13,4,-87,GSM,460,1,5198,42518,0,2147483647,0.0,0.0,8,3,-97,GSM,460,1,5198,42508,0,2147483647,0.0,0.0,12,4,-89,GSM,460,1,5198,49989,0,2147483647,0.0,0.0,10,3,-93,GSM
