IMEI:862305032225518
IMSI:460091042103139
OSVersion:3.10.73-perf-g94fc9a6
apiLevel:5.1.1
model:Redmi Note 3
device:kenzo
product:kenzo
58
1524044972343,121.2098802,31.28445888,25.0,8.0,3.25,-75,true,-1,-1,5,71.0,4000.0,-24.40948486328125,10.47515869140625,-49.53155517578125,0.7049546837806702,-0.3185095489025116,-0.048839159309864044,460,1,5198,42507,0,-1,0.0,0.0,0,0,0,,7,460,1,5198,42507,0,2147483647,0.0,0.0,20,4,-73,GSM,460,1,5198,42509,0,2147483647,0.0,0.0,12,4,-89,GSM,460,1,5198,42508,0,2147483647,0.0,0.0,11,3,-91,GSM,460,1,5198,49989,0,2147483647,0.0,0.0,9,3,-95,GSM,460,1,5198,44572,0,2147483647,0.0,0.0,9,3,-95,GSM,0,0,0,-1,0,2147483647,0.0,0.0,9,3,-95,GSM,460,1,5198,42518,0,2147483647,0.0,0.0,8,3,-97,GSM
1524044975399,121.2098802,31.28445888,25.0,8.0,3.25,-77,true,-1,-1,5,71.0,4000.0,-39.14031982421875,-18.32427978515625,-25.83160400390625,1.2316086292266846,-0.6839863061904907,-0.3576395809650421,460,1,5198,42507,0,-1,0.0,0.0,0,0,0,,6,460,1,5198,42507,0,2147483647,0.0,0.0,18,4,-77,GSM,460,1,5198,42509,0,2147483647,0.0,0.0,12,4,-89,GSM,460,1,5198,42508,0,2147483647,0.0,0.0,11,3,-91,GSM,460,1,5198,49989,0,2147483647,0.0,0.0,9,3,-95,GSM,460,1,5198,44572,0,2147483647,0.0,0.0,9,3,-95,GSM,0,0,0,-1,0,2147483647,0.0,0.0,10,3,-93,GSM
1524044978485,121.2098789,31.28436506,51.0,18.0,2.290262,-77,true,-1,-1,5,71.0,4000.0,-43.11981201171875,-15.32440185546875,-25.53253173828125,1.3186019659042358,-0.5363762974739075,-0.40961605310440063,460,1,5198,42507,0,-1,0.0,0.0,0,0,0,,7,460,1,5198,42507,0,2147483647,0.0,0.0,19,4,-75,GSM,460,1,5198,42509,0,2147483647,0.0,0.0,12,4,-89,GSM,460,1,5198,42508,0,2147483647,0.0,0.0,12,4,-89,GSM,460,1,5198,49989,0,2147483647,0.0,0.0,9,3,-95,GSM,460,1,5198,44572,0,2147483647,0.0,0.0,10,3,-93,GSM,0,0,0,-1,0,2147483647,0.0,0.0,10,3,-93,GSM,460,1,5198,42518,0,2147483647,0.0,0.0,8,3,-97,GSM
1524044981540,121.2098789,31.28436506,51.0,18.0,2.290262,-73,true,-1,-1,5,71.0,4000.0,-38.7908935546875,-24.6246337890625,-15.631103515625,1.8843071460723877,-0.4382203221321106,-0.5915434956550598,460,1,5198,42507,0,-1,0.0,0.0,0,0,0,,7,460,1,5198,42507,0,2147483647,0.0,0.0,21,4,-71,GSM,460,1,5198,42509,0,2147483647,0.0,0.0,13,4,-87,GSM,460,1,5198,42508,0,2147483647,0.0,0.0,12,4,-89,GSM,460,1,5198,49989,0,2147483647,0.0,0.0,8,3,-97,GSM,460,1,5198,44572,0,2147483647,0.0,0.0,10,3,-93,GSM,0,0,0,-1,0,2147483647,0.0,0.0,11,3,-91,GSM,460,1,5198,42518,0,2147483647,0.0,0.0,8,3,-97,GSM
1524044984639,121.21003896,31.28445389,62.0,10.0,2.7770488,-73,true,-1,-1,5,71.0,4000.0,-1.38092041015625,-8.7249755859375,51.568603515625,0.9286575317382813,-0.5896753668785095,-2.6268603801727295,460,1,5198,42507,0,-1,0.0,0.0,0,0,0,,7,460,1,5198,42507,0,2147483647,0.0,0.0,22,4,-69,GSM,460,1,5198,42509,0,2147483647,0.0,0.0,16,4,-81,GSM,460,1,5198,42508,0,2147483647,0.0,0.0,13,4,-87,GSM,460,1,5198,49989,0,2147483647,0.0,0.0,9,3,-95,GSM,460,1,5198,44572,0,2147483647,0.0,0.0,10,3,-93,GSM,0,0,0,-1,0,2147483647,0.0,0.0,11,3,-91,GSM,460,1,5198,42518,0,2147483647,0.0,0.0,10,3,-93,GSM
1524044987719,121.21003896,31.28445389,62.0,10.0,2.7770488,-59,true,-1,-1,5,71.0,4000.0,15.40985107421875,-21.32415771484375,59.06829833984375,1.4748793840408325,-0.5716392397880554,-2.5660617351531982,460,1,5198,42507,0,-1,0.0,0.0,0,0,0,,7,460,1,5198,42507,0,2147483647,0.0,0.0,27,4,-59,GSM,460,1,5198,42509,0,2147483647,0.0,0.0,16,4,-81,GSM,460,1,5198,42508,0,2147483647,0.0,0.0,13,4,-87,GSM,460,1,5198,49989,0,2147483647,0.0,0.0,9,3,-95,GSM,460,1,5198,44572,0,2147483647,0.0,0.0,11,3,-91,GSM,0,0,0,-1,0,2147483647,0.0,0.0,11,3,-91,GSM,460,1,5198,42518,0,2147483647,0.0,0.0,10,3,-93,GSM
1524044990777,121.21013848,31.28458258,36.0,10.0,1.6881351,-59,true,-1,-1,5,71.0,4000.0,-11.419677734375,2.37579345703125,49.76806640625,0.3795907497406006,-0.34275341033935547,-2.765430212020874,460,1,5198,42507,0,-1,0.0,0.0,0,0,0,,7,460,1,5198,42507,0,2147483647,0.0,0.0,28,4,-57,GSM,460,1,5198,42509,0,2147483647,0.0,0.0,18,4,-77,GSM,460,1,5198,42508,0,2147483647,0.0,0.0,13,4,-87,GSM,460,1,5198,49989,0,2147483647,0.0,0.0,9,3,-95,GSM,460,1,5198,44572,0,2147483647,0.0,0.0,11,3,-91,GSM,0,0,0,-1,0,2147483647,0.0,0.0,13,4,-87,GSM,460,1,5198,42518,0,2147483647,0.0,0.0,10,3,-93,GSM
1524044994042,121.21013848,31.28458258,36.0,10.0,1.6881351,-53,true,-1,-1,5,71.0,4000.0,-29.26025390625,-12.6251220703125,36.8682861328125,-0.8936154246330261,-0.4694468080997467,-2.7209670543670654,460,1,5198,42507,0,-1,0.0,0.0,0,0,0,,7,460,1,5198,42507,0,2147483647,0.0,0.0,26,4,-61,GSM,460,1,5198,42509,0,2147483647,0.0,0.0,18,4,-77,GSM,460,1,5198,42508,0,2147483647,0.0,0.0,14,4,-85,GSM,460,1,5198,49989,0,2147483647,0.0,0.0,9,3,-95,GSM,460,1,5198,44572,0,2147483647,0.0,0.0,12,4,-89,GSM,0,0,0,-1,0,2147483647,0.0,0.0,13,4,-87,GSM,460,1,5198,42518,0,2147483647,0.0,0.0,12,4,-89,GSM
1524044997121,121.21027967,31.28470541,50.0,14.0,1.9593111,-61,true,-1,-1,5,71.0,4000.0,-26.8402099609375,-10.52398681640625,39.8681640625,-1.0428111553192139,-0.4248735308647156,-2.8812155723571777,460,1,5198,42507,0,-1,0.0,0.0,0,0,0,,6,460,1,5198,42507,0,2147483647,0.0,0.0,25,4,-63,GSM,460,1,5198,42509,0,2147483647,0.0,0.0,20,4,-73,GSM,460,1,5198,42508,0,2147483647,0.0,0.0,15,4,-83,GSM,460,1,5198,44572,0,2147483647,0.0,0.0,12,4,-89,GSM,0,0,0,-1,0,2147483647,0.0,0.0,13,4,-87,GSM,460,1,5198,42518,0,2147483647,0.0,0.0,13,4,-87,GSM
1524045000182,121.21027967,31.28470541,50.0,14.0,1.9593111,-61,true,-1,-1,5,71.0,4000.0,-25.63018798828125,-12.02392578125,40.16876220703125,-0.8672720193862915,-0.4257820248603821,-2.7807090282440186,460,1,5198,42507,0,-1,0.0,0.0,0,0,0,,6,460,1,5198,42507,0,2147483647,0.0,0.0,23,4,-67,GSM,460,1,5198,42509,0,2147483647,0.0,0.0,19,4,-75,GSM,460,1,5198,42508,0,2147483647,0.0,0.0,15,4,-83,GSM,460,1,5198,44572,0,2147483647,0.0,0.0,12,4,-89,GSM,0,0,0,-1,0,2147483647,0.0,0.0,12,4,-89,GSM,460,1,5198,42518,0,2147483647,0.0,0.0,13,4,-87,GSM
1524045003260,121.2102104,31.28492719,40.0,12.0,3.2529678,-67,true,-1,-1,5,71.0,4000.0,-25.45013427734375,-11.724853515625,41.668701171875,-0.7518987655639648,-0.40490075945854187,-2.7513320446014404,460,1,5198,42507,0,-1,0.0,0.0,0,0,0,,6,460,1,5198,42507,0,2147483647,0.0,0.0,22,4,-69,GSM,460,1,5198,42509,0,2147483647,0.0,0.0,19,4,-75,GSM,460,1,5198,42508,0,2147483647,0.0,0.0,15,4,-83,GSM,460,1,5198,44572,0,2147483647,0.0,0.0,12,4,-89,GSM,0,0,0,-1,0,2147483647,0.0,0.0,12,4,-89,GSM,460,1,5198,42518,0,2147483647,0.0,0.0,14,4,-85,GSM
1524045006321,121.21021142,31.28508377,43.0,14.0,3.1618981,-71,true,-1,-1,5,70.0,4000.0,-30.3009033203125,-12.9241943359375,37.46795654296875,-1.1792237758636475,-0.38470104336738586,-2.737471342086792,460,1,5198,42507,0,-1,0.0,0.0,0,0,0,,6,460,1,5198,42507,0,2147483647,0.0,0.0,21,4,-71,GSM,460,1,5198,42509,0,2147483647,0.0,0.0,20,4,-73,GSM,460,1,5198,42508,0,2147483647,0.0,0.0,15,4,-83,GSM,460,1,5198,44572,0,2147483647,0.0,0.0,12,4,-89,GSM,0,0,0,-1,0,2147483647,0.0,0.0,13,4,-87,GSM,460,1,5198,42518,0,2147483647,0.0,0.0,16,4,-81,GSM
1524045009381,121.21021142,31.28508377,43.0,14.0,3.1618981,-69,true,-1,-1,5,70.0,4000.0,-29.96063232421875,-12.6251220703125,36.8682861328125,-1.146411418914795,-0.42176344990730286,-2.7863340377807617,460,1,5198,42507,0,-1,0.0,0.0,0,0,0,,6,460,1,5198,42507,0,2147483647,0.0,0.0,22,4,-69,GSM,460,1,5198,42509,0,2147483647,0.0,0.0,20,4,-73,GSM,460,1,5198,42508,0,2147483647,0.0,0.0,15,4,-83,GSM,0,0,0,-1,0,2147483647,0.0,0.0,12,4,-89,GSM,460,1,5198,42518,0,2147483647,0.0,0.0,16,4,-81,GSM,460,1,5198,42519,0,2147483647,0.0,0.0,14,4,-85,GSM
1524045012462,121.21010935,31.28522965,45.0,8.0,3.5331855,-69,true,-1,-1,5,70.0,4000.0,-30.65032958984375,-16.5252685546875,32.06787109375,-1.9727472066879272,-0.23799774050712585,-2.7126126289367676,460,1,5198,42507,0,-1,0.0,0.0,0,0,0,,6,460,1,5198,42507,0,2147483647,0.0,0.0,23,4,-67,GSM,460,1,5198,42509,0,2147483647,0.0,0.0,19,4,-75,GSM,460,1,5198,42508,0,2147483647,0.0,0.0,15,4,-83,GSM,460,1,5198,56688,0,2147483647,0.0,0.0,13,4,-87,GSM,460,1,5198,42518,0,2147483647,0.0,0.0,19,4,-75,GSM,460,1,5198,42519,0,2147483647,0.0,0.0,17,4,-79,GSM
1524045015522,121.21006312,31.28533802,40.0,15.0,4.769287,-69,true,-1,-1,5,70.0,4000.0,-30.1300048828125,-15.625,34.7686767578125,-1.5836422443389893,-0.3362827003002167,-2.7085981369018555,460,1,5198,42507,0,-1,0.0,0.0,0,0,0,,6,460,1,5198,42507,0,2147483647,0.0,0.0,24,4,-65,GSM,460,1,5198,42509,0,2147483647,0.0,0.0,19,4,-75,GSM,460,1,5198,42508,0,2147483647,0.0,0.0,15,4,-83,GSM,460,1,5198,56688,0,2147483647,0.0,0.0,11,3,-91,GSM,460,1,5198,42518,0,2147483647,0.0,0.0,20,4,-73,GSM,460,1,5198,42519,0,2147483647,0.0,0.0,17,4,-79,GSM
1524045018600,121.20991376,31.28548599,34.0,8.0,5.2784276,-69,true,-1,-1,5,70.0,4000.0,-29.60968017578125,-23.724365234375,33.868408203125,-2.015312910079956,-0.33129066228866577,-2.868424892425537,460,1,5198,42507,0,-1,0.0,0.0,0,0,0,,5,460,1,5198,42507,0,2147483647,0.0,0.0,21,4,-71,GSM,460,1,5198,42509,0,2147483647,0.0,0.0,19,4,-75,GSM,460,1,5198,42508,0,2147483647,0.0,0.0,14,4,-85,GSM,460,1,5198,42518,0,2147483647,0.0,0.0,20,4,-73,GSM,460,1,5198,42519,0,2147483647,0.0,0.0,17,4,-79,GSM
1524045021661,121.20991376,31.28548599,34.0,8.0,5.2784276,-71,true,-1,-1,5,70.0,4000.0,-31.34002685546875,-22.5250244140625,31.46820068359375,-1.5550998449325562,-0.5204815864562988,-2.812310218811035,460,1,5198,42507,0,-1,0.0,0.0,0,0,0,,7,460,1,5198,42507,0,2147483647,0.0,0.0,20,4,-73,GSM,460,1,5198,42509,0,2147483647,0.0,0.0,18,4,-77,GSM,460,1,5198,42508,0,2147483647,0.0,0.0,14,4,-85,GSM,460,1,5198,42518,0,2147483647,0.0,0.0,21,4,-71,GSM,460,1,5198,42519,0,2147483647,0.0,0.0,18,4,-77,GSM,460,1,5198,42517,0,2147483647,0.0,0.0,13,4,-87,GSM,460,1,5198,56688,0,2147483647,0.0,0.0,12,4,-89,GSM
1524045024755,121.20977782,31.2857021,21.0,10.0,4.209537,-71,true,-1,-1,5,70.0,4000.0,-31.34002685546875,-21.92535400390625,29.66766357421875,-1.9458742141723633,-0.35590702295303345,-2.737520694732666,460,1,5198,42507,0,-1,0.0,0.0,0,0,0,,7,460,1,5198,42507,0,2147483647,0.0,0.0,20,4,-73,GSM,460,1,5198,42509,0,2147483647,0.0,0.0,18,4,-77,GSM,460,1,5198,42508,0,2147483647,0.0,0.0,15,4,-83,GSM,460,1,5198,42518,0,2147483647,0.0,0.0,22,4,-69,GSM,460,1,5198,42519,0,2147483647,0.0,0.0,18,4,-77,GSM,460,1,5198,42517,0,2147483647,0.0,0.0,13,4,-87,GSM,460,1,5198,56688,0,2147483647,0.0,0.0,11,3,-91,GSM
1524045027838,121.20977782,31.2857021,21.0,10.0,4.209537,-57,true,-1,-1,5,70.0,4000.0,-28.23028564453125,-32.4249267578125,29.0679931640625,-2.4242944717407227,-0.30842703580856323,-2.8102755546569824,460,1,5198,42518,0,-1,0.0,0.0,0,0,0,,6,460,1,5198,42518,0,2147483647,0.0,0.0,28,4,-57,GSM,460,1,5198,42509,0,2147483647,0.0,0.0,18,4,-77,GSM,460,1,5198,42508,0,2147483647,0.0,0.0,15,4,-83,GSM,460,1,5198,42519,0,2147483647,0.0,0.0,17,4,-79,GSM,460,1,5198,42517,0,2147483647,0.0,0.0,13,4,-87,GSM,460,1,5198,42507,0,2147483647,0.0,0.0,19,4,-75,GSM
1524045030915,121.20963711,31.2858174,46.0,9.0,3.8908226,-57,true,-1,-1,5,70.0,4000.0,-30.3009033203125,-28.22418212890625,30.8685302734375,-2.3430726528167725,-0.2909340262413025,-2.742204427719116,460,1,5198,42518,0,-1,0.0,0.0,0,0,0,,6,460,1,5198,42518,0,2147483647,0.0,0.0,27,4,-59,GSM,460,1,5198,42509,0,2147483647,0.0,0.0,18,4,-77,GSM,460,1,5198,42508,0,2147483647,0.0,0.0,14,4,-85,GSM,460,1,5198,42519,0,2147483647,0.0,0.0,17,4,-79,GSM,460,1,5198,42517,0,2147483647,0.0,0.0,14,4,-85,GSM,460,1,5198,42507,0,2147483647,0.0,0.0,19,4,-75,GSM
1524045033994,121.20963711,31.2858174,46.0,9.0,3.8908226,-57,true,-1,-1,5,70.0,4000.0,-29.26025390625,-29.12445068359375,29.66766357421875,-2.264132261276245,-0.33503490686416626,-2.817368507385254,460,1,5198,42518,0,-1,0.0,0.0,0,0,0,,6,460,1,5198,42518,0,2147483647,0.0,0.0,26,4,-61,GSM,460,1,5198,42509,0,2147483647,0.0,0.0,19,4,-75,GSM,460,1,5198,42508,0,2147483647,0.0,0.0,14,4,-85,GSM,460,1,5198,42519,0,2147483647,0.0,0.0,18,4,-77,GSM,460,1,5198,42517,0,2147483647,0.0,0.0,14,4,-85,GSM,460,1,5198,42507,0,2147483647,0.0,0.0,19,4,-75,GSM
1524045037032,121.20953526,31.28590493,34.0,12.0,3.2618554,-59,true,-1,-1,5,70.0,4000.0,-27.00958251953125,4.1748046875,44.9676513671875,-0.33350756764411926,-0.28493884205818176,-2.724118947982788,460,1,5198,42518,0,-1,0.0,0.0,0,0,0,,6,460,1,5198,42518,0,2147483647,0.0,0.0,28,4,-57,GSM,460,1,5198,42509,0,2147483647,0.0,0.0,18,4,-77,GSM,460,1,5198,42508,0,2147483647,0.0,0.0,14,4,-85,GSM,460,1,5198,42519,0,2147483647,0.0,0.0,18,4,-77,GSM,460,1,5198,42517,0,2147483647,0.0,0.0,15,4,-83,GSM,460,1,5198,42507,0,2147483647,0.0,0.0,20,4,-73,GSM
1524045040109,121.20940961,31.28607916,35.0,7.0,3.6729417,-57,true,-1,-1,5,70.0,4000.0,-10.56060791015625,-13.22479248046875,68.06793212890625,1.1919703483581543,-0.29036757349967957,-2.748713970184326,460,1,5198,42518,0,-1,0.0,0.0,0,0,0,,6,460,1,5198,42518,0,2147483647,0.0,0.0,26,4,-61,GSM,460,1,5198,42509,0,2147483647,0.0,0.0,19,4,-75,GSM,460,1,5198,42508,0,2147483647,0.0,0.0,14,4,-85,GSM,460,1,5198,42519,0,2147483647,0.0,0.0,19,4,-75,GSM,460,1,5198,42517,0,2147483647,0.0,0.0,15,4,-83,GSM,460,1,5198,42507,0,2147483647,0.0,0.0,20,4,-73,GSM
1524045043168,121.20940961,31.28607916,35.0,7.0,3.6729417,-59,true,-1,-1,5,70.0,4000.0,-5.8807373046875,-0.9246826171875,48.5687255859375,0.7440952062606812,-0.29034292697906494,-2.7795228958129883,460,1,5198,42518,0,-1,0.0,0.0,0,0,0,,6,460,1,5198,42518,0,2147483647,0.0,0.0,24,4,-65,GSM,460,1,5198,42509,0,2147483647,0.0,0.0,19,4,-75,GSM,460,1,5198,42508,0,2147483647,0.0,0.0,13,4,-87,GSM,460,1,5198,42519,0,2147483647,0.0,0.0,18,4,-77,GSM,460,1,5198,42517,0,2147483647,0.0,0.0,15,4,-83,GSM,460,1,5198,42507,0,2147483647,0.0,0.0,21,4,-71,GSM
1524045046249,121.20957314,31.28615036,36.0,7.0,3.6644237,-59,true,-1,-1,5,70.0,4000.0,-5.18951416015625,1.47552490234375,40.7684326171875,0.8046197295188904,-0.2948683798313141,-2.687502145767212,460,1,5198,42518,0,-1,0.0,0.0,0,0,0,,6,460,1,5198,42518,0,2147483647,0.0,0.0,26,4,-61,GSM,460,1,5198,42509,0,2147483647,0.0,0.0,19,4,-75,GSM,460,1,5198,42508,0,2147483647,0.0,0.0,12,4,-89,GSM,460,1,5198,42519,0,2147483647,0.0,0.0,18,4,-77,GSM,460,1,5198,42517,0,2147483647,0.0,0.0,15,4,-83,GSM,460,1,5198,42507,0,2147483647,0.0,0.0,22,4,-69,GSM
1524045049306,121.20966469,31.28636479,12.0,9.0,4.6755214,-59,true,-1,-1,5,70.0,4000.0,-14.8895263671875,5.975341796875,47.36785888671875,0.20812085270881653,-0.36677291989326477,-2.737790584564209,460,1,5198,42518,0,-1,0.0,0.0,0,0,0,,5,460,1,5198,42518,0,2147483647,0.0,0.0,22,4,-69,GSM,460,1,5198,42509,0,2147483647,0.0,0.0,18,4,-77,GSM,460,1,5198,42519,0,2147483647,0.0,0.0,18,4,-77,GSM,460,1,5198,42517,0,2147483647,0.0,0.0,14,4,-85,GSM,460,1,5198,42507,0,2147483647,0.0,0.0,22,4,-69,GSM
1524045052364,121.20966831,31.28642039,31.0,6.0,4.741245,-67,true,-1,-1,5,70.0,4000.0,-13.67950439453125,2.37579345703125,50.06866455078125,0.5025140047073364,-0.30843308568000793,-2.685934066772461,460,1,5198,42518,0,-1,0.0,0.0,0,0,0,,5,460,1,5198,42518,0,2147483647,0.0,0.0,21,4,-71,GSM,460,1,5198,42509,0,2147483647,0.0,0.0,18,4,-77,GSM,460,1,5198,42519,0,2147483647,0.0,0.0,17,4,-79,GSM,460,1,5198,42517,0,2147483647,0.0,0.0,14,4,-85,GSM,460,1,5198,42507,0,2147483647,0.0,0.0,22,4,-69,GSM
1524045055440,121.20972905,31.28647971,50.0,13.0,2.9040835,-69,true,-1,-1,5,70.0,4000.0,-12.4603271484375,0.8758544921875,51.568603515625,0.6078652739524841,-0.3634028136730194,-2.6516451835632324,460,1,5198,42518,0,-1,0.0,0.0,0,0,0,,5,460,1,5198,42518,0,2147483647,0.0,0.0,20,4,-73,GSM,460,1,5198,42509,0,2147483647,0.0,0.0,19,4,-75,GSM,460,1,5198,42519,0,2147483647,0.0,0.0,15,4,-83,GSM,460,1,5198,42517,0,2147483647,0.0,0.0,14,4,-85,GSM,460,1,5198,42507,0,2147483647,0.0,0.0,23,4,-67,GSM
1524045058503,121.20984996,31.28661418,29.0,11.0,3.2035139,-69,true,-1,-1,5,70.0,4000.0,-12.640380859375,-4.8248291015625,52.4688720703125,0.7691267728805542,-0.3543839156627655,-2.658137083053589,460,1,5198,42507,0,-1,0.0,0.0,0,0,0,,4,460,1,5198,42507,0,2147483647,0.0,0.0,23,4,-67,GSM,460,1,5198,42509,0,2147483647,0.0,0.0,19,4,-75,GSM,460,1,5198,42519,0,2147483647,0.0,0.0,15,4,-83,GSM,460,1,5198,42517,0,2147483647,0.0,0.0,13,4,-87,GSM
1524045061576,121.20993621,31.28672902,31.0,9.0,4.5634418,-65,true,-1,-1,5,70.0,4000.0,-14.72015380859375,-0.62408447265625,50.06866455078125,0.47097229957580566,-0.34936586022377014,-2.68872332572937,460,1,5198,42507,0,-1,0.0,0.0,0,0,0,,5,460,1,5198,42507,0,2147483647,0.0,0.0,25,4,-63,GSM,460,1,5198,42509,0,2147483647,0.0,0.0,19,4,-75,GSM,460,1,5198,42519,0,2147483647,0.0,0.0,14,4,-85,GSM,460,1,5198,42518,0,2147483647,0.0,0.0,19,4,-75,GSM,0,0,0,-1,0,2147483647,0.0,0.0,13,4,-87,GSM
1524045064635,121.21010712,31.28682794,37.0,7.0,3.9889848,-63,true,-1,-1,5,70.0,4000.0,-13.330078125,-0.9246826171875,50.6683349609375,0.3107320964336395,-0.403298944234848,-2.764139413833618,460,1,5198,42507,0,-1,0.0,0.0,0,0,0,,4,460,1,5198,42507,0,2147483647,0.0,0.0,25,4,-63,GSM,460,1,5198,42509,0,2147483647,0.0,0.0,19,4,-75,GSM,460,1,5198,42519,0,2147483647,0.0,0.0,14,4,-85,GSM,460,1,5198,42518,0,2147483647,0.0,0.0,17,4,-79,GSM
1524045067716,121.21010712,31.28682794,37.0,7.0,3.9889848,-63,true,-1,-1,5,70.0,4000.0,-11.419677734375,2.37579345703125,49.76806640625,0.47393396496772766,-0.319173127412796,-2.7340872287750244,460,1,5198,42507,0,-1,0.0,0.0,0,0,0,,5,460,1,5198,42507,0,2147483647,0.0,0.0,23,4,-67,GSM,460,1,5198,42509,0,2147483647,0.0,0.0,19,4,-75,GSM,460,1,5198,42519,0,2147483647,0.0,0.0,14,4,-85,GSM,460,1,5198,42518,0,2147483647,0.0,0.0,17,4,-79,GSM,0,0,0,-1,0,2147483647,0.0,0.0,14,4,-85,GSM
1524045070793,121.21013418,31.28695749,26.0,13.0,3.4583378,-65,true,-1,-1,5,70.0,4000.0,-15.93017578125,1.1749267578125,49.16839599609375,0.2920244634151459,-0.31923264265060425,-2.727745532989502,460,1,5198,42507,0,-1,0.0,0.0,0,0,0,,4,460,1,5198,42507,0,2147483647,0.0,0.0,23,4,-67,GSM,460,1,5198,42509,0,2147483647,0.0,0.0,17,4,-79,GSM,460,1,5198,42518,0,2147483647,0.0,0.0,16,4,-81,GSM,0,0,0,-1,0,2147483647,0.0,0.0,15,4,-83,GSM
1524045073846,121.21022688,31.28712235,44.0,11.0,3.0273585,-65,true,-1,-1,5,70.0,4000.0,-11.25030517578125,-1.52435302734375,51.26800537109375,0.7193359732627869,-0.3397616147994995,-2.6645889282226563,460,1,5198,42507,0,-1,0.0,0.0,0,0,0,,4,460,1,5198,42507,0,2147483647,0.0,0.0,22,4,-69,GSM,460,1,5198,42509,0,2147483647,0.0,0.0,17,4,-79,GSM,460,1,5198,42518,0,2147483647,0.0,0.0,16,4,-81,GSM,460,1,5198,49989,0,2147483647,0.0,0.0,15,4,-83,GSM
1524045076906,121.21022688,31.28712235,44.0,11.0,3.0273585,-65,true,-1,-1,5,70.0,4000.0,-3.1097412109375,5.0750732421875,53.96881103515625,0.6601381897926331,-0.3798060119152069,-2.7386999130249023,460,1,5198,42507,0,-1,0.0,0.0,0,0,0,,4,460,1,5198,42507,0,2147483647,0.0,0.0,18,4,-77,GSM,460,1,5198,42509,0,2147483647,0.0,0.0,16,4,-81,GSM,460,1,5198,42518,0,2147483647,0.0,0.0,16,4,-81,GSM,460,1,5198,49989,0,2147483647,0.0,0.0,15,4,-83,GSM
1524045079982,121.2102776,31.28727156,39.0,17.0,4.3756714,-77,true,-1,-1,5,70.0,4000.0,-6.75048828125,2.37579345703125,54.26788330078125,0.7179564833641052,-0.30790698528289795,-2.7240922451019287,460,1,5198,42507,0,-1,0.0,0.0,0,0,0,,5,460,1,5198,42507,0,2147483647,0.0,0.0,16,4,-81,GSM,460,1,5198,42509,0,2147483647,0.0,0.0,14,4,-85,GSM,460,1,5198,42518,0,2147483647,0.0,0.0,15,4,-83,GSM,460,1,5198,49989,0,2147483647,0.0,0.0,17,4,-79,GSM,460,1,5198,49988,0,2147483647,0.0,0.0,14,4,-85,GSM
1524045083038,121.21049768,31.28750431,48.0,8.0,4.627883,-81,true,-1,-1,5,70.0,4000.0,-9.87091064453125,3.27606201171875,51.86767578125,0.5118674635887146,-0.35359570384025574,-2.7292845249176025,460,1,5198,42507,0,-1,0.0,0.0,0,0,0,,5,460,1,5198,42507,0,2147483647,0.0,0.0,16,4,-81,GSM,460,1,5198,42509,0,2147483647,0.0,0.0,14,4,-85,GSM,460,1,5198,42518,0,2147483647,0.0,0.0,17,4,-79,GSM,460,1,5198,49989,0,2147483647,0.0,0.0,17,4,-79,GSM,460,1,5198,49988,0,2147483647,0.0,0.0,14,4,-85,GSM
1524045086115,121.21049768,31.28750431,48.0,8.0,4.627883,-81,true,-1,-1,5,70.0,4000.0,-19.219970703125,3.27606201171875,43.46771240234375,-0.04510025307536125,-0.39514878392219543,-2.745513916015625,460,1,5198,49989,0,-1,0.0,0.0,0,0,0,,4,460,1,5198,49989,0,2147483647,0.0,0.0,19,4,-75,GSM,460,1,5198,42518,0,2147483647,0.0,0.0,17,4,-79,GSM,460,1,5198,49988,0,2147483647,0.0,0.0,14,4,-85,GSM,460,1,5198,42507,0,2147483647,0.0,0.0,16,4,-81,GSM
1524045089174,121.21054822,31.28756664,35.0,10.0,3.4810486,-73,true,-1,-1,5,70.0,4000.0,-25.799560546875,-3.62396240234375,35.6689453125,-0.5723254084587097,-0.3445371091365814,-2.680861711502075,460,1,5198,49989,0,-1,0.0,0.0,0,0,0,,4,460,1,5198,49989,0,2147483647,0.0,0.0,16,4,-81,GSM,460,1,5198,42518,0,2147483647,0.0,0.0,17,4,-79,GSM,460,1,5198,49988,0,2147483647,0.0,0.0,14,4,-85,GSM,460,1,5198,42507,0,2147483647,0.0,0.0,16,4,-81,GSM
1524045092251,121.21054822,31.28756664,35.0,10.0,3.4810486,-79,true,-1,-1,5,70.0,4000.0,-21.820068359375,1.1749267578125,40.7684326171875,-0.16023381054401398,-0.4073077142238617,-2.717867136001587,460,1,5198,49989,0,-1,0.0,0.0,0,0,0,,4,460,1,5198,49989,0,2147483647,0.0,0.0,18,4,-77,GSM,460,1,5198,42518,0,2147483647,0.0,0.0,17,4,-79,GSM,460,1,5198,49988,0,2147483647,0.0,0.0,14,4,-85,GSM,460,1,5198,42507,0,2147483647,0.0,0.0,16,4,-81,GSM
1524045095304,121.21048004,31.28744305,105.0,17.0,1.9019201,-75,true,-1,-1,5,70.0,4000.0,-7.60955810546875,4.1748046875,50.36773681640625,0.7071020007133484,-0.5062633156776428,-2.5422110557556152,460,1,5198,49989,0,-1,0.0,0.0,0,0,0,,5,460,1,5198,49989,0,2147483647,0.0,0.0,21,4,-71,GSM,460,1,5198,42518,0,2147483647,0.0,0.0,19,4,-75,GSM,460,1,5198,42507,0,2147483647,0.0,0.0,16,4,-81,GSM,460,1,5198,56689,0,2147483647,0.0,0.0,17,4,-79,GSM,460,1,5198,56688,0,2147483647,0.0,0.0,18,4,-77,GSM
1524045098383,121.2106139,31.28806588,28.0,17.0,2.131009,-71,true,-1,-1,5,70.0,4000.0,-10.20965576171875,2.67486572265625,51.86767578125,0.46905919909477234,-0.4010521471500397,-2.7287561893463135,460,1,5198,49989,0,-1,0.0,0.0,0,0,0,,6,460,1,5198,49989,0,2147483647,0.0,0.0,18,4,-77,GSM,460,1,5198,42518,0,2147483647,0.0,0.0,22,4,-69,GSM,460,1,5198,42507,0,2147483647,0.0,0.0,15,4,-83,GSM,460,1,5198,56689,0,2147483647,0.0,0.0,18,4,-77,GSM,460,1,5198,56688,0,2147483647,0.0,0.0,19,4,-75,GSM,460,1,5198,49988,0,2147483647,0.0,0.0,16,4,-81,GSM
1524045101461,121.21074885,31.28815744,69.0,15.0,2.9607093,-75,true,-1,-1,5,70.0,4000.0,-10.9100341796875,1.776123046875,48.8677978515625,0.5313060283660889,-0.43231257796287537,-2.662142038345337,460,1,5198,49989,0,-1,0.0,0.0,0,0,0,,6,460,1,5198,49989,0,2147483647,0.0,0.0,19,4,-75,GSM,460,1,5198,42518,0,2147483647,0.0,0.0,24,4,-65,GSM,460,1,5198,56689,0,2147483647,0.0,0.0,18,4,-77,GSM,460,1,5198,56688,0,2147483647,0.0,0.0,19,4,-75,GSM,460,1,5198,49988,0,2147483647,0.0,0.0,16,4,-81,GSM,460,1,5198,42517,0,2147483647,0.0,0.0,15,4,-83,GSM
1524045104536,121.21074885,31.28815744,69.0,15.0,2.9607093,-73,true,-1,-1,5,70.0,4000.0,-11.25030517578125,4.47540283203125,52.4688720703125,0.636564314365387,-0.31013670563697815,-2.65118408203125,460,1,5198,42518,0,-1,0.0,0.0,0,0,0,,4,460,1,5198,42518,0,2147483647,0.0,0.0,27,4,-59,GSM,460,1,5198,56688,0,2147483647,0.0,0.0,19,4,-75,GSM,460,1,5198,49988,0,2147483647,0.0,0.0,16,4,-81,GSM,460,1,5198,42517,0,2147483647,0.0,0.0,15,4,-83,GSM
1524045107612,121.21080593,31.28829225,-13.0,12.0,3.2907445,-59,true,-1,-1,5,70.0,4000.0,-13.85040283203125,2.37579345703125,54.5684814453125,0.28039970993995667,-0.336309552192688,-2.786851167678833,460,1,5198,42518,0,-1,0.0,0.0,0,0,0,,4,460,1,5198,42518,0,2147483647,0.0,0.0,25,4,-63,GSM,460,1,5198,56688,0,2147483647,0.0,0.0,18,4,-77,GSM,460,1,5198,49988,0,2147483647,0.0,0.0,16,4,-81,GSM,460,1,5198,49989,0,2147483647,0.0,0.0,20,4,-73,GSM
1524045111019,121.21080593,31.28829225,-13.0,12.0,3.2907445,-63,true,-1,-1,5,70.0,4000.0,-7.96051025390625,2.9754638671875,55.767822265625,0.6164947152137756,-0.4561779499053955,-2.6651453971862793,460,1,5198,42518,0,-1,0.0,0.0,0,0,0,,4,460,1,5198,42518,0,2147483647,0.0,0.0,24,4,-65,GSM,460,1,5198,56688,0,2147483647,0.0,0.0,19,4,-75,GSM,460,1,5198,49988,0,2147483647,0.0,0.0,17,4,-79,GSM,460,1,5198,49989,0,2147483647,0.0,0.0,20,4,-73,GSM
1524045114094,121.2111662,31.28844652,111.0,16.0,3.061503,-65,true,-1,-1,5,70.0,4000.0,-13.67950439453125,2.9754638671875,54.8675537109375,0.6040966510772705,-0.37657052278518677,-2.6159660816192627,460,1,5198,42518,0,-1,0.0,0.0,0,0,0,,4,460,1,5198,42518,0,2147483647,0.0,0.0,24,4,-65,GSM,460,1,5198,56688,0,2147483647,0.0,0.0,19,4,-75,GSM,460,1,5198,49988,0,2147483647,0.0,0.0,17,4,-79,GSM,460,1,5198,49989,0,2147483647,0.0,0.0,20,4,-73,GSM
1524045117192,121.2111662,31.28844652,111.0,16.0,3.061503,-65,true,-1,-1,5,70.0,4000.0,-14.8895263671875,4.47540283203125,50.96893310546875,0.45531708002090454,-0.32680973410606384,-2.662846088409424,460,1,5198,42518,0,-1,0.0,0.0,0,0,0,,4,460,1,5198,42518,0,2147483647,0.0,0.0,26,4,-61,GSM,460,1,5198,56688,0,2147483647,0.0,0.0,20,4,-73,GSM,460,1,5198,49988,0,2147483647,0.0,0.0,16,4,-81,GSM,460,1,5198,49989,0,2147483647,0.0,0.0,20,4,-73,GSM
1524045120283,121.21112218,31.28850572,62.0,13.0,2.9248762,-63,true,-1,-1,5,70.0,4000.0,-17.3095703125,1.776123046875,51.568603515625,0.2455659806728363,-0.3888833820819855,-2.7154693603515625,460,1,5198,42518,0,-1,0.0,0.0,0,0,0,,4,460,1,5198,42518,0,2147483647,0.0,0.0,26,4,-61,GSM,460,1,5198,56688,0,2147483647,0.0,0.0,21,4,-71,GSM,460,1,5198,49988,0,2147483647,0.0,0.0,17,4,-79,GSM,460,1,5198,49989,0,2147483647,0.0,0.0,20,4,-73,GSM
1524045123321,121.21112218,31.28850572,62.0,13.0,2.9248762,-63,true,-1,-1,5,70.0,4000.0,-15.240478515625,2.67486572265625,50.96893310546875,0.4622071087360382,-0.31138578057289124,-2.675996780395508,460,1,5198,42518,0,-1,0.0,0.0,0,0,0,,4,460,1,5198,42518,0,2147483647,0.0,0.0,25,4,-63,GSM,460,1,5198,56688,0,2147483647,0.0,0.0,22,4,-69,GSM,460,1,5198,49988,0,2147483647,0.0,0.0,17,4,-79,GSM,460,1,5198,49989,0,2147483647,0.0,0.0,20,4,-73,GSM
1524045126417,121.21136567,31.28881931,30.0,9.0,3.9986122,-63,true,-1,-1,5,70.0,4000.0,-13.16070556640625,2.67486572265625,52.16827392578125,0.5485371351242065,-0.40117546916007996,-2.633014440536499,460,1,5198,42518,0,-1,0.0,0.0,0,0,0,,4,460,1,5198,42518,0,2147483647,0.0,0.0,24,4,-65,GSM,460,1,5198,56688,0,2147483647,0.0,0.0,22,4,-69,GSM,460,1,5198,49988,0,2147483647,0.0,0.0,17,4,-79,GSM,460,1,5198,49989,0,2147483647,0.0,0.0,19,4,-75,GSM
1524045129471,121.21142907,31.28898908,22.0,9.0,3.731059,-63,true,-1,-1,5,70.0,4000.0,-13.330078125,4.7760009765625,51.86767578125,0.4721176028251648,-0.2994750440120697,-2.6974730491638184,460,1,5198,42518,0,-1,0.0,0.0,0,0,0,,4,460,1,5198,42518,0,2147483647,0.0,0.0,24,4,-65,GSM,460,1,5198,56688,0,2147483647,0.0,0.0,25,4,-63,GSM,460,1,5198,49988,0,2147483647,0.0,0.0,18,4,-77,GSM,460,1,5198,49989,0,2147483647,0.0,0.0,20,4,-73,GSM
1524045132528,121.21154751,31.28896631,23.0,14.0,3.1913164,-63,true,-1,-1,5,70.0,4000.0,-20.60089111328125,3.27606201171875,47.06878662109375,0.21165984869003296,-0.28664737939834595,-2.6552364826202393,460,1,5198,42518,0,-1,0.0,0.0,0,0,0,,4,460,1,5198,42518,0,2147483647,0.0,0.0,26,4,-61,GSM,460,1,5198,56688,0,2147483647,0.0,0.0,24,4,-65,GSM,460,1,5198,49988,0,2147483647,0.0,0.0,20,4,-73,GSM,460,1,5198,49989,0,2147483647,0.0,0.0,20,4,-73,GSM
1524045135624,121.21154751,31.28896631,23.0,14.0,3.1913164,-57,true,-1,-1,5,70.0,4000.0,-16.09954833984375,3.875732421875,53.06854248046875,0.39952218532562256,-0.3780733048915863,-2.665329694747925,460,1,5198,42518,0,-1,0.0,0.0,0,0,0,,4,460,1,5198,42518,0,2147483647,0.0,0.0,28,4,-57,GSM,460,1,5198,56688,0,2147483647,0.0,0.0,25,4,-63,GSM,460,1,5198,49988,0,2147483647,0.0,0.0,20,4,-73,GSM,460,1,5198,49989,0,2147483647,0.0,0.0,20,4,-73,GSM
1524045138700,121.2116121,31.28913316,54.0,12.0,3.1420057,-57,true,-1,-1,5,70.0,4000.0,-12.4603271484375,4.7760009765625,53.36761474609375,0.6265017986297607,-0.31614336371421814,-2.63236403465271,460,1,5198,42518,0,-1,0.0,0.0,0,0,0,,4,460,1,5198,42518,0,2147483647,0.0,0.0,27,4,-59,GSM,460,1,5198,56688,0,2147483647,0.0,0.0,25,4,-63,GSM,460,1,5198,49988,0,2147483647,0.0,0.0,20,4,-73,GSM,460,1,5198,49989,0,2147483647,0.0,0.0,21,4,-71,GSM
1524045141773,121.21170478,31.28926221,62.0,8.0,4.0489135,-57,true,-1,-1,5,70.0,4000.0,-6.060791015625,8.37554931640625,56.6680908203125,0.843307614326477,-0.2678561806678772,-2.5929558277130127,460,1,5198,42518,0,-1,0.0,0.0,0,0,0,,5,460,1,5198,42518,0,2147483647,0.0,0.0,25,4,-63,GSM,460,1,5198,56688,0,2147483647,0.0,0.0,25,4,-63,GSM,460,1,5198,49988,0,2147483647,0.0,0.0,21,4,-71,GSM,460,1,5198,49989,0,2147483647,0.0,0.0,21,4,-71,GSM,460,1,5198,42517,0,2147483647,0.0,0.0,18,4,-77,GSM
1524045144852,121.21186532,31.28928556,32.0,17.0,2.9203596,-61,true,-1,-1,5,70.0,4000.0,-6.57958984375,4.1748046875,55.767822265625,0.8462771773338318,-0.3392023742198944,-2.5903544425964355,460,1,5198,42518,0,-1,0.0,0.0,0,0,0,,5,460,1,5198,42518,0,2147483647,0.0,0.0,22,4,-69,GSM,460,1,5198,56688,0,2147483647,0.0,0.0,25,4,-63,GSM,460,1,5198,49988,0,2147483647,0.0,0.0,20,4,-73,GSM,460,1,5198,49989,0,2147483647,0.0,0.0,22,4,-69,GSM,460,1,5198,42517,0,2147483647,0.0,0.0,18,4,-77,GSM
1524045147924,121.21171561,31.28926536,37.0,9.0,2.6654267,-69,true,-1,-1,5,70.0,4000.0,-47.61962890625,-30.3253173828125,-7.53173828125,1.726645588874817,-0.5656079649925232,-0.8139629364013672,460,1,5198,42518,0,-1,0.0,0.0,0,0,0,,5,460,1,5198,42518,0,2147483647,0.0,0.0,22,4,-69,GSM,460,1,5198,56688,0,2147483647,0.0,0.0,25,4,-63,GSM,460,1,5198,49988,0,2147483647,0.0,0.0,20,4,-73,GSM,460,1,5198,49989,0,2147483647,0.0,0.0,22,4,-69,GSM,460,1,5198,42517,0,2147483647,0.0,0.0,18,4,-77,GSM
