IMEI:862305032225518
IMSI:460091042103139
OSVersion:3.10.73-perf-g94fc9a6
apiLevel:5.1.1
model:Redmi Note 3
device:kenzo
product:kenzo
65
1524301601871,121.20962536,31.28442832,41.0,19.0,0.7778174,-65,true,-1,-1,5,99.0,4000.0,102.18048095703125,-114.6240234375,24.56817626953125,-2.401083469390869,-0.38006019592285156,0.06114490330219269,460,1,5198,42507,0,-1,0.0,0.0,0,0,0,,6,460,1,5198,42507,0,2147483647,0.0,0.0,25,4,-63,GSM,460,1,5198,42509,0,2147483647,0.0,0.0,16,4,-81,GSM,460,1,5198,42508,0,2147483647,0.0,0.0,13,4,-87,GSM,460,1,5198,44572,0,2147483647,0.0,0.0,11,3,-91,GSM,460,1,5198,49989,0,2147483647,0.0,0.0,11,3,-91,GSM,460,1,5198,42518,0,2147483647,0.0,0.0,11,3,-91,GSM
1524301604947,121.20962536,31.28442832,41.0,19.0,0.7778174,-63,true,-1,-1,5,99.0,4000.0,98.88916015625,-114.92462158203125,26.66778564453125,-2.4181981086730957,-0.22906942665576935,0.13171014189720154,460,1,5198,42507,0,-1,0.0,0.0,0,0,0,,6,460,1,5198,42507,0,2147483647,0.0,0.0,25,4,-63,GSM,460,1,5198,42509,0,2147483647,0.0,0.0,17,4,-79,GSM,460,1,5198,42508,0,2147483647,0.0,0.0,13,4,-87,GSM,460,1,5198,44572,0,2147483647,0.0,0.0,11,3,-91,GSM,460,1,5198,49989,0,2147483647,0.0,0.0,11,3,-91,GSM,460,1,5198,42518,0,2147483647,0.0,0.0,12,4,-89,GSM
1524301608025,121.20962536,31.28442832,41.0,19.0,0.7778174,-63,true,-1,-1,5,99.0,4000.0,95.07904052734375,-129.0252685546875,33.868408203125,-2.538905382156372,-0.3720131814479828,-0.06456539034843445,460,1,5198,42507,0,-1,0.0,0.0,0,0,0,,6,460,1,5198,42507,0,2147483647,0.0,0.0,27,4,-59,GSM,460,1,5198,42509,0,2147483647,0.0,0.0,17,4,-79,GSM,460,1,5198,42508,0,2147483647,0.0,0.0,14,4,-85,GSM,460,1,5198,44572,0,2147483647,0.0,0.0,12,4,-89,GSM,460,1,5198,49989,0,2147483647,0.0,0.0,10,3,-93,GSM,460,1,5198,42518,0,2147483647,0.0,0.0,12,4,-89,GSM
1524301611100,121.20962536,31.28442832,41.0,19.0,0.7778174,-59,true,-1,-1,5,99.0,4000.0,95.07904052734375,-95.12481689453125,23.66790771484375,-2.3982770442962646,-0.2349264919757843,-0.10256640613079071,460,1,5198,42507,0,-1,0.0,0.0,0,0,0,,6,460,1,5198,42507,0,2147483647,0.0,0.0,28,4,-57,GSM,460,1,5198,42509,0,2147483647,0.0,0.0,20,4,-73,GSM,460,1,5198,42508,0,2147483647,0.0,0.0,14,4,-85,GSM,460,1,5198,44572,0,2147483647,0.0,0.0,12,4,-89,GSM,460,1,5198,49989,0,2147483647,0.0,0.0,10,3,-93,GSM,460,1,5198,42518,0,2147483647,0.0,0.0,13,4,-87,GSM
1524301614156,121.20962536,31.28442832,41.0,19.0,0.7778174,-59,true,-1,-1,5,99.0,4000.0,102.5299072265625,-87.6251220703125,21.56829833984375,-2.333028793334961,-0.2177191823720932,-0.1542108654975891,460,1,5198,42507,0,-1,0.0,0.0,0,0,0,,7,460,1,5198,42507,0,2147483647,0.0,0.0,27,4,-59,GSM,460,1,5198,42509,0,2147483647,0.0,0.0,22,4,-69,GSM,460,1,5198,42508,0,2147483647,0.0,0.0,14,4,-85,GSM,460,1,5198,44572,0,2147483647,0.0,0.0,12,4,-89,GSM,460,1,5198,49989,0,2147483647,0.0,0.0,9,3,-95,GSM,460,1,5198,42518,0,2147483647,0.0,0.0,13,4,-87,GSM,0,0,0,-1,0,2147483647,0.0,0.0,9,3,-95,GSM
1524301617213,121.20962536,31.28442832,41.0,19.0,0.7778174,-59,true,-1,-1,5,99.0,4000.0,93.00994873046875,-93.9239501953125,90.2679443359375,2.1518001556396484,-0.3915361762046814,-2.4068868160247803,460,1,5198,42507,0,-1,0.0,0.0,0,0,0,,7,460,1,5198,42507,0,2147483647,0.0,0.0,23,4,-67,GSM,460,1,5198,42509,0,2147483647,0.0,0.0,23,4,-67,GSM,460,1,5198,42508,0,2147483647,0.0,0.0,13,4,-87,GSM,460,1,5198,44572,0,2147483647,0.0,0.0,11,3,-91,GSM,460,1,5198,49989,0,2147483647,0.0,0.0,9,3,-95,GSM,460,1,5198,42518,0,2147483647,0.0,0.0,14,4,-85,GSM,0,0,0,-1,0,2147483647,0.0,0.0,8,3,-97,GSM
1524301620271,121.20962536,31.28442832,41.0,19.0,0.7778174,-65,true,-1,-1,5,99.0,4000.0,98.03009033203125,-99.32403564453125,95.36895751953125,2.1387884616851807,-0.30236414074897766,-2.6302754878997803,460,1,5198,42507,0,-1,0.0,0.0,0,0,0,,7,460,1,5198,42507,0,2147483647,0.0,0.0,23,4,-67,GSM,460,1,5198,42509,0,2147483647,0.0,0.0,23,4,-67,GSM,460,1,5198,42508,0,2147483647,0.0,0.0,13,4,-87,GSM,460,1,5198,44572,0,2147483647,0.0,0.0,12,4,-89,GSM,460,1,5198,49989,0,2147483647,0.0,0.0,9,3,-95,GSM,460,1,5198,42518,0,2147483647,0.0,0.0,16,4,-81,GSM,460,1,5198,42519,0,2147483647,0.0,0.0,9,3,-95,GSM
1524301623310,121.20962536,31.28442832,41.0,19.0,0.7778174,-63,true,-1,-1,5,99.0,4000.0,97.509765625,-101.7242431640625,93.86749267578125,2.148937463760376,-0.32549721002578735,-2.630434274673462,460,1,5198,42507,0,-1,0.0,0.0,0,0,0,,7,460,1,5198,42507,0,2147483647,0.0,0.0,25,4,-63,GSM,460,1,5198,42509,0,2147483647,0.0,0.0,23,4,-67,GSM,460,1,5198,42508,0,2147483647,0.0,0.0,14,4,-85,GSM,460,1,5198,44572,0,2147483647,0.0,0.0,12,4,-89,GSM,460,1,5198,49989,0,2147483647,0.0,0.0,8,3,-97,GSM,460,1,5198,42518,0,2147483647,0.0,0.0,16,4,-81,GSM,460,1,5198,42519,0,2147483647,0.0,0.0,10,3,-93,GSM
1524301626407,121.20962536,31.28442832,41.0,19.0,0.7778174,-63,true,-1,-1,5,99.0,4000.0,113.43994140625,-95.7244873046875,14.068603515625,-2.2428698539733887,-0.5381683707237244,-0.012198529206216335,460,1,5198,42507,0,-1,0.0,0.0,0,0,0,,7,460,1,5198,42507,0,2147483647,0.0,0.0,22,4,-69,GSM,460,1,5198,42509,0,2147483647,0.0,0.0,23,4,-67,GSM,460,1,5198,42508,0,2147483647,0.0,0.0,15,4,-83,GSM,460,1,5198,44572,0,2147483647,0.0,0.0,12,4,-89,GSM,460,1,5198,49989,0,2147483647,0.0,0.0,8,3,-97,GSM,460,1,5198,42518,0,2147483647,0.0,0.0,17,4,-79,GSM,460,1,5198,42519,0,2147483647,0.0,0.0,11,3,-91,GSM
1524301629464,121.20962536,31.28442832,41.0,19.0,0.7778174,-65,true,-1,-1,5,99.0,4000.0,95.9503173828125,-101.7242431640625,94.76776123046875,2.1152148246765137,-0.5088410377502441,-2.4807252883911133,460,1,5198,42507,0,-1,0.0,0.0,0,0,0,,6,460,1,5198,42507,0,2147483647,0.0,0.0,22,4,-69,GSM,460,1,5198,42509,0,2147483647,0.0,0.0,23,4,-67,GSM,460,1,5198,42508,0,2147483647,0.0,0.0,14,4,-85,GSM,460,1,5198,44572,0,2147483647,0.0,0.0,11,3,-91,GSM,460,1,5198,42518,0,2147483647,0.0,0.0,18,4,-77,GSM,460,1,5198,42519,0,2147483647,0.0,0.0,11,3,-91,GSM
1524301632522,121.20962536,31.28442832,41.0,19.0,0.7778174,-65,true,-1,-1,5,99.0,4000.0,94.219970703125,-101.12457275390625,92.3675537109375,2.1475777626037598,-0.3915303349494934,-2.546269178390503,460,1,5198,42507,0,-1,0.0,0.0,0,0,0,,7,460,1,5198,42507,0,2147483647,0.0,0.0,21,4,-71,GSM,460,1,5198,42509,0,2147483647,0.0,0.0,21,4,-71,GSM,460,1,5198,42508,0,2147483647,0.0,0.0,14,4,-85,GSM,460,1,5198,44572,0,2147483647,0.0,0.0,11,3,-91,GSM,460,1,5198,42518,0,2147483647,0.0,0.0,18,4,-77,GSM,460,1,5198,42519,0,2147483647,0.0,0.0,12,4,-89,GSM,460,1,5198,49989,0,2147483647,0.0,0.0,9,3,-95,GSM
1524301635580,121.20962536,31.28442832,41.0,19.0,0.7778174,-65,true,-1,-1,5,99.0,4000.0,121.929931640625,-91.22467041015625,11.3677978515625,-2.1960506439208984,-0.40729373693466187,0.0043950374238193035,460,1,5198,42507,0,-1,0.0,0.0,0,0,0,,7,460,1,5198,42507,0,2147483647,0.0,0.0,21,4,-71,GSM,460,1,5198,42509,0,2147483647,0.0,0.0,20,4,-73,GSM,460,1,5198,42508,0,2147483647,0.0,0.0,14,4,-85,GSM,460,1,5198,44572,0,2147483647,0.0,0.0,12,4,-89,GSM,460,1,5198,42518,0,2147483647,0.0,0.0,19,4,-75,GSM,460,1,5198,42519,0,2147483647,0.0,0.0,12,4,-89,GSM,460,1,5198,49989,0,2147483647,0.0,0.0,9,3,-95,GSM
1524301638678,121.20962536,31.28442832,41.0,19.0,0.7778174,-67,true,-1,-1,5,99.0,4000.0,121.40960693359375,-80.42449951171875,18.86749267578125,-2.1633665561676025,-0.16496145725250244,0.021638041362166405,460,1,5198,42507,0,-1,0.0,0.0,0,0,0,,7,460,1,5198,42507,0,2147483647,0.0,0.0,25,4,-63,GSM,460,1,5198,42509,0,2147483647,0.0,0.0,20,4,-73,GSM,460,1,5198,42508,0,2147483647,0.0,0.0,14,4,-85,GSM,460,1,5198,44572,0,2147483647,0.0,0.0,12,4,-89,GSM,460,1,5198,42518,0,2147483647,0.0,0.0,21,4,-71,GSM,460,1,5198,42519,0,2147483647,0.0,0.0,12,4,-89,GSM,460,1,5198,42517,0,2147483647,0.0,0.0,12,4,-89,GSM
1524301641756,121.20962536,31.28442832,41.0,19.0,0.7778174,-61,true,-1,-1,5,99.0,4000.0,92.6605224609375,-103.5247802734375,89.66827392578125,2.162788152694702,-0.5367070436477661,-2.4077274799346924,460,1,5198,42507,0,-1,0.0,0.0,0,0,0,,7,460,1,5198,42507,0,2147483647,0.0,0.0,24,4,-65,GSM,460,1,5198,42509,0,2147483647,0.0,0.0,20,4,-73,GSM,460,1,5198,42508,0,2147483647,0.0,0.0,15,4,-83,GSM,460,1,5198,44572,0,2147483647,0.0,0.0,13,4,-87,GSM,460,1,5198,42518,0,2147483647,0.0,0.0,21,4,-71,GSM,460,1,5198,42519,0,2147483647,0.0,0.0,13,4,-87,GSM,460,1,5198,42517,0,2147483647,0.0,0.0,12,4,-89,GSM
1524301644834,121.20962536,31.28442832,41.0,19.0,0.7778174,-61,true,-1,-1,5,99.0,4000.0,88.85040283203125,-107.4249267578125,81.268310546875,2.2444968223571777,-0.4681078791618347,-2.3960535526275635,460,1,5198,42507,0,-1,0.0,0.0,0,0,0,,7,460,1,5198,42507,0,2147483647,0.0,0.0,22,4,-69,GSM,460,1,5198,42509,0,2147483647,0.0,0.0,20,4,-73,GSM,460,1,5198,42508,0,2147483647,0.0,0.0,15,4,-83,GSM,460,1,5198,44572,0,2147483647,0.0,0.0,12,4,-89,GSM,460,1,5198,42518,0,2147483647,0.0,0.0,22,4,-69,GSM,460,1,5198,42519,0,2147483647,0.0,0.0,14,4,-85,GSM,460,1,5198,42517,0,2147483647,0.0,0.0,12,4,-89,GSM
1524301647911,121.20962536,31.28442832,41.0,19.0,0.7778174,-67,true,-1,-1,5,99.0,4000.0,88.49945068359375,-105.92498779296875,78.86810302734375,2.2527787685394287,-0.5634217262268066,-2.315108299255371,460,1,5198,42507,0,-1,0.0,0.0,0,0,0,,7,460,1,5198,42507,0,2147483647,0.0,0.0,22,4,-69,GSM,460,1,5198,42509,0,2147483647,0.0,0.0,20,4,-73,GSM,460,1,5198,42508,0,2147483647,0.0,0.0,16,4,-81,GSM,460,1,5198,44572,0,2147483647,0.0,0.0,12,4,-89,GSM,460,1,5198,42518,0,2147483647,0.0,0.0,21,4,-71,GSM,460,1,5198,42519,0,2147483647,0.0,0.0,14,4,-85,GSM,460,1,5198,42517,0,2147483647,0.0,0.0,14,4,-85,GSM
1524301650982,121.20962536,31.28442832,41.0,19.0,0.7778174,-67,true,-1,-1,5,99.0,4000.0,126.0894775390625,-97.8240966796875,11.96746826171875,-2.2589354515075684,-0.5911092162132263,-0.17863407731056213,460,1,5198,42507,0,-1,0.0,0.0,0,0,0,,7,460,1,5198,42507,0,2147483647,0.0,0.0,23,4,-67,GSM,460,1,5198,42509,0,2147483647,0.0,0.0,19,4,-75,GSM,460,1,5198,42508,0,2147483647,0.0,0.0,16,4,-81,GSM,460,1,5198,44572,0,2147483647,0.0,0.0,12,4,-89,GSM,460,1,5198,42518,0,2147483647,0.0,0.0,21,4,-71,GSM,460,1,5198,42519,0,2147483647,0.0,0.0,15,4,-83,GSM,460,1,5198,42517,0,2147483647,0.0,0.0,14,4,-85,GSM
1524301654058,121.20962536,31.28442832,41.0,19.0,0.7778174,-67,true,-1,-1,5,99.0,4000.0,124.00970458984375,-90.02532958984375,11.3677978515625,-2.2607171535491943,-0.3727934658527374,-0.22107715904712677,460,1,5198,42507,0,-1,0.0,0.0,0,0,0,,7,460,1,5198,42507,0,2147483647,0.0,0.0,23,4,-67,GSM,460,1,5198,42509,0,2147483647,0.0,0.0,19,4,-75,GSM,460,1,5198,42508,0,2147483647,0.0,0.0,16,4,-81,GSM,460,1,5198,44572,0,2147483647,0.0,0.0,13,4,-87,GSM,460,1,5198,42518,0,2147483647,0.0,0.0,21,4,-71,GSM,460,1,5198,42519,0,2147483647,0.0,0.0,15,4,-83,GSM,460,1,5198,42517,0,2147483647,0.0,0.0,14,4,-85,GSM
1524301657116,121.20962536,31.28442832,41.0,19.0,0.7778174,-67,true,-1,-1,5,99.0,4000.0,130.94024658203125,-90.32440185546875,14.9688720703125,-2.219395875930786,-0.38888394832611084,-0.14772462844848633,460,1,5198,42507,0,-1,0.0,0.0,0,0,0,,7,460,1,5198,42507,0,2147483647,0.0,0.0,23,4,-67,GSM,460,1,5198,42509,0,2147483647,0.0,0.0,20,4,-73,GSM,460,1,5198,42508,0,2147483647,0.0,0.0,16,4,-81,GSM,460,1,5198,44572,0,2147483647,0.0,0.0,13,4,-87,GSM,460,1,5198,42518,0,2147483647,0.0,0.0,22,4,-69,GSM,460,1,5198,42519,0,2147483647,0.0,0.0,15,4,-83,GSM,460,1,5198,42517,0,2147483647,0.0,0.0,15,4,-83,GSM
1524301660194,121.20962536,31.28442832,41.0,19.0,0.7778174,-67,true,-1,-1,5,99.0,4000.0,141.85028076171875,-83.7249755859375,15.86761474609375,-2.109945058822632,-0.23362334072589874,0.006147668696939945,460,1,5198,42507,0,-1,0.0,0.0,0,0,0,,7,460,1,5198,42507,0,2147483647,0.0,0.0,24,4,-65,GSM,460,1,5198,42509,0,2147483647,0.0,0.0,21,4,-71,GSM,460,1,5198,42508,0,2147483647,0.0,0.0,16,4,-81,GSM,460,1,5198,44572,0,2147483647,0.0,0.0,13,4,-87,GSM,460,1,5198,42518,0,2147483647,0.0,0.0,22,4,-69,GSM,460,1,5198,42519,0,2147483647,0.0,0.0,17,4,-79,GSM,460,1,5198,42517,0,2147483647,0.0,0.0,15,4,-83,GSM
1524301663259,121.21002313,31.28534245,32.0,43.0,0.0,-67,true,-1,-1,5,99.0,4000.0,93.00994873046875,-102.02484130859375,86.0687255859375,2.1867949962615967,-0.38634824752807617,-2.5075953006744385,460,1,5198,42507,0,-1,0.0,0.0,0,0,0,,7,460,1,5198,42507,0,2147483647,0.0,0.0,21,4,-71,GSM,460,1,5198,42509,0,2147483647,0.0,0.0,20,4,-73,GSM,460,1,5198,42508,0,2147483647,0.0,0.0,15,4,-83,GSM,460,1,5198,44572,0,2147483647,0.0,0.0,12,4,-89,GSM,460,1,5198,42518,0,2147483647,0.0,0.0,21,4,-71,GSM,460,1,5198,42519,0,2147483647,0.0,0.0,16,4,-81,GSM,460,1,5198,42517,0,2147483647,0.0,0.0,14,4,-85,GSM
1524301666341,121.21002313,31.28534245,32.0,43.0,0.0,-69,true,-1,-1,5,99.0,4000.0,89.019775390625,-113.72528076171875,80.96771240234375,2.2105748653411865,-0.593655526638031,-2.477243661880493,460,1,5198,42507,0,-1,0.0,0.0,0,0,0,,7,460,1,5198,42507,0,2147483647,0.0,0.0,22,4,-69,GSM,460,1,5198,42509,0,2147483647,0.0,0.0,20,4,-73,GSM,460,1,5198,42508,0,2147483647,0.0,0.0,15,4,-83,GSM,460,1,5198,44572,0,2147483647,0.0,0.0,12,4,-89,GSM,460,1,5198,42518,0,2147483647,0.0,0.0,21,4,-71,GSM,460,1,5198,42519,0,2147483647,0.0,0.0,16,4,-81,GSM,460,1,5198,42517,0,2147483647,0.0,0.0,15,4,-83,GSM
1524301669400,121.21003399,31.28540271,39.0,26.0,2.4107468,-69,true,-1,-1,5,99.0,4000.0,124.69940185546875,-97.5250244140625,12.56866455078125,-2.30502986907959,-0.5332189798355103,-0.2539093494415283,460,1,5198,42507,0,-1,0.0,0.0,0,0,0,,7,460,1,5198,42507,0,2147483647,0.0,0.0,20,4,-73,GSM,460,1,5198,42509,0,2147483647,0.0,0.0,20,4,-73,GSM,460,1,5198,42508,0,2147483647,0.0,0.0,15,4,-83,GSM,460,1,5198,44572,0,2147483647,0.0,0.0,12,4,-89,GSM,460,1,5198,42518,0,2147483647,0.0,0.0,21,4,-71,GSM,460,1,5198,42519,0,2147483647,0.0,0.0,16,4,-81,GSM,460,1,5198,42517,0,2147483647,0.0,0.0,15,4,-83,GSM
1524301672481,121.20998011,31.28547765,44.0,20.0,1.9144189,-73,true,-1,-1,5,99.0,4000.0,133.00933837890625,-93.32427978515625,11.96746826171875,-2.228215456008911,-0.51580810546875,-0.18693028390407562,460,1,5198,42507,0,-1,0.0,0.0,0,0,0,,7,460,1,5198,42507,0,2147483647,0.0,0.0,20,4,-73,GSM,460,1,5198,42509,0,2147483647,0.0,0.0,20,4,-73,GSM,460,1,5198,42508,0,2147483647,0.0,0.0,14,4,-85,GSM,460,1,5198,44572,0,2147483647,0.0,0.0,12,4,-89,GSM,460,1,5198,42518,0,2147483647,0.0,0.0,21,4,-71,GSM,460,1,5198,42519,0,2147483647,0.0,0.0,16,4,-81,GSM,460,1,5198,42517,0,2147483647,0.0,0.0,15,4,-83,GSM
1524301675568,121.20996625,31.28552244,47.0,20.0,2.7036273,-73,true,-1,-1,5,99.0,4000.0,89.18914794921875,-115.5242919921875,75.2685546875,2.3001625537872314,-0.4594171941280365,-2.4261155128479004,460,1,5198,42518,0,-1,0.0,0.0,0,0,0,,7,460,1,5198,42518,0,2147483647,0.0,0.0,20,4,-73,GSM,460,1,5198,42509,0,2147483647,0.0,0.0,19,4,-75,GSM,460,1,5198,42508,0,2147483647,0.0,0.0,14,4,-85,GSM,460,1,5198,44572,0,2147483647,0.0,0.0,12,4,-89,GSM,460,1,5198,42518,0,2147483647,0.0,0.0,21,4,-71,GSM,460,1,5198,42519,0,2147483647,0.0,0.0,16,4,-81,GSM,460,1,5198,42517,0,2147483647,0.0,0.0,15,4,-83,GSM
1524301678637,121.20991683,31.2855795,25.0,20.0,3.4776142,-73,true,-1,-1,5,99.0,4000.0,94.74029541015625,-122.42431640625,86.0687255859375,2.2893776893615723,-0.3041561543941498,-2.894449234008789,460,1,5198,42518,0,-1,0.0,0.0,0,0,0,,7,460,1,5198,42518,0,2147483647,0.0,0.0,25,4,-63,GSM,460,1,5198,42509,0,2147483647,0.0,0.0,19,4,-75,GSM,460,1,5198,42508,0,2147483647,0.0,0.0,14,4,-85,GSM,460,1,5198,42519,0,2147483647,0.0,0.0,16,4,-81,GSM,460,1,5198,42517,0,2147483647,0.0,0.0,14,4,-85,GSM,460,1,5198,42507,0,2147483647,0.0,0.0,20,4,-73,GSM,460,1,5198,44572,0,2147483647,0.0,0.0,12,4,-89,GSM
1524301681707,121.20983409,31.28565025,29.0,17.0,3.743007,-63,true,-1,-1,5,99.0,4000.0,94.0399169921875,-123.92425537109375,87.26806640625,2.265676736831665,-0.4092574715614319,-2.5529439449310303,460,1,5198,42518,0,-1,0.0,0.0,0,0,0,,7,460,1,5198,42518,0,2147483647,0.0,0.0,26,4,-61,GSM,460,1,5198,42509,0,2147483647,0.0,0.0,18,4,-77,GSM,460,1,5198,42508,0,2147483647,0.0,0.0,13,4,-87,GSM,460,1,5198,42519,0,2147483647,0.0,0.0,16,4,-81,GSM,460,1,5198,42517,0,2147483647,0.0,0.0,14,4,-85,GSM,460,1,5198,42507,0,2147483647,0.0,0.0,20,4,-73,GSM,460,1,5198,44572,0,2147483647,0.0,0.0,11,3,-91,GSM
1524301684781,121.20973536,31.28572852,32.0,17.0,3.6603417,-59,true,-1,-1,5,99.0,4000.0,93.51959228515625,-125.1251220703125,80.96771240234375,2.297776222229004,-0.37966468930244446,-2.5985546112060547,460,1,5198,42518,0,-1,0.0,0.0,0,0,0,,6,460,1,5198,42518,0,2147483647,0.0,0.0,26,4,-61,GSM,460,1,5198,42509,0,2147483647,0.0,0.0,18,4,-77,GSM,460,1,5198,42508,0,2147483647,0.0,0.0,12,4,-89,GSM,460,1,5198,42519,0,2147483647,0.0,0.0,16,4,-81,GSM,460,1,5198,42517,0,2147483647,0.0,0.0,15,4,-83,GSM,460,1,5198,42507,0,2147483647,0.0,0.0,19,4,-75,GSM
1524301687865,121.20963403,31.28581751,33.0,20.0,3.791596,-59,true,-1,-1,5,99.0,4000.0,93.69964599609375,-123.92425537109375,79.4677734375,2.3166377544403076,-0.3209868371486664,-2.569108724594116,460,1,5198,42518,0,-1,0.0,0.0,0,0,0,,6,460,1,5198,42518,0,2147483647,0.0,0.0,26,4,-61,GSM,460,1,5198,42509,0,2147483647,0.0,0.0,18,4,-77,GSM,460,1,5198,42508,0,2147483647,0.0,0.0,11,3,-91,GSM,460,1,5198,42519,0,2147483647,0.0,0.0,17,4,-79,GSM,460,1,5198,42517,0,2147483647,0.0,0.0,15,4,-83,GSM,460,1,5198,42507,0,2147483647,0.0,0.0,18,4,-77,GSM
1524301690930,121.20955169,31.28590118,35.0,19.0,3.6711035,-61,true,-1,-1,5,99.0,4000.0,85.72998046875,-99.92523193359375,82.4676513671875,2.247488260269165,-0.2295309603214264,-2.450540781021118,460,1,5198,42518,0,-1,0.0,0.0,0,0,0,,6,460,1,5198,42518,0,2147483647,0.0,0.0,27,4,-59,GSM,460,1,5198,42509,0,2147483647,0.0,0.0,17,4,-79,GSM,460,1,5198,42508,0,2147483647,0.0,0.0,11,3,-91,GSM,460,1,5198,42519,0,2147483647,0.0,0.0,17,4,-79,GSM,460,1,5198,42517,0,2147483647,0.0,0.0,15,4,-83,GSM,460,1,5198,42507,0,2147483647,0.0,0.0,18,4,-77,GSM
1524301693994,121.20952769,31.2859973,35.0,16.0,2.910842,-57,true,-1,-1,5,99.0,4000.0,100.45013427734375,-109.82513427734375,116.9677734375,2.1399905681610107,-0.26618674397468567,-2.555429458618164,460,1,5198,42518,0,-1,0.0,0.0,0,0,0,,6,460,1,5198,42518,0,2147483647,0.0,0.0,25,4,-63,GSM,460,1,5198,42509,0,2147483647,0.0,0.0,17,4,-79,GSM,460,1,5198,42508,0,2147483647,0.0,0.0,11,3,-91,GSM,460,1,5198,42519,0,2147483647,0.0,0.0,18,4,-77,GSM,460,1,5198,42517,0,2147483647,0.0,0.0,15,4,-83,GSM,460,1,5198,42507,0,2147483647,0.0,0.0,19,4,-75,GSM
1524301697053,121.2095898,31.28606483,36.0,14.0,3.0353417,-63,true,-1,-1,5,99.0,4000.0,113.26904296875,-102.92510986328125,107.9681396484375,1.9168728590011597,-0.6132513284683228,-2.7345070838928223,460,1,5198,42518,0,-1,0.0,0.0,0,0,0,,6,460,1,5198,42518,0,2147483647,0.0,0.0,20,4,-73,GSM,460,1,5198,42509,0,2147483647,0.0,0.0,15,4,-83,GSM,460,1,5198,42508,0,2147483647,0.0,0.0,11,3,-91,GSM,460,1,5198,42519,0,2147483647,0.0,0.0,18,4,-77,GSM,460,1,5198,42517,0,2147483647,0.0,0.0,15,4,-83,GSM,460,1,5198,42507,0,2147483647,0.0,0.0,19,4,-75,GSM
1524301700124,121.20967713,31.28614565,38.0,14.0,3.9406219,-69,true,-1,-1,5,99.0,4000.0,111.36016845703125,-92.42401123046875,93.267822265625,2.1150896549224854,-0.3630826771259308,-2.4155542850494385,460,1,5198,42518,0,-1,0.0,0.0,0,0,0,,6,460,1,5198,42518,0,2147483647,0.0,0.0,21,4,-71,GSM,460,1,5198,42509,0,2147483647,0.0,0.0,15,4,-83,GSM,460,1,5198,42508,0,2147483647,0.0,0.0,10,3,-93,GSM,460,1,5198,42519,0,2147483647,0.0,0.0,18,4,-77,GSM,460,1,5198,42517,0,2147483647,0.0,0.0,15,4,-83,GSM,460,1,5198,42507,0,2147483647,0.0,0.0,19,4,-75,GSM
1524301703207,121.2097427,31.28625177,38.0,14.0,4.410408,-69,true,-1,-1,5,99.0,4000.0,99.76043701171875,-92.724609375,99.56817626953125,2.084315776824951,-0.46379971504211426,-2.4137120246887207,460,1,5198,42518,0,-1,0.0,0.0,0,0,0,,5,460,1,5198,42518,0,2147483647,0.0,0.0,20,4,-73,GSM,460,1,5198,42509,0,2147483647,0.0,0.0,15,4,-83,GSM,460,1,5198,42519,0,2147483647,0.0,0.0,17,4,-79,GSM,460,1,5198,42517,0,2147483647,0.0,0.0,13,4,-87,GSM,460,1,5198,42507,0,2147483647,0.0,0.0,19,4,-75,GSM
1524301706280,121.20980568,31.28634776,39.0,14.0,4.073389,-69,true,-1,-1,5,99.0,4000.0,102.36053466796875,-92.724609375,105.8685302734375,2.061819314956665,-0.35151350498199463,-2.533806324005127,460,1,5198,42518,0,-1,0.0,0.0,0,0,0,,7,460,1,5198,42518,0,2147483647,0.0,0.0,19,4,-75,GSM,460,1,5198,42509,0,2147483647,0.0,0.0,15,4,-83,GSM,460,1,5198,42519,0,2147483647,0.0,0.0,17,4,-79,GSM,460,1,5198,42517,0,2147483647,0.0,0.0,13,4,-87,GSM,460,1,5198,42507,0,2147483647,0.0,0.0,20,4,-73,GSM,460,1,5198,42508,0,2147483647,0.0,0.0,11,3,-91,GSM,0,0,0,-1,0,2147483647,0.0,0.0,12,4,-89,GSM
1524301709338,121.20989115,31.28646171,38.0,17.0,4.101219,-69,true,-1,-1,5,99.0,4000.0,102.18048095703125,-93.6248779296875,105.56793212890625,2.035902500152588,-0.4388885498046875,-2.5418286323547363,460,1,5198,42507,0,-1,0.0,0.0,0,0,0,,7,460,1,5198,42518,0,2147483647,0.0,0.0,19,4,-75,GSM,460,1,5198,42509,0,2147483647,0.0,0.0,16,4,-81,GSM,460,1,5198,42519,0,2147483647,0.0,0.0,15,4,-83,GSM,460,1,5198,42517,0,2147483647,0.0,0.0,12,4,-89,GSM,460,1,5198,42507,0,2147483647,0.0,0.0,22,4,-69,GSM,460,1,5198,42508,0,2147483647,0.0,0.0,12,4,-89,GSM,460,1,5198,49989,0,2147483647,0.0,0.0,13,4,-87,GSM
1524301712421,121.20993406,31.28651976,23.0,15.0,3.861295,-75,true,-1,-1,5,99.0,4000.0,105.8197021484375,-94.82421875,107.66754150390625,2.072075843811035,-0.35816532373428345,-2.475661516189575,460,1,5198,42507,0,-1,0.0,0.0,0,0,0,,7,460,1,5198,42507,0,2147483647,0.0,0.0,22,4,-69,GSM,460,1,5198,42509,0,2147483647,0.0,0.0,16,4,-81,GSM,460,1,5198,42519,0,2147483647,0.0,0.0,15,4,-83,GSM,460,1,5198,42517,0,2147483647,0.0,0.0,12,4,-89,GSM,460,1,5198,42508,0,2147483647,0.0,0.0,12,4,-89,GSM,460,1,5198,49989,0,2147483647,0.0,0.0,13,4,-87,GSM,460,1,5198,42518,0,2147483647,0.0,0.0,19,4,-75,GSM
1524301715477,121.21001331,31.28658707,25.0,20.0,3.146363,-67,true,-1,-1,5,99.0,4000.0,102.87933349609375,-92.42401123046875,102.56805419921875,2.0764124393463135,-0.3302771747112274,-2.5335912704467773,460,1,5198,42507,0,-1,0.0,0.0,0,0,0,,7,460,1,5198,42507,0,2147483647,0.0,0.0,23,4,-67,GSM,460,1,5198,42509,0,2147483647,0.0,0.0,16,4,-81,GSM,460,1,5198,42519,0,2147483647,0.0,0.0,14,4,-85,GSM,460,1,5198,42508,0,2147483647,0.0,0.0,12,4,-89,GSM,460,1,5198,49989,0,2147483647,0.0,0.0,13,4,-87,GSM,460,1,5198,42518,0,2147483647,0.0,0.0,18,4,-77,GSM,0,0,0,-1,0,2147483647,0.0,0.0,13,4,-87,GSM
1524301718544,121.21009673,31.28665618,30.0,20.0,3.055307,-67,true,-1,-1,5,99.0,4000.0,104.4403076171875,-94.82421875,107.66754150390625,2.027768611907959,-0.4152600169181824,-2.599323272705078,460,1,5198,42507,0,-1,0.0,0.0,0,0,0,,7,460,1,5198,42507,0,2147483647,0.0,0.0,23,4,-67,GSM,460,1,5198,42509,0,2147483647,0.0,0.0,16,4,-81,GSM,460,1,5198,42519,0,2147483647,0.0,0.0,14,4,-85,GSM,460,1,5198,42508,0,2147483647,0.0,0.0,12,4,-89,GSM,460,1,5198,49989,0,2147483647,0.0,0.0,13,4,-87,GSM,460,1,5198,42518,0,2147483647,0.0,0.0,17,4,-79,GSM,460,1,5198,44572,0,2147483647,0.0,0.0,14,4,-85,GSM
1524301721627,121.21016836,31.28672287,35.0,17.0,3.6977966,-67,true,-1,-1,5,99.0,4000.0,104.26025390625,-92.12493896484375,104.96826171875,2.05662202835083,-0.3103277385234833,-2.6402227878570557,460,1,5198,42507,0,-1,0.0,0.0,0,0,0,,6,460,1,5198,42507,0,2147483647,0.0,0.0,21,4,-71,GSM,460,1,5198,42509,0,2147483647,0.0,0.0,16,4,-81,GSM,460,1,5198,42519,0,2147483647,0.0,0.0,12,4,-89,GSM,460,1,5198,49989,0,2147483647,0.0,0.0,15,4,-83,GSM,460,1,5198,42518,0,2147483647,0.0,0.0,17,4,-79,GSM,460,1,5198,44572,0,2147483647,0.0,0.0,14,4,-85,GSM
1524301724687,121.2102402,31.28680741,39.0,17.0,3.8409634,-69,true,-1,-1,5,99.0,4000.0,108.25042724609375,-92.724609375,108.26873779296875,2.0614449977874756,-0.2943224012851715,-2.547205686569214,460,1,5198,42507,0,-1,0.0,0.0,0,0,0,,6,460,1,5198,42507,0,2147483647,0.0,0.0,22,4,-69,GSM,460,1,5198,42509,0,2147483647,0.0,0.0,15,4,-83,GSM,460,1,5198,49989,0,2147483647,0.0,0.0,15,4,-83,GSM,460,1,5198,42518,0,2147483647,0.0,0.0,17,4,-79,GSM,460,1,5198,44572,0,2147483647,0.0,0.0,15,4,-83,GSM,460,1,5198,42508,0,2147483647,0.0,0.0,12,4,-89,GSM
1524301727758,121.21031428,31.28690033,41.0,20.0,3.0909545,-69,true,-1,-1,5,99.0,4000.0,101.31988525390625,-90.924072265625,101.068115234375,2.0953948497772217,-0.3006625771522522,-2.463751792907715,460,1,5198,42507,0,-1,0.0,0.0,0,0,0,,6,460,1,5198,42507,0,2147483647,0.0,0.0,20,4,-73,GSM,460,1,5198,42509,0,2147483647,0.0,0.0,15,4,-83,GSM,460,1,5198,49989,0,2147483647,0.0,0.0,15,4,-83,GSM,460,1,5198,42518,0,2147483647,0.0,0.0,17,4,-79,GSM,460,1,5198,44572,0,2147483647,0.0,0.0,16,4,-81,GSM,460,1,5198,42508,0,2147483647,0.0,0.0,11,3,-91,GSM
1524301730980,121.21031428,31.28690033,41.0,20.0,3.0909545,-69,true,-1,-1,5,99.0,4000.0,110.3302001953125,-87.32452392578125,113.067626953125,2.04191255569458,-0.19048723578453064,-2.650672674179077,460,1,5198,42507,0,-1,0.0,0.0,0,0,0,,6,460,1,5198,42507,0,2147483647,0.0,0.0,16,4,-81,GSM,460,1,5198,42509,0,2147483647,0.0,0.0,14,4,-85,GSM,460,1,5198,49989,0,2147483647,0.0,0.0,16,4,-81,GSM,460,1,5198,42518,0,2147483647,0.0,0.0,17,4,-79,GSM,460,1,5198,44572,0,2147483647,0.0,0.0,16,4,-81,GSM,0,0,0,-1,0,2147483647,0.0,0.0,13,4,-87,GSM
1524301733905,121.21039553,31.28706052,38.0,22.0,4.1801076,-81,true,-1,-1,5,99.0,4000.0,109.80987548828125,-86.724853515625,113.36822509765625,2.0409178733825684,-0.1944112628698349,-2.575153350830078,460,1,5198,42507,0,-1,0.0,0.0,0,0,0,,6,460,1,5198,42507,0,2147483647,0.0,0.0,15,4,-83,GSM,460,1,5198,42509,0,2147483647,0.0,0.0,12,4,-89,GSM,460,1,5198,49989,0,2147483647,0.0,0.0,18,4,-77,GSM,460,1,5198,42518,0,2147483647,0.0,0.0,18,4,-77,GSM,460,1,5198,44572,0,2147483647,0.0,0.0,17,4,-79,GSM,460,1,5198,49988,0,2147483647,0.0,0.0,15,4,-83,GSM
1524301736995,121.21039553,31.28706052,38.0,22.0,4.1801076,-81,true,-1,-1,5,99.0,4000.0,106.34002685546875,-87.02392578125,103.7689208984375,2.0650956630706787,-0.21785113215446472,-2.575624465942383,460,1,5198,42518,0,-1,0.0,0.0,0,0,0,,4,460,1,5198,42518,0,2147483647,0.0,0.0,25,4,-63,GSM,460,1,5198,49989,0,2147483647,0.0,0.0,18,4,-77,GSM,460,1,5198,49988,0,2147483647,0.0,0.0,15,4,-83,GSM,460,1,5198,42507,0,2147483647,0.0,0.0,16,4,-81,GSM
1524301740053,121.21059409,31.28737009,24.0,20.0,4.610271,-81,true,-1,-1,5,99.0,4000.0,100.970458984375,-94.22454833984375,102.86865234375,2.0825345516204834,-0.2895449995994568,-2.7107081413269043,460,1,5198,42518,0,-1,0.0,0.0,0,0,0,,5,460,1,5198,42518,0,2147483647,0.0,0.0,23,4,-67,GSM,460,1,5198,49989,0,2147483647,0.0,0.0,18,4,-77,GSM,460,1,5198,49988,0,2147483647,0.0,0.0,15,4,-83,GSM,460,1,5198,42507,0,2147483647,0.0,0.0,16,4,-81,GSM,0,0,0,-1,0,2147483647,0.0,0.0,14,4,-85,GSM
1524301743125,121.21059409,31.28737009,24.0,20.0,4.610271,-65,true,-1,-1,5,99.0,4000.0,100.45013427734375,-94.525146484375,97.76763916015625,2.146623373031616,-0.15670910477638245,-2.675693988800049,460,1,5198,42518,0,-1,0.0,0.0,0,0,0,,6,460,1,5198,42518,0,2147483647,0.0,0.0,23,4,-67,GSM,460,1,5198,49989,0,2147483647,0.0,0.0,17,4,-79,GSM,460,1,5198,49988,0,2147483647,0.0,0.0,14,4,-85,GSM,460,1,5198,42507,0,2147483647,0.0,0.0,16,4,-81,GSM,460,1,5198,1186,0,2147483647,0.0,0.0,14,4,-85,GSM,460,1,5198,56688,0,2147483647,0.0,0.0,17,4,-79,GSM
1524301746190,121.21079005,31.28760222,28.0,35.0,3.0600164,-65,true,-1,-1,5,99.0,4000.0,111.8804931640625,-85.8245849609375,108.56781005859375,2.045612335205078,-0.18549169600009918,-2.5796010494232178,460,1,5198,42518,0,-1,0.0,0.0,0,0,0,,6,460,1,5198,42518,0,2147483647,0.0,0.0,25,4,-63,GSM,460,1,5198,49989,0,2147483647,0.0,0.0,17,4,-79,GSM,460,1,5198,49988,0,2147483647,0.0,0.0,14,4,-85,GSM,460,1,5198,42507,0,2147483647,0.0,0.0,16,4,-81,GSM,460,1,5198,1186,0,2147483647,0.0,0.0,14,4,-85,GSM,460,1,5198,56688,0,2147483647,0.0,0.0,17,4,-79,GSM
1524301749272,121.21079005,31.28760222,28.0,35.0,3.0600164,-61,true,-1,-1,5,99.0,4000.0,109.46044921875,-88.824462890625,110.968017578125,2.012516498565674,-0.30111396312713623,-2.6853060722351074,460,1,5198,42518,0,-1,0.0,0.0,0,0,0,,6,460,1,5198,42518,0,2147483647,0.0,0.0,28,4,-57,GSM,460,1,5198,49989,0,2147483647,0.0,0.0,16,4,-81,GSM,460,1,5198,49988,0,2147483647,0.0,0.0,14,4,-85,GSM,460,1,5198,42507,0,2147483647,0.0,0.0,15,4,-83,GSM,460,1,5198,1186,0,2147483647,0.0,0.0,15,4,-83,GSM,460,1,5198,56688,0,2147483647,0.0,0.0,18,4,-77,GSM
1524301752338,121.21082849,31.28783215,35.0,33.0,3.2712383,-57,true,-1,-1,5,99.0,4000.0,108.25042724609375,-87.6251220703125,109.46807861328125,2.0423426628112793,-0.26827526092529297,-2.5287203788757324,460,1,5198,42518,0,-1,0.0,0.0,0,0,0,,6,460,1,5198,42518,0,2147483647,0.0,0.0,27,4,-59,GSM,460,1,5198,49989,0,2147483647,0.0,0.0,16,4,-81,GSM,460,1,5198,42507,0,2147483647,0.0,0.0,14,4,-85,GSM,460,1,5198,1186,0,2147483647,0.0,0.0,15,4,-83,GSM,460,1,5198,56688,0,2147483647,0.0,0.0,18,4,-77,GSM,460,1,5198,42517,0,2147483647,0.0,0.0,16,4,-81,GSM
1524301755410,121.21082849,31.28783215,35.0,33.0,3.2712383,-57,true,-1,-1,5,99.0,4000.0,109.979248046875,-91.5252685546875,114.8681640625,2.033914089202881,-0.2668061852455139,-2.636509418487549,460,1,5198,42518,0,-1,0.0,0.0,0,0,0,,6,460,1,5198,42518,0,2147483647,0.0,0.0,28,4,-57,GSM,460,1,5198,49989,0,2147483647,0.0,0.0,16,4,-81,GSM,460,1,5198,1186,0,2147483647,0.0,0.0,15,4,-83,GSM,460,1,5198,56688,0,2147483647,0.0,0.0,18,4,-77,GSM,460,1,5198,42517,0,2147483647,0.0,0.0,16,4,-81,GSM,460,1,5198,49988,0,2147483647,0.0,0.0,15,4,-83,GSM
1524301758495,121.21098579,31.28808476,38.0,47.0,3.830013,-57,true,-1,-1,5,99.0,4000.0,105.47943115234375,-86.12518310546875,110.6689453125,2.0342800617218018,-0.25801604986190796,-2.5613300800323486,460,1,5198,42518,0,-1,0.0,0.0,0,0,0,,6,460,1,5198,42518,0,2147483647,0.0,0.0,24,4,-65,GSM,460,1,5198,49989,0,2147483647,0.0,0.0,17,4,-79,GSM,460,1,5198,1186,0,2147483647,0.0,0.0,15,4,-83,GSM,460,1,5198,56688,0,2147483647,0.0,0.0,20,4,-73,GSM,460,1,5198,42517,0,2147483647,0.0,0.0,16,4,-81,GSM,460,1,5198,49988,0,2147483647,0.0,0.0,16,4,-81,GSM
1524301761565,121.21098579,31.28808476,38.0,47.0,3.830013,-63,true,-1,-1,5,99.0,4000.0,106.5093994140625,-91.8243408203125,110.6689453125,2.072309970855713,-0.21629953384399414,-2.5813119411468506,460,1,5198,42518,0,-1,0.0,0.0,0,0,0,,6,460,1,5198,42518,0,2147483647,0.0,0.0,23,4,-67,GSM,460,1,5198,49989,0,2147483647,0.0,0.0,17,4,-79,GSM,460,1,5198,1186,0,2147483647,0.0,0.0,16,4,-81,GSM,460,1,5198,56688,0,2147483647,0.0,0.0,21,4,-71,GSM,460,1,5198,42517,0,2147483647,0.0,0.0,16,4,-81,GSM,460,1,5198,49988,0,2147483647,0.0,0.0,17,4,-79,GSM
1524301764625,121.21114082,31.28819273,47.0,31.0,3.852194,-65,true,-1,-1,5,99.0,4000.0,105.29937744140625,-87.6251220703125,106.768798828125,2.0717945098876953,-0.18658550083637238,-2.5584957599639893,460,1,5198,42518,0,-1,0.0,0.0,0,0,0,,6,460,1,5198,42518,0,2147483647,0.0,0.0,24,4,-65,GSM,460,1,5198,49989,0,2147483647,0.0,0.0,17,4,-79,GSM,460,1,5198,1186,0,2147483647,0.0,0.0,17,4,-79,GSM,460,1,5198,56688,0,2147483647,0.0,0.0,23,4,-67,GSM,460,1,5198,42517,0,2147483647,0.0,0.0,16,4,-81,GSM,460,1,5198,49988,0,2147483647,0.0,0.0,17,4,-79,GSM
1524301767792,121.21114082,31.28819273,47.0,31.0,3.852194,-63,true,-1,-1,5,99.0,4000.0,106.8603515625,-86.12518310546875,110.6689453125,2.0425631999969482,-0.222758486866951,-2.5577139854431152,460,1,5198,42518,0,-1,0.0,0.0,0,0,0,,5,460,1,5198,42518,0,2147483647,0.0,0.0,25,4,-63,GSM,460,1,5198,49989,0,2147483647,0.0,0.0,17,4,-79,GSM,460,1,5198,1186,0,2147483647,0.0,0.0,17,4,-79,GSM,460,1,5198,56688,0,2147483647,0.0,0.0,23,4,-67,GSM,460,1,5198,49988,0,2147483647,0.0,0.0,17,4,-79,GSM
1524301770870,121.21135628,31.28841381,52.0,29.0,4.240047,-63,true,-1,-1,5,99.0,4000.0,100.970458984375,-93.6248779296875,108.26873779296875,2.106004238128662,-0.18702001869678497,-2.6331570148468018,460,1,5198,42518,0,-1,0.0,0.0,0,0,0,,4,460,1,5198,42518,0,2147483647,0.0,0.0,26,4,-61,GSM,460,1,5198,49989,0,2147483647,0.0,0.0,18,4,-77,GSM,460,1,5198,56688,0,2147483647,0.0,0.0,23,4,-67,GSM,460,1,5198,49988,0,2147483647,0.0,0.0,17,4,-79,GSM
1524301773980,121.21135628,31.28841381,52.0,29.0,4.240047,-63,true,-1,-1,5,99.0,4000.0,108.58917236328125,-88.824462890625,108.868408203125,2.0401008129119873,-0.27928897738456726,-2.576481819152832,460,1,5198,42518,0,-1,0.0,0.0,0,0,0,,4,460,1,5198,42518,0,2147483647,0.0,0.0,25,4,-63,GSM,460,1,5198,49989,0,2147483647,0.0,0.0,18,4,-77,GSM,460,1,5198,56688,0,2147483647,0.0,0.0,23,4,-67,GSM,460,1,5198,49988,0,2147483647,0.0,0.0,18,4,-77,GSM
1524301777015,121.21154562,31.28865019,54.0,27.0,4.480045,-63,true,-1,-1,5,99.0,4000.0,105.1300048828125,-89.7247314453125,109.46807861328125,2.062671184539795,-0.22163540124893188,-2.6336653232574463,460,1,5198,42518,0,-1,0.0,0.0,0,0,0,,4,460,1,5198,42518,0,2147483647,0.0,0.0,24,4,-65,GSM,460,1,5198,49989,0,2147483647,0.0,0.0,17,4,-79,GSM,460,1,5198,56688,0,2147483647,0.0,0.0,24,4,-65,GSM,460,1,5198,49988,0,2147483647,0.0,0.0,18,4,-77,GSM
1524301780082,121.21172296,31.288874,59.0,20.0,3.991015,-63,true,-1,-1,5,99.0,4000.0,108.07037353515625,-85.22491455078125,108.56781005859375,2.0364155769348145,-0.2342185527086258,-2.5752055644989014,460,1,5198,42518,0,-1,0.0,0.0,0,0,0,,5,460,1,5198,42518,0,2147483647,0.0,0.0,25,4,-63,GSM,460,1,5198,49989,0,2147483647,0.0,0.0,18,4,-77,GSM,460,1,5198,56688,0,2147483647,0.0,0.0,24,4,-65,GSM,460,1,5198,49988,0,2147483647,0.0,0.0,19,4,-75,GSM,460,1,5198,42517,0,2147483647,0.0,0.0,17,4,-79,GSM
1524301783161,121.21180804,31.28895834,61.0,16.0,3.9821224,-63,true,-1,-1,5,99.0,4000.0,109.28955078125,-87.6251220703125,113.067626953125,2.040785789489746,-0.23220624029636383,-2.5291740894317627,460,1,5198,42518,0,-1,0.0,0.0,0,0,0,,5,460,1,5198,42518,0,2147483647,0.0,0.0,25,4,-63,GSM,460,1,5198,49989,0,2147483647,0.0,0.0,19,4,-75,GSM,460,1,5198,56688,0,2147483647,0.0,0.0,23,4,-67,GSM,460,1,5198,49988,0,2147483647,0.0,0.0,20,4,-73,GSM,460,1,5198,42517,0,2147483647,0.0,0.0,18,4,-77,GSM
1524301786237,121.21187171,31.28901323,63.0,15.0,3.8927238,-63,true,-1,-1,5,99.0,4000.0,107.379150390625,-86.724853515625,111.56768798828125,2.0137767791748047,-0.3148559629917145,-2.5670764446258545,460,1,5198,42518,0,-1,0.0,0.0,0,0,0,,5,460,1,5198,42518,0,2147483647,0.0,0.0,27,4,-59,GSM,460,1,5198,49989,0,2147483647,0.0,0.0,19,4,-75,GSM,460,1,5198,56688,0,2147483647,0.0,0.0,23,4,-67,GSM,460,1,5198,49988,0,2147483647,0.0,0.0,21,4,-71,GSM,460,1,5198,42517,0,2147483647,0.0,0.0,19,4,-75,GSM
1524301789306,121.21194051,31.28910538,59.0,16.0,4.212327,-57,true,-1,-1,5,99.0,4000.0,108.76922607421875,-85.8245849609375,112.16888427734375,2.0317726135253906,-0.24741876125335693,-2.521341323852539,460,1,5198,42518,0,-1,0.0,0.0,0,0,0,,5,460,1,5198,42518,0,2147483647,0.0,0.0,24,4,-65,GSM,460,1,5198,49989,0,2147483647,0.0,0.0,20,4,-73,GSM,460,1,5198,56688,0,2147483647,0.0,0.0,23,4,-67,GSM,460,1,5198,49988,0,2147483647,0.0,0.0,21,4,-71,GSM,460,1,5198,42517,0,2147483647,0.0,0.0,17,4,-79,GSM
1524301792375,121.2120506,31.28920408,60.0,16.0,3.3662143,-63,true,-1,-1,5,99.0,4000.0,106.689453125,-88.22479248046875,109.7686767578125,2.08479642868042,-0.10153084993362427,-2.549907922744751,460,1,5198,42518,0,-1,0.0,0.0,0,0,0,,5,460,1,5198,42518,0,2147483647,0.0,0.0,22,4,-69,GSM,460,1,5198,49989,0,2147483647,0.0,0.0,20,4,-73,GSM,460,1,5198,56688,0,2147483647,0.0,0.0,24,4,-65,GSM,460,1,5198,49988,0,2147483647,0.0,0.0,22,4,-69,GSM,460,1,5198,42517,0,2147483647,0.0,0.0,17,4,-79,GSM
1524301795451,121.2121017,31.2892147,61.0,16.0,2.123982,-69,true,-1,-1,5,99.0,4000.0,134.7503662109375,-95.7244873046875,129.5684814453125,1.982296347618103,-0.335275799036026,-2.5369441509246826,460,1,5198,42518,0,-1,0.0,0.0,0,0,0,,5,460,1,5198,42518,0,2147483647,0.0,0.0,22,4,-69,GSM,460,1,5198,49989,0,2147483647,0.0,0.0,20,4,-73,GSM,460,1,5198,56688,0,2147483647,0.0,0.0,24,4,-65,GSM,460,1,5198,49988,0,2147483647,0.0,0.0,21,4,-71,GSM,460,1,5198,42517,0,2147483647,0.0,0.0,18,4,-77,GSM
1524301798522,121.21213615,31.28923564,21.0,16.0,0.9353609,-69,true,-1,-1,5,99.0,4000.0,90.5792236328125,-127.82440185546875,38.6688232421875,-2.7156453132629395,-0.2752079367637634,-0.4472799003124237,460,1,5198,56688,0,-1,0.0,0.0,0,0,0,,3,460,1,5198,56688,0,2147483647,0.0,0.0,20,4,-73,GSM,460,1,5198,49989,0,2147483647,0.0,0.0,20,4,-73,GSM,460,1,5198,49988,0,2147483647,0.0,0.0,21,4,-71,GSM
